NaN,NaN,NaN,NaN,NaN,NaN,NaN
105.341293465482,120.803626934216,125.149900998428,108.293267122923,124.552276961021,16.7269148653557,19.0280111889039
111.34812053272,126.149508407,129.720401390453,112.806727521902,130.077674778339,17.3650058985321,19.9387669514106
115.651904839748,129.896150692996,132.937372581063,115.907709851016,134.031367900878,17.76636226429,20.5415475417845
114.341410931526,128.62765497286,131.880332052066,114.775851380011,132.834012863295,17.5616944788139,20.2849593451908
113.535038690635,127.851506901454,131.232574209716,114.085837273536,132.097032767996,17.4385888944134,20.1295830111954
113.122344949588,127.454281606544,130.901057828451,113.732694533079,131.71985327547,17.3755846122794,20.0500628624413
110.78128481531,125.276641647127,129.073362804538,111.850493892041,129.585902407702,17.0688288720662,19.6442093741074
96.1824433031597,111.754600829396,117.758298441245,100.267830594661,116.343315288302,15.2057705322908,17.1604326199419
89.7702774268227,105.743363788429,112.814014068036,95.1940622304076,110.639137118306,14.3638152493344,16.05307701274
88.276939874535,104.292501953692,111.661056098092,93.9869046291474,109.360569468839,14.1438091807672,15.7765739956706
88.5962968452906,104.408815552454,111.879631479043,94.1120372630328,109.794943664386,14.0920899614089,15.7581026775696
91.444600023024,106.866512797104,114.010379770262,96.1642059215345,112.460602409541,14.3456473950957,16.1545787512697
101.214519680034,115.569678856098,121.17040453399,103.101281981802,121.145993439827,15.2893653613497,17.5693839520134
103.716535063505,117.861650464618,122.813383292216,104.61287642111,123.071169470213,15.4926379954043,17.8980434395599
103.636783047563,117.841217335681,122.549486059286,104.251105034519,122.690405555271,15.4314532337742,17.8410189362341
101.857562512616,116.338909728794,120.864196115107,102.397050713968,120.535992481971,15.1481756974749,17.4898236629541
99.8523088072215,114.608223418944,119.126314674596,100.534702764796,118.342725390394,14.8669677017461,17.1269457573428
95.2722107344146,110.653171572176,115.214635759297,96.3006936207664,113.374387052015,14.217097007572,16.2952706847731
94.8352083533382,110.284871937353,114.827475794205,95.8573750184859,112.863968802182,14.1459887102326,16.2092680643524
94.6932081370556,110.169015961362,114.695170104846,95.6976717282168,112.682960580689,14.1196017612738,16.1789115605295
95.4480991436101,110.928682537469,115.156415264407,95.966156853933,113.08079647862,14.1392960200879,16.2519541045015
95.8057454613719,111.267016652594,115.41252622901,96.1846159837479,113.356822947188,14.1681327083689,16.3009803188542
96.7055351086933,112.118102733202,116.059355676021,96.7399044887649,114.055612776904,14.2423564646466,16.4257264080351
98.9679697639187,114.267479918685,117.704347682261,98.1750595190884,115.834048322188,14.4440538638357,16.7531893874445
100.70939804828,116.130696425785,118.861142398674,98.9004970616103,116.747195991072,14.551912405122,16.986340338818
100.056335804597,115.74931175038,118.293743447146,98.0690317131561,115.72802521384,14.4377857474658,16.8673912066779
99.6846237981728,115.491654600367,117.992550849373,97.6713375377796,115.238026982282,14.3826211396715,16.8039234775259
99.3289709108897,115.239735852243,117.715202575959,97.3081773111381,114.78762742362,14.3319781991896,16.74432905671
97.682941650674,114.061910699936,116.500497482327,95.7032175038668,112.779971349179,14.1054108642116,16.4732644595495
96.7834869987851,113.477032211609,115.928998059817,94.8224483321414,111.652701516529,13.9771007762638,16.326271848904
97.0726074619522,114.148639289701,116.588387550938,94.8410833903888,111.54032526424,13.9646575833835,16.3726999699337
97.9462091588643,115.136332880804,117.529074394138,95.4427016630411,112.207835976918,14.0433144552409,16.5180966088477
98.3810218805893,115.676966264208,118.043286049108,95.7102631577903,112.500741804517,14.0802362202467,16.5960543304157
98.3908319956568,115.95065706554,118.26706869113,95.5536723949715,112.267345680355,14.073426238723,16.6237217576945
97.8977022668895,115.818261074698,118.057044505435,94.9628767416267,111.496113767827,14.0261588167764,16.5873003744667
97.7259151410029,115.763047462307,117.971314523876,94.7670683131335,111.238820219872,14.01333706081,16.5759027141822
97.4933757258288,115.69124843837,117.854671697653,94.5028007660997,110.889768755903,13.9979043297821,16.5620871469254
97.3794492506171,115.656072424383,117.797525660538,94.3733299401587,110.718760314484,13.9903434754316,16.5553185787692
97.2716160648027,115.624667054233,117.745775386779,94.2534943073353,110.560706420376,13.9850024184222,16.5505774188624
96.7005783659549,115.514743799643,117.51701697103,93.6196377543762,109.719253912472,13.9739563196636,16.5457893765126
96.6708184204813,115.517701852996,117.511578254009,93.5851040163567,109.672334133045,13.975292353389,16.5480784540484
96.554174745455,115.529295900247,117.490261281461,93.4497495306249,109.488432737508,13.980528918215,16.5570504602787
96.4442390040803,115.67267996347,117.575363232175,93.299752510594,109.272496954862,14.0139355193331,16.6046032353516
96.4222707306432,115.718390631748,117.605916318173,93.2668906594856,109.223859312125,14.0242777710893,16.6191407068991
96.497334121853,116.155230315547,117.986172925159,93.2807669421516,109.212369449571,14.1181808711909,16.7482381300927
96.5179007085142,116.207872144831,118.036685243975,93.2954795799369,109.23023485048,14.1295790017936,16.7638490349344
96.6316306619161,116.498973088809,118.316010333737,93.376838127046,109.329027676258,14.1926088513097,16.8501748560083
96.5263085189289,116.922209599184,118.758662033405,93.1605963659212,109.163846158617,14.3378533533901,17.0454587488535
96.4996576710436,116.939564141127,118.769604067573,93.1138871935869,109.113469242542,14.346145322794,17.0564676796654
96.4392089347199,116.982462704118,118.789783388566,92.9992981154095,108.984400074036,14.3644077572335,17.0806056465966
96.4338273611366,116.987323230188,118.790213414177,92.9865502638826,108.968548334773,14.3658730195128,17.0825094506513
96.3268270044289,117.083963741584,118.798763495884,92.7330882161154,108.653372535471,14.3950064289385,17.1203622663395
96.2809067530308,117.195536147694,118.810456525591,92.5519760930686,108.401146890901,14.4158513523209,17.1468286412136
96.1676136889771,117.476781933922,118.809388180709,92.0982014361404,107.733477088987,14.4602402748741,17.2000590538286
96.1150245239049,117.589745991067,118.797031255494,91.9055254400281,107.441539265744,14.4762533037235,17.2180299133555
96.1050940299402,117.63891213801,118.798836558359,91.8504636662552,107.347236095426,14.482064906656,17.2242557099222
96.0985519180937,117.671302312507,118.800025874148,91.8141895107331,107.285110093447,14.4858935335629,17.2283572035254
96.0548423884967,117.887709387788,118.807971998408,91.5718325606212,106.870030317077,14.5114735733159,17.255760335763
96.0210607175388,118.439545369181,118.894429725348,91.1646204984836,106.061150614572,14.5728353897528,17.3205424813124
96.0310879492762,118.662819691173,118.954365668063,91.0735282723065,105.823882739911,14.5972671835146,17.3463359701177
96.0928296750125,119.423130839905,119.191602244541,90.8625443315239,105.145356809964,14.6817212328643,17.4359643257959
96.0014426194142,119.852403988143,119.265228131806,90.6709813723214,104.621206443606,14.7317730789937,17.4816366518815
95.8978366468833,120.437987161247,119.327491893327,90.4136853643451,103.977755802537,14.8078850990399,17.5510377162152
95.8875615697712,120.584375402791,119.337682316686,90.348116190637,103.833054953753,14.8279402685724,17.5700128115953
95.8993367956541,120.952593089831,119.338305783984,90.1444134041697,103.459189264605,14.8792325061757,17.6204129104346
95.8694675977102,121.638079906582,119.07027779321,89.2825527794268,102.211214795131,14.9749066933875,17.7116559679309
95.7684547204661,121.986708462743,118.731758289234,88.4395180529759,101.002359005143,15.0177320277229,17.7488969370609
95.7451439363774,122.183818525859,118.601127756782,88.0501904632859,100.390778682377,15.0388638594075,17.7698445260162
95.7445369384976,122.293286527999,118.565447360452,87.8916957096399,100.100021581753,15.0494215592159,17.7817114696573
95.5499605258998,123.012723499398,118.448337565522,86.9804726669551,97.8575405853234,15.1093395588463,17.8513416180826
95.5053059991965,123.067810396483,118.452935754956,86.9282242474689,97.6356249309395,15.1134213119737,17.8558905612625
95.4081752715199,123.225193369015,118.493644551852,86.8409746228733,97.1056020566702,15.1272149427988,17.8717473967511
95.2867118348622,123.697514301452,118.689945667466,86.7890647053916,96.0016144066972,15.1816151964515,17.9352047820556
95.280770499442,123.769893531759,118.718272166004,86.7842666654815,95.8599378983903,15.1910390480907,17.9461389342033
95.276617077949,123.820491828191,118.738074429221,86.7809124899171,95.7608958122222,15.197626999313,17.9537826942883
94.9709229144389,124.056622984579,118.622299509131,86.4078750234108,94.4613780705461,15.239443226319,17.9896399814841
94.8350780458514,124.238718817812,118.573453917007,86.1865988530205,93.7074877322973,15.2699931567618,18.0204487218517
94.8229547750978,124.258429492551,118.570045858454,86.1656352054019,93.6333467538813,15.2732034090165,18.0238329083219
94.7373181054294,124.494790961028,118.614914339434,86.0446854410894,92.9696942810853,15.3074655472217,18.0656537007247
94.7238314055616,124.55069240763,118.642709489568,86.0417921122483,92.8475232298973,15.3147798841966,18.075751369668
94.4947385431903,124.839705585548,118.891635052925,86.1339649311733,92.0106422765204,15.348632943393,18.131415941426
94.4062378969487,124.875804156652,118.968763651792,86.1967369556119,91.8356960518994,15.3512433795883,18.1396258997538
94.0957998957007,125.077032952446,119.516908673574,86.773405844264,91.3753073020648,15.3610362988216,18.1841904167817
94.0420981819923,125.147478243293,119.710427407751,86.9932166508171,91.3281773353928,15.3643183416816,18.1991976948919
93.979061466108,125.238586039335,119.959508071724,87.2775137954919,91.2788501348019,15.3685966796847,18.2185305974236
93.2777795546234,125.696488697904,121.558093833105,89.0980221224898,90.5499860447445,15.3773580374947,18.3342794293393
93.2776883400164,125.696648777129,121.558423445741,89.0983604064756,90.5498066026863,15.3773692423815,18.3343171979763
93.1941204924989,125.877781994939,121.911760512482,89.4590033365155,90.3753443851167,15.3908282771763,18.3764146556393
93.1732535634857,125.955161214587,122.047884003472,89.5963556007144,90.3223961388955,15.3971672333618,18.3939162759705
93.1233805221747,126.027705682163,122.196212842969,89.7482394872282,90.2406303824282,15.4024618171857,18.4115697249614
93.0610539380784,126.040319666404,122.258665989701,89.8155646686353,90.1695438382557,15.4022348019661,18.4168438215256
92.8335509614771,126.110190279109,122.52752088875,90.1089555630044,89.926271166637,15.4033107441101,18.4402941116376
92.722633493607,126.163526688504,122.691600169255,90.2904125440778,89.8205182804441,15.4053750598133,18.4551140354819
92.6908885360907,126.193862812604,122.763661650872,90.371224516809,89.7977622400974,15.4071632548245,18.461912607272
92.6737349211961,126.210255154284,122.802600587986,90.4148918443962,89.7854658509012,15.4081295187913,18.4655862641752
92.6335448317336,126.24866161745,122.893832632996,90.5172022794325,89.7566560061605,15.4103934284985,18.4741934644941
92.4692508640756,126.489138754132,123.39847975845,91.0842978432897,89.6662677466066,15.4263904750485,18.5232410170902
92.4090544549956,126.653041119989,123.697700775818,91.4195168019383,89.6490584165822,15.4384558243143,18.5537007277711
92.3954849236758,126.694483758326,123.771823339713,91.5024809913405,89.6459369690824,15.4415453055143,18.5613057405285
92.241663344511,126.817949286789,124.060259839167,91.837738245312,89.5464775300285,15.4476908504791,18.584192356508
91.9874067594207,126.937774511461,124.391483239302,92.2305270761783,89.3508347870159,15.4507037964352,18.6062027962355
91.9789879692668,126.942753394892,124.403685968437,92.2448300084116,89.3440230108229,15.4508838876675,18.6071027228394
91.9531834728712,126.958014207575,124.44108864438,92.2886700325133,89.3231441848866,15.4514358866448,18.609861094575
91.6503801195312,127.324796456646,125.147150776122,93.0888942066576,89.0465670994825,15.4736687600128,18.6825842528846
91.5810223830915,127.520062393976,125.481815091984,93.4600576435909,88.9818077537537,15.4885071149016,18.7270196402411
91.3299579073769,127.624308595281,125.80498433789,93.8422697056587,88.771310896775,15.4917302589965,18.7669994712207
91.3041588035719,127.629967773648,125.831143379065,93.8739448765913,88.750885986759,15.4916680125601,18.770340912637
90.9796860878201,127.760037730858,126.261161992986,94.3818791388788,88.5341672818396,15.4973285892117,18.8350813278174
90.8077681584986,127.907509613388,126.604845093976,94.7731409305716,88.4544902632344,15.5086991784907,18.8937449887953
90.7560318116265,127.97384893811,126.737865093286,94.921533927605,88.4373232948107,15.51440254031,18.9173867979297
90.712404425725,128.042138283432,126.866254002193,95.0633830532481,88.4261935650988,15.5204820977762,18.940561835034
90.6963817314326,128.067218385779,126.913406408771,95.1154788900456,88.4221060349146,15.5227148900626,18.9490731525714
90.5027600276717,128.115450138279,127.092536890341,95.3255154543969,88.3045946221596,15.5247569321081,18.9806202206897
90.0846212624966,128.193537541452,127.429769941589,95.7312876442941,88.0343481385885,15.5247267386182,19.0366907303197
90.0667210045228,128.202678919236,127.453230441796,95.7593311551776,88.0240015597273,15.5251055652138,19.0403802995259
90.0251873052556,128.223889520577,127.507665487464,95.8244000915663,87.9999945484597,15.5259845508642,19.0489411514453
89.9729306660188,128.250576157255,127.576154271114,95.9062681648268,87.9697895402591,15.5270904681514,19.0597121966016
89.8517385222608,128.379120514818,127.853551515093,96.2453055115404,87.9229426268579,15.5336139179641,19.1007682879805
89.7900342389224,128.498050638925,128.095977401483,96.55162363174,87.9221014486491,15.5398999889964,19.1351451514383
89.6125782895624,128.572438929538,128.368450745278,96.9430285784738,87.8470924046404,15.5372968216304,19.1678609174901
89.1337039152656,128.657099941202,128.907116840941,97.8519904559329,87.6112241303716,15.5214502652617,19.2303644842054
89.0613608799144,128.693009978676,129.015383044038,98.0383991404676,87.5789984482725,15.5215267165878,19.2463140512716
88.965395864685,128.751315537362,129.168975537898,98.3040189550977,87.5369032527533,15.5230112951528,19.2704847700348
88.8479680943227,128.838846569104,129.367514429185,98.648881213088,87.4861074454166,15.5277436899582,19.3050377420883
88.8440946432879,128.841944441986,129.374201252284,98.6605148674697,87.4844411949027,15.5279377297123,19.3062422493232
88.8353066799835,128.848972798087,129.389372105226,98.6869089349006,87.4806608583913,15.5283779609746,19.3089749972747
88.2301445512488,128.81960555622,129.675079089626,99.3865496988254,87.0986791446182,15.5189322557116,19.3655013849537
87.9399113056424,128.798952462414,129.856535894354,99.771512081627,86.9699021442309,15.5170787297796,19.3993706371704
87.8734311988454,128.796434622773,129.908450560557,99.8731141792029,86.9476944137355,15.5170786304935,19.4086136465833
87.5480568835679,128.822382666571,130.68115847663,101.046842353919,87.2614383148755,15.5247433029262,19.5106911246306
87.492780688517,128.784020633636,130.761401542378,101.172571291115,87.3110093248882,15.5211439818058,19.5164408284419
87.3925403841009,128.714453221192,130.906917877765,101.40057372375,87.4009035936473,15.5146168132034,19.5268675964171
87.2597647678432,128.608447653551,131.193466008239,101.824715247352,87.6225128008035,15.5051105737242,19.547880394649
87.2564520730179,128.605576554646,131.202147013183,101.83729184523,87.629716273739,15.5048593448932,19.5485222585074
87.2022176018431,128.558571762774,131.344269888137,102.043192228782,87.7476494266214,15.5007462999213,19.5590306659409
86.84574441129,128.202283200131,133.331045332459,104.829205625172,89.7662823421614,15.486101103087,19.7318554528229
86.7362983511872,128.102665582929,133.524206493997,105.13638629596,89.9867950108959,15.480133057835,19.7452256720175
86.390232696997,127.828003029546,134.223414574987,106.260200494763,90.8114538671589,15.4712351310232,19.8042076832922
86.2639985986496,127.743379291503,134.569853919527,106.814628224508,91.2281088413454,15.4726813851627,19.8376276783029
86.2570450410605,127.739359660967,134.596366983233,106.856692326763,91.2602602526965,15.473017003881,19.8403152699393
86.1318977467983,127.671230759171,135.222070763922,107.843952127603,92.0241926908629,15.4827173179216,19.904206506394
86.116387500451,127.664134642833,135.347105207103,108.039908563717,92.1781085922557,15.4850896679238,19.9170871581301
86.1115299423782,127.661912254069,135.386263970623,108.101278947323,92.2263125609485,15.4858326495403,19.9211211697391
85.8946536325777,127.44353342089,135.880758295831,108.988692906734,92.9087499573999,15.4770881064641,19.954266158022
85.8697608016681,127.410350105008,135.967098158757,109.14316495985,93.0333386989097,15.475821232418,19.9600211758477
85.8555051731725,127.391346680882,136.016543278707,109.231628028199,93.104688189859,15.4750957188829,19.9633169599394
85.7396241830417,127.189428639607,136.680022181355,110.401963734703,94.0750320170107,15.4700271909397,20.0118026160555
85.7674196671596,127.057845993418,137.63784293573,112.068369749003,95.5258527017848,15.4788293718343,20.1000789465943
85.6224727638828,126.812399266949,138.087211420749,113.016288323616,96.3398458397834,15.4684666507852,20.1323610029791
85.5319384744491,126.683420820315,138.294113382675,113.482913139868,96.7372895916601,15.4630001493121,20.1481787940346
85.4569032076198,126.580239059108,138.482001959019,113.899447073462,97.0905910149232,15.4590850361349,20.1636176635432
85.4347704349881,126.551497397237,138.544898652609,114.035885526311,97.2056920076329,15.4582106983148,20.1692328298125
85.418027929616,126.529755546982,138.592477338201,114.13909543895,97.2927610351261,15.4575492987741,20.1734804653435
85.2336263391688,126.31192594982,139.408872512722,115.773306394827,98.6512962233936,15.4529946385752,20.249180999882
85.2276818048513,126.305513789365,139.449251409717,115.849739747787,98.7142337583242,15.4529026596091,20.2529009172529
85.138233291669,126.209048527098,139.628962738976,116.233229013535,99.0195858872851,15.4445158740229,20.2620147373279
84.9633742009828,126.01743037301,139.878207188941,116.797365667578,99.461367107627,15.4253166291917,20.2670136738439
84.7982955021178,125.815981296295,140.270812343131,117.596728413536,100.104110207441,15.4025370784169,20.2785476042325
84.7921837027293,125.807241004028,140.295125265457,117.643253981581,100.142386716004,15.401453272358,20.2794734407261
84.7674903558685,125.771927824572,140.39335614413,117.831230045028,100.297034315257,15.3970743984387,20.2832140742479
84.7422552962765,125.73583995876,140.493741972388,118.0233298519,100.455074511465,15.3925994625411,20.2870367682865
84.697322444978,125.650951189471,140.839612034609,118.659313352092,100.989847334466,15.3812489741206,20.3034882664947
84.6760289159368,125.561384869781,141.426513931894,119.709689684056,101.891197345056,15.3681984480752,20.3370748282259
84.6732327963233,125.542258468976,141.564838357473,119.957061817403,102.104953772086,15.3653829934101,20.3452552296146
84.6548122850173,125.516535503047,141.602022442948,120.038997819241,102.174857232578,15.3623360965742,20.3453531997245
84.5677585120568,125.394970949342,141.777751274841,120.426220409476,102.505215053693,15.3479367207379,20.3458161981486
84.4598120970513,125.243983310936,142.020203508095,120.953736283283,102.958173456929,15.3301422966504,20.3487132101585
84.24850204641,124.955271937941,142.700945472531,122.364132718213,104.178435141827,15.2956421598902,20.3737730138957
84.1264115875519,124.818744626129,143.481686886128,123.842114479679,105.439861772659,15.2744421165827,20.4229815535932
84.118734636351,124.810920992442,143.491036817344,123.864102732911,105.457561539255,15.2733619273804,20.4228684250419
83.9109093168638,124.59912478222,143.744151939642,124.459354107211,105.93671785422,15.2441197633773,20.4198058841047
83.8920594160292,124.579824016085,143.7705870361,124.519420064119,105.985209171736,15.2413187148663,20.4197058480747
83.8013768033318,124.486452602974,143.917688091871,124.843204876801,106.247323947167,15.2269909836102,20.4202431619276
83.5851290443618,124.255656879072,144.372837284255,125.810426621354,107.041222022868,15.188918066395,20.4276394474137
83.5548630150541,124.220882467091,144.463411313665,125.997430097289,107.19766039667,15.1826270412435,20.4303491007433
83.2965494408288,123.865688133683,145.388212939202,128.004002177834,108.93789070692,15.118590949431,20.4633786094999
83.1402302670209,123.657604416511,145.592970881863,128.599759765687,109.469810422979,15.0878653363307,20.459493053265
82.8590451008426,123.253034614615,146.293051477694,130.439172084413,111.146135412653,15.0196575288113,20.4812924845183
82.83601366395,123.222785113989,146.442409055729,130.771061420234,111.443328574084,15.0115112862196,20.4908023870419
82.8160266853295,123.197842089085,146.590616494802,131.093578984996,111.73090990524,15.0039899948758,20.5005890472711
82.8094277717891,123.18960688416,146.639548756904,131.200061588771,111.825857939966,15.0015067605545,20.5038202172207
82.7306798285919,123.108836920548,146.744799239871,131.4773083796,112.062520922223,14.9869703124094,20.5031125900551
82.3996359879645,122.792425056713,147.13933261416,132.470217861692,112.879559565089,14.9292579031057,20.4938785876271
82.3725418121858,122.76877962147,147.184588640717,132.568054380142,112.958501270015,14.9244335503397,20.4938566637516
82.2519187385838,122.671104758004,147.442217836849,133.079622098364,113.368085410025,14.9025382018817,20.4970696109392
81.9988930762944,122.48850184073,148.309460114461,134.64174505486,114.637783848518,14.8552326852166,20.5255057214913
81.9643122944921,122.465189103778,148.465017824131,134.912673526727,114.861264948256,14.8486697334551,20.5319761708159
81.6293320136532,122.148528299649,148.923257148714,135.875527861528,115.667817249235,14.799595026638,20.5226449115128
81.2665160142788,121.799787986643,149.611681758219,137.286842154571,116.952598150471,14.7449493494672,20.5300620273021
81.1666241410109,121.710775261889,149.94629290751,137.944989599554,117.606417231085,14.7280528120477,20.5462065182148
81.089798799713,121.660381871116,150.321453120084,138.667121130373,118.378465037568,14.7127580154987,20.572238888542
80.9882874864035,121.570979288344,150.395925070591,138.87792378284,118.636292005432,14.6973261369706,20.5695654825249
80.7627555740715,121.395735127267,150.604872199945,139.403822207942,119.314033546751,14.6608047802709,20.56933546666
80.6461014290694,121.345591238028,150.831027155799,139.837151200463,119.895146184708,14.6383142336645,20.5820900347343
80.5800662361875,121.357081234957,151.128361891831,140.319234671747,120.519909070551,14.6225435898245,20.60639802026
80.5570781082056,121.380465393436,151.336751767007,140.635837734672,120.913571027668,14.6158801500679,20.6253605413625
80.5539590409648,121.38363819475,151.365026450073,140.678794962102,120.966983733364,14.6149760435364,20.6279334076011
80.5447199603157,121.39032840809,151.436240712711,140.787643572505,121.10257828423,14.6125199851667,20.6342803785409
80.490888904079,121.35112212207,151.489140444107,140.890707296008,121.239504874111,14.6046201124227,20.634472180773
80.3007251192353,121.21285372356,151.693511481023,141.281261088431,121.752309237185,14.5770451544799,20.6372685644054
80.240032377529,121.169003174612,151.77981068555,141.437789004571,121.951017785482,14.5686443452164,20.6407127725686
80.1397916734601,121.097718073268,151.945881981819,141.733847790141,122.323690892894,14.555412369121,20.6499515099515
80.132164404272,121.092492753281,151.962625701843,141.762924645863,122.359809769592,14.5545177345833,20.6512739887064
80.0181506315457,121.019370462766,152.268976438644,142.289920709718,123.016619916805,14.5433603008088,20.6813955764797
79.9797699720436,121.00574314028,152.472724652044,142.634918830526,123.456178234211,14.5442890306015,20.7118555036507
79.8288645233003,120.886612428801,152.594028214577,142.960269953939,123.992595873328,14.5450747274979,20.7527506494343
79.8180578088185,120.87676958752,152.59163405178,142.9655064116,124.007808804331,14.5447139877973,20.7536204455225
79.647908739447,120.771029203785,152.40170730639,142.866831071388,124.255358603002,14.5659484463979,20.8100174567914
79.6477870712324,120.77153635142,152.400707550244,142.865818027163,124.256357767136,14.5662232260536,20.8105116574213
79.6448527005877,120.783767640722,152.376595623425,142.841385621006,124.280455415931,14.5728503090437,20.8224306933443
79.6401350775984,120.829971533807,152.305884312141,142.768769371646,124.361885889388,14.5949371056068,20.8618690751205
79.6422874156248,120.841222407071,152.299227968856,142.761289181554,124.376737926802,14.5987873573031,20.86857635705
79.6490780116541,120.876718753081,152.27822729994,142.737689287617,124.423595894769,14.6109348469448,20.8897377366664
79.490664181463,120.813788053868,152.049251195488,142.507980779848,124.440694234464,14.6313893982345,20.9281822459128
79.4828527819228,120.810597377581,152.041065589775,142.500588166204,124.443133691614,14.6322004558392,20.929791156484
79.3514458350934,120.762996081595,151.912930516746,142.390785546105,124.503964019414,14.6477359898393,20.960531979054
79.2666029865685,120.765534309151,151.879265901501,142.396850698007,124.651171686699,14.6687225012218,21.0015060595965
79.2496412263068,120.776544865197,151.886360133114,142.420964378602,124.714427942331,14.6766724736481,21.016861911626
79.237939744789,120.784140764213,151.891254260776,142.437599785744,124.75806680379,14.6821569548563,21.0274555184181
79.0150937057358,120.684559353995,151.797523149117,142.480609236962,124.987846052609,14.7185153524303,21.1021201086943
78.9746403891897,120.654170871231,151.762500103245,142.462595163165,124.991701568556,14.7224720688165,21.1105251552812
78.935653173242,120.63101003579,151.689670040823,142.433878834962,125.026282670556,14.7520903219422,21.1669041787502
78.9367540723253,120.632696135663,151.686432482602,142.433720562106,125.030923710558,14.755178795714,21.1726944820656
78.9577815568272,120.654405871137,151.685999684936,142.447378536403,125.066886307678,14.7725699578274,21.2052336334921
78.9632416278661,120.659766615446,151.687504943244,142.451364452371,125.074836635216,14.7759899272281,21.2116265566079
78.9380419694229,120.627589280961,151.632377940747,142.413564619348,125.071898252239,14.7928040951958,21.2449555564386
78.8709467004231,120.550907730939,151.543861255889,142.33638485106,125.023257042241,14.7981531591515,21.2577134603559
78.7793059792276,120.448264953586,151.431930239112,142.248882976298,124.988131520872,14.8135498484081,21.2895713591873
78.7627406041285,120.431984911993,151.416328547968,142.242981916942,124.997459541073,14.8203271185322,21.3020734702793
78.7564784346798,120.425924752379,151.41062052022,142.241158134041,125.001628024189,14.8230526878874,21.3070754689715
78.7215864666728,120.395931348694,151.384444912984,142.244190351772,125.044970392371,14.8437106098192,21.3438492968315
78.7170039780556,120.396516298333,151.387756464537,142.260409257257,125.074783414236,14.8529843135348,21.3593547145615
78.713500573014,120.396963504139,151.390288212539,142.272808937865,125.097576071204,14.8600742472077,21.3712089193806
78.6658998180386,120.400690372651,151.399818943259,142.369857639136,125.258555652977,14.9156914467749,21.4549946397581
78.5477923860997,120.318314970446,151.301072188257,142.323779321736,125.23993052957,14.9393435087836,21.4824297238489
78.4922209753957,120.292270956259,151.253683020692,142.311633614715,125.234877293196,14.9592568836035,21.5048709490534
78.4830231082398,120.362336091231,151.244074051598,142.378462607393,125.266909513257,15.0216193878296,21.577261875368
78.5047014891359,120.456337123584,151.247036841946,142.455393734812,125.260199320784,15.0944772790065,21.6626538059093
78.4211135659939,120.413525091272,151.147100229322,142.419652273846,125.157612933242,15.1596337813012,21.7372221434079
78.422623302815,120.422975346527,151.152342519451,142.438331692158,125.169721767569,15.1764077147883,21.7585838849834
78.4234508255021,120.424464403797,151.153784354344,142.440873124756,125.172152343811,15.1778723219077,21.7605146391278
78.4708416749546,120.500330696561,151.23255232481,142.563883964665,125.302738247656,15.2384498771608,21.8416073527046
78.3716665085423,120.424308338364,151.159836133811,142.530451319009,125.322712816436,15.2834172121111,21.8967126763966
78.3319105378134,120.395305042963,151.126983469001,142.509090945841,125.323473044295,15.2983338318983,21.9148412404818
78.2888545695398,120.367258968962,151.092339290995,142.488710500915,125.328998885398,15.3182001719645,21.9395129511443
78.275849120494,120.368691453586,151.084628279924,142.49065788487,125.344510029011,15.3351260571338,21.961795870787
78.2732424769197,120.368978562229,151.083082784849,142.49104819326,125.347618881514,15.3385184620912,21.9662619702734
78.2824862017242,120.406600851618,151.099310867528,142.522319411236,125.387600746029,15.3704724663008,22.0104508823806
78.3270144314617,120.482855973483,151.148279295532,142.584885861839,125.440567871601,15.4059353440003,22.0618520365696
78.3527305170081,120.546903754721,151.164368225727,142.613471221485,125.432217564237,15.4478873292116,22.1237581956396
78.3495345755676,120.545067180087,151.159873859469,142.609267716495,125.425956701239,15.449266603595,22.1257383615583
78.3132595456082,120.539138252078,151.089843242839,142.545965284513,125.299076245134,15.486617344467,22.1814049694748
78.3246596031325,120.55930319303,151.089443707073,142.548952963938,125.277082177695,15.5027521842594,22.2060741763865
78.3448597684793,120.589191485766,151.096010141447,142.559934302452,125.258724689269,15.5226075855409,22.236514132722
78.3724870852573,120.622600420856,151.114829175861,142.584002195729,125.265511097633,15.539836686128,22.2625895190391
78.3946041123526,120.64842840803,151.131103357749,142.604381382146,125.274862031064,15.552409948347,22.2815530333979
78.5003315485167,120.762612409916,151.200616798079,142.709842408935,125.364084093395,15.6331540854137,22.3971350508375
78.4963475414293,120.757938015379,151.194637161052,142.705060775248,125.361078510599,15.6350357945301,22.3994075019852
78.4409644257905,120.689429085137,151.106983578041,142.641842241911,125.337153684651,15.6713519740773,22.4428021578815
78.4388932909271,120.686645402908,151.103421124334,142.63968244881,125.337380889745,15.6733482699406,22.4451666184391
78.4256672810943,120.664939751501,151.073480899969,142.628255078364,125.354998525955,15.7000118952969,22.4770232361863
78.4274220102699,120.663091056751,151.068800065053,142.632616855305,125.372115358828,15.7132195899165,22.4929618047717
78.4372401394319,120.667254534057,151.068482087579,142.647609305777,125.406052687255,15.7363559283217,22.5212080768661
78.4412405096441,120.670666434102,151.071411952722,142.652604879279,125.4125682917,15.739779916926,22.5255114920303
78.4565648288087,120.68373648574,151.082635461096,142.671741548812,125.437527782142,15.7528962765136,22.541996693143
78.4996860877401,120.721945405073,151.116382055899,142.723924679769,125.499441673824,15.7849094265099,22.582663754352
78.5706239577247,120.789692316071,151.179295398688,142.804077497221,125.572862331131,15.8208448982108,22.6300137993049
78.5803732255574,120.799003037979,151.187941824486,142.815093211184,125.582952818097,15.8257836500845,22.6365213004497
78.5534426331917,120.748118043218,151.109787201652,142.746791747092,125.462298989537,15.8750559855836,22.6956029434771
78.5550651416302,120.746905495883,151.104798182993,142.741736235623,125.446139175056,15.8815599853062,22.7039509285674
78.590752092194,120.770059203438,151.110074062768,142.742891523317,125.38407104652,15.9160031782839,22.7506495809976
78.6131327081339,120.787703190443,151.120592660571,142.750659309176,125.363536872775,15.9307949287184,22.7713528840052
78.7370182324699,120.897572124313,151.21233886718,142.828318837237,125.355314300539,15.9859471191075,22.8523336924228
78.8306776882379,120.972331852077,151.274619572927,142.872686284051,125.35031686019,16.0375940707332,22.9282010432506
78.8190358762055,120.953044011982,151.251823118579,142.843930129261,125.318831246188,16.0453616184172,22.9386667784208
78.79366764613,120.907732557423,151.199413496667,142.77704057421,125.25054359119,16.0662908768739,22.9670725658017
78.7873324651292,120.893347218195,151.183767457261,142.756381698061,125.23379084497,16.0752618589387,22.9794043631155
78.8921214662803,120.883440543913,151.198455217407,142.732819599981,125.306179835889,16.2378530387223,23.2127820913442
79.0015272871252,120.903790165168,151.213771371541,142.699510475913,125.212409125224,16.3732288404469,23.4098860812332
79.0930755295141,120.986092460748,151.292191964543,142.766027827535,125.26033551489,16.4128185921435,23.4668781297517
79.083457457865,120.951812308838,151.243770683236,142.691270343223,125.185640094109,16.4530199488665,23.5172857153503
79.0868542490215,120.915044519656,151.187188394501,142.595373529398,125.118224094532,16.5257538789948,23.6039275237085
79.0959055940931,120.917150011122,151.186720746646,142.589091061631,125.119132291731,16.5404246312018,23.621303750416
79.1697164999722,120.955757365455,151.215723228805,142.593886872816,125.160036342691,16.6196564509635,23.7152187876397
79.2021448931123,120.976710964143,151.234607226028,142.606661427981,125.18363159739,16.6467501004584,23.7473707316321
79.2296703838967,120.996325551751,151.253489107606,142.62268077737,125.205485446615,16.6659749283575,23.7702280181662
79.2350874850516,121.000185762856,151.257205119912,142.625833434547,125.209786351286,16.6697584335538,23.7747264023821
79.2508609353003,121.011425879307,151.268025360031,142.635013303948,125.222309673983,16.68077519866,23.7878247436538
79.275636989869,120.986268390409,151.23392552037,142.583100422985,125.201251632654,16.7596030032167,23.8735371934545
79.2662198215001,120.965607862137,151.210816840416,142.556006537114,125.180503988414,16.7730720843944,23.8869414156407
79.3309177122177,120.921648068659,151.147878012711,142.468466404066,125.112266491586,16.9410910061037,24.0679962242282
79.3887419893864,120.957595480111,151.179737549246,142.496706202662,125.138991035219,16.9908369312073,24.1253648409493
79.4604631917879,121.014901355421,151.233160513344,142.547250014794,125.188396626248,17.0393258601069,24.1833162230069
79.4606834352,120.990211182193,151.195010810159,142.496155433191,125.149295682159,17.0989204107358,24.2486881117457
79.433037465246,120.940518756339,151.117332690525,142.388813803455,125.073524756512,17.197090624863,24.358604909696
79.4434612175638,120.950801918571,151.1195310184,142.381810966799,125.074504404825,17.2299258905768,24.3978038321156
79.5522494221786,121.091339939673,151.222410221701,142.430785741762,125.103712506662,17.4125144618946,24.6272854108664
79.543023604545,121.082809243504,151.211345440411,142.415839698229,125.086843219791,17.419888714572,24.6359157274269
79.6477268909406,121.127781336375,151.245571886725,142.279479286421,124.974789197044,17.816673851793,25.1794571262991
79.6594653575591,121.139201989378,151.257136110299,142.290526496437,124.986350083757,17.8240793511043,25.1910237933926
79.7176313795056,121.191366518629,151.306911754345,142.333635203522,125.03158171714,17.8904712659225,25.2938860043754
79.6892906136007,121.158172803155,151.269435157187,142.292194940446,124.98836493204,17.9102954726624,25.3237887257072
79.6891953615975,121.158061240613,151.269309200077,142.292055661639,124.988219682425,17.9103621009042,25.3238892273703
79.6745431753798,121.141716469956,151.249540833975,142.270363060224,124.956431322751,17.9298643446349,25.3533935901103
79.6675098605279,121.13429514353,151.239847356106,142.259810895019,124.936261540195,17.9440366689568,25.374858327259
79.6798322351891,121.152405759198,151.251773114988,142.271228897861,124.884480234752,18.0073728920881,25.4702609685703
79.7306459669256,121.212183283853,151.312446510722,142.332845797678,124.890726391398,18.0486460455655,25.53136996951
79.7554261364897,121.240545740278,151.341979489529,142.362611658014,124.898470464191,18.0647490134657,25.5549881329908
79.7818236848499,121.270176831118,151.37339591764,142.394106961602,124.910155006236,18.078968693095,25.5756387079812
79.8223562066567,121.316005317775,151.422932444794,142.442546176112,124.914483072542,18.1097758907781,25.6194819885555
79.7800808167403,121.269927441718,151.378014437625,142.392436329622,124.839174579766,18.1243094794102,25.6368610019094
79.7414839378931,121.225074255438,151.337076759848,142.346838362997,124.767138053289,18.1434082482871,25.6601798305352
79.7221766717765,121.193647695015,151.315721908326,142.324287238919,124.715921795874,18.1740563187789,25.6996948432898
79.8573965660385,121.279621441435,151.43676225268,142.484225232498,124.824202226454,18.2704661637578,25.8410398642998
79.8129411898022,121.169833366052,151.337067215403,142.437555442688,124.738016033193,18.3159558062712,25.9146185498708
79.861715625422,121.197058503069,151.36724788108,142.494753495191,124.760114221718,18.3374773342444,25.9521708779117
80.011539533846,121.325270857463,151.497451450179,142.658858190642,124.851738066498,18.3660526266436,26.0011346983811
79.9598518790156,121.259416699725,151.427384154223,142.592062872973,124.764747973506,18.3571583533647,25.9834058940331
79.929516941823,121.220952785642,151.388361725297,142.55586825239,124.709116984309,18.3460535761463,25.9539375507278
79.9776824030904,121.270724990278,151.446154896153,142.623043684545,124.761721561633,18.3441533822494,25.9265418345737
80.0607799615784,121.354372000661,151.540144881768,142.730754567868,124.862430108438,18.3524205017067,25.9158110133695
80.052502188622,121.344258138946,151.530677931263,142.722236210498,124.854804018677,18.3513197442995,25.911423004031
79.9957045892116,121.267230363706,151.460888331378,142.663047925119,124.799789331649,18.3424946341795,25.8723910980984
80.1004089832772,121.325648574672,151.529959817094,142.745756572074,124.84112158648,18.3300230638334,25.8227747474009
80.1412246223544,121.358836230956,151.563718279502,142.780014580661,124.860370590937,18.3256829888322,25.8129701084738
80.1610959215244,121.375355004747,151.580391560854,142.796795548274,124.869710612836,18.3234404169852,25.8082326907141
80.2344846356158,121.43565578323,151.641250088622,142.858029113494,124.902300841193,18.3142126414846,25.789013991095
80.1971669935822,121.371210580556,151.575905372196,142.791409522196,124.794653423723,18.2736862402147,25.7164101401163
80.1762002166691,121.330601318144,151.540067175451,142.767606578642,124.714405440176,18.2279527803623,25.6329816454445
80.1748344116697,121.327890934896,151.537745563813,142.766257407947,124.708885854169,18.2246342692775,25.6269168994113
80.2052416362853,121.354298642666,151.595697140907,142.911208542791,124.703828320824,18.1389817570918,25.4559615608269
80.2194895237861,121.388665747551,151.68274088489,143.156145251897,124.77477033786,18.0567682230262,25.2719730349778
80.217103398372,121.386390350456,151.681184257975,143.156744055418,124.773356419124,18.0554529958029,25.2691296622129
80.1323834720055,121.297151423021,151.665689477433,143.320984791134,124.732003903136,17.9315089076748,25.0103534518789
80.3692933373972,121.451699953716,151.85894751387,143.440261000865,124.649126438928,17.7921570240002,24.7980387627689
80.4044235542296,121.412885133329,151.836843484405,143.286344720648,124.389287243314,17.6921050135591,24.6681889957844
80.6045448047419,121.478134514332,151.966103363395,143.103564788219,123.92033314512,17.5076514368333,24.4530861924342
80.6239761964339,121.489761690443,151.984157006665,143.100417450067,123.892172697185,17.4961715180078,24.4403733356917
80.7343025649587,121.559575340365,152.090915131344,143.094650127286,123.743407797956,17.4353608655902,24.3730073646412
80.8200193853887,121.622467572842,152.183551304369,143.117739979115,123.653165507818,17.39806853717,24.3316356718567
80.8363473350245,121.634447732619,152.201197301503,143.122138298323,123.635975514523,17.3909648292024,24.3237548975496
80.8776235776755,121.616195275895,152.264741989661,143.032294319839,123.238082752418,17.286830501019,24.1925925752484
80.8790712817474,121.615456567162,152.267496618419,143.030076149676,123.220823773242,17.2830658409717,24.1873476625585
80.888646857622,121.610570512301,152.285716610469,143.015404465657,123.106667387398,17.258165180247,24.1526561393447
80.890502127327,121.609623838212,152.289246737505,143.012561823998,123.084549565237,17.2533406723447,24.1459346499136
81.3000289748937,121.872180109512,152.561542761861,143.019832453411,122.364238099657,17.1304426331918,23.9347966128897
81.3086484035138,121.869288698238,152.547425283448,142.986343455892,122.314200517498,17.1240352806619,23.9229498520262
81.417888857029,121.845178295806,152.384677692306,142.585524289433,121.75786192635,17.0513134646798,23.7920057892443
81.6670074625927,121.917874762007,152.249705816161,142.066769868272,121.111504230049,16.9577196249555,23.6369033047445
81.7073181049331,121.937102794413,152.242764777271,142.005579862299,121.036500758681,16.945776571734,23.6181549189344
81.8741051543596,122.018971706234,152.218631056523,141.758866027249,120.732600895292,16.8971057859338,23.5417932006963
82.060780285555,122.126432589388,152.223011756351,141.526979042697,120.436488360008,16.8477260131195,23.4646139800607
82.1065567780006,122.133458908894,152.181657741743,141.366531673555,120.244298295512,16.8181193537493,23.4172400802672
82.2629717300264,122.120941124848,151.939086954851,140.541384548804,119.239602134,16.6727618366124,23.1722865878343
82.3924060659214,122.190783582542,151.89231510073,140.24890281781,118.85456830862,16.6227602765378,23.0758537986454
82.4543317329663,122.233066950442,151.885737943228,140.158873374371,118.733001260993,16.6081434802435,23.044677410195
82.7919581817806,122.454277130094,151.756855786705,139.610926760637,118.08066404771,16.5308763131882,22.8796971035773
82.8379781711558,122.46256658034,151.648046767929,139.396326448331,117.863644970693,16.5034610102001,22.8285604577052
82.9275332738367,122.498488444258,151.505331779816,139.116312058216,117.600949461404,16.4655723606867,22.7665696974956
83.7708876122448,122.922090699413,150.387141654758,137.015731832634,115.886042193298,15.9939518160632,22.2857330619019
83.7911043255652,122.92573539424,150.325927026501,136.915835075906,115.804549832151,15.966448741653,22.2598592627518
83.8863637902734,122.969647552393,150.146964897146,136.613880317659,115.559875560448,15.873661629379,22.1704992564528
84.0684316938479,123.084275924325,149.933595561534,136.238185266383,115.260844309397,15.7481726976171,22.0418622722425
84.3029794944853,123.262400559949,149.785308098359,135.956951949179,115.049203001207,15.6478967701086,21.9224003286484
84.5472008062622,123.419607207182,149.370934708827,135.364736188723,114.600996018528,15.5137185610913,21.701438804108
84.7812516125602,123.602264798164,149.093676927478,134.979068351457,114.340363888138,15.4602642945565,21.5568735547441
85.0286479322782,123.815221683985,148.916389707077,134.718218265586,114.187609959408,15.4416547948606,21.4569351370018
85.6256766140484,124.346467403005,148.594535412876,134.209260108938,113.918469642427,15.4380893512282,21.2717732156855
85.6642373198171,124.376097920595,148.52748672997,134.119008444349,113.85802285819,15.4354219303658,21.2466001093154
85.7131076400609,124.41365047195,148.442511869157,134.004627038119,113.781414983814,15.4320413461888,21.2146967054406
85.7421060054263,124.435933170306,148.39209001703,133.936756113756,113.735957881836,15.4300353962662,21.1957660629291
85.7960687222356,124.478013797309,148.309456491585,133.823525873922,113.6606553247,15.4268436627744,21.1639561425809
86.0642728114343,124.691127843457,147.980616382401,133.357521800865,113.354781665582,15.4135082938208,21.0284485198022
86.805150164762,125.300215783443,147.375212619576,132.428901106251,112.738834689622,15.346687450454,20.6625211548464
86.8517717955943,125.342251732217,147.240394102545,132.246393201793,112.598957971847,15.3240386215478,20.584216449701
86.8992006365895,125.396077766025,147.123717507767,132.08421253098,112.474945712693,15.3020427104461,20.5066662061284
87.0272841030488,125.601646478121,146.937879170842,131.790575028364,112.253756085789,15.2540432091099,20.3273448018608
87.0470083213588,125.640193215967,146.924414948235,131.761797330747,112.23258933262,15.248007806748,20.303821260688
87.1948535725453,125.942640390265,146.854032336467,131.577504266954,112.098179731001,15.2047727545501,20.1368733255994
87.2336634569143,126.02594051222,146.844384405879,131.538206954069,112.069905840013,15.1940026796685,20.0957589787546
87.1996433503554,126.231410102769,146.58280901478,131.12171741581,111.724426075734,15.1110067155153,19.8525043906518
87.1950093639843,126.283422808976,146.524388702859,131.027278211064,111.646893686105,15.0905263320331,19.7955884588271
87.1919349835971,126.317930213841,146.485630224347,130.964623292469,111.595455455831,15.0769387889854,19.7578280489969
87.4422155585577,126.797236832497,146.230986751155,130.500525444697,111.253058537335,14.9322740507709,19.3812583861796
87.5196150229165,126.870313007008,146.215753318789,130.465114002877,111.234827189614,14.9122923180261,19.3323446093925
87.7532145927502,126.996507231623,145.984562010897,130.163605833828,111.02662838915,14.802445169939,19.0849379267229
87.8170409842853,127.006196899729,145.931008323668,130.102017650176,110.986714415723,14.7764957907371,19.0283759423912
87.930098876006,127.023312712872,145.843519352589,130.002041292729,110.923266309719,14.7326939332787,18.9329079404485
88.1925471233413,127.078952695791,145.746641037759,129.890013795488,110.869547935112,14.6588184135984,18.7703656989002
88.3390289437801,127.119139322599,145.724576327605,129.860530200528,110.864724922047,14.6249559836322,18.6951552780604
88.4155348212206,127.142751972855,145.720850528622,129.852894187533,110.868056928428,14.6089730806578,18.6594422555216
88.5453326853809,127.182812575685,145.714529435834,129.839939128254,110.873709923022,14.581856906861,18.5988524785878
88.7525284749911,127.260203271148,145.726970439638,129.837857303586,110.896065081817,14.542099329787,18.5097054599326
88.9962729765705,127.355403817195,145.748556132892,129.840200753743,110.925474496689,14.4958431296524,18.4061141624191
89.4982000137952,127.427553081626,145.50291784457,129.493773035374,110.702762506511,14.28466319204,17.968630160788
89.642851836009,127.489774949017,145.46569588473,129.43110498201,110.67165981703,14.2337109588503,17.8640847780841
89.8398657742378,127.599414541491,145.437043265917,129.376858006052,110.657980072303,14.1748643732453,17.7440042285677
89.8438538760389,127.60168914645,145.436512136041,129.375828871932,110.657766754335,14.1736965495878,17.7416229361015
90.0135614149941,127.701951878189,145.418427436717,129.339627535047,110.655637570349,14.1268527013492,17.6462062822575
91.4595304395645,128.256375719995,144.971947496816,128.730600168679,110.37383559363,13.6363901759747,16.6671343279549
91.7777737496646,128.335110446334,144.972646777205,128.608149745659,110.274281002078,13.5271060721093,16.4461072719452
91.8357957805471,128.331632354076,144.954781927956,128.554072905882,110.225597763828,13.497066297054,16.3864503992856
92.3442277171077,128.389362056877,144.968803155922,128.225896536339,109.900533977103,13.2868051703558,15.9713683326726
92.4100501068187,128.401978967876,144.978339302152,128.191449290172,109.864877987888,13.2627693833509,15.9242017399072
92.8062358486031,128.513081317064,145.063453338194,128.037231624688,109.703894537811,13.1429130882943,15.6930780280103
92.809277965844,128.514071913664,145.064133959995,128.036262630507,109.702915812688,13.1421057619076,15.6915511852568
93.0032927041122,128.577248420295,145.107541445692,127.974463844526,109.640496423946,13.0906175366991,15.594174925984
93.2561195693292,128.602840370294,145.091893070817,127.785209320936,109.460224954628,12.9956719255102,15.4196163338816
93.2771982800506,128.597563413692,145.081156041596,127.755229751028,109.432273294921,12.9841184698159,15.3988372237429
93.840696362747,128.581093891981,144.938778783017,127.208192027801,108.927371608626,12.7421297566453,14.9675029600797
94.1745402322845,128.658175156105,144.97389827789,127.057254159303,108.785991841706,12.6398219642712,14.7826576496419
94.291767394483,128.691757293871,144.996215318881,127.016992101149,108.747557260484,12.6067007108431,14.722237843445
94.5801936730716,128.802519862203,145.101100473591,126.972147866133,108.698307156403,12.5363923205949,14.5890572066309
95.1897426427033,128.903496227916,145.287562304629,126.651798781491,108.350645001012,12.3075766118422,14.1376107720039
95.5313077875421,128.999680075105,145.478777057943,126.567580667793,108.23247638076,12.2095408659458,13.9224240610423
95.5459239923195,129.004972112552,145.487702842616,126.566728492745,108.230234992865,12.2066098053163,13.9153629744336
96.0752207683869,129.2001261932,145.800580483737,126.547701787706,108.165181284222,12.1104525270193,13.678594417161
96.124736156403,129.218899893325,145.828326276989,126.547663593861,108.161467359806,12.1029268237159,13.6592318962089
96.3948058262952,129.227272443434,145.889961309259,126.401692010867,108.002356299781,12.0338847624535,13.4940207609467
96.8956399644732,129.194911491421,145.883730695871,126.044143818178,107.63427972128,11.9052485796061,13.209250033135
96.9563957249501,129.198545189384,145.886647073105,126.01105079936,107.599610089212,11.8920339437966,13.1813670635167
98.2085262227385,129.451594854263,146.1516551879,125.419310723383,106.895730077815,11.5575263625585,12.5880126180679
98.461825608671,129.542421225364,146.276682813641,125.346021922158,106.78763530179,11.4845636307939,12.4657589826192
98.7647535350446,129.680585757562,146.457146857216,125.326154428533,106.7374481642,11.4183377508475,12.3525286208551
99.1832160712088,129.851659598893,146.678524411077,125.287548887537,106.691331985606,11.339909159923,12.2152059937427
99.7563949949166,129.873034198639,146.716484050414,124.85972712043,106.38806865827,11.2118908024043,12.0008164046064
100.048756489768,129.944739604293,146.771768528511,124.72716058185,106.323586030827,11.1795404905198,11.9517184762585
100.066609199747,129.949440439667,146.77540531176,124.719479172979,106.320018580665,11.1776839701737,11.948942479665
100.634876060756,130.095145003577,146.890852272763,124.421841403656,106.159222090326,11.1141107603643,11.8560993830029
100.651476929258,130.093018853404,146.8877443378,124.398581266263,106.142758613487,11.1103607981606,11.8505326034193
100.746221224315,130.0808845124,146.870006765387,124.265831264659,106.048798438626,11.0889590549059,11.8187619398955
101.31525372852,130.187470957209,146.996381260501,123.830083314199,105.762792056714,11.0105388604457,11.6791882166162
101.330619151355,130.193471122613,147.003961467258,123.826811441473,105.762354413654,11.0096908906364,11.6764332154879
102.72911305149,130.436456460452,147.34927924438,123.623040044819,106.351844562711,11.0384258561683,11.3254983516296
103.202995668362,130.374380901021,147.250803130287,123.323872621121,106.687150067844,10.985456153295,11.0925875205565
103.797833357376,130.558626214747,147.561230626705,123.310217500704,107.168946258728,10.8630203935615,10.8252688276315
104.136325330514,130.55820992543,148.098655159606,123.858408399727,108.078994606705,10.7202154387598,10.481725512519
104.439719250458,130.602005021812,148.532759635542,124.559812772164,108.976976527169,10.6885762032938,10.327996419324
104.504436900643,130.556850167304,148.619231460859,124.730741861784,109.231679508013,10.6663034706974,10.263268637265
104.741682651729,130.572371656139,148.911696818899,125.129865730938,109.765244991952,10.6082004564336,10.1302802482043
104.818442035998,130.59661215836,149.010630788855,125.241929796546,109.899469152518,10.5910059471092,10.0961793306736
104.945937229646,130.648717364317,149.189065410771,125.429834905495,110.105253965491,10.5627599284001,10.0421194483591
105.129309432978,130.575011649657,149.875489733533,126.115029891225,110.699749453158,10.4114253351655,9.73289767592283
105.154483495871,130.572601005103,150.004486794967,126.244826784687,110.79149432532,10.3978552905355,9.69079278114606
105.434119554488,130.675001749897,150.868796551297,127.132628659506,111.434498567881,10.3886683505289,9.50027498384562
105.476270257953,130.504347627842,151.380778982982,127.686935673341,111.815131063955,10.4212831183994,9.344904374122
105.914654730405,130.115738405655,153.252119327399,129.450084055918,112.924679786597,10.3624823209633,8.97116537094164
105.923178100427,130.036403634985,153.447726357174,129.616895851583,112.990375044445,10.3177771160921,8.92471633453621
105.958926251605,129.931799152381,153.768561421564,129.892805127352,113.106263558137,10.2409565357865,8.8529593783946
105.967541554675,129.4727064817,154.539910768603,130.551530696409,113.339710434831,9.97182764603161,8.61078204501345
105.976118291309,129.107500304532,154.941601452096,130.893232174732,113.465919832621,9.78427750581992,8.43269480301853
106.247720303937,128.928680711969,155.483958094484,131.358796799829,113.74888383695,9.60881181997624,8.26602958869358
106.719345617634,128.339490075225,156.136913154986,131.850872649004,113.958427598988,9.24505122948431,7.95010977259615
106.749789871409,128.328705831516,156.16388644168,131.872445354887,113.970556225872,9.2337814158105,7.94210878216091
107.009597300715,128.249293229749,156.38588342061,132.051348410872,114.074064332778,9.14428543394964,7.88009977133411
107.081859591477,128.233834090771,156.443327250492,132.09837888131,114.102855924824,9.12290172029452,7.86614651103176
107.445322240215,127.893526852487,156.66747164057,132.251471866295,114.135034217272,8.94258208047381,7.73949624214242
107.915335818781,127.492239493592,156.937030789773,132.402547179394,114.138773646309,8.72640931902788,7.58706742150736
108.211187055712,127.402591963502,157.171813960963,132.536411610642,114.180716966973,8.62291702579255,7.51280092377375
108.370860190354,127.03518259592,157.488333660243,132.445171973905,113.819676210187,8.34224066018989,7.28145180419415
108.460598100804,127.063817287519,157.661288140951,132.48030020525,113.772361026722,8.28338982064801,7.23756169378135
108.464676417551,127.065743774359,157.66806950755,132.482390542788,113.771699094916,8.2816220098504,7.2363269512602
108.465368674611,127.066070777924,157.669220582663,132.482745358515,113.771586738031,8.28132194009559,7.23611736498203
108.484299703991,127.018816496708,157.768743229164,132.451949540072,113.670559301828,8.22711644080044,7.19439789787343
108.481926705834,127.014446709139,157.768731223003,132.448391940697,113.665281489515,8.22548572983859,7.19303580743533
108.445582272887,126.924550766849,157.783753291098,132.381610252512,113.559129803961,8.19181506731051,7.16559898432394
108.437143314983,126.874605065939,157.806487836759,132.350543024222,113.502436952533,8.17299152203618,7.15090584216738
108.568864468993,126.774238084367,158.076987199887,132.36868005336,113.396370452545,8.12012654410356,7.11437869397422
108.614499210223,126.772203332869,158.151728654466,132.392509775696,113.394189853354,8.1136926310848,7.11058687870683
108.702756627477,126.784537895382,158.290862426625,132.447350196091,113.40482673978,8.10629798282846,7.10680687167034
108.750316738651,126.760151985281,158.395215290357,132.467340249358,113.381777999311,8.0969344754671,7.099626112704
108.736051204025,126.698027954116,158.429647489636,132.43994773978,113.324291964092,8.08770775749976,7.09027027739734
108.730877105693,126.522025777107,158.621942354103,132.380925956185,113.137945374202,8.05875904501145,7.06194968030332
108.86064785618,126.438915442688,158.940994824593,132.418172709631,113.013428029908,8.04113335361443,7.06508956774777
108.931918404765,126.437527664297,159.031780372999,132.65951392769,113.280497255817,8.09520948517723,7.18061196454094
108.926761275156,126.43377395832,159.034228805077,132.667547605807,113.289009673579,8.09750595014794,7.18456710010796
108.87708668051,126.393367218901,159.022792573638,132.679787075699,113.303672164538,8.10583554687767,7.19902092711925
108.837536109271,126.361424572433,159.014572237848,132.69055454079,113.316193640318,8.11267978338285,7.21082495019984
108.782886363101,126.328507089736,159.046766109222,132.75588000903,113.375332949913,8.13262822343141,7.24178212465126
108.878305407234,126.429541326367,159.253490512184,133.028163267468,113.614516145441,8.1887364919898,7.32533451116774
108.885062438185,126.42060712971,159.237195592761,133.040719244876,113.628474435372,8.19804971958505,7.341648768455
108.786136531684,126.286171259569,159.040770167245,132.912094769748,113.525893657141,8.2001172731739,7.35390916848905
108.760623433129,126.211393948014,158.859005623313,132.804634605114,113.458587624135,8.20021870126519,7.36825179040508
108.806100179908,126.21355410245,158.754971433756,132.758362468666,113.451744459568,8.20039918450756,7.38415149291619
108.818801864651,126.18901348045,158.492738449953,132.593750616067,113.399972250326,8.18723835510276,7.41888158869454
108.932365370203,126.325159215404,158.581590875801,132.683293091632,113.51862609981,8.19962597970556,7.4563724998312
108.941439712241,126.333491309395,158.589069595181,132.690872260266,113.526440447862,8.20077739869342,7.45806142172846
108.893341901347,126.250781080405,158.456864195002,132.598238639521,113.464364963332,8.21782076753865,7.47519455995936
108.884059162775,126.23472951415,158.432628315978,132.580558249508,113.451152391743,8.21979764254649,7.47638940899723
108.873786288423,126.157012558201,158.277549549362,132.477529039753,113.386320305012,8.23994576783837,7.49007091996912
109.041800302436,126.194240049347,158.160004623338,132.423821067303,113.406626607102,8.285332072413,7.52783094917329
109.002034044866,126.081731264071,157.759255538875,132.03789455867,113.194727575705,8.33198750849294,7.56514891224899
109.114977223094,126.196558405611,157.807468736382,132.071045369769,113.257822718304,8.34330744060936,7.58122749184025
109.061002315419,126.153264955776,157.7070861522,131.97364028711,113.1914164228,8.33952173338472,7.57909228294176
109.122270987052,126.109587881633,157.359741156955,131.723627867761,113.111916984189,8.32250218032266,7.5845072329959
109.137974518943,126.094408016173,157.301076015277,131.682705646762,113.102431277206,8.32144118453793,7.58726276841047
109.095264613477,126.025860771712,157.191079880075,131.591091091077,113.045650959178,8.31764188182339,7.58575437528104
109.052281060435,125.949948122327,157.06424488274,131.484870973231,112.983021693053,8.31421062670337,7.58544316689285
109.016739982107,125.85292018618,156.877048458417,131.325700752614,112.903004152873,8.3133695945792,7.59135379192298
109.108412420287,125.833776821407,156.678691036784,131.150119593041,112.872456482402,8.33224784401863,7.62725072136045
109.181611758347,125.869417433038,156.638591757947,131.1125165088,112.887682735355,8.34533653362183,7.64775176485062
109.051513963923,125.672354578343,156.194566887731,130.708912838553,112.644904120062,8.36565876111519,7.67866768706409
109.09148587286,125.659166089148,156.059570843325,130.602707907645,112.609906547638,8.38250845470532,7.70143261546605
109.225710990316,125.439018455696,155.353330058602,130.068335902149,112.433487356518,8.4712001583348,7.80360191253502
109.259507166992,125.445277948182,155.326671896847,130.049005013232,112.439701414278,8.48186836667491,7.81524684307126
109.343303076509,125.354384576437,154.903353068488,129.669172549795,112.289753304066,8.59012778901856,7.92600764881485
109.354208480785,125.347347499939,154.855927550755,129.62562454652,112.27086144608,8.60462114520822,7.94092398600643
109.428185003906,125.353329835556,154.734425422531,129.518537594766,112.24189993367,8.65357111839929,7.99265399967596
109.485751708815,125.372310922011,154.698690819791,129.491382230303,112.24958540725,8.67661311536748,8.01793894685372
109.509113419106,125.380888726502,154.688497392301,129.484579580936,112.255048101544,8.68479592615201,8.02705051024394
109.484706789259,125.212536196076,154.331458849433,129.187477587474,112.102894892106,8.747223074582,8.0940678934907
109.47822087617,125.185964379049,154.281543375086,129.14648855141,112.081219726715,8.75460528819211,8.10213577102732
109.477076815265,125.181277332424,154.272738702251,129.139258427745,112.077396408548,8.7559074490246,8.10355887725052
109.706242925733,125.152982165581,153.912462721883,128.858767645388,112.034778356721,8.8813309235421,8.24812749539776
109.650105053402,125.072993770351,153.720277928007,128.67591898112,111.918595286653,8.91172404578422,8.28089497447005
109.630625027356,125.046208649099,153.62127747065,128.576364371369,111.857720653371,8.93192975665126,8.30272012905935
109.622469135998,125.031562678088,153.487212208692,128.434965387515,111.776907968327,8.96662300815347,8.34035365447322
109.632345609959,125.040378495326,153.439268519567,128.380409099282,111.74982493563,8.98391221486715,8.35920690058132
109.637794102089,125.045241861648,153.412819726818,128.350312375669,111.734884209709,8.99345004254598,8.36960755201336
109.748825089417,125.128740025666,152.950968783918,127.816121243244,111.506748459929,9.17378564541255,8.56377105767515
109.8086605288,125.390420942772,152.35632832747,127.096855117285,111.298158079601,9.71476324632846,9.13754394321399
109.732370757638,125.565737606018,152.159850659247,126.797353657631,111.142974767848,9.9611076427557,9.3954104275302
109.715011967337,125.579218133217,152.107555785731,126.731768965852,111.108811922684,9.99812021909634,9.43398828932561
109.776243779095,125.772820056837,151.99217809419,126.562047523773,111.093770983252,10.1991968703798,9.64574597723864
109.644497742873,125.731054919931,151.833917366059,126.397657940261,110.999259848897,10.2916916330628,9.73878906299275
109.62478217458,125.735966821593,151.813175966059,126.374928822652,110.99197659267,10.3184886312132,9.76600066983084
109.693059681442,125.939410303022,151.908106749873,126.450317232389,111.137933740634,10.5054372652785,9.95852003328764
109.622877106285,125.93075630962,151.856540100067,126.396338912575,111.127749290813,10.5955005785543,10.0476542027503
109.577776409764,125.972504075978,151.754521864388,126.287716747026,111.163725559365,10.8818324283321,10.329188254094
109.596298924156,125.993347172719,151.763463546877,126.295684994712,111.18035422124,10.9024136443076,10.3497528721757
109.546425552888,125.955248746275,151.702524915308,126.238257097335,111.140073697412,10.9281860350346,10.3734549623892
109.393488893099,125.882422795786,151.437445223641,125.995173966828,111.008932114368,11.1159503406208,10.5514888459387
109.476225182337,125.983955119426,151.426703983218,125.993156134802,111.064234965918,11.1972148272958,10.6331990373378
109.469264332279,125.978012004216,151.416056926181,125.98349073091,111.057795328613,11.1990919254123,10.6348720025058
109.32194014307,125.845903847121,151.162799505635,125.754394321374,110.914584542278,11.2441497133807,10.6756767298187
109.29613782163,125.809957577657,151.049223534253,125.653390539191,110.872281744924,11.2698494512698,10.7005668560179
109.306349341792,125.775400205047,150.848408017444,125.473558305623,110.81489744732,11.3222795340663,10.7506183882955
109.257581551275,125.727572493125,150.766359513129,125.396733945909,110.759155673436,11.3304951011091,10.7556098400779
109.310595041408,125.792519920406,150.705399470402,125.337399967086,110.746950283359,11.3734817408058,10.7882429585667
109.218468517273,125.756424642095,150.424987316346,125.069702142847,110.598845796328,11.4135802862097,10.7993715752043
109.073101485268,125.71766448197,149.761774422546,124.701211200667,110.503033370537,11.8137498463318,11.069514487657
109.011395616194,125.802561952043,149.745143021547,124.815766001128,110.654511573386,11.8975286145335,11.1488895013862
109.062852662484,125.940089494984,149.815297441273,124.9429099139,110.758972823587,11.821952889791,11.1235521342248
108.98593304602,125.897021415688,149.729658614678,124.885080871208,110.705475160008,11.7817317676712,11.1047163357178
108.985848260316,125.896976860942,149.729559514805,124.885016066256,110.705416128231,11.7816818147009,11.104693921811
109.012613847923,125.94772153425,149.730720702678,124.913973355888,110.736236400274,11.736262134608,11.0920089164455
109.053203940237,125.994833725945,149.762235221539,124.954741045842,110.775273540842,11.7186867463178,11.0888778940915
108.995452239915,126.001988802428,149.751424176483,124.98945962967,110.796083643554,11.6173223692931,11.0440474494973
108.970668393924,126.040772447547,149.801529576011,125.065561322751,110.853591952854,11.5485906177902,11.0104464599456
109.016630236323,126.14475894689,149.911802117824,125.194605767131,110.965837598854,11.4979953871676,10.9887509462216
109.042706660836,126.19327717115,149.960740455642,125.250349750665,111.015787712932,11.4804234258097,10.9818156992813
109.045458518192,126.22301276239,149.98978383112,125.288065954351,111.048946241838,11.4601206602461,10.9722529274317
108.934481693884,126.178793460325,149.938921225542,125.26067689814,111.020201097176,11.4132913970362,10.9435545519867
108.919727463672,126.174641524418,149.933173341027,125.258570414058,111.017858530214,11.4060516117866,10.9393477369667
108.809511013133,126.176190364495,149.911305274122,125.274216837604,111.029052670841,11.3303975414145,10.8992243772598
108.800720153934,126.227133347244,149.946009854757,125.328996173535,111.076313553033,11.2861141013496,10.8799158528295
108.6722616856,126.253350185121,149.964200312038,125.437087421148,111.116539493963,11.044467063734,10.7611030089454
108.582810003121,126.233139118221,149.928679373691,125.516907182504,111.204852817215,10.7878430886084,10.6102792834704
108.578784159876,126.283267356578,149.937776650118,125.582103617144,111.302495548182,10.6726272144792,10.5406563632159
108.581077768823,126.286312081419,149.940202185437,125.585324749774,111.306036660151,10.6708331360242,10.5396598865106
108.420654839504,126.185015357252,149.832683650863,125.568730085509,111.306010720928,10.4823958833553,10.4141122117791
108.577151304852,126.30264392962,149.990075326661,125.789190597733,111.51512249689,10.3822094510016,10.3493864226485
108.506695553629,126.220159982927,149.928455009648,125.769527433267,111.502817417823,10.3188675640387,10.300272166612
108.476158957603,126.214105033616,150.005471616179,125.978662978571,111.724729628325,9.88601030175801,9.98772285865325
108.417836563462,126.229217519376,150.02961617078,126.037066798605,111.750851473902,9.69068325896069,9.83908749327106
108.42298019375,126.238999275677,150.038792102765,126.050039053228,111.760773391786,9.67766810016647,9.82889675981164
108.434757582248,126.26139659774,150.059802266747,126.079741670609,111.783491642323,9.64786724495508,9.80556300129794
108.454017172735,126.32952173391,150.102748387308,126.211893970811,111.880449742285,9.48285194217719,9.66818170559902
108.417276934219,126.302913110549,150.069886564709,126.203080012751,111.866498165474,9.44756324611263,9.63755833244181
108.416785280452,126.302534721263,150.069342975044,126.203174214399,111.866448800788,9.44677061388906,9.63688907954857
108.379950694142,126.269918374432,149.994422825626,126.306959646395,111.920213946762,9.23569405978787,9.46579980909765
108.483394727386,126.348245100054,150.057804126509,126.465734218488,112.033030301466,9.12234903922017,9.38322668382962
108.38352780045,126.241679872438,149.950518703148,126.442129017037,111.965279455278,9.00127061862065,9.29209286168308
108.321541366688,126.186172247272,149.897215354792,126.456138782179,111.935024466794,8.89353638166972,9.20701738857361
108.509551467748,126.405626590002,149.850118856372,126.79435430214,112.303975268941,8.69713704556194,8.85846834719919
108.691627459544,126.495235088456,149.499800235155,126.733339902725,112.271996002412,8.62399864188273,8.53961906046736
108.675243293717,126.494533089441,149.482064676935,126.7241858461,112.270834934894,8.62548399658475,8.5264419476587
108.589902677193,126.501824403918,149.391639782921,126.682104259231,112.276836176565,8.63658523429373,8.45196543734814
108.539591358668,126.564156293313,149.347783140345,126.68642543681,112.343921350379,8.6609961444226,8.37634114245205
108.537503138676,126.678894041594,149.355144269449,126.737387431487,112.46628771974,8.69685390453223,8.30434357572479
108.570455870355,126.788826232718,149.39087818062,126.798974329873,112.580515315,8.72833948050989,8.25664261761764
108.724421601513,127.610988062677,149.41395929644,127.044036426001,113.390652522232,9.23780163457761,7.69553111504864
108.672889919728,127.737864236499,149.380648889925,127.096428407323,113.548004984822,9.38991709024118,7.58890978520906
108.67200477385,127.753321370179,149.381918348589,127.105735864618,113.566535731051,9.40443032744801,7.57982709111239
108.668671869329,127.81152324632,149.386698334158,127.140781914414,113.636310905362,9.45907808115425,7.54562735862612
108.730412946556,128.739646578104,149.59368194475,127.798663751626,114.726868755814,10.4978576273811,6.936821467571
108.650352086521,128.79844497248,149.547205930252,127.813870680168,114.801692571389,10.6519986481559,6.82755356080001
108.640938419868,128.823740222996,149.545612890101,127.826965477292,114.830335667378,10.6899032208522,6.80201596275224
108.673251296163,129.486273770698,149.648259246906,128.167730577573,115.574567276778,11.360679149733,6.33618063867849
108.792335194271,129.799901911066,149.730675935599,128.320379885689,115.908102347473,11.6005985074424,6.12887838039892
108.796767983177,129.907136068781,149.715932605055,128.346115698263,116.025120835749,11.7164575322339,6.00715765704827
108.730890974172,130.051535621518,149.627352333958,128.34613658138,116.184664274977,11.9394724537808,5.77013853210883
108.897164576899,130.417782142182,149.758484847753,128.568862492481,116.547176137524,12.2405524161789,5.57753733247074
108.789537331663,130.454438279675,149.637841298083,128.52408249912,116.620018767389,12.4924802854109,5.44595456511519
108.928526723189,130.758385596326,149.705775486216,128.697545710395,116.999430351813,13.0028646567834,5.29201546306013
108.947328848676,130.785836201135,149.71887162296,128.716668770638,117.031728532093,13.0369706325681,5.28377168319735
108.909972575399,130.808432783212,149.662586659235,128.699254317864,117.095473184885,13.2203176766797,5.2265840890314
108.9481164213,131.265918164067,149.631885138544,128.858032401285,117.620545223958,14.1954716732432,4.92214241739569
108.910585141497,131.320133068071,149.584490426217,128.845981086018,117.664148200471,14.3710991639816,4.8607751490182
109.136321469172,131.781557419133,149.677088593402,129.06675350087,118.082686989746,15.080259901293,4.6514706750968
109.118465711637,131.781165908754,149.644999361228,129.0493806611,118.087287219966,15.1466549418707,4.62772370753559
109.110540982923,131.793823455746,149.614115767849,129.039434454537,118.10874344189,15.2428655352894,4.59476763858033
109.740112948488,133.250042302665,149.908216366069,129.87909375065,119.627441632218,17.9157264044826,3.7212960572374
109.722575761309,133.257506538394,149.889044860068,129.874811197502,119.63569119483,17.9747142292605,3.69486089777898
109.731674890125,133.424414733516,149.903519681925,129.956492941286,119.775575736764,18.2944082522528,3.56438879900139
109.885107726659,133.835436571866,150.078025444658,130.204059204148,120.105007420717,18.7665233133971,3.40643109139356
109.824300209739,133.850514328178,150.029758511201,130.177913958982,120.106701508023,18.8870358641085,3.36158536570536
109.777330589707,133.898342104682,149.990098349817,130.169403705324,120.137242748327,19.0539870484326,3.30751910208393
109.89173259141,134.348819532593,150.003784029478,130.38904177362,120.565331393676,19.9210692683551,3.09533585488262
109.949122254613,134.521582409531,150.001915817504,130.480322358382,120.751935407639,20.3238268886815,2.99483577381051
110.099906272466,134.777844702912,150.120477859759,130.642385177527,121.006230177302,20.7147878511061,2.89376064511725
110.086881639203,134.984844751211,150.143109518604,130.66791956118,121.234362132824,21.2922693204822,2.71000921527202
110.21283634689,135.206386710331,150.274432935205,130.800167336685,121.462966062866,21.5303233180382,2.6453132009266
110.230561881106,135.525345759843,150.293120278151,130.889412273718,121.865681676045,22.2147774751623,2.41689170666459
110.278436893296,135.604447055205,150.335888459886,130.941895580155,121.95015993153,22.3040066873665,2.38812940573023
110.249602096247,135.992854726808,150.544195197203,131.166416198751,122.37774616622,22.9752140883005,2.09503455223289
NaN,NaN,NaN,NaN,NaN,NaN,NaN
NaN,NaN,NaN,NaN,NaN,NaN,NaN
NaN,NaN,NaN,NaN,NaN,NaN,NaN
NaN,NaN,NaN,NaN,NaN,NaN,NaN
NaN,NaN,NaN,NaN,NaN,NaN,NaN
NaN,NaN,NaN,NaN,NaN,NaN,NaN
NaN,NaN,NaN,NaN,NaN,NaN,NaN
NaN,NaN,NaN,NaN,NaN,NaN,NaN
NaN,NaN,NaN,NaN,NaN,NaN,NaN
NaN,NaN,NaN,NaN,NaN,NaN,NaN
NaN,NaN,NaN,NaN,NaN,NaN,NaN
NaN,NaN,NaN,NaN,NaN,NaN,NaN
NaN,NaN,NaN,NaN,NaN,NaN,NaN
NaN,NaN,NaN,NaN,NaN,NaN,NaN
NaN,NaN,NaN,NaN,NaN,NaN,NaN
NaN,NaN,NaN,NaN,NaN,NaN,NaN
NaN,NaN,NaN,NaN,NaN,NaN,NaN
NaN,NaN,NaN,NaN,NaN,NaN,NaN
NaN,NaN,NaN,NaN,NaN,NaN,NaN
NaN,NaN,NaN,NaN,NaN,NaN,NaN
NaN,NaN,NaN,NaN,NaN,NaN,NaN
NaN,NaN,NaN,NaN,NaN,NaN,NaN
NaN,NaN,NaN,NaN,NaN,NaN,NaN
NaN,NaN,NaN,NaN,NaN,NaN,NaN
NaN,NaN,NaN,NaN,NaN,NaN,NaN
NaN,NaN,NaN,NaN,NaN,NaN,NaN
NaN,NaN,NaN,NaN,NaN,NaN,NaN
NaN,NaN,NaN,NaN,NaN,NaN,NaN
NaN,NaN,NaN,NaN,NaN,NaN,NaN
NaN,NaN,NaN,NaN,NaN,NaN,NaN
NaN,NaN,NaN,NaN,NaN,NaN,NaN
NaN,NaN,NaN,NaN,NaN,NaN,NaN
NaN,NaN,NaN,NaN,NaN,NaN,NaN
NaN,NaN,NaN,NaN,NaN,NaN,NaN
NaN,NaN,NaN,NaN,NaN,NaN,NaN
NaN,NaN,NaN,NaN,NaN,NaN,NaN
NaN,NaN,NaN,NaN,NaN,NaN,NaN
NaN,NaN,NaN,NaN,NaN,NaN,NaN
NaN,NaN,NaN,NaN,NaN,NaN,NaN
NaN,NaN,NaN,NaN,NaN,NaN,NaN
NaN,NaN,NaN,NaN,NaN,NaN,NaN
NaN,NaN,NaN,NaN,NaN,NaN,NaN
NaN,NaN,NaN,NaN,NaN,NaN,NaN
NaN,NaN,NaN,NaN,NaN,NaN,NaN
NaN,NaN,NaN,NaN,NaN,NaN,NaN
NaN,NaN,NaN,NaN,NaN,NaN,NaN
NaN,NaN,NaN,NaN,NaN,NaN,NaN
NaN,NaN,NaN,NaN,NaN,NaN,NaN
NaN,NaN,NaN,NaN,NaN,NaN,NaN
NaN,NaN,NaN,NaN,NaN,NaN,NaN
NaN,NaN,NaN,NaN,NaN,NaN,NaN
NaN,NaN,NaN,NaN,NaN,NaN,NaN
NaN,NaN,NaN,NaN,NaN,NaN,NaN
NaN,NaN,NaN,NaN,NaN,NaN,NaN
NaN,NaN,NaN,NaN,NaN,NaN,NaN
NaN,NaN,NaN,NaN,NaN,NaN,NaN
NaN,NaN,NaN,NaN,NaN,NaN,NaN
NaN,NaN,NaN,NaN,NaN,NaN,NaN
NaN,NaN,NaN,NaN,NaN,NaN,NaN
NaN,NaN,NaN,NaN,NaN,NaN,NaN
NaN,NaN,NaN,NaN,NaN,NaN,NaN
NaN,NaN,NaN,NaN,NaN,NaN,NaN
NaN,NaN,NaN,NaN,NaN,NaN,NaN
NaN,NaN,NaN,NaN,NaN,NaN,NaN
NaN,NaN,NaN,NaN,NaN,NaN,NaN
NaN,NaN,NaN,NaN,NaN,NaN,NaN
NaN,NaN,NaN,NaN,NaN,NaN,NaN
NaN,NaN,NaN,NaN,NaN,NaN,NaN
NaN,NaN,NaN,NaN,NaN,NaN,NaN
NaN,NaN,NaN,NaN,NaN,NaN,NaN
NaN,NaN,NaN,NaN,NaN,NaN,NaN
NaN,NaN,NaN,NaN,NaN,NaN,NaN
NaN,NaN,NaN,NaN,NaN,NaN,NaN
NaN,NaN,NaN,NaN,NaN,NaN,NaN
NaN,NaN,NaN,NaN,NaN,NaN,NaN
NaN,NaN,NaN,NaN,NaN,NaN,NaN
NaN,NaN,NaN,NaN,NaN,NaN,NaN
NaN,NaN,NaN,NaN,NaN,NaN,NaN
NaN,NaN,NaN,NaN,NaN,NaN,NaN
NaN,NaN,NaN,NaN,NaN,NaN,NaN
NaN,NaN,NaN,NaN,NaN,NaN,NaN
NaN,NaN,NaN,NaN,NaN,NaN,NaN
NaN,NaN,NaN,NaN,NaN,NaN,NaN
NaN,NaN,NaN,NaN,NaN,NaN,NaN
NaN,NaN,NaN,NaN,NaN,NaN,NaN
NaN,NaN,NaN,NaN,NaN,NaN,NaN
NaN,NaN,NaN,NaN,NaN,NaN,NaN
NaN,NaN,NaN,NaN,NaN,NaN,NaN
NaN,NaN,NaN,NaN,NaN,NaN,NaN
NaN,NaN,NaN,NaN,NaN,NaN,NaN
NaN,NaN,NaN,NaN,NaN,NaN,NaN
NaN,NaN,NaN,NaN,NaN,NaN,NaN
NaN,NaN,NaN,NaN,NaN,NaN,NaN
NaN,NaN,NaN,NaN,NaN,NaN,NaN
NaN,NaN,NaN,NaN,NaN,NaN,NaN
NaN,NaN,NaN,NaN,NaN,NaN,NaN
NaN,NaN,NaN,NaN,NaN,NaN,NaN
NaN,NaN,NaN,NaN,NaN,NaN,NaN
NaN,NaN,NaN,NaN,NaN,NaN,NaN
NaN,NaN,NaN,NaN,NaN,NaN,NaN
NaN,NaN,NaN,NaN,NaN,NaN,NaN
NaN,NaN,NaN,NaN,NaN,NaN,NaN
NaN,NaN,NaN,NaN,NaN,NaN,NaN
NaN,NaN,NaN,NaN,NaN,NaN,NaN
NaN,NaN,NaN,NaN,NaN,NaN,NaN
NaN,NaN,NaN,NaN,NaN,NaN,NaN
NaN,NaN,NaN,NaN,NaN,NaN,NaN
NaN,NaN,NaN,NaN,NaN,NaN,NaN
NaN,NaN,NaN,NaN,NaN,NaN,NaN
NaN,NaN,NaN,NaN,NaN,NaN,NaN
NaN,NaN,NaN,NaN,NaN,NaN,NaN
NaN,NaN,NaN,NaN,NaN,NaN,NaN
NaN,NaN,NaN,NaN,NaN,NaN,NaN
NaN,NaN,NaN,NaN,NaN,NaN,NaN
NaN,NaN,NaN,NaN,NaN,NaN,NaN
NaN,NaN,NaN,NaN,NaN,NaN,NaN
NaN,NaN,NaN,NaN,NaN,NaN,NaN
NaN,NaN,NaN,NaN,NaN,NaN,NaN
NaN,NaN,NaN,NaN,NaN,NaN,NaN
NaN,NaN,NaN,NaN,NaN,NaN,NaN
NaN,NaN,NaN,NaN,NaN,NaN,NaN
NaN,NaN,NaN,NaN,NaN,NaN,NaN
NaN,NaN,NaN,NaN,NaN,NaN,NaN
NaN,NaN,NaN,NaN,NaN,NaN,NaN
