88.7815925155628,116.41989924687,151.425148863567,139.786770634646,124.069544583204,3.6507145876373,6.92028005582313
92.4894380908539,119.932411563261,155.172443237466,143.716109327527,127.77919281322,3.73578799147413,7.23151894348867
94.5522778601204,121.886578733699,157.257230131812,145.902175591076,129.843035479663,3.78311811814148,7.40467501004582
105.630268156576,132.075491018261,168.036562431626,157.246052527059,140.523006291219,3.94129036581485,8.28084985503804
104.926484289131,131.330992993248,167.220689555417,156.399062645477,139.71519737507,3.9012028283366,8.20770971770155
99.1824863426234,125.569331656106,160.997997185749,149.891523151005,133.532818067158,3.67543776464862,7.66418657643277
91.7979649695857,118.237223211889,153.117347290441,141.61632385066,125.672053815317,3.41474952131242,6.97400745369182
91.5180306388682,117.959677216985,152.819356015681,141.303068048134,125.374452960183,3.40506506987615,6.94785867633655
88.1366841054025,114.603525393177,149.222045246831,137.511965292752,121.769757167951,3.28885151795593,6.62913383237193
86.0113366794358,112.489537803672,146.96358325548,135.120167254753,119.491829813086,3.21674329530708,6.42528107107442
81.9966440469939,108.460330115122,142.67543207982,130.542642450368,115.120255477619,3.07804934609556,6.02558349742487
80.7975447632146,107.153287650642,141.32570151093,129.003809592183,113.619129850533,3.0284254483842,5.86553215314223
81.976265089413,108.170243884695,142.467127727415,130.071849375564,114.591882608905,3.05490098738937,5.91951183479956
87.2835582031386,113.103829331411,147.832228396688,135.456430117488,119.634944946013,3.20439743493004,6.30336479418514
92.8575959984998,118.308022794802,153.458056795306,141.118254959461,124.954557431577,3.36877203872104,6.71732137740936
95.5823233200126,120.815254700184,156.154194947471,143.783711283092,127.455616071715,3.45551841774973,6.90706626296121
95.7200811184859,120.939332242761,156.286870044224,143.911609266918,127.575281559961,3.46027226275485,6.91577334417555
96.6162479282353,121.744346753245,157.147135290381,144.738264942656,128.348347973544,3.49149705387994,6.97170687333113
96.5144916613347,121.578449927556,156.951495140867,144.458979674869,128.073982007576,3.49828490148792,6.94085962658989
96.4860270139744,121.532043010465,156.896768016583,144.380854200118,127.997232626857,3.50018369056874,6.93223061505801
91.0410777726971,115.872582212088,150.637474844698,137.43056365065,121.322448958025,3.43655070080618,6.34277813479799
89.1720711679036,113.861295498083,148.354603881222,134.811878662051,118.752908084185,3.44996664989048,6.11480283789704
89.1684198242055,113.847510030869,148.333584047404,134.777702956189,118.715557777657,3.45306232757555,6.11102933467384
93.6070589503059,117.686481804211,152.203928717501,138.29542111604,121.841127283725,3.67347677927044,6.34222476009825
94.6972884030156,118.643962067316,153.188682073003,139.225724139003,122.686258164927,3.70876695395167,6.40431633504658
96.044633799961,119.799652444238,154.371167512786,140.32411686903,123.675606385473,3.7465182510211,6.47301277887144
95.7074591270379,118.54619980134,152.91248261504,138.444055354446,121.634001151085,3.6210308911933,6.22344814735004
95.634198403981,118.444681521036,152.805884502085,138.331723895454,121.516747423542,3.61470648429799,6.21078635603848
95.6495563462454,117.633184635097,152.012622874458,137.526401094072,120.431536123902,3.51911729569544,6.02659169026206
97.2123921254724,118.73614526285,153.194388293429,138.770740101366,121.484221198071,3.53071920478177,6.05381203083437
97.2525471039856,118.765256700998,153.225188020318,138.802981420277,121.512266426236,3.53111932353487,6.05467216733065
97.6849795683837,119.059580794742,153.529245012552,139.119660037914,121.79403650075,3.53370443158043,6.05716817087176
98.1131545376345,119.343781837257,153.819900441982,139.421719209141,122.065403314531,3.53561469717397,6.05709038526493
98.4680288170626,119.523657344257,153.987704804001,139.595245413442,122.234222945445,3.53238357571111,6.04510943105349
98.6308145869323,119.593920750188,154.048598446763,139.657943213766,122.299322734482,3.52984224662992,6.03699195171079
98.824082673609,119.624189168985,154.053464620325,139.663790293185,122.326689612707,3.52236419259963,6.01789987517576
98.8490796304701,119.610797120253,154.032138029523,139.642212508012,122.313973677092,3.51994449188821,6.01235202829231
98.9963404469869,119.518231430917,153.889383153523,139.498136801321,122.227201185841,3.50459430185652,5.97765578501765
99.0409570035297,119.089826298481,153.345843899299,138.962426632752,121.861811104752,3.46835187976133,5.91145942037112
99.0723795628855,118.567243353963,152.696584006743,138.350244526927,121.478156462604,3.42879205146284,5.85300484435828
99.0876598503867,118.315818281312,152.38820822035,138.06911136574,121.313871411629,3.41081148425979,5.82821055794888
99.1071020449558,118.282612635534,152.344447358504,138.033090608161,121.301557737388,3.40816447081158,5.82551354826534
99.1459606866442,118.216245318472,152.256983587662,137.961096795574,121.276946696001,3.40287394937569,5.82012310056919
99.4531355137764,118.004957298974,151.935485222445,137.724955995465,121.281112326531,3.38287123209151,5.80572083548965
99.5270070786749,117.986863727638,151.896792922022,137.702934781045,121.302863458997,3.38033908175291,5.80520279065352
99.5799303842709,117.993440758251,151.889736820703,137.704350852457,121.328358298436,3.37989755367871,5.80634621762284
99.5899297401428,117.995690210151,151.889468350282,137.705504255327,121.333686013926,3.37988485261606,5.80664029548342
100.017531208511,118.112096580917,151.891084923699,137.760268421784,121.563290088651,3.38084821983947,5.82055775425969
100.11295248799,118.153252038242,151.901280755233,137.776575367138,121.61586060272,3.38219448207654,5.82467113032467
100.372142517632,118.248277702526,151.867837165326,137.74692011401,121.717675023147,3.38617948710965,5.83265419492077
100.464782859797,118.250568917667,151.753390107893,137.61092920446,121.679436148861,3.3875072604252,5.83154287739525
100.475904673028,118.062285566578,151.264764148303,137.00636403412,121.278989692811,3.38121033570031,5.82617790238239
100.4744490629,118.029566832496,151.193155035232,136.917388647833,121.215052789526,3.37979773418431,5.82639852812394
100.50303917848,117.899656966152,150.930309701319,136.589915633449,120.972184683468,3.3727705123154,5.83598758699745
100.509305344517,117.871184300832,150.87270124221,136.51814256646,120.918954682584,3.37123033879335,5.83808924464451
100.513591635177,117.85170793862,150.833294913244,136.469047118806,120.882543381914,3.37017680281247,5.83952685665312
100.59545877217,117.761484002243,150.648532264589,136.238783425561,120.71584585411,3.36438915949115,5.85693915795371
100.684200056595,117.675446750409,150.471962233839,136.018717662256,120.557223948294,3.35871394626312,5.87539415878942
100.699330176311,117.660777660044,150.441857579382,135.981197117383,120.530179394677,3.35774633962868,5.87854068043181
100.793405774251,117.55054933598,150.259188366471,135.764424701595,120.370212965166,3.35199844848156,5.90009735828229
101.442327874834,117.022931730728,149.43231843046,134.820496277511,119.705683507169,3.33468543816305,6.04225506744656
101.523364676652,116.974649120672,149.358703636214,134.740081004572,119.653478838774,3.33454884261361,6.05976587524982
101.665360309355,116.893957461114,149.234584891885,134.605581018478,119.568269831379,3.335413816198,6.09100666204071
101.994523659748,116.730120624931,148.975782901402,134.331825156245,119.407941463935,3.34397456026881,6.16673742079037
102.110603938119,116.675036475736,148.881467253296,134.232776042284,119.354134279565,3.35072084877614,6.19700757047923
102.358195470409,116.438574922349,148.51560451494,133.847987393693,119.114932724086,3.37576578698502,6.28441220513562
102.3717158321,116.210814666201,148.197486017168,133.511157437416,118.874400218629,3.39558929829115,6.33041971838492
102.31727466784,115.922622504271,147.765968769712,133.042543725782,118.542538757476,3.43185389449409,6.39718751478322
102.312429159711,115.908242378749,147.742620325422,133.016538480885,118.524425890739,3.43415674401432,6.40135816427893
102.270845634983,115.784833999417,147.542246993123,132.793364829034,118.368983608568,3.45391950107099,6.43715013940727
102.208342085342,115.592569280226,147.199523557458,132.403297419057,118.105717832875,3.4903462565579,6.51429161589425
102.19217525602,115.395346117736,146.807774676398,131.950104286626,117.815988410726,3.53239767825812,6.63502895734304
102.05877914182,115.059791530865,146.315449008804,131.404461107595,117.418260127329,3.55919361330381,6.74816080292224
102.044939893367,114.9285104089,146.12231780541,131.192942299626,117.27202364757,3.57005789612872,6.80865721369479
102.036326159158,114.81809308713,145.959618953912,131.014947618217,117.149716974863,3.57933411011264,6.86092410799696
102.06649089716,114.742175028697,145.844642566335,130.89147620357,117.073843586018,3.58736406245069,6.91337519028901
102.106107436556,114.642468850159,145.693639544604,130.729316327946,116.97419607381,3.59791011536608,6.98226126408315
102.113468041711,114.623943814328,145.665583746767,130.699187628298,116.955681937965,3.59986953263586,6.99506003948492
102.15841851875,114.57973659994,145.593935438903,130.623554242345,116.916814684356,3.60669824812483,7.03958091113603
102.19957697691,114.545113859867,145.536799846474,130.563506617887,116.887529410586,3.61251447535623,7.07748823129795
102.540392871194,114.164431930466,144.940016184386,129.937202678842,116.568927148418,3.676670839365,7.45321339976269
102.541534085832,114.152541748721,144.923953815794,129.920274089403,116.558127142986,3.67795360403117,7.46012076769988
102.54368953305,114.130084396448,144.893616325792,129.888300541421,116.537728840272,3.6803764011431,7.47316692615009
102.551223164288,114.070843194144,144.809824877249,129.797682457299,116.480463163669,3.68784995889578,7.51033126619435
102.592111677687,113.81785029041,144.438310837547,129.388889796574,116.221552529662,3.72100138841847,7.67475149305339
102.612794208774,113.725241282978,144.293913670407,129.226035631276,116.117635603968,3.73340861474247,7.73767175106128
102.656135380274,113.592418460731,144.072131559264,128.97079545923,115.950557761208,3.7485211984047,7.82821875282159
102.67264345521,113.546407954447,143.993700771934,128.880011261998,115.890710363465,3.75346320043208,7.85961799540074
102.688394238151,113.502508135706,143.918867921229,128.79339170214,115.833608407296,3.7581784928891,7.88957682804988
102.718528229324,113.435091176118,143.799298180775,128.654296834651,115.738628971187,3.76277941109514,7.93307048922428
102.760615154527,113.345320034605,143.638547982351,128.467077563276,115.609752291987,3.7680350072145,7.99015655947572
102.786991293463,113.196028207343,143.394623874867,128.186850924759,115.405217043528,3.77254603597964,8.06104337219907
102.708840676311,112.717566989059,142.702965625457,127.409907766128,114.785294497735,3.76867854804232,8.19409296267944
102.68171081515,112.055276394,141.724312122442,126.321618935239,113.902884753857,3.75012570386027,8.38698254542853
102.689009543093,111.843957907733,141.406243198398,125.970917489753,113.617456113907,3.74266969446295,8.45226640166153
102.704959407421,111.718994987718,141.212434106179,125.760007797602,113.446110911064,3.73781512273701,8.49465960748592
102.718407471481,111.613633003503,141.049024748326,125.582180137586,113.301641891334,3.73372201008011,8.53040326874438
102.763609933866,111.331831278387,140.605742203472,125.102543751949,112.913470375024,3.72318265751684,8.62952745429652
102.728911961015,110.358632735374,139.146767484093,123.556327123898,111.63753812272,3.69716527923984,8.89828571999136
102.725947496531,110.327259693443,139.100258300659,123.507484399296,111.59728069917,3.69674629748275,8.9057204831141
102.714064058299,109.487115963007,137.81394969871,122.155693038852,110.502652213369,3.69036327789124,9.11413537796518
103.015791011916,108.815592647568,136.565914172012,120.829553509278,109.509812886721,3.69495680096712,9.3277038680898
103.09139673156,108.60401339992,136.15653109339,120.390469920452,109.176502670839,3.69394793523626,9.38230897100604
103.114475454468,108.479398479551,135.923225184333,120.13978878622,108.98184057902,3.69250942752912,9.40805767102034
103.124426194204,108.425668875676,135.822631820084,120.031703831372,108.89790907987,3.69188919321811,9.41915961168669
103.124561170817,108.424940061521,135.821267323374,120.030237715128,108.896770592701,3.69188078006199,9.41931020374249
103.359892862901,107.91152326828,134.594951307245,118.698869366559,107.869387621626,3.67861848503974,9.57125711785169
103.436223698048,107.839106068768,134.326012897561,118.404271461725,107.643490744293,3.67441542493885,9.61064531629025
103.504517637863,107.777790094721,134.088518503183,118.144057868411,107.44409689903,3.67065730189969,9.64590769848319
103.627110441022,107.759861921151,133.745087200657,117.766167766225,107.158215418972,3.663974680877,9.70977296315781
103.680538278115,107.752048546204,133.595414534636,117.601477423087,107.033623854453,3.6610622914206,9.73760643191767
103.768290526267,107.765110101481,133.360438675218,117.342944048027,106.840491116057,3.65630269292617,9.78606153043613
103.807378389532,107.78607702492,133.262121681946,117.234782038203,106.761192050915,3.65419655072339,9.80924815259599
103.961377729801,107.878902799462,132.770830133032,116.695781188584,106.361302751043,3.64345085732054,9.91925032002159
103.960347611226,107.921535263048,132.334209255336,116.221720071807,105.993797801637,3.63316258635469,9.99745134633924
103.989988634354,108.218261865693,131.350369388417,115.153236329187,105.234934188918,3.61042616610437,10.2080656537024
104.026643451088,108.386312943152,131.012596166039,114.786374609547,105.010023858265,3.60278476672954,10.2925219660505
104.431720852057,109.18531068358,129.737920536284,113.406061768819,104.43163809905,3.57186326693856,10.6522052731273
105.369996212781,109.953057440931,127.100958020911,110.619977086524,103.816821020983,3.47921400040979,11.2604266237954
105.551513583551,110.070721713467,126.836921056723,110.352993939684,103.849353166707,3.46730957240241,11.3443804687721
105.615317430529,110.115448212392,126.762988334373,110.281389391929,103.875447194328,3.46359281321306,11.3736022143248
105.772605896194,110.225707432228,126.580730288632,110.104870733819,103.939773873078,3.45443030377475,11.4456393051855
105.926521934093,110.334256392478,126.365800776651,109.898452102871,104.002774208048,3.44362266609825,11.5259422544469
106.082627143353,110.44973996929,125.91348817806,109.474068765022,104.069132496251,3.42077504318554,11.6711260281851
106.449992766094,110.846270784628,125.381238631699,109.052324583528,104.462496382727,3.38338031865745,11.9738949676779
106.544457094569,110.951167052974,125.321333165999,109.019952855029,104.57466704773,3.37689731448889,12.0379754444248
106.704669889729,111.126180843733,125.255318919149,108.998397260309,104.764421211581,3.36753241147749,12.1382814025125
107.267490152772,111.664831026763,125.022952611409,108.90919453721,105.38380005204,3.33308395035204,12.4959475279504
107.286867304316,111.681192884756,125.002947285621,108.895322057319,105.405251265251,3.33104571029795,12.51318924964
107.44862029831,111.799141755834,124.904294140477,108.829173224383,105.568816334066,3.31899549705929,12.6283794756217
107.725032557223,111.999617643085,124.804550341031,108.771754311661,105.858331950372,3.30399453077961,12.8061662787734
107.772565469371,112.034205376386,124.791590809435,108.76532466624,105.908986932822,3.30176141901922,12.8356786010542
107.940030603236,112.175635527738,124.780483219909,108.778845456215,106.122995513688,3.29724183495159,12.9425179558696
108.251006266478,112.554093038478,124.786463844037,108.877955704587,106.749088017563,3.29544287013413,13.2279482237183
108.24572514865,112.560736393014,124.778960808798,108.875988216843,106.769249343667,3.29556986375211,13.2390670108348
108.159926307303,112.660933522665,124.697614177282,108.880676932762,107.053374345683,3.29937755200293,13.3813977937191
108.093898428986,112.732191342259,124.665691040149,108.912015353411,107.239175605737,3.30362763435551,13.4619480170084
107.89462908907,113.029505648186,124.610833500261,109.138289212064,107.900170863264,3.32411396855203,13.6939796446137
107.856122195465,113.10384440963,124.599186405432,109.199328028675,108.055843246491,3.32922374006364,13.7445917024986
107.8558381651,113.104392739126,124.599100495396,109.199778256563,108.056991500211,3.32926143020512,13.7449650216613
107.630692703469,113.426994101729,124.394068101474,109.448279471142,108.809746854637,3.35475716140735,13.9984872045385
107.320392721965,113.61250249484,123.946538235719,109.571046968208,109.495131218464,3.38023477907011,14.2643399380657
107.319111101984,113.614589756109,123.943427100611,109.572743163135,109.501370960893,3.38047513203814,14.266642971899
107.295646671197,113.652804202138,123.886467147211,109.603797804169,109.615610756241,3.38487561397965,14.3088078716173
107.279715997985,113.703101681047,123.831480016332,109.647762586296,109.751925434128,3.39027943121341,14.3581801561342
107.276684430974,113.767287626349,123.784426324418,109.70744292003,109.90963071952,3.39672647491939,14.4141001785053
107.28430229389,113.925157697287,123.700251727394,109.859462691509,110.27624692164,3.41194647057521,14.5427422113852
107.293667861193,113.983655808309,123.682758324428,109.918063708853,110.402862364498,3.41730970198938,14.586548179212
107.262841820397,114.082450806251,123.609438709725,110.025508198314,110.66823119315,3.42918335762435,14.687611049489
107.249683898108,114.085929965411,123.595526489979,110.031485668954,110.69091445636,3.43033032644142,14.6981792309417
107.042299562695,114.164756196115,123.390968885588,110.159843793826,111.09127055669,3.44882795029518,14.8758269192204
106.972684032761,114.204973820352,123.328084865694,110.221336980922,111.25091112352,3.45521602724414,14.942244350623
106.938548373106,114.240796479215,123.294487819828,110.268816095429,111.36118611954,3.45833457613405,14.9842954648999
106.789156001315,114.506664675158,123.08005282895,110.575349915497,112.077131335963,3.47077374638622,15.2433436177471
106.784222055626,114.557295349865,123.042101163434,110.621862816567,112.192583262222,3.47058156444527,15.2820987833006
106.389321307427,114.852207513842,122.194640500661,110.881498328817,113.339164050811,3.43778137200284,15.7185988379675
106.354039035996,115.024878765856,122.088586712438,111.068979982327,113.755662508521,3.43140253973004,15.8554618076557
106.350845696778,115.150515580302,122.07782845338,111.207455305216,114.013752858214,3.43092475782994,15.9368482424997
106.352264740626,115.173947718876,122.083875553529,111.233170855839,114.056322330452,3.43143833706527,15.949921077353
105.950843966396,115.7719928245,122.202582680384,111.821252892684,115.274422489564,3.47825246504413,16.3885540321638
105.785337786583,116.129376961151,122.143728718778,111.833866478288,115.806213676034,3.52348770802028,16.6024201139695
105.731616537955,116.392927813306,121.922670572311,111.641063640689,116.122144228129,3.55433772094499,16.7471008973382
105.51149511144,116.625341567724,121.062303218475,110.811377983909,116.344855541775,3.59106975258822,16.9479832879742
105.333784768775,116.823756208627,119.581771256629,109.374551195268,116.375176291883,3.61149707833918,17.1531294155219
105.316331918507,117.191003751284,117.698788495235,107.566539643343,116.388026090996,3.62072690190222,17.4048123930772
105.31703783641,117.497412267829,116.493921492435,106.424239727431,116.378419301847,3.6215979224597,17.5772778003848
104.935776268185,118.16277596741,114.130637032913,104.266431157079,116.203619729215,3.62435136688022,17.9517491824101
104.880056470313,118.376043987203,113.83382124362,104.047927399733,116.2405277382,3.63110313274354,18.0364321358541
104.809612039336,118.764314426658,113.432607669544,103.809764767435,116.346812333261,3.64600084560593,18.1826895551309
104.770115680579,118.990683458799,113.243518904168,103.733681470237,116.421415283001,3.65600720183471,18.2677600565115
104.558120350073,119.209741644817,112.898771074969,103.623601712117,116.437346989962,3.66909186081736,18.3908860872088
104.540612925148,119.242641114861,112.867693954682,103.632621403085,116.449598367697,3.67104883923401,18.4095175947198
104.470740437363,119.74770566208,112.630731430793,104.007001494232,116.759985946668,3.69834772677992,18.6921986957695
104.504294840045,119.822436921044,112.648732568046,104.107964677627,116.833032337483,3.70163582966654,18.7325229523434
104.547383330909,119.918402186756,112.671848516359,104.237615360032,116.926833999613,3.70585820824785,18.7843048713207
104.944908654396,120.653244502917,113.109745487383,105.499359807486,117.873655811893,3.73138621457448,19.2369289339425
105.081001792262,121.033972622677,113.376686155973,106.077661285174,118.408151242452,3.74349547208217,19.4456677439433
105.228595740312,121.85749339616,113.797609183373,106.917819672306,119.411824588951,3.77718048534212,19.7560551886591
105.240426958078,122.018277776133,113.861902662542,107.049895109131,119.592766114482,3.78450397872671,19.8053107560774
105.248605324986,122.129420490141,113.906345734493,107.141192674884,119.717842519463,3.78956636682009,19.8393588237053
105.042880196186,122.510594584718,113.946923567377,107.405852777196,120.144586067432,3.80789529392743,19.9602085360954
104.94218027855,122.706934648276,113.97425005099,107.55019899898,120.351876857491,3.81651559246232,20.0132723144596
104.901358645244,122.78925048185,113.986715036643,107.611609235578,120.437702486222,3.82005431949181,20.0347033043956
104.893466771547,122.805164253769,113.989124839594,107.623481416861,120.454294791992,3.82073844662003,20.0388464670294
104.769527105752,124.569052300254,114.786698378639,109.488119532559,122.224599146695,3.87566637548459,20.4343823313588
104.787222254146,124.657772673426,114.841240350664,109.603650046512,122.314265928958,3.87737824761578,20.4547367404277
104.788099411563,124.663882796843,114.844811375139,109.612506171594,122.320610298732,3.87742502091206,20.4563125253574
104.791704265748,124.688993573451,114.859487215827,109.648902192324,122.346683757686,3.87761724514613,20.4627885293021
105.171384495941,125.705862825435,115.317854692137,110.902850866529,123.384599043327,3.88486128005039,20.7188896325431
106.272907785933,127.309032357338,114.840344189749,111.16642234259,124.819239447309,3.91492600987683,21.0332740953832
106.292584031845,127.353911785007,114.771216335417,111.111276602515,124.850874480296,3.91553439425696,21.0389630826215
106.341657870855,127.465844001051,114.598806963738,110.973739534584,124.929774313264,3.91705174453104,21.0531517873736
106.370069574717,127.530648080759,114.498989135953,110.894111314684,124.975454022336,3.9179302269875,21.0613664550198
106.644956747136,128.222156291625,113.441093925278,109.955135937613,125.418993894558,3.92252786081689,21.1220534589803
106.688625596229,128.341224010499,113.298053380788,109.80875822719,125.48453616075,3.92159440210549,21.126564128646
106.870995416563,128.833524316787,112.762209240698,109.24617898794,125.747766944934,3.91641029602546,21.1429671288806
107.270404920803,129.826294610735,112.418673603579,108.694434403698,126.166306588576,3.89014207271104,21.1531895355928
107.285680264493,129.86274548497,112.416694031378,108.682935708318,126.179863465104,3.88898511962111,21.153376406427
107.364360459139,130.19085383399,112.493301619466,108.607731796085,126.190934540296,3.8664002397955,21.1379648300337
107.366943693719,130.205423893898,112.498165419102,108.60483042753,126.189708249446,3.86520889898329,21.1370158094805
107.393204868251,130.353543189429,112.547610828399,108.575335101556,126.177241771074,3.85309772284871,21.1273680622045
107.435772210608,130.531344026603,112.677390512789,108.598893968542,126.137647278599,3.83914055048782,21.1168086448521
107.513195426279,130.823896241217,112.938011998522,108.677078161066,126.056032606878,3.81656391485204,21.1001172660274
107.651593799861,131.272487664585,113.412056418566,108.854912143606,125.869356227955,3.79048625558092,21.0786055357323
107.95972197192,132.249097111853,114.352243605033,109.135489942625,125.323353767472,3.77135287246398,21.0384306577824
107.975381223933,132.303770927702,114.390671421241,109.137367200094,125.288056598498,3.77241339613555,21.0361737759025
107.994102730119,134.461414207935,114.410977137562,107.520518371945,123.233366439155,3.94630551481307,20.7890046784363
108.131776387295,135.757956088848,114.046097479913,106.610236723396,123.05238926185,4.18544363922974,20.5752513873075
108.460667458671,136.467470113051,114.933287858661,107.527875433209,123.858261751099,4.51499464252696,20.3012928410547
108.570001631187,136.537646973362,115.248173493735,107.888912475852,124.033744655293,4.60338643124357,20.2583242732359
108.444447280313,136.349674066895,115.521988908343,108.203797458941,123.989139205261,4.78480224469167,20.1411762364876
108.291351931579,136.187835058054,115.588218019753,108.251287591896,123.864387353023,4.93189778125006,20.0583665441647
108.193792889296,136.104998378758,115.610319894468,108.244902972154,123.790530491695,5.02999564579133,20.0082538454179
108.174783606686,136.096290941549,115.620530291872,108.245039491759,123.785737309751,5.05331538728299,19.9974207223585
107.815617402247,136.040057735931,116.032583506209,108.446724954885,123.965154836675,5.47496834420519,19.7914234036603
107.371815935457,136.103545804343,117.289561428476,109.509091703787,124.797619226642,5.90595438179805,19.5299685041579
106.728848660495,136.717933631224,120.949731272511,112.91739925766,126.683629278926,6.71413544921366,19.0599417885346
106.491119823665,136.810310476056,121.615046334127,113.4982904288,126.831273391618,6.89324101232358,18.9515251456971
106.260661611743,136.921351529086,122.219053162068,113.997540119376,126.901250517865,7.0734187932789,18.8478231824386
106.142627074448,136.988194507327,122.514444539395,114.228269760504,126.909097564782,7.16919819644429,18.7947436463593
104.170249832522,137.599138054377,125.119767164146,115.250278269003,125.337892951238,8.46410085775997,18.0077581439113
103.581321939038,137.662077199103,125.455897263401,115.094745473511,124.606069553934,8.83630872556608,17.7951958521776
103.33597557074,137.770163401488,125.62779538379,115.006684396857,124.22521727319,9.0655967091852,17.6937337241063
102.49103899104,137.884706476898,125.855191041671,114.466658134268,122.973227294027,9.75777253481502,17.3898064818271
102.449659055533,137.889203791076,125.870798709136,114.438748619709,122.915923905217,9.7929035445666,17.3745559195559
101.843984196718,138.041322677254,126.305916826848,114.08014311515,122.101363838659,10.3503098053596,17.1233563292138
101.788985477714,138.028751385984,126.316418933225,114.042938044563,122.037030955344,10.3789306808704,17.1055513649967
101.331132479133,138.008383015612,126.459756483864,113.701698389005,121.420228813326,10.6792584322561,16.9287918809681
101.198995576712,138.055461069876,126.52891350147,113.584151445978,121.193396618301,10.8057387228316,16.860290934026
101.183386820694,138.062299607662,126.537729200842,113.569821704075,121.165452216172,10.8216363513444,16.8517804212673
100.682295786714,138.111088789938,126.589031607378,113.086071791903,120.348163795225,11.1912151635562,16.6216468155047
100.578045238115,138.09966349553,126.579895880485,112.989504472886,120.197414739041,11.2474130711912,16.5815216118503
100.406374985991,138.095571904343,126.585332852982,112.837654991867,119.950188308794,11.3456486217606,16.5138305443069
100.343906373004,138.104918512179,126.602384784424,112.787674944781,119.86097153825,11.3855859408079,16.4880088751911
100.077033437226,138.2069692911,126.779630463105,112.619337621032,119.495035587645,11.5778651529347,16.3728409011107
99.5143353492277,138.3223167914,127.226920074097,112.406399773101,118.907174622144,11.8738770679222,16.1837844825045
99.2043697422799,138.313987053069,127.398970739539,112.275470523827,118.612447365342,11.9953114598964,16.0964884654206
99.2037938029116,138.313971575789,127.399290422592,112.275227247452,118.611899739972,11.9955370941134,16.0963262628672
99.052362361276,138.328263758837,127.496356045648,112.208906245607,118.46447173262,12.0663584385833,16.050025928026
98.1235827142252,138.307848549233,127.670642322157,111.599813305863,117.429816857198,12.5398793821256,15.7284857043386
97.6882938546481,138.171627301163,127.570902658991,111.347714933585,116.900690897987,12.7368503639448,15.5716331872368
96.77510658592,138.142667837671,128.90458273584,112.342268971488,116.172885813389,13.2224032428559,15.239507147282
96.4205079800813,138.126074247958,129.816391430232,113.10105022568,116.057895532391,13.3744379958794,15.1405997754586
96.0668356207972,138.20258145877,131.227938191391,114.301388188798,116.090434891674,13.5687193282505,15.0405057922219
95.0144679167968,138.260565514366,135.168380659566,117.524451713633,116.282866354961,14.1190242207614,14.7613408459831
94.9912349535472,138.261988756626,135.246435924855,117.580778131693,116.284491929833,14.1320876335114,14.7543878865221
94.9191730402461,138.266403241309,135.488540717927,117.755486343089,116.289533991591,14.1726065508313,14.7328218229735
94.8646007960097,138.269746315691,135.671885862305,117.887792283158,116.293352327978,14.2032913904489,14.7164899156832
94.7215418887488,138.312212854329,136.189059677373,118.227747316397,116.303246419976,14.2975545645337,14.6671026486215
94.6727390770338,138.331977042313,136.371209065368,118.342641637838,116.306603581065,14.331875908171,14.6492254381317
94.3338296717271,138.509039193226,137.434650680724,118.867166999287,116.251125007904,14.5628503766933,14.5168419787536
94.2363984841662,138.504854766148,137.549779348523,118.876789626017,116.190688308343,14.5980402075519,14.4872107204162
92.1889206683564,139.087101838166,139.175671862168,117.697540297544,114.590006684447,15.5432534915279,13.7039589472637
91.4065003145772,139.352167026067,140.370951173638,117.759037693906,113.883688445971,16.1014953845734,13.2174431543234
90.4266107711766,139.541060407703,141.569331664098,117.40614808688,112.977880880542,16.5946099762053,12.6553266874679
90.3274843045664,139.600961998083,141.681925714356,117.310021216292,112.893199473243,16.6496358491801,12.5934749644257
89.725653410271,139.574516996541,141.894159291339,116.74939871165,112.375305675994,16.8298216499082,12.3355222024458
89.5624862951014,139.563344637323,141.974077115702,116.630218384923,112.243448344178,16.8770766270831,12.2679554333202
88.5338469073344,139.78197263979,144.332108487246,117.619947497295,111.677749742649,17.3333956072321,11.7768645876197
88.2519109239852,139.735511012295,145.088147762085,118.186040107564,111.535560654672,17.4323519080112,11.6734519774893
87.3739578627832,139.737439327732,147.954309199226,120.61804899959,111.233794871072,17.8381412473491,11.3518010848484
86.6706983864711,139.807973635221,149.259106501099,121.895736060544,111.252076871282,18.2045692678554,11.1418681997037
85.5755721281038,139.715668948169,149.112641565098,122.417716962823,112.512090298119,18.7288269806148,10.8944549475835
85.3197898054215,139.869492958661,149.860384143834,123.769703212462,114.304714699376,18.9939605060439,10.8285553383365
85.2132273227526,139.935627622014,150.539739441114,124.719325399861,115.20428898885,19.1037557867352,10.8040114886662
85.1774494645089,139.989397209261,150.93030386904,125.231847200008,115.649679841062,19.1561057219401,10.7958334137291
85.1508599751254,140.138804196199,151.736624999691,126.218986492225,116.420767353872,19.243806519823,10.7910537472525
85.1443739613777,140.396357884158,152.759259717548,127.391953887582,117.259235841374,19.34007084208,10.7975036269911
85.1421277630887,140.673908809615,153.610367124414,128.315972331911,117.884706791408,19.4136039356143,10.8107403423313
84.8018726657336,141.463225046759,155.439652812558,130.100810274758,118.977523817442,19.548958071288,10.8354399445193
84.7601979675635,141.544196904406,155.556170162281,130.198091820181,119.038838987809,19.5558206211931,10.8378985932573
84.4248672824469,142.422965048626,156.434224013739,130.850430376246,119.559904568029,19.5880926638056,10.8704913139322
84.4206393256946,142.440429069164,156.446884463617,130.858848219407,119.569545483774,19.5879855546899,10.8712275416018
84.2263275970477,143.310147284296,157.078879424428,131.286396859922,120.066144245076,19.5782766475369,10.9083142479323
84.2145377413585,143.387596323518,157.135667305356,131.327299813649,120.115959463325,19.5759270108174,10.9117601460164
83.5742157828482,146.227702071503,159.835915599834,133.575881558193,122.52998952097,19.2963588487295,11.0148284172075
83.3812795254507,147.35193478309,161.965241702471,135.590552019743,124.120743457934,18.5974372779626,11.2866771150701
83.2185946401486,146.996183343705,161.534980216527,135.007814586265,123.551431619687,18.0638292763077,11.5615506308888
83.0078872302858,146.804587740431,161.433084653193,134.825946537049,123.320079148132,17.6886699429272,11.771399905342
82.9341682987772,146.939554153569,162.212092129246,135.493682173115,123.713344804976,16.735388071667,12.6502322678562
82.9257652396444,146.924178226054,162.217284425448,135.489278990732,123.707080704084,16.6703319869058,12.713982068066
82.7420796973849,146.718964385194,162.140409007961,135.38586070166,123.586905695462,16.3924355402125,12.936555003607
82.7253084188532,146.715010632001,162.173771715485,135.413456440434,123.604963924118,16.3306395912498,12.9896431395446
82.5926914636879,146.808028823389,162.627980427994,135.806154580487,123.863435112168,15.7938074839496,13.4754495329678
82.0867067403092,146.894133426015,163.138378599946,135.970125327959,123.664482131744,14.6928374319392,14.8283367788224
81.8883660017834,146.808784703105,163.168277243232,135.936570344844,123.584982890199,14.4218486396361,15.1153287330421
81.7917858034376,146.765444052618,163.198174385515,135.924171625546,123.548710633851,14.2469365371059,15.2926602474964
81.7883352157222,146.774144101813,163.221855875481,135.937027768867,123.555938461634,14.2105350283013,15.3328137778412
81.7881797022378,146.816716613174,163.31466552221,135.992032519066,123.591239813342,14.0885889349182,15.4703413063211
81.5272925450319,146.663858272661,163.378476436049,135.917395317091,123.442264147221,13.5765333738768,15.986081889664
81.5426181482877,146.722874519478,163.46336968864,135.970402704705,123.482161161727,13.4594791784165,16.1306798487117
81.5645054618979,146.768777145503,163.516100961421,136.009217359298,123.516228615089,13.4051286991384,16.2021994169781
81.4423385803299,146.675924674555,163.447091895361,135.919032990943,123.424860928577,13.2194207444781,16.38453313553
81.4421336651072,146.675770224235,163.446960960336,135.918878078715,123.424716657464,13.2190773255178,16.3848642182367
81.385526692369,146.635646814713,163.413434528682,135.878111666308,123.387289277283,13.1150805230758,16.4860001403321
81.3948428629061,146.712740837138,163.49868389502,135.945045269031,123.46091339551,12.889845530424,16.7264105580911
81.3540721247284,146.74675865715,163.586136396744,136.006591967746,123.517893776498,12.6224259936544,16.9828461436801
81.2966670245461,146.742652867865,163.67249539876,136.059353907443,123.546284573621,12.3762226809806,17.2251807682135
81.3084845588023,146.775395499365,163.866181483249,136.200995584629,123.606765888555,11.9313306167623,17.8410933590096
81.2981222120079,146.75922613921,163.858900210762,136.19212239275,123.591162254751,11.8829508972572,17.9202905165918
81.2970925214656,146.756059895451,163.858795720648,136.191206226946,123.586616278922,11.8548411311252,17.9700153504716
81.1830432026763,146.713690141812,163.821449710798,136.146207853605,123.512478745168,11.2444431460821,18.9913741338791
81.2395116776142,146.943247019022,164.086269304908,136.388980404232,123.704504041631,10.3260244764866,20.1868111696375
81.2082472630905,146.933096762535,164.032662382596,136.334717812843,123.660362986148,10.2355148570705,20.3158290216792
81.142082696125,147.023470639966,163.79232541634,136.159666109006,123.579348533219,9.70889591305675,21.234633768608
81.1104173366628,147.01585738171,163.69317943892,136.131763962922,123.59007480108,9.50766763045481,21.5930477528603
81.0475893209446,146.965403942928,163.580671266731,136.078415961641,123.572509726719,9.3444949786554,21.8468617151654
81.0438960832833,147.023775989303,163.538156999647,136.090203253777,123.63761791337,9.1326260119291,22.1556492034513
81.0441867631761,147.024961955764,163.538151165521,136.090624041675,123.638632022553,9.13041336546388,22.1587577258428
81.0265617831997,147.152648803104,163.476315654726,136.063709629113,123.70565217049,8.81611067254775,22.5428091172099
80.936520816869,147.117608966614,163.353783174755,135.950483621792,123.640110741853,8.67404224258425,22.6774290088905
80.9263493930812,147.115734960156,163.339187458493,135.936959461471,123.633287378074,8.65424471618135,22.6963676673722
80.9051779192125,147.313915764786,163.068314335799,135.890638063625,123.832236513932,7.75636917589724,23.7744087854796
80.9183782574954,147.395896965746,163.053414011727,135.906030351581,123.887949267978,7.62660540173275,23.9679379803784
80.9409436784504,147.53258420979,163.061743403392,135.92059543401,123.947288469611,7.50236720894744,24.1588113294899
80.5013740815734,147.644945167963,162.441356862916,135.236976252497,123.442478876316,6.88729932050969,24.8493308694239
80.5350680014474,147.617911677892,162.346260794992,135.23126338225,123.388337446004,6.72093582913969,25.0386686919932
80.5068436264857,147.429569358549,162.20569212781,135.196973616108,123.294931130876,6.63603145519472,25.1166997266946
81.6268248051074,144.288987284642,161.310079253717,136.963896657167,123.412757271028,6.40768403355371,26.2597108604291
82.1438241962663,142.846875371171,160.986056266423,138.001895978009,123.657925842126,6.54614295045923,26.537260209245
82.6102701209265,142.002039920871,160.81028798917,138.66954129802,123.815610946917,6.56179407908974,26.6915713747146
82.6116219327468,141.988654095626,160.803516211276,138.671323300804,123.812271515782,6.56158777394882,26.6923343478736
82.7838398257177,141.131363744867,160.431079832313,138.921522080508,123.691329541645,6.56144227167153,26.7361255368194
82.9787593362887,140.411129887815,160.803365978212,140.355607686237,124.796539502391,6.63909309401311,26.1799286688936
83.0808685513837,140.412326244626,161.069118928094,140.744403932312,125.219892613956,6.63420331185646,25.9437133779696
83.0625719936218,140.31188101151,161.0865508679,140.816103968268,125.305673235749,6.625149569362,25.8351684637646
83.0868387034749,140.147825052339,161.140026580622,140.975163176653,125.476558088297,6.60957623319415,25.663179064985
83.2728576867608,139.914874015434,161.342882739483,141.423227537623,125.914397153055,6.59032109212379,25.3877251641412
83.4467335368366,139.452693895768,161.654326455188,142.26352764978,126.733149104081,6.58813285692372,24.9011750801439
83.5242552426475,139.392023991695,161.846342029618,142.630907942522,127.111813774434,6.59938916049362,24.7182881436489
83.5916282810716,139.400072765076,161.964236909757,142.822164342447,127.309947282781,6.6051534539649,24.6395892856428
83.7071159144109,139.436083532063,162.121331506638,143.057364080173,127.553283554995,6.61032307712045,24.5577949324232
83.8186874087894,139.374768925374,162.254208698295,143.314311202933,127.82876915158,6.60900588861644,24.4139799618048
84.0834844258445,139.170736737256,162.43166589883,143.754872915818,128.306635910964,6.5874063555475,24.1709725695148
84.4263808394773,139.141450361888,162.687014178275,144.246884169958,128.815752091279,6.57121289466523,24.0634297574315
84.4289586847922,139.141618142567,162.689127133292,144.250743725821,128.819691072137,6.57112269012208,24.0628857370049
85.6975850485731,138.64106919105,163.631938539971,146.120361687984,130.675705105974,6.51847281286526,23.51458340838
86.0393613763987,138.572159822705,163.786615735833,146.396545947132,130.978335655104,6.51217261245062,23.4489125573614
86.4521475018653,138.528456261009,163.99033662319,146.782793274668,131.421216463956,6.50712338819784,23.4006259621403
87.5121375522933,137.726964952829,164.246087140365,147.832044827823,132.843123132861,6.41130922361134,23.0681975184154
87.7445342983151,137.376007280625,164.165030728495,147.741891207602,132.774213386186,6.34009279021177,22.8558178585162
87.8782214288775,137.249253294484,164.141786054931,147.687255043494,132.713172812895,6.30634504068565,22.757329177291
88.2008204444996,137.090908170083,164.140129285612,147.622473800586,132.620208791324,6.24633817509711,22.5842395270783
NaN,NaN,NaN,NaN,NaN,NaN,NaN
NaN,NaN,NaN,NaN,NaN,NaN,NaN
NaN,NaN,NaN,NaN,NaN,NaN,NaN
NaN,NaN,NaN,NaN,NaN,NaN,NaN
NaN,NaN,NaN,NaN,NaN,NaN,NaN
NaN,NaN,NaN,NaN,NaN,NaN,NaN
NaN,NaN,NaN,NaN,NaN,NaN,NaN
NaN,NaN,NaN,NaN,NaN,NaN,NaN
NaN,NaN,NaN,NaN,NaN,NaN,NaN
NaN,NaN,NaN,NaN,NaN,NaN,NaN
NaN,NaN,NaN,NaN,NaN,NaN,NaN
NaN,NaN,NaN,NaN,NaN,NaN,NaN
NaN,NaN,NaN,NaN,NaN,NaN,NaN
NaN,NaN,NaN,NaN,NaN,NaN,NaN
NaN,NaN,NaN,NaN,NaN,NaN,NaN
NaN,NaN,NaN,NaN,NaN,NaN,NaN
NaN,NaN,NaN,NaN,NaN,NaN,NaN
NaN,NaN,NaN,NaN,NaN,NaN,NaN
NaN,NaN,NaN,NaN,NaN,NaN,NaN
NaN,NaN,NaN,NaN,NaN,NaN,NaN
NaN,NaN,NaN,NaN,NaN,NaN,NaN
NaN,NaN,NaN,NaN,NaN,NaN,NaN
NaN,NaN,NaN,NaN,NaN,NaN,NaN
NaN,NaN,NaN,NaN,NaN,NaN,NaN
NaN,NaN,NaN,NaN,NaN,NaN,NaN
NaN,NaN,NaN,NaN,NaN,NaN,NaN
NaN,NaN,NaN,NaN,NaN,NaN,NaN
NaN,NaN,NaN,NaN,NaN,NaN,NaN
NaN,NaN,NaN,NaN,NaN,NaN,NaN
NaN,NaN,NaN,NaN,NaN,NaN,NaN
NaN,NaN,NaN,NaN,NaN,NaN,NaN
NaN,NaN,NaN,NaN,NaN,NaN,NaN
NaN,NaN,NaN,NaN,NaN,NaN,NaN
NaN,NaN,NaN,NaN,NaN,NaN,NaN
NaN,NaN,NaN,NaN,NaN,NaN,NaN
NaN,NaN,NaN,NaN,NaN,NaN,NaN
NaN,NaN,NaN,NaN,NaN,NaN,NaN
NaN,NaN,NaN,NaN,NaN,NaN,NaN
NaN,NaN,NaN,NaN,NaN,NaN,NaN
NaN,NaN,NaN,NaN,NaN,NaN,NaN
NaN,NaN,NaN,NaN,NaN,NaN,NaN
NaN,NaN,NaN,NaN,NaN,NaN,NaN
NaN,NaN,NaN,NaN,NaN,NaN,NaN
NaN,NaN,NaN,NaN,NaN,NaN,NaN
NaN,NaN,NaN,NaN,NaN,NaN,NaN
NaN,NaN,NaN,NaN,NaN,NaN,NaN
NaN,NaN,NaN,NaN,NaN,NaN,NaN
NaN,NaN,NaN,NaN,NaN,NaN,NaN
NaN,NaN,NaN,NaN,NaN,NaN,NaN
NaN,NaN,NaN,NaN,NaN,NaN,NaN
NaN,NaN,NaN,NaN,NaN,NaN,NaN
NaN,NaN,NaN,NaN,NaN,NaN,NaN
NaN,NaN,NaN,NaN,NaN,NaN,NaN
NaN,NaN,NaN,NaN,NaN,NaN,NaN
NaN,NaN,NaN,NaN,NaN,NaN,NaN
NaN,NaN,NaN,NaN,NaN,NaN,NaN
NaN,NaN,NaN,NaN,NaN,NaN,NaN
NaN,NaN,NaN,NaN,NaN,NaN,NaN
NaN,NaN,NaN,NaN,NaN,NaN,NaN
NaN,NaN,NaN,NaN,NaN,NaN,NaN
NaN,NaN,NaN,NaN,NaN,NaN,NaN
NaN,NaN,NaN,NaN,NaN,NaN,NaN
NaN,NaN,NaN,NaN,NaN,NaN,NaN
NaN,NaN,NaN,NaN,NaN,NaN,NaN
NaN,NaN,NaN,NaN,NaN,NaN,NaN
NaN,NaN,NaN,NaN,NaN,NaN,NaN
NaN,NaN,NaN,NaN,NaN,NaN,NaN
NaN,NaN,NaN,NaN,NaN,NaN,NaN
NaN,NaN,NaN,NaN,NaN,NaN,NaN
NaN,NaN,NaN,NaN,NaN,NaN,NaN
NaN,NaN,NaN,NaN,NaN,NaN,NaN
NaN,NaN,NaN,NaN,NaN,NaN,NaN
NaN,NaN,NaN,NaN,NaN,NaN,NaN
NaN,NaN,NaN,NaN,NaN,NaN,NaN
NaN,NaN,NaN,NaN,NaN,NaN,NaN
NaN,NaN,NaN,NaN,NaN,NaN,NaN
NaN,NaN,NaN,NaN,NaN,NaN,NaN
NaN,NaN,NaN,NaN,NaN,NaN,NaN
NaN,NaN,NaN,NaN,NaN,NaN,NaN
NaN,NaN,NaN,NaN,NaN,NaN,NaN
NaN,NaN,NaN,NaN,NaN,NaN,NaN
NaN,NaN,NaN,NaN,NaN,NaN,NaN
NaN,NaN,NaN,NaN,NaN,NaN,NaN
NaN,NaN,NaN,NaN,NaN,NaN,NaN
NaN,NaN,NaN,NaN,NaN,NaN,NaN
NaN,NaN,NaN,NaN,NaN,NaN,NaN
NaN,NaN,NaN,NaN,NaN,NaN,NaN
NaN,NaN,NaN,NaN,NaN,NaN,NaN
NaN,NaN,NaN,NaN,NaN,NaN,NaN
NaN,NaN,NaN,NaN,NaN,NaN,NaN
NaN,NaN,NaN,NaN,NaN,NaN,NaN
NaN,NaN,NaN,NaN,NaN,NaN,NaN
NaN,NaN,NaN,NaN,NaN,NaN,NaN
