NaN,NaN,NaN,NaN,NaN,NaN,NaN
84.3845053239454,153.663931448659,190.851683691272,173.065592596243,163.270026078002,6.24358576190597,13.0748127914796
86.8520900916352,156.610821559301,193.980965096745,176.339453003183,166.468507168675,6.35479788115787,13.4040543602913
100.19534190098,172.530111535162,210.86521893579,193.976589443755,183.713553456993,6.95406226007925,15.1834860327683
103.047756954483,175.906931414775,214.413894579775,197.638722345854,187.317417223824,7.07876904074959,15.5624927193498
102.140360320578,174.795533771104,213.204334139752,196.329333155231,186.061174272862,7.03482195248391,15.4406224884955
100.877683634019,173.248981974763,211.521185104884,194.507268643579,184.313064760921,6.97366791937233,15.2710354594772
98.8408320679902,170.777152524267,208.861128206683,191.665843343539,181.567706358613,6.87822085497599,14.9988586877422
91.4260935616446,161.796034487717,199.227595829256,181.409359111969,171.640044198364,6.53411344865972,14.009956854211
87.8391920375858,157.447677874694,194.571505265275,176.453091842003,166.841301741061,6.36855210707044,13.532625337216
84.2868750973693,153.13595693673,189.955682258474,171.534690900092,162.080793861971,6.20462257170354,13.0603001101246
80.6026809755293,148.644286843313,185.151118222574,166.396418572708,157.113366828517,6.03474057902698,12.5719577771164
84.6687506436789,152.938133816634,189.694909597576,170.523631207098,161.244103371234,6.22061123554295,13.1266449510917
91.3984508948476,160.789484710223,198.048705006299,179.026808021919,169.430015808281,6.52930061953122,14.0163906104057
92.202572692858,161.621546619488,198.924130456526,179.775383305752,170.056148447187,6.56524275713134,14.1218924559915
92.0269312771794,161.380255330108,198.664788287219,179.465338721677,169.729653050327,6.5568332361962,14.0990397600213
91.2424771183243,160.39411126779,197.612346907415,178.311691734003,168.574216877517,6.52000388567051,13.9977069498848
85.2443461483226,152.816309702324,189.544717030042,169.562558386697,159.91297421424,6.23066572115985,13.2492291798959
84.7292381868417,152.091113445598,188.774361340629,168.713857461634,159.085165777156,6.20066454513864,13.1976011995966
84.5316090805192,151.812880727716,188.47880251057,168.388240274758,158.767564315208,6.18915413169318,13.1777933294592
84.6263704284388,151.783994617021,188.444818746974,168.314433767831,158.707932588252,6.18421136675323,13.210755715531
84.787438329321,151.911452106083,188.578194834365,168.439122972606,158.837113603757,6.1871911504381,13.2412562412563
85.9781075074161,153.136113456816,189.862510720196,169.754790270871,160.153684491663,6.22755623089815,13.4232313068764
91.448157270714,158.68812968912,195.389320894185,175.553232760904,166.000341413161,6.4258604861654,14.2185438049688
91.0613540945703,158.148352035708,194.766662824526,174.901592068678,165.372081096713,6.41163770012438,14.1767071505875
89.7988383771234,156.492634891476,192.935168400386,172.965503908487,163.487469382922,6.37791588225653,14.0523007554788
89.4357042280841,156.023223287364,192.425964547889,172.424355915935,162.958769214025,6.37078702208953,14.0214050418736
89.2221633165476,155.744647851404,192.125857719846,172.103770443824,162.645469327376,6.36811226931028,14.005974524202
89.0025395103449,155.384806069041,191.782339017541,171.696755241104,162.248142798553,6.40230960628794,14.0557912030301
89.4738654210939,155.894251333239,192.375047371752,172.281123869857,162.824515770426,6.45255531625552,14.1653269476735
89.5533096729886,155.982825346983,192.476175517838,172.382409817525,162.924419342151,6.45963123552204,14.1812380949732
90.0504936051647,156.541837638059,193.109158019014,173.019071270983,163.553771433231,6.50062270645757,14.2725558987145
90.7024973294264,157.28008542142,193.939605789992,173.857081723554,164.38393445801,6.5508559904289,14.3829397616501
91.4279826065299,158.096019494726,194.870225818336,174.782764144817,165.312441320794,6.61391082594336,14.497336349085
91.65727711739,158.338674708874,195.15834892975,175.048689795183,165.592556117106,6.64552101384084,14.5267908825304
91.652208036635,158.327241316346,195.149388819012,175.031732206022,165.580376132497,6.64981923999999,14.5239551057362
91.6509865213455,158.32448616912,195.14722966772,175.027645872535,165.577441076193,6.65085499958345,14.523271758029
91.537493574995,158.165262448598,194.986795157401,174.820626291126,165.396748137703,6.6697998906014,14.49483307604
91.442164834282,158.043875913299,194.857167096603,174.668782239443,165.256721560831,6.67584489806693,14.4754211762631
91.3309863894792,157.904989628034,194.706243954506,174.492434938492,165.092878757171,6.6832643209105,14.4535811399148
91.2688014531333,157.828674081134,194.621959955999,174.394178016915,165.00096469364,6.68760243199554,14.4417728421913
91.1617412252008,157.697285993823,194.476853043917,174.225014726926,164.842721537497,6.69507110831578,14.4214431752325
91.1332467702672,157.662316593841,194.438232330635,174.179991324341,164.800604566813,6.69705892269774,14.4160323631115
91.0876393154719,157.608530648094,194.378616096867,174.110684922882,164.735214777548,6.70042129335921,14.4083335342268
90.9985731494241,157.50808892217,194.266817730294,173.981136020444,164.611767884517,6.70736775653049,14.3953211207078
90.8913245226999,157.387142465741,194.132196225665,173.825140287197,164.463119858692,6.71573230918576,14.3796522809879
90.7268513631095,157.221523909822,193.939613230645,173.585081562557,164.234529837107,6.74521526225088,14.3625634031945
90.7350333409255,157.2846739203,193.985809027688,173.589164023906,164.240908913031,6.79220388589358,14.3818858137342
90.8415604684466,157.451279664753,194.148435073197,173.733130367367,164.381965641097,6.82598300823492,14.4121715040495
90.9196881711843,157.565861704483,194.262358280185,173.839410981643,164.485912920334,6.84404959782436,14.4316997124966
90.9731806989054,157.644313812018,194.340359297676,173.91217926365,164.557083612946,6.85641944245786,14.4450702993064
90.9991981969746,157.682471058333,194.378297144483,173.947572031897,164.591699351565,6.86243584180521,14.4515734359374
91.0377966784759,157.737482486337,194.432908925932,173.999802265922,164.643098260839,6.86966867060753,14.4603201790673
91.0573004068711,157.765156233211,194.460375002302,174.026172684366,164.669073450919,6.87319259536156,14.4646702652179
91.3901322698928,158.257387746449,194.942564062212,174.485635944334,165.123252161956,6.93974058703342,14.5433888563919
91.5193373784865,158.509472736341,195.167553700493,174.687621263057,165.330428957761,6.98616611216829,14.5851096872966
91.553640313042,158.626439135352,195.253076739839,174.752351122926,165.406993058986,7.01719814700718,14.6012360884071
91.5338519538135,158.695172145234,195.265823052594,174.731841666554,165.416256518783,7.054495147345,14.5982755721172
91.5187844588027,158.726249971207,195.255658262793,174.697582448315,165.408812918382,7.07911986347627,14.5861558154246
91.5538112167312,158.813547269008,195.279613022157,174.683829439478,165.444167819675,7.12115446459857,14.5604973273666
91.5570733614714,158.825170889886,195.268221128864,174.658898352,165.438451545266,7.13637334649108,14.5466268350497
91.5554911123487,158.826037728184,195.255567083381,174.638345197922,165.429407708094,7.14522604377308,14.5374088450163
91.5553536088736,158.826113059734,195.254467398632,174.636559050551,165.428621764199,7.14599537688444,14.5366077665735
91.5834071038944,158.845942733464,195.21460738374,174.562928015702,165.407329851656,7.18912878560937,14.4938007868712
91.8046132347881,158.966536366442,195.251092013379,174.561829554432,165.478542764596,7.26510388027525,14.4331176373788
91.8781845794315,159.006846575303,195.276926296375,174.584102737124,165.511276107916,7.27985103187441,14.4243649767094
91.9637344759364,159.053719909112,195.306966799879,174.610002338162,165.549338945382,7.2969992476528,14.4141872476214
92.078002365358,159.117386401147,195.352558519546,174.654151704552,165.603856993837,7.31497731643567,14.4056193274592
92.2224397670129,159.198199606332,195.411929370613,174.713002024478,165.67394096222,7.33613241135484,14.3963906738608
93.075032815821,159.447053953772,195.406368400151,174.723856843981,165.788867591819,7.47232449986333,14.2709901193812
93.374436107186,159.675553163646,195.565568184437,174.867023260206,165.995399694465,7.51601273824496,14.2463733646001
93.4171907053332,159.701560333017,195.569998307138,174.859869943386,166.012856794917,7.52798736473375,14.2343736325589
93.554834679174,159.766246784612,195.509907574134,174.690473365402,166.023954560406,7.60175971371224,14.1531277181399
93.5831250683187,159.787499986201,195.519592168387,174.682607583228,166.039958726515,7.61133489187739,14.1461563145937
94.0435357740076,160.112008353446,195.720114542551,174.660529537086,166.297387902377,7.72475366747542,14.0802793799392
94.3524776419165,160.27952020275,195.828455575551,174.646823009201,166.417813141144,7.77819904497065,14.0534769365245
94.4311875264577,160.282197003455,195.805612389269,174.576698834301,166.395518477988,7.79441997680073,14.0377817758154
94.6651274478741,160.308409857932,195.768388113338,174.426147781288,166.356874755985,7.83295148976476,14.0009951377861
94.7003126568595,160.314554880073,195.766489517927,174.410486064983,166.354394745886,7.83757892752081,13.9966521134868
95.0550176991887,160.394834085127,195.774416376494,174.301114396776,166.355526627981,7.87728147168046,13.9592983528319
95.1193729430761,160.412698990849,195.780726689389,174.290003708975,166.360436040034,7.88323433428262,13.9536783211775
95.5479434822191,160.547262162419,195.843934681964,174.252077671408,166.41453172165,7.91841491991116,13.9195821771073
96.2665484066223,160.817857419077,196.009855745389,174.288451250348,166.566429882252,7.96553637202855,13.8697668566132
96.7488590579932,160.951055135824,196.060239907454,174.24876728359,166.604851225156,7.99376505647021,13.8188989622189
97.7453669645113,161.14438475392,196.066030735186,174.056723374799,166.579455844613,8.04500677833401,13.6759990668004
97.9691615580971,161.208476774921,196.095160975562,174.045985276839,166.602052783894,8.05561295094293,13.6481952578773
98.8139241322994,161.513222128516,196.293511566638,174.103410484537,166.776703003859,8.09423274069233,13.5643313997657
98.9438489214536,161.565538131697,196.33185586943,174.120877809713,166.811500071267,8.1000832043427,13.553723237509
100.775626919967,161.97657148123,196.468090612947,173.883144243176,166.882158230679,8.18475658401892,13.3261936476059
100.903200107179,162.022911460031,196.495630840251,173.890891464743,166.906915980842,8.19120036463475,13.3133205793826
101.210453151276,162.134518764523,196.561959971467,173.90955022417,166.966543668046,8.20671985782112,13.2823164986278
102.601539770896,162.58668596367,196.743506386741,173.867575662611,167.111924565062,8.27998708786938,13.0753553914784
102.962334438875,162.688059898182,196.759884664961,173.820373839302,167.113436560988,8.29820015532059,13.0027570108769
103.322582086733,162.812087646744,196.807626944975,173.807302776247,167.143136883754,8.31448222192216,12.9360206387195
103.474594004126,162.866805481029,196.831051377193,173.805345047325,167.158614156996,8.32115385834209,12.9084610659584
103.869492154224,163.01924285018,196.908840770126,173.817632406327,167.213294492646,8.3369531866652,12.8415829997748
103.952719127636,163.053368202962,196.928524277895,173.823595664585,167.227629193955,8.33998542754694,12.8284039520937
104.057662233225,163.096397768419,196.953343736652,173.831114895615,167.245704200306,8.34380886076787,12.8117861401555
104.175507375231,163.14471752438,196.981214577956,173.839558564625,167.266001404952,8.34810235892906,12.7931252820008
104.217557299281,163.16195915211,196.991159550995,173.842571464729,167.273243925935,8.34963438026241,12.7864666480109
104.677452315939,163.35753156197,197.115792979896,173.890713658116,167.365250755255,8.36420884247006,12.7202024334072
105.016104121926,163.504200687041,197.213586641957,173.931925272708,167.437854814622,8.37411379291592,12.6738957899961
105.40997299834,163.608764902125,197.249857106627,173.881823734279,167.434214864055,8.38167237495647,12.6007561391202
105.595391436295,163.642414682306,197.24865574468,173.835110269391,167.411721260398,8.38429611330739,12.5617756612735
105.66875722885,163.655729122982,197.24818039351,173.816626830461,167.402821061055,8.38533426596198,12.5463519866758
105.978184047454,163.722295061763,197.266014954746,173.76194298902,167.387213163907,8.38832421310883,12.4906509864194
106.174948503808,163.765976184606,197.27993204663,173.730191321183,167.380135596552,8.39004521945167,12.4564447708402
106.97722723539,163.984863208151,197.398162390596,173.681537388566,167.430942531701,8.39612135927692,12.3414244946512
107.361832716767,164.116231400158,197.489891105017,173.707938331551,167.506136815759,8.39953479893709,12.2978895180461
108.103894815715,164.403906831379,197.704207603817,173.819983445459,167.718431066702,8.40820195707157,12.2205072379393
108.477067508485,164.431399802349,197.658677848291,173.719662822637,167.71471855888,8.40804956311662,12.1313619899749
108.511965413659,164.436565534573,197.65641143145,173.71465718857,167.719972187835,8.40821676328267,12.1221804492443
108.908233588508,164.51425757586,197.650107152313,173.686346129582,167.809389603439,8.41102817331299,12.0179134047601
108.910684766797,164.515013190803,197.650361152406,173.686571409947,167.810340726415,8.41105702167513,12.0172813362909
109.032010148949,164.552413681889,197.662933333925,173.697722058007,167.857418231614,8.41248492211699,11.985995995305
109.561419430579,164.753418806097,197.763478005143,173.797682845581,168.106575465452,8.41952506567228,11.8569617263377
109.749220592281,164.836329362772,197.814975825516,173.847837078121,168.205233751111,8.42206010223748,11.8154691526238
111.063016933135,165.129088959534,197.844628249815,173.770974251697,168.539537552359,8.42231624471261,11.4367108714849
111.19079813492,165.16040226416,197.85656519167,173.765001287608,168.566960407802,8.42261805792974,11.4094674635053
111.196687335336,165.16184543674,197.857115343351,173.764726004685,168.568224276739,8.42263196794545,11.4082118649715
111.337005688762,165.200182473761,197.876226590571,173.763359769706,168.601039298866,8.42335490808347,11.382288015408
112.128150073456,165.476413998459,198.074408098235,173.835480363761,168.829858170398,8.4339734585689,11.2987697684166
112.283335367092,165.535949540975,198.121195839255,173.856883725663,168.879099910759,8.43673790870971,11.2882932868681
112.372757990872,165.52775889928,198.099422725584,173.807515421018,168.857997121801,8.43776825089756,11.2784795915604
112.814126069672,165.506899140775,198.024065258437,173.600332238841,168.801785269599,8.44860384340564,11.2791609811095
113.004854525688,165.574386517713,198.087507486156,173.636140480286,168.908271065979,8.45716723298702,11.3294678428844
113.023374751077,165.583465834981,198.096734273312,173.643789961347,168.922991842816,8.45801988832972,11.3354949159848
113.051799366952,165.599524851661,198.113385822494,173.65906508257,168.949405372284,8.45920828955617,11.3452135947528
113.122809688101,165.654115581552,198.171951721233,173.721307908289,169.041419055231,8.46135792978833,11.3726839944376
113.122200873799,165.630477825835,198.151248611458,173.71454320552,169.098842624455,8.45775179623113,11.4093831114327
113.011021865063,165.50632633957,198.024244783301,173.634856532485,169.168405543783,8.43409552235083,11.4429040108931
113.132916070298,165.578460734698,198.082307583046,173.712678227206,169.358760824686,8.41544811220221,11.4517738273116
113.149434273171,165.588268173988,198.090497501087,173.720740265764,169.373044121638,8.41444061992725,11.4520924654558
113.350896059442,165.553601706901,197.992690130158,173.601770366594,169.390783672517,8.38088649440105,11.4369778475403
113.388004242892,165.533531087903,197.958601848672,173.561002171681,169.368940078764,8.37483091104201,11.4361303814265
113.434986447745,165.515566508311,197.925543917062,173.520644150926,169.347956901067,8.36837100779129,11.4368397373557
113.970388566618,165.560448220428,197.899207895722,173.456108374121,169.343814647793,8.33243096653207,11.5097961485735
114.098922597544,165.583466267441,197.91386242956,173.465397968457,169.35730024891,8.3247759512694,11.531724746049
114.367609432023,165.312761874306,197.617033276665,173.147098908877,169.048254492883,8.26255969526939,11.6036344202867
114.480474030573,165.215600220565,197.522356634761,173.041329909644,168.941213805025,8.2339416544834,11.6266259191285
114.653118077126,165.127637389937,197.445783125169,172.942140645914,168.837516815271,8.19614891440535,11.6479035938795
114.826909160191,165.081964705482,197.414547355348,172.880523995825,168.769642356044,8.16302377310917,11.657415604801
114.951496045245,165.071510561746,197.414346484882,172.851215268879,168.734364926058,8.14233920557417,11.6565407980062
115.077132341796,164.895863455786,197.252996684028,172.605095024704,168.473186264692,8.09052347882642,11.6265035419282
115.082765847719,164.855222821258,197.213782526865,172.551082332707,168.416704502359,8.08205674706353,11.6193709249093
115.2327340162,164.548609944392,196.907408595942,172.021045538003,167.827832090635,8.00594867439337,11.5353685770922
115.347831880466,164.493440457719,196.843116548206,171.847472117603,167.612059458176,7.983576716498,11.5100846376835
115.365980095959,164.486233209522,196.834390809151,171.822137288489,167.580095826386,7.98035298610094,11.5064845151058
115.423569439972,164.473315145556,196.816051112947,171.757150878482,167.49400837574,7.97218723805127,11.4983540073245
115.571748416624,164.372934440125,196.687202897049,171.466402798267,167.117117337321,7.94383167652984,11.4699118635309
115.621456239358,163.968245028086,196.218163681702,170.754047933721,166.229894905322,7.88285532323659,11.3949422409756
116.178380000834,163.536267963462,195.738718235955,169.958651416258,165.109981796986,7.74096205604948,11.1681034344951
117.320248535105,162.688245874592,194.893422823658,168.542355935753,163.114391302143,7.50237016155131,10.8424344466628
117.336207095371,162.655604263767,194.859081229536,168.49261664802,163.049458882711,7.49748291353154,10.8423252024636
117.675069624915,162.225177524631,194.386411869114,167.776786104136,162.089916085648,7.42311047505023,10.910001398227
117.899492820177,162.076172768733,194.209388024288,167.486344985656,161.68577300133,7.38470307829157,10.9709234670749
118.441450684288,161.88634577192,193.960143581262,167.03191937066,161.03474005808,7.29389494557569,11.0912206982226
118.551968294948,161.784640361762,193.840107046047,166.856960263752,160.811776858494,7.26017573184031,11.111340492766
118.704302724185,161.510388050106,193.528820018402,166.439532381263,160.307333156239,7.18394790701387,11.1311979466788
118.935779003864,161.235327273098,193.221029919501,166.010672390502,159.788108477328,7.08496142909924,11.1281411871959
119.075349882839,161.120912432487,193.096219379956,165.825924699667,159.561364715296,7.0332743587926,11.1167714959729
119.266927266059,160.994264807804,192.961531973524,165.615766266726,159.298927210133,6.9685790319287,11.0976863425294
119.931549293237,160.564340492028,192.540198053911,164.930128459304,158.426041813749,6.75302574585893,11.0005981867281
120.356686400452,159.909947024865,191.911008139511,164.041463989516,157.327979326243,6.56507965958714,10.9027099756747
120.588776862534,159.711551972538,191.721759200553,163.751654413686,156.948112917155,6.50226263276571,10.8827640446531
120.687962779675,159.647185051498,191.659883237499,163.652285612848,156.813967867092,6.48016089909065,10.8782998240049
120.700013553353,159.639364675177,191.652365504656,163.640212619382,156.797669669879,6.47747560869787,10.8777574353853
120.854430639418,159.540794911011,191.557474964869,163.487393835773,156.591065866559,6.44340894676347,10.8710839812021
121.212058030411,159.374257359473,191.391970851452,163.204386277295,156.196908460681,6.37740311044784,10.8660473320388
121.251418921105,159.355928040948,191.373755274341,163.17323813301,156.153527033643,6.37013843057758,10.8654929925162
121.274241162748,159.32515187492,191.342056526791,163.129666716314,156.09900544089,6.36286901647438,10.8636816323037
121.538695762464,158.830334311319,190.827427921064,162.446350627356,155.263200998362,6.25695496662415,10.8315635342837
121.778136619818,158.497496590183,190.476326341389,161.962515522583,154.665056383301,6.17591763028005,10.8079122439951
121.863156451349,158.401930796954,190.374954126322,161.817063232572,154.483142387111,6.14983089099743,10.800435358984
122.586082673708,157.4286036258,189.380916991456,160.325877554246,152.611322412316,5.88438294761461,10.7173805593721
122.645053068129,157.089005578244,189.054128836742,159.861541977358,152.044354535138,5.8176438655665,10.6925826605103
123.468518196001,155.721198428453,187.790859004694,158.015936864617,149.671303141472,5.51938162291121,10.6410444201466
123.669559306456,155.335817969093,187.412661860955,157.537961737743,149.072636189167,5.44257610422629,10.6232446562178
123.993966101015,154.938223039588,187.012450820983,157.031529732529,148.416116840384,5.34626189877491,10.6079683572479
124.513632493855,154.420898286433,186.47812691846,156.347223796937,147.486182161882,5.19338978081148,10.5992149294713
124.513413618949,154.413523863983,186.47054293116,156.338474735034,147.475362345407,5.19200277557345,10.5989236335387
124.468531440682,153.760353715225,185.805187460065,155.564169084194,146.507271553926,5.06675934382265,10.5783955859086
124.440241030803,153.565573882481,185.61249661179,155.333486106517,146.209921882194,5.02726498737226,10.5764682861809
124.35049814139,153.051163094221,185.133527174429,154.722597869729,145.378979056723,4.91125955766086,10.5890704542344
124.340259469841,152.95526195815,185.050746017518,154.607784838626,145.213383582977,4.88674055554196,10.5946181302426
124.338492811539,152.926878837828,185.02700935917,154.57366238576,145.163062148819,4.87911977553819,10.5966016270589
123.913612407682,151.465582121881,183.711124458221,152.901035105079,142.929775062278,4.5876256138667,10.5988780269035
123.905141073315,150.565159604867,182.80601502127,151.757841955584,141.387721198159,4.37041192164289,10.5788836907954
123.761413060815,149.773697832423,181.958573079442,150.707009529086,140.02140372658,4.18996811625469,10.5634306064821
123.758364595722,149.520961735855,181.696794781267,150.34547904777,139.530796044556,4.12068769734537,10.5724465400738
123.334691372212,147.732491616456,179.963815981995,147.961123253092,136.511462386334,3.77809856963021,10.5749871903074
123.294439473039,147.608702980865,179.834691198656,147.791326751929,136.304973028468,3.7598827429626,10.5684876802475
123.167903316366,147.217577905284,179.41915961806,147.247202032282,135.642992432725,3.70291921136866,10.5459611351307
123.118932367432,147.02866272888,179.209360763407,146.969674647651,135.301000000294,3.67427173206544,10.5336609061648
123.094908537208,146.89061306928,179.04810188712,146.754016773493,135.030577537987,3.65221961307192,10.5243741993348
123.090517590373,146.855341184309,179.005719280261,146.697006305442,134.958437235698,3.64641918967788,10.5219571173319
123.119080773452,146.335186454928,178.332615112526,145.778046450781,133.756177691459,3.55574125915836,10.4955712442751
123.022183964022,146.047222985628,177.984803817436,145.353953206345,133.229881225626,3.52561438704621,10.4827570292914
122.968045099979,145.92569324748,177.841840978722,145.184771559026,133.024617723048,3.51463802025671,10.4768636972355
122.948180290331,145.881101157168,177.78938458482,145.122694873835,132.949301765125,3.51061053573619,10.4747012964991
122.846674277856,145.608838927566,177.475238786521,144.746792490331,132.48337286065,3.48834649639316,10.4682718258196
122.77563945274,145.378768780917,177.213986693452,144.429728155816,132.083581052523,3.47036688981144,10.4665757100864
122.758331135416,145.306456751453,177.133303495707,144.330252888565,131.95584183544,3.46498957965184,10.4672998810516
122.715089853189,145.078899562826,176.882371373511,144.01694107554,131.548304041465,3.44835835000316,10.4719252991335
122.707552420973,144.95364009056,176.748545519616,143.844078996079,131.31592099096,3.43962456034817,10.4778712018566
122.703353202278,144.817786614381,176.604372993054,143.656329997506,131.061515514041,3.43016335529798,10.485057692711
122.716066443641,144.718156758599,176.502502745165,143.517581873257,130.86553644141,3.423269580807,10.4932584002127
122.723621377748,144.658951008145,176.441965625765,143.435129813524,130.749074483524,3.41917290628113,10.4981317289762
121.827584491064,142.508701613207,174.095041376863,140.649888698839,127.053255396568,3.24575872177925,10.5185448477841
121.357291620154,141.557049684513,172.846623024634,139.113883420456,125.012634443017,3.12995279820632,10.5685042272656
121.320992210945,141.3384434595,172.570886568044,138.734031103809,124.510765754129,3.11065761672732,10.5943736669591
121.320868073469,141.33808373242,172.570459110305,138.73347060163,124.510059669624,3.11063382776478,10.5943991256656
121.243067643946,141.103477074428,172.291499008496,138.366256211025,124.046808128881,3.09522301967595,10.6117187374768
121.247746275266,140.580674475698,171.652839831697,137.44747894414,122.846703854013,3.0653390998802,10.6931811781511
121.343561335507,140.359977877625,171.359040931656,136.991173285197,122.222744283353,3.0522116460119,10.7566090505006
121.408176903303,140.263856876198,171.217067414916,136.766411932696,121.904967730291,3.04513794336936,10.7956168360744
120.975690865287,139.327219454732,170.007328007531,135.242746313569,119.951833931822,2.99242082937869,10.9259045578404
120.943017901378,139.280087257157,169.943247118571,135.16002350083,119.839203988108,2.98994565266843,10.9336521968944
120.84068633389,139.136056477723,169.74446354983,134.895591454592,119.470691606349,2.98303872979218,10.9593981779608
120.768972672698,139.040684446519,169.609042724926,134.695181598908,119.174265250652,2.98092135360158,10.978598205836
120.372899531289,138.656088577374,169.165559949355,134.137570622654,118.471135495136,2.98000238141445,10.9599352438432
120.322731192185,138.608149475799,169.109351449666,134.062953524834,118.374710195285,2.98077751157391,10.9562001141559
120.179866371754,138.474400701812,168.936443755868,133.808001661632,118.028164496905,2.9883784427189,10.937410987494
120.115869411813,138.42027453302,168.825733003737,133.608033721916,117.730123368244,3.00048956887219,10.9156879771288
119.96794498936,138.305918956566,168.604399838485,133.28671227256,117.292329668878,3.01387254483245,10.8746631657258
119.761313348396,138.135657833458,168.361982947176,132.997141558359,116.944590175188,3.0185178348623,10.8416672539016
119.630682334766,138.028259835485,168.207434433751,132.808836728504,116.715324529899,3.02316991221823,10.825159098414
119.115496397303,137.524848448956,167.66633559252,132.067075263657,115.803751590046,3.0734089694893,10.8989880681074
118.829442362823,137.247714042582,167.410919863194,131.69674344219,115.370220044761,3.11534001687206,11.038909373081
118.692396295189,137.278834415714,167.255617757699,131.452757759383,115.050278687201,3.17063625889161,11.3233114298011
118.373285131284,137.24452226138,166.91185634481,131.141017676409,114.718156819676,3.1818700122424,11.4839968665429
118.363679952514,137.249009778853,166.900888341989,131.133076282553,114.70963982093,3.18183706238025,11.489822035119
118.311453104652,137.273410042292,166.841251324464,131.089896037954,114.663329803342,3.1816579020045,11.5214955937556
118.215936921074,137.424607100051,166.739185559227,131.052347364489,114.612494637137,3.17566408369698,11.595101933226
117.99239558298,137.3473840059,166.569599235285,130.926591571123,114.48178636758,3.16636529776941,11.58434949567
117.980120681611,137.340318679291,166.560169146622,130.918765097991,114.473938561172,3.16594758865622,11.5830958912209
117.716351366876,137.151648386056,166.435086688277,130.812913406627,114.352739168823,3.16535069412813,11.523227969808
117.042311573408,136.878215487424,166.518484126466,130.943432522567,114.289241785063,3.3591417212077,11.6944920524258
116.872627555064,136.795863579403,166.404065459843,130.844130449518,114.187567728471,3.38191048849239,11.7545555971609
116.630814793761,136.701795261141,166.271160151841,130.729092776544,114.068110033486,3.42596083430832,11.8802721919623
116.615388770915,136.699155177404,166.267257601774,130.725980231345,114.064170020435,3.43036571287452,11.8932994128959
116.606900200502,136.697702402641,166.265110122067,130.724267472369,114.062001925746,3.43278961190809,11.9004679801461
116.574863663473,136.692219515623,166.257005363572,130.717803384346,114.053819364676,3.44193759883227,11.927522720695
116.14995853965,136.70288331968,166.340890092939,130.817153787919,114.082070492845,3.57138428097811,12.2768205162322
115.833454373265,136.910359367122,166.532151514384,131.006396686724,114.192168447994,3.70567711775374,12.5837236742545
115.720826322206,136.91078622318,166.515162729305,130.978056957823,114.156960866288,3.73999251813369,12.6462180795495
115.753541399662,137.146777137533,166.720282373872,131.144945651008,114.282104133412,3.83291520772651,12.8073747676128
115.564935229402,137.108010118559,166.657200334757,131.086343178652,114.199514523003,3.88151673886241,12.8687172700104
115.518748824688,137.113037543073,166.653520806021,131.085930048313,114.188530935305,3.89813656202582,12.8910658918881
115.480170956955,137.152328763492,166.678252741324,131.118104440207,114.201685641447,3.92322607481247,12.9285770185126
115.457727876826,137.230125360188,166.735676139303,131.187096177993,114.244282152075,3.95534561253608,12.9805785079813
115.480707935479,137.50162977406,166.945581317506,131.434324668607,114.426376758415,4.03238838598843,13.1237156799028
115.476491194702,137.501303390898,166.944147778107,131.433667465805,114.425310315348,4.03326652336217,13.1251993417198
115.226802178065,137.505643719241,166.870705582264,131.412104888019,114.378670165183,4.09244426426652,13.2290411466145
115.219736921308,137.506828264472,166.869140800599,131.412273228817,114.378091000564,4.09444087579801,13.2326967562962
115.007723775134,137.760516070794,166.949240503054,131.691042551871,114.598704594097,4.30327891062773,13.5506014889271
115.061062435767,137.808559813199,167.027900482128,131.803131973385,114.690863448338,4.33782756328121,13.5850268681854
114.988904875514,137.704193141136,167.066960001566,131.9376850864,114.777258593313,4.42831808453061,13.6693784432712
115.092146288084,137.749461439166,167.183407417379,132.124330263793,114.924794019572,4.49077187472404,13.7829188017832
115.11003992193,137.76295673771,167.197392228521,132.142548453485,114.940501243372,4.49370699301708,13.7908176937111
115.148215897585,137.79174888765,167.227228751067,132.181416867365,114.974012524452,4.49996905277865,13.807669938958
115.322178511117,137.867160477649,167.121558635774,132.53622315892,115.271422373152,4.54205198939236,14.0011453974967
115.447692173765,137.810157790519,167.376074608836,133.266617444248,115.804071894832,4.59693025833379,14.2779048940161
115.473466978701,137.835578940291,167.407208380409,133.310172894352,115.837139687844,4.59844080399166,14.2929541945627
115.617520491263,138.033001662697,167.661252296453,133.987250824603,116.347221191507,4.56997414210672,14.5265438384904
115.699617291734,138.015710674672,167.742867387899,134.184709431887,116.496056760699,4.5467524128949,14.592350030984
115.687155155124,137.992758878484,167.731834114521,134.185714238003,116.493404007119,4.54364094847331,14.5967806768394
116.041581871844,137.522884689318,168.207584677866,135.303752302835,117.259767620947,4.36045124566014,14.7001294902761
116.058654498829,137.499055390796,168.237714722926,135.348171537985,117.290926571463,4.35282875773765,14.7031483847729
116.077047367341,137.47338335129,168.27017475134,135.396025752351,117.324495071513,4.34461681600105,14.7064007330834
116.248940935579,137.121910246148,168.289392017013,135.591035630435,117.393298703324,4.24628690293549,14.8750140929424
116.292992412778,137.104340931882,168.287945625209,135.616129543157,117.405847374374,4.24087470890145,14.9142290726491
116.47218603941,137.09899655842,168.329057065136,135.735998046605,117.488224283169,4.23373951236303,15.045121295653
116.383662801427,136.834176716998,168.118197263341,135.647848861372,117.384066056976,4.22932540310625,15.1882491442761
116.458807726781,136.813410288772,168.126497096743,135.73313651598,117.453195751074,4.22441339171721,15.2832019778416
116.59381706621,136.875837018123,168.206295087918,135.89177681132,117.59247781707,4.20796044338373,15.364698193372
116.44262010179,136.694464416913,168.03563394636,135.823025580818,117.525756711034,4.16192826614049,15.3917617301335
116.437039868481,136.647928791692,168.01474032565,135.836020665933,117.535329225465,4.1375192481512,15.4039539071874
116.470940397189,136.626784350539,168.031297098935,135.868421984021,117.562416504894,4.11981163670034,15.4175202538944
116.62413170795,136.601659629931,168.133440685943,135.976011017962,117.653451761809,4.08818197196333,15.4594939390094
116.590656180695,136.501514336566,168.088390099989,135.92520628072,117.604461245681,4.07921533463723,15.4658346079782
117.182445369363,136.12058178684,167.785672648106,135.437947960582,117.218009410991,3.9730931601036,15.8740024754737
117.270243242754,136.085962047003,167.742450323461,135.371327408621,117.150959380623,3.96241841012234,15.919282101846
117.404133628913,136.167395833597,167.863318220892,135.467716092568,117.218168343007,3.95370829506464,15.9180746167993
117.381858956572,136.143915936237,167.846424886103,135.447506852207,117.193964608906,3.94933362250796,15.9082615592544
117.36432407676,136.125432289343,167.83312625748,135.431597904348,117.174911149355,3.94588982965099,15.9005366068058
117.313094101992,136.077526788705,167.806821408401,135.385698142999,117.097320980371,3.91575195449933,15.8435604417811
117.402908929865,136.160924417359,167.891894499787,135.452243514285,117.126059888643,3.88579834613346,15.8132002542495
117.4854590741,136.225956193532,167.961126261545,135.512717094497,117.168314131485,3.87517001634081,15.8171896972246
117.357701002077,136.017932331697,167.925429081934,135.431819500913,116.9758142941,3.83016965344177,15.8775627240703
117.406480672076,136.06092363032,168.032057906666,135.522093690444,117.020636920439,3.8255262888057,15.9036875782035
117.436362545826,136.091110163535,168.110008581845,135.587911546781,117.051695464162,3.8216674853598,15.9213307718421
117.314179356198,136.011306230474,168.109060303349,135.571632390668,116.981444092753,3.80866167238689,15.9248445815687
117.187136756407,136.030718239389,168.330708173469,135.732161146611,116.972617410108,3.76429605734008,15.9341477146636
117.215330223246,136.088878200507,168.441293390142,135.818746669382,117.013425546809,3.75062668268498,15.9411756919886
NaN,NaN,NaN,NaN,NaN,NaN,NaN
NaN,NaN,NaN,NaN,NaN,NaN,NaN
NaN,NaN,NaN,NaN,NaN,NaN,NaN
NaN,NaN,NaN,NaN,NaN,NaN,NaN
NaN,NaN,NaN,NaN,NaN,NaN,NaN
NaN,NaN,NaN,NaN,NaN,NaN,NaN
NaN,NaN,NaN,NaN,NaN,NaN,NaN
NaN,NaN,NaN,NaN,NaN,NaN,NaN
NaN,NaN,NaN,NaN,NaN,NaN,NaN
NaN,NaN,NaN,NaN,NaN,NaN,NaN
NaN,NaN,NaN,NaN,NaN,NaN,NaN
NaN,NaN,NaN,NaN,NaN,NaN,NaN
NaN,NaN,NaN,NaN,NaN,NaN,NaN
NaN,NaN,NaN,NaN,NaN,NaN,NaN
NaN,NaN,NaN,NaN,NaN,NaN,NaN
NaN,NaN,NaN,NaN,NaN,NaN,NaN
NaN,NaN,NaN,NaN,NaN,NaN,NaN
NaN,NaN,NaN,NaN,NaN,NaN,NaN
NaN,NaN,NaN,NaN,NaN,NaN,NaN
NaN,NaN,NaN,NaN,NaN,NaN,NaN
NaN,NaN,NaN,NaN,NaN,NaN,NaN
NaN,NaN,NaN,NaN,NaN,NaN,NaN
NaN,NaN,NaN,NaN,NaN,NaN,NaN
NaN,NaN,NaN,NaN,NaN,NaN,NaN
NaN,NaN,NaN,NaN,NaN,NaN,NaN
NaN,NaN,NaN,NaN,NaN,NaN,NaN
NaN,NaN,NaN,NaN,NaN,NaN,NaN
NaN,NaN,NaN,NaN,NaN,NaN,NaN
NaN,NaN,NaN,NaN,NaN,NaN,NaN
NaN,NaN,NaN,NaN,NaN,NaN,NaN
NaN,NaN,NaN,NaN,NaN,NaN,NaN
NaN,NaN,NaN,NaN,NaN,NaN,NaN
NaN,NaN,NaN,NaN,NaN,NaN,NaN
NaN,NaN,NaN,NaN,NaN,NaN,NaN
NaN,NaN,NaN,NaN,NaN,NaN,NaN
NaN,NaN,NaN,NaN,NaN,NaN,NaN
NaN,NaN,NaN,NaN,NaN,NaN,NaN
NaN,NaN,NaN,NaN,NaN,NaN,NaN
NaN,NaN,NaN,NaN,NaN,NaN,NaN
NaN,NaN,NaN,NaN,NaN,NaN,NaN
NaN,NaN,NaN,NaN,NaN,NaN,NaN
NaN,NaN,NaN,NaN,NaN,NaN,NaN
NaN,NaN,NaN,NaN,NaN,NaN,NaN
NaN,NaN,NaN,NaN,NaN,NaN,NaN
NaN,NaN,NaN,NaN,NaN,NaN,NaN
NaN,NaN,NaN,NaN,NaN,NaN,NaN
NaN,NaN,NaN,NaN,NaN,NaN,NaN
NaN,NaN,NaN,NaN,NaN,NaN,NaN
NaN,NaN,NaN,NaN,NaN,NaN,NaN
NaN,NaN,NaN,NaN,NaN,NaN,NaN
NaN,NaN,NaN,NaN,NaN,NaN,NaN
NaN,NaN,NaN,NaN,NaN,NaN,NaN
NaN,NaN,NaN,NaN,NaN,NaN,NaN
NaN,NaN,NaN,NaN,NaN,NaN,NaN
NaN,NaN,NaN,NaN,NaN,NaN,NaN
NaN,NaN,NaN,NaN,NaN,NaN,NaN
NaN,NaN,NaN,NaN,NaN,NaN,NaN
NaN,NaN,NaN,NaN,NaN,NaN,NaN
NaN,NaN,NaN,NaN,NaN,NaN,NaN
NaN,NaN,NaN,NaN,NaN,NaN,NaN
NaN,NaN,NaN,NaN,NaN,NaN,NaN
