NaN,NaN,NaN,NaN,NaN,NaN,NaN
98.9054533792037,115.967820228345,113.962838539281,100.23476370962,114.651420681513,5.29981651007726,16.9651994648427
106.206252791625,122.58399373365,119.453890593333,106.158971792375,121.52317397145,5.58928500759947,18.0595799004463
110.280754913509,126.405894319201,122.700124036147,109.660649802109,125.534319300641,5.76102427091155,18.6700705097768
113.588889284339,129.77431139128,125.707994050886,112.902829553932,129.149141318306,5.92129880557365,19.1650885447354
109.690986952973,127.198017067777,124.111026205484,111.145228234613,126.708852395495,5.84080332993162,18.5764947408592
94.4369890651695,115.498073537898,115.547070606437,101.709572092537,114.796169509232,5.39647560037742,16.2715677658158
93.6319371085042,114.898052687124,115.110440971569,101.217766139308,114.165108868441,5.37418133219544,16.1492619726892
90.753307643046,112.752554267265,113.549181574562,99.4592124254364,111.908621271547,5.29446357389655,15.7119323606367
86.9029801335353,110.115821695899,111.72204317871,97.3139960535214,109.027133047099,5.20463816240778,15.1214949603908
86.5585647019288,110.891790604244,112.692047803903,98.0343904766382,109.402601582846,5.27038778161595,15.0451474007025
89.3212959945186,113.799427293693,115.133935083088,100.491348898395,112.134854402984,5.40983307016872,15.4447178895333
89.395295905832,113.876779764337,115.198746524706,100.556681078736,112.207712724993,5.41352979413089,15.4554325094869
94.5232599914531,119.020393662767,119.434523314169,104.880976852586,117.144526444792,5.65525291544888,16.2012917365014
96.3577539055737,120.841088892592,120.915753828378,106.402083967308,118.912001994648,5.74150716147254,16.4677681204868
98.2620437812344,122.731564744578,122.444568709665,107.97510571336,120.75650505761,5.83197325878643,16.7438310685007
99.637060774974,124.118370581973,123.567780615311,109.128110350603,122.112938049717,5.89982575436524,16.9416053695958
101.035182047269,125.608539887536,124.780906764084,110.363703760949,123.58260690746,5.97812652813611,17.1369622433041
101.312649649633,125.904453551663,125.021843408294,110.609078774241,123.874466461818,5.99368581906935,17.1757197560391
101.043911639375,125.898947345977,125.076299133902,110.627057960605,123.895503352664,6.00999242802719,17.1184637351217
100.316391727836,125.377912562217,124.724694597952,110.234848311217,123.410533539143,5.99785158252352,16.9984142993906
98.6784403355562,124.08487883905,123.823269785749,109.256274706545,122.194532632378,5.95740905473874,16.7361370678807
98.4762470373383,123.916115201989,123.708897466347,109.133771634379,122.037651945472,5.95156224992674,16.7041964109183
95.2914030244379,121.227652751499,121.935384113249,107.243545137234,119.580999226422,5.85924176084155,16.201828849305
93.3907740481448,119.55829805986,121.043658373737,106.316167645657,118.224724818052,5.8079715686235,15.9015395996935
95.8803169796069,121.613273976978,124.461267692817,110.035320513578,121.789964749066,5.96609626785887,16.2812988715104
98.8929805290312,124.378972454564,128.223741907415,114.061448494262,126.04378150029,6.15665088941657,16.7958876236978
98.6842016293938,124.346241447907,128.887469230779,114.747552938442,126.548539844282,6.18425055763999,16.7966964007026
98.4970717479509,124.230852493044,128.98801567544,114.844144016052,126.553206470604,6.18602112313866,16.7764032948563
95.8975453041101,122.441075137946,129.317311481732,115.014051071072,125.304773037772,6.14156248952163,16.4267077763063
95.493659514023,122.162212304192,129.379841589453,115.038649268001,125.030556926545,6.13015809791835,16.3674348785173
94.8773860028363,121.768444437959,129.651281879793,115.223786716254,124.573925597657,6.10966755933807,16.271427163995
94.460886174871,121.581287682131,130.261037791206,115.704434776257,124.191536636902,6.08920654253357,16.1936301724923
94.5812832503962,121.882803081311,131.378762611891,116.631465797363,124.116823251902,6.07649752694396,16.1769974224807
94.93829079669,122.332440526399,132.332880660924,117.418290947351,124.236758704803,6.07230240324335,16.1970941962877
95.6326931069663,123.16485276225,133.823363363235,118.551768127023,124.479621430696,6.06384679853111,16.2351816791068
95.6887612861518,123.238908024324,133.962273532092,118.644075315426,124.487179601547,6.06192795074731,16.2358608501421
95.8067680861632,123.394772270823,134.254638020363,118.838354424891,124.503087297661,6.05788934828215,16.237290302671
95.9259586108761,123.706442515131,135.002225436175,119.169983350103,124.320453467886,6.03218229721114,16.1951147511411
95.8319028655282,123.717578016512,135.170878737816,119.147374753953,124.139233460431,6.01696500855075,16.1569104763471
95.6852402428796,123.695545922186,135.317917743029,119.076341389194,123.906884478219,5.99871196507647,16.1083705344724
95.4233175955121,123.603319832436,135.419967368261,118.902801345342,123.566253296025,5.97391324448075,16.0375852760464
95.161769480132,123.49524606372,135.473356028963,118.715402473379,123.248567143742,5.95150679637598,15.9717065045621
94.7656812173162,123.331428268166,135.538675511161,118.425892081591,122.782170305712,5.9182571310536,15.8738315662669
94.2695120190634,123.122181641196,135.620508009255,118.063840196603,122.195167880666,5.87595209581005,15.7516868499854
94.0152708291607,123.012815390217,135.664913968064,117.879558388556,121.890560598689,5.85381438468888,15.6890457652243
93.9612192678537,122.989564175015,135.674354654704,117.840380160004,121.825801229121,5.849107917376,15.6757282991025
93.600324687176,122.900698732188,135.949835440692,117.634163746618,121.303551117394,5.80520604131228,15.5647450949753
93.4982048396767,122.966463377668,136.3308774265,117.657009893769,121.028263726267,5.77512461486753,15.5004441048254
93.5592146955877,123.266944659823,137.260209646576,117.958979447223,120.709701579809,5.72564717350401,15.4089545624944
93.6051264141447,123.354902202074,137.491755870805,118.059419412612,120.665877130909,5.71563160163321,15.391606513938
93.6745892074313,123.488275004678,137.843338470367,118.211764441123,120.599012422292,5.70039919699871,15.3651851673152
93.6128520718383,123.670243691442,138.720383794406,118.428519936249,120.134798416879,5.63946202132748,15.222660863412
93.4958655134636,123.689230977213,138.981311864743,118.412620718923,119.874646653834,5.61182651329993,15.1461528756819
93.4558245913189,123.688764009482,139.034538659611,118.39558968434,119.801411169992,5.60462026915899,15.1248651834415
93.4523260636226,123.688723208735,139.039189287171,118.394101618057,119.795012307158,5.60399063219353,15.1230051967852
93.1265626573546,123.685499615503,139.31879663617,118.196348445894,119.260662151348,5.55444834280837,14.9667135617022
92.7934667556891,123.73205702864,139.476744845113,117.935954546306,118.752719262961,5.51035798838685,14.8129733031022
92.5678408973159,123.728858842817,139.484116476983,117.748271206008,118.442195665593,5.4863438816754,14.7241379632438
92.4649755338095,123.727401970828,139.487478539722,117.662707299477,118.300622873759,5.47539545588461,14.6836362584821
92.2448504182022,123.736005964648,139.506742487213,117.508858145039,117.982298579861,5.45076469919304,14.5904598643101
91.942993371529,123.760049875022,139.604602477667,117.374746247691,117.509644172652,5.41267406699883,14.4464582642532
91.8002614835772,123.781128122824,139.75300528085,117.409147299142,117.245167950403,5.38912684105342,14.3588430585624
91.7133842894905,123.796089085538,139.869331642316,117.454458978148,117.074221725086,5.37341256640796,14.3007043574793
91.7101986217997,123.796765363951,139.875931219493,117.458199528457,117.06722213694,5.37272383349216,14.2981980187884
91.6830367897595,123.804839613901,139.974394364984,117.527675856087,116.994323225105,5.36481759801027,14.2700588559067
91.6789961880051,123.806040741588,139.989041770131,117.538011174077,116.98347876253,5.36364146420194,14.2658728661421
91.5821296397312,123.822887874314,140.313416576602,117.767501643347,116.737562855311,5.33724971081137,14.1722221996364
91.247334341698,123.640118417197,141.028841501473,118.30784546436,116.156384353638,5.27825025229346,13.9737889886738
91.2154170043153,123.623460908092,141.129858599745,118.387366977322,116.09663474075,5.27154396955682,13.9521441852441
91.0934880447486,123.581134558174,141.651093066185,118.796781794937,115.853412642083,5.2421059217729,13.8607650828046
91.0659331900763,123.576562329438,141.800600826225,118.914058807778,115.794938704277,5.23455825115285,13.8380772149086
91.0586719656245,123.57535746084,141.839998943757,118.944963514894,115.779529717655,5.23256929744168,13.8320985333627
91.0000730907967,123.574288473751,142.184633709178,119.213123187955,115.653040388254,5.21597089097764,13.7829094200207
90.9941897217918,123.578311211056,142.231971153065,119.248997009774,115.639320892071,5.21404320128307,13.7775219729466
90.8200229328218,123.775321018755,143.744270474647,120.372018907424,115.23320044736,5.15701795996369,13.6224106513782
90.0944747692788,124.277032779396,146.555212853579,122.241038366004,114.205183518387,5.0550597916131,13.3512062929542
90.0820634972748,124.292155937596,146.612921476543,122.280207557451,114.18773782527,5.05341367493391,13.3468644766762
90.0166008953168,124.371922240779,146.917302575711,122.486803399354,114.09572143372,5.04473131901484,13.3239637948855
89.8946955600716,124.535375373045,147.525076983128,122.905650052781,113.922054328883,5.02816671013256,13.2799160276331
89.8220783013782,124.668431198046,147.985135119081,123.236817701348,113.813067435786,5.01735110856601,13.2503222600726
89.5974204243107,125.178342526063,149.74000477945,124.55248685287,113.45929333394,4.97972511984187,13.1429272332384
89.2663883119318,125.472196275679,151.269741711682,125.762538798487,113.055216557358,4.94058188958649,13.0156392909988
89.2323175202759,125.500922520317,151.439687059783,125.907335005446,113.017731203213,4.93618332950003,13.0003359310762
89.0405067662711,125.663155983433,152.398323280427,126.724770114855,112.807022386713,4.91135738385678,12.9139307764343
88.6724031659925,126.112925990558,154.543155209597,128.705709801332,112.497807791242,4.84704880537625,12.6878572534629
88.3975526991935,126.310345249333,155.265807579991,129.396131492034,112.312940239948,4.80503606746527,12.5524427441429
87.7856330258019,126.509045902503,155.590475365709,129.657849685986,111.862908239611,4.72684020038562,12.3335996914511
87.7462281797749,126.531213940113,155.590613619085,129.651055897021,111.832083874623,4.72090293204434,12.3191363578407
87.6660325569375,126.57632970029,155.590894988426,129.637229370784,111.769351002956,4.70881957223989,12.2897009922922
87.5548904892973,126.67100414928,155.552934100602,129.566850045262,111.666519575186,4.68768512008502,12.2446952140353
87.5003359294543,126.722955427542,155.527763811918,129.523573892685,111.613335696939,4.67656318690602,12.2218860389511
87.4133062694036,126.824918578768,155.469304033106,129.427824119317,111.513616254474,4.65535428421528,12.1816792579208
87.1906576626132,126.990913566761,155.185431889756,129.038513375053,111.176442803536,4.59777227515695,12.0849789012411
86.8518725307235,126.975064555954,154.235432299024,127.93040991717,110.184618355208,4.46115583363262,11.9109091468256
86.8495450607903,126.970549138149,154.193436847362,127.886107228188,110.143032688689,4.45559944453972,11.9057750603585
86.8417648509029,126.947714966761,154.011896111585,127.697229351935,109.965610711205,4.43237257891323,11.8848526875532
86.5993834797384,126.482466869737,152.774553710714,126.49669983041,108.844665463497,4.32364867301593,11.7767408567959
86.5099382114889,126.318444002889,152.407647155097,126.148084304738,108.532355624459,4.29840398646289,11.7498825265775
86.3911163626286,126.064157859951,151.831384569248,125.601867248029,108.056568857749,4.26244484183163,11.7128959439859
86.3805289680882,126.039705004072,151.775654931032,125.54909825132,108.011170517941,4.25912123467418,11.7095358468513
86.3677513042064,126.010193458792,151.708396212878,125.48541265797,107.956380387598,4.25511005562807,11.7054806289569
86.1722334314564,125.306300506631,150.133965987681,123.983311002574,106.684336769028,4.17357163580181,11.6247312328515
86.0546551704565,124.843393695152,149.250118055298,123.12541706262,105.940030242372,4.13552438129211,11.577681761796
85.9950362652318,124.662695200757,148.938859561193,122.820902631711,105.669823031834,4.12291732814093,11.5589292584202
85.7948801999479,123.39277672368,146.80516888183,120.723917098727,103.76657118532,4.05637411793436,11.4446067582174
85.8031617869735,123.163614228033,146.415921867178,120.339650623955,103.408801977529,4.04984609144225,11.4272052620352
85.804711662851,123.120727107129,146.343075375733,120.267736226636,103.341846469706,4.04862438952006,11.4239486206352
85.8292360627879,122.734080100736,145.67292787785,119.604663043927,102.723800738406,4.04092170245581,11.3956942343985
85.8299885550767,122.725900509717,145.658453956823,119.590309350803,102.710406713885,4.04083208715708,11.3951209947738
85.7875811527966,122.225217765112,144.811880258739,118.747406270944,101.922854806801,4.03649915863124,11.3555153473576
85.5188971343916,121.321502446216,143.29334512121,117.221618037196,100.52437831723,4.0411264092872,11.2806291023693
85.4740896864228,121.195581425411,143.062835857127,116.987385766701,100.319111758148,4.04497105586854,11.2722569382908
85.072690592159,120.131891148773,141.048275140149,114.918462169894,98.5585877295132,4.09924347466141,11.2238114295189
84.6979371772496,119.451510010518,139.922405165022,113.755317396606,97.5652746220027,4.13286052710122,11.19606715185
84.3262464904752,118.614423305583,138.572044679372,112.378377127707,96.3802975585577,4.18348104928987,11.1824818512996
84.2658062473834,118.445586893417,138.297953925145,112.101668827455,96.1407960131937,4.19476698251193,11.181903673003
84.241361236397,118.317221025103,138.084108389469,111.890500226078,95.954925911558,4.20438413870837,11.1836928838589
84.2199291235436,118.204676515398,137.896619758095,111.705358591317,95.7919646841515,4.21281596052446,11.1852615707784
84.1737383825828,117.735816939863,137.099038553873,110.927719919497,95.0995857845673,4.24898238946667,11.1946769415752
83.9523005805987,116.565915508986,135.210848351975,109.118673323223,93.4226236643751,4.30537833473516,11.1804015782825
83.8810331901894,115.984589676652,134.235011702926,108.18004398667,92.5590559726699,4.32887259209244,11.1734579218532
83.8407704716175,115.483258582536,133.392585406775,107.351141484602,91.8270870909621,4.34618087500562,11.1710552708447
83.6731573289548,114.774908661058,132.333925379482,106.284019284681,90.9353053319705,4.35704875620594,11.158473169012
83.6474422907545,114.710198024964,132.245918510003,106.19473155016,90.8616491026306,4.35716675567213,11.1561497521361
83.3562978034291,113.963207753941,131.269038346464,105.206200694775,90.0952280008129,4.35650118007668,11.13450409749
83.1950714792447,113.503790437408,130.701225292772,104.645295356485,89.7105310003374,4.3548510582466,11.1269086335886
82.8801801757295,112.381138441321,129.380191307207,103.422227059958,89.0023504660174,4.34936040090077,11.1225909798656
82.1904427803047,110.255891413861,127.139237361922,101.680444995318,88.2109087817761,4.31959821578001,11.0983048539096
82.118143062014,110.020706326718,126.915344271658,101.540636402043,88.1736632680327,4.31542160573851,11.0970275716414
82.0815652175129,109.901721581689,126.802072369165,101.469904494567,88.154820032647,4.31330857686023,11.0963813695082
81.9848394526333,109.578643761658,126.509315393273,101.301402835706,88.1238074213336,4.30740920743975,11.0957785539053
81.8431691697017,109.089114289965,126.099494147834,101.097769476929,88.1201009418913,4.2981263660896,11.0973508261705
81.7704689902559,108.840967576523,125.925249076,101.034456764934,88.1462376236868,4.29321969041539,11.0998264570495
80.7089527096962,106.854667987895,124.884245576786,100.50342249754,87.9814829316426,4.2430544536479,11.0673764832673
80.6720937031711,106.779948595801,124.857236045435,100.480534743638,87.9677670845369,4.24170743281453,11.0670154453427
80.1739896982212,105.666850711832,124.222306701863,99.815586076295,87.5039075915325,4.22382620294783,11.0466564907199
79.8368401420161,104.732097478614,123.424252181411,98.9743981015954,86.9432675201798,4.20624187316022,11.0174232288331
79.7213837841092,104.21116203812,122.917256552964,98.4617588783835,86.6408363344799,4.19609569775615,11.0046122509982
79.6522316194832,103.652992625943,122.336504974123,97.8967729949416,86.3396778977686,4.18515006161499,10.9931762108178
79.4789663194419,102.962244768459,121.605985023313,97.2038808454571,85.9466661288042,4.16851785736587,10.9644872065735
79.4518624868436,102.871913698253,121.51053678636,97.1136811155611,85.8939869773046,4.16621655150317,10.960115259278
79.4614843318587,99.1605308795391,117.529291725635,93.3973899646025,83.7762019961295,4.18632479345811,10.8199842542701
79.477678514281,99.0206244729107,117.370637588083,93.25006226549,83.6823661322582,4.19020926005469,10.8145782927733
79.4856803130331,98.9514945297755,117.292244097954,93.1772653456966,83.6360003646726,4.19212863573879,10.8119071226684
79.6070649879195,98.4005434592383,116.634685217335,92.5834492764768,83.2603053275208,4.21244648862361,10.7940343923124
79.6719190105161,98.1545597963434,116.333115206706,92.3167225057192,83.0931532520403,4.2223109484669,10.7866754924454
80.054794593141,96.8431309797873,114.641425895676,90.9005771747385,82.2195148345937,4.27727083654895,10.746314735783
80.084595450195,96.1987565569269,113.815958980929,90.2386286211614,81.790957939335,4.29328880559738,10.7102296383247
80.0864651432427,96.1719410464315,113.781250199634,90.211827556867,81.774232173106,4.29394894871285,10.7086187383029
80.1113252680424,95.8153921796,113.319749508016,89.8554707720249,81.551840248221,4.30272645379913,10.6871996205344
80.1750346786205,95.3009497028105,112.65404989599,89.3573477778127,81.257323949466,4.31664088157027,10.6546101999702
80.5058932390518,94.0582383126106,111.08428638884,88.2112786545677,80.6532591391148,4.36370927084602,10.5734535583686
80.5601044464238,93.8289002321583,110.809810157547,88.0040218316498,80.5432520339114,4.37301696181325,10.5570752487232
80.5836467629485,93.5850085656519,110.529672262081,87.7835449053513,80.4163791843166,4.38138686105841,10.5376779557221
80.733058405652,92.6053376051273,109.417311724656,86.9003947090049,79.9214292835195,4.42136228298322,10.4632545703485
80.8382894456365,92.1900348624026,108.952419709887,86.5270169926704,79.7225656419459,4.44337856393437,10.4354246849584
80.9118935199158,91.9365464213668,108.669715189259,86.2992235145489,79.6036018546797,4.45798074501179,10.4194149187805
81.0713019323472,91.4670315514326,108.146240404517,85.8774693477621,79.3898709822862,4.48828321271391,10.393385938628
81.6747767288856,89.3427698858027,105.789401544674,83.9749351765469,78.4090614791078,4.63615499063932,10.303149107247
81.8187236546193,88.6003108280414,104.965394268313,83.3176815538085,78.0592132488542,4.68815013182665,10.2782936421766
81.8867056169287,88.3179162560046,104.649734200883,83.0691107389544,77.9307418156778,4.70949199728594,10.2710336007611
82.3165323788445,87.0643022688639,103.234796712776,81.965636534808,77.3833769345147,4.81511631023238,10.2535790125012
82.4564832823325,86.6040833574593,102.719280555542,81.5575205566808,77.1695191271331,4.85169971203808,10.2461993806831
82.5796982343843,85.8897750199532,101.932066170842,80.9206584137004,76.8055928079563,4.89960042994073,10.2265617955073
83.4878060479048,83.4176484585877,99.1407126648516,78.7270775464959,75.6676602801128,5.09344886641445,10.2128052903512
83.6375616246179,82.8258694451776,98.468921606449,78.203220360342,75.3894604398198,5.13220268134996,10.2100329883226
83.6542900522614,82.7349155421695,98.3662779732478,78.1226622079474,75.3452865650965,5.13764502217102,10.209118910805
84.1656013817207,80.9777483193629,96.3358019100991,76.5380588316004,74.5379769300628,5.25289755072778,10.2181556053408
84.4214614782761,80.431108221825,95.6834758014765,76.0186887699599,74.2905686796948,5.29425164235495,10.2312889154637
84.7413290303841,79.5838872519799,94.67333746213,75.1849955673302,73.8550529960536,5.35203236927114,10.2438205228749
84.7536576482502,79.528411906024,94.6081613101701,75.1300859545507,73.8237846942102,5.35519681680874,10.2437923393079
84.9886865027494,78.6612153810001,93.5622705865136,74.2510845829306,73.324675190469,5.40838902753087,10.251026703438
85.3495363436835,77.7278688376613,92.3401770176316,73.2486694676048,72.7648200694977,5.47699121308126,10.2877881338245
85.844997951355,76.3285697703191,90.2824999195066,71.6047193791579,71.8155540998972,5.59165154674974,10.4070554171055
86.0559062057017,75.4257958123322,88.7998784106963,70.3506811586304,71.0360429351662,5.67648533485217,10.5365403577821
86.219154454621,75.0903474366967,88.187901818501,69.7680923124948,70.6687542730146,5.72131403364571,10.6116260221904
86.639138797871,74.1731153332045,86.6253359146439,67.9992336639094,69.4497198238009,5.84591304592739,10.7875480154974
86.866565603829,73.5377482694136,85.6860652936258,66.7686510990398,68.5186631830346,5.92417612031153,10.8609618868874
87.0553081255031,73.1155415285543,85.0837577060712,65.9511949594504,67.8766790222655,5.97897686982589,10.9029863601071
87.3233711610483,72.5601843349205,84.317807132792,64.9283074476641,67.0405791962113,6.0526840804473,10.9504578227017
87.3215295043477,71.4622111743418,83.0489959668199,63.4600691027656,65.7143860844063,6.15282810425104,10.9682185061526
87.3729065263423,71.0001451852971,82.5836412599968,62.9622665534735,65.2151455742671,6.21348877322723,10.9902818019324
87.635779679589,70.3237624034212,82.1664629524418,62.4009778755359,64.5317733472369,6.38428297263438,11.076595362077
87.6873312249617,70.2648320625871,82.1950181545747,62.3640068254556,64.460537920659,6.42020503526789,11.095042673716
87.8932173382445,70.2766944126732,82.4418617330029,62.3785436395042,64.3752638699082,6.51944189985033,11.1546576293421
88.0899533611248,70.4509365973356,82.762378285688,62.4875134889552,64.4059456009749,6.59000751087203,11.2055272689614
88.3868249129139,71.743864679361,84.348124934427,63.2132473508071,64.7475326806062,6.77906442918116,11.3623684655967
88.4222306018297,71.9439382231346,84.5528785044259,63.3439540970372,64.832579252014,6.78681105648954,11.3780965448672
88.6980118476784,73.0833940994074,85.7043732611656,64.1266296172792,65.374496279635,6.78955552457377,11.456277679761
89.8476360638852,75.0972034717091,87.8315562347798,65.4325006822207,66.3279680330195,6.60247526535497,11.5426329893604
90.5573759046171,76.1286106532375,88.6492683855447,65.5214646239105,66.2399837400817,6.3777744969337,11.5636944319892
90.6248493860719,76.2421172944222,88.7128427867508,65.5133153184319,66.2132577469707,6.35613384337112,11.5708691387727
91.0156571717517,77.1294231101947,89.0897388893907,65.2788259381906,65.7988485769753,6.16675427239143,11.6403188574383
91.0354184677992,77.2098111726171,89.1076536302721,65.2289377840888,65.7245362939987,6.14457469135374,11.6487524858952
91.2238994732379,77.6552819472915,89.2152945725942,64.9758756896442,65.3325898365186,6.03062361758458,11.7053969359997
91.7213889174636,78.2333284333734,89.2613917409771,64.5184760359367,64.6506562800507,5.88060211807198,11.7993203246648
92.21219798424,78.8045219033901,89.0623321830242,63.8763617038719,63.7842724781764,5.74135619427604,11.8586645107716
92.2696452100417,78.8838796189266,89.0491159855945,63.8236865394065,63.7111245197827,5.73012589833884,11.8652951769833
92.3491013989697,78.9936405612621,89.0308364487634,63.7508306658431,63.6099523931794,5.71459309404324,11.8744661588695
92.5979605163056,79.4011131618882,89.0021448591573,63.5664013234813,63.3428891202987,5.67616284483446,11.9046201466817
92.6737264243838,79.5969980932225,88.9584046656924,63.4447245456723,63.1765548164308,5.65581924861828,11.9130048982994
92.6776995009512,79.6116216124564,88.9539781645771,63.4343534574271,63.1626558693062,5.65422517605237,11.9133959434693
92.7300004110145,79.8041231540933,88.8957084502132,63.2978302003571,62.9796924727524,5.63324107355905,11.9185435961542
93.4914803096228,81.9463271373821,88.7693868479308,62.5721057213673,61.8476953543813,5.5458830452346,11.9745857087077
94.9714093780263,86.8216535037465,88.8432193779148,61.6163690544771,60.0996399837293,5.56068086929601,12.0389230209656
94.972566690199,86.8336096210662,88.8439059975646,61.6139852077131,60.0953483692848,5.56055099252445,12.0396483537065
95.6143063701401,90.1067579901713,89.7742197359322,61.3259532472767,59.0708899053711,5.57549621225069,12.4757680135993
95.6684139769806,90.3553817565292,89.9169859893922,61.3317531509256,58.9896619768935,5.58480224728526,12.5304765324573
95.8007528530114,90.9122471512485,90.2591280659862,61.3743983633838,58.8424064699819,5.60930855637529,12.6569343522154
95.9392766500222,91.4334428677546,90.6132372792647,61.4646516762093,58.7666944901717,5.63808880453196,12.7809948532071
95.970635577607,91.5505442567915,90.6969157148969,61.494830208602,58.7639137907295,5.64547220504542,12.8093970664711
96.0788860752851,91.9547763086624,90.9857722862077,61.5990060016639,58.7543148623958,5.67095958110381,12.9074410353755
96.2621808329451,92.9362514222854,91.6819214597902,61.9126232113179,58.8450328026115,5.73817034741869,13.1458024867131
96.2493122572491,93.1046920548596,91.7954642270692,61.9616526405291,58.857638756823,5.75044012918411,13.1878851160658
96.1655780017002,94.0569269976462,92.4127859387316,62.2578326377258,58.9881478928275,5.82221718897392,13.4236382203179
96.1604440107063,94.1114917049599,92.4474085329376,62.2753853454544,58.9974377135556,5.82640391864431,13.4370815435202
96.1019943057495,95.0050247364696,92.9674174542431,62.5611790663696,59.1970097966595,5.89950478823386,13.6558857392386
96.0978879697731,95.1737959817771,93.0591687542199,62.6118317691629,59.2357592873404,5.91403065343825,13.6973430816929
96.0961271696831,95.246165224246,93.0985117836723,62.6335516878818,59.2523750993617,5.92025935584034,13.7151200226802
96.0954589694933,95.7964634469991,93.3886085179885,62.7895187508606,59.3716324560865,5.96874866093268,13.8509258811562
96.0463102801379,96.7233131529676,93.801624204624,62.9523719633911,59.4684024878655,6.05919911034977,14.0888792137892
96.0184393366869,96.8652389486775,93.8533768528768,62.9601640637606,59.4635849635325,6.07433348403128,14.12705454726
95.9499509039547,97.5274253821096,94.0635824657896,62.9556191893302,59.3894705069168,6.14804418669758,14.3066845494988
95.9550349105476,97.7989334865756,94.137938522746,62.9412928253221,59.3402899903775,6.17763497683289,14.3787806568278
95.9712242010996,100.387476843847,94.7024244967675,62.7509542478243,58.7347791347898,6.39275395581329,14.9893845009692
95.926337347312,100.680334004681,94.7540870479272,62.7295100386115,58.6604522976816,6.40825819411659,15.0486439095428
95.7708582838628,102.732173742549,95.3844561326068,62.9114867127145,58.5402008100567,6.48655577882781,15.4217572554671
95.5625687010789,103.901623690337,95.8430938159788,63.0537135060984,58.5104669175547,6.51596628252581,15.610823562504
95.4555088921731,104.847709936469,96.2814079305947,63.1838230398985,58.5055097386827,6.53628517232175,15.7473340500872
95.4756602047639,105.764680448105,96.7353229075692,63.3226705314317,58.5249448637929,6.55427539667313,15.8651254009713
95.5426531120447,106.463395797402,97.0753474720345,63.4236688182419,58.5418771876994,6.56584193617662,15.9450136087182
95.3508986736592,108.300470252271,97.7548663260578,63.4197585304277,58.3008933234231,6.56818937515191,16.0791288862759
95.2780587426003,110.261605896355,98.523766210145,63.6006184018472,58.3061386583046,6.59712524745726,16.2674982129678
95.0873780813599,111.301892795469,98.939887597006,63.715886101954,58.3424785185017,6.62761100729679,16.4227073046146
95.063950346421,111.500084870942,99.0264379100015,63.7505048159722,58.3645812014578,6.63506266504209,16.4588688794031
95.048713562305,111.628983796739,99.0827279626984,63.7730199192566,58.3789562065304,6.63990902772577,16.4823874188514
95.0189100249621,112.309016921401,99.3957623967481,63.9326901808698,58.5028797573363,6.6681654636596,16.6268186513456
94.7300973276309,114.032363592741,100.069735588165,64.2939701048101,58.7822295286291,6.72053967563155,17.0364797884056
94.6964179243186,114.310456186366,100.172159221522,64.3622733738864,58.8416549665909,6.72472257614706,17.0973082062693
94.6736662900307,115.316261951234,100.584904818351,64.6740665692814,59.1314380922054,6.73888592957601,17.2955342392541
94.6630039138755,115.904226198644,100.853445984134,64.8990895384371,59.3543365309177,6.74635428090985,17.3920602282872
94.571896939077,116.495973230535,101.156340772824,65.1721005812603,59.646076041889,6.75774732037179,17.4788874098724
94.5983299190491,116.858934451132,101.409808939904,65.4168100518937,59.9158155801284,6.77750681413183,17.5477306002879
94.6191695010026,116.965860290753,101.495249900162,65.5011999450239,60.0088188288551,6.78592711888388,17.5747272172894
94.6462023763733,117.104563308063,101.606082969431,65.6106695816332,60.1294616151412,6.79684984513883,17.6097469304709
94.7542690235591,117.531889647604,101.971115471537,65.9760756600071,60.528940142809,6.83761227986987,17.7491460595176
94.7598654634837,117.552949062439,101.989362414814,65.9943909823792,60.5489307870678,6.839698806977,17.7563600972112
94.7059124859846,117.798927123399,102.22208354123,66.2420375532796,60.8272867158296,6.87410611362427,17.8990779741063
94.6525838918457,118.161444912668,102.564584468286,66.6087859698517,61.2316718796914,6.92474285807084,18.1499788867822
94.6653496166017,118.83208211602,103.17290982298,67.2479698823621,61.9062266174355,7.00149781336178,18.6276742436525
94.6691007884342,118.89291842252,103.227395082033,67.3046866823944,61.9651157241399,7.00785545824651,18.6704174985944
94.6875755876085,119.112508578861,103.422969259416,67.506402592419,62.1718024574927,7.0289451818825,18.8209067076691
94.7116507364208,119.348079290337,103.631834737457,67.7202069173653,62.3884640955124,7.04996703986372,18.9790760310302
94.7190622518978,119.420599547123,103.6961338093,67.7860264093134,62.455163209025,7.05643860217882,19.0277683318431
94.6491330161347,119.832991312344,104.071671031415,68.1755751218503,62.8477743631756,7.09218434221463,19.3514736871301
94.5721008744805,120.17878746411,104.390336803193,68.5043957617595,63.1769919926518,7.11907339129107,19.6222094063538
94.4691389149514,121.787770398821,105.877164864927,70.011334866835,64.6847437021666,7.21886965428991,20.5842579159892
93.661202018727,124.170788159488,108.009233914959,72.4331907992026,67.3280156189143,7.30653056994196,21.3529154761112
92.9797314274697,125.158285316176,108.792593812889,73.5109234258324,68.5869031282929,7.34847614716673,21.7281128813307
92.8042020089265,125.62658219775,109.160192222634,73.9952770319617,69.1177309165117,7.39317529135666,21.9354589266313
92.7532865955279,125.680474590205,109.201877332878,74.058283745576,69.1864073555771,7.40119366771569,21.9659646983807
92.6001409909291,125.784963899772,109.281532416353,74.1930277030723,69.3338047586818,7.42094145695048,22.0360210869876
92.0965960684996,126.309648244764,109.699908751593,74.8565896983878,70.0055232957096,7.52623838916088,22.3050146527964
91.8617748900154,127.046011448837,110.380910288401,75.8267485560535,70.8989810314704,7.63876327504574,22.4884998862839
91.1662198173694,128.284288730637,111.968219790912,78.203884003558,73.0111575962929,7.76952127055744,22.5989833511312
91.0385588711967,128.740024882193,112.6160464721,79.0944592496527,73.7916521239561,7.80626682263238,22.6519621787422
90.7938776791103,128.972822228152,113.047271180469,79.7242764900263,74.3301433780707,7.82883276040753,22.6753136573733
90.1232358662085,130.049204532056,114.825937122319,82.0807355430134,76.2827289514205,7.93005077079498,22.8063144183916
89.0798020411897,131.814342078752,117.821952059438,85.6731540432181,79.0630285835769,8.09878257315302,22.9049087924354
88.811224477859,132.382974907418,118.957907844326,86.9768185621375,80.0651467256289,8.16870799283137,22.9324512652663
87.9224697973594,132.967124114381,121.240497827136,89.654780070765,82.112094661128,8.31525661759642,22.9690427627098
87.6928178226375,133.033740183359,121.805490719774,90.3161272199288,82.6217291156711,8.34934432532758,22.9862130329616
86.3944960758794,133.075584596729,124.573073216011,93.4816203775819,84.9777501237423,8.44510142815671,23.0819357304364
86.2726160882267,133.079095550704,124.84001320327,93.7772630940458,85.1828828214828,8.44945484771985,23.0874208045513
84.9867005380011,133.211176151304,128.050128234826,97.430442172636,87.6901722892806,8.54104636023873,23.0375365603423
84.8176255756423,133.228748784791,128.479138259877,97.9588497962582,88.0717029958692,8.55754092693163,22.9989814415815
84.7918555649686,133.231427164524,128.544526965398,98.0393884514845,88.1298550146185,8.56005499024298,22.9931049604743
84.5089768290487,133.343781409101,129.375111777994,99.104880669485,88.9400867659364,8.58704196082975,22.900415785457
83.1386535829391,133.498730100506,131.045525701881,101.649075525404,90.780408719091,8.55873387013372,22.5730795420995
83.0375785188696,133.542629218927,131.179826096344,101.841785659055,90.8963067942295,8.55654720515019,22.5697209550746
82.2710237709154,133.680489650641,131.962790777962,102.863404506486,91.3247799263408,8.56105126208819,22.6344497466781
81.6489439584542,133.788804462985,132.772339514017,103.665748203252,91.518851981541,8.60223898082878,22.7855470334293
81.4690135419218,133.875100831871,133.162450676042,103.997357564578,91.611100399954,8.62778730270477,22.8588329668317
81.2822875276725,134.019753928128,133.725929891474,104.451809021668,91.7690486557925,8.66501992954099,22.9509151890844
NaN,NaN,NaN,NaN,NaN,NaN,NaN
NaN,NaN,NaN,NaN,NaN,NaN,NaN
NaN,NaN,NaN,NaN,NaN,NaN,NaN
NaN,NaN,NaN,NaN,NaN,NaN,NaN
NaN,NaN,NaN,NaN,NaN,NaN,NaN
NaN,NaN,NaN,NaN,NaN,NaN,NaN
NaN,NaN,NaN,NaN,NaN,NaN,NaN
NaN,NaN,NaN,NaN,NaN,NaN,NaN
NaN,NaN,NaN,NaN,NaN,NaN,NaN
NaN,NaN,NaN,NaN,NaN,NaN,NaN
NaN,NaN,NaN,NaN,NaN,NaN,NaN
NaN,NaN,NaN,NaN,NaN,NaN,NaN
NaN,NaN,NaN,NaN,NaN,NaN,NaN
NaN,NaN,NaN,NaN,NaN,NaN,NaN
NaN,NaN,NaN,NaN,NaN,NaN,NaN
NaN,NaN,NaN,NaN,NaN,NaN,NaN
NaN,NaN,NaN,NaN,NaN,NaN,NaN
NaN,NaN,NaN,NaN,NaN,NaN,NaN
NaN,NaN,NaN,NaN,NaN,NaN,NaN
NaN,NaN,NaN,NaN,NaN,NaN,NaN
NaN,NaN,NaN,NaN,NaN,NaN,NaN
NaN,NaN,NaN,NaN,NaN,NaN,NaN
NaN,NaN,NaN,NaN,NaN,NaN,NaN
NaN,NaN,NaN,NaN,NaN,NaN,NaN
NaN,NaN,NaN,NaN,NaN,NaN,NaN
NaN,NaN,NaN,NaN,NaN,NaN,NaN
NaN,NaN,NaN,NaN,NaN,NaN,NaN
NaN,NaN,NaN,NaN,NaN,NaN,NaN
NaN,NaN,NaN,NaN,NaN,NaN,NaN
NaN,NaN,NaN,NaN,NaN,NaN,NaN
NaN,NaN,NaN,NaN,NaN,NaN,NaN
NaN,NaN,NaN,NaN,NaN,NaN,NaN
NaN,NaN,NaN,NaN,NaN,NaN,NaN
NaN,NaN,NaN,NaN,NaN,NaN,NaN
NaN,NaN,NaN,NaN,NaN,NaN,NaN
NaN,NaN,NaN,NaN,NaN,NaN,NaN
NaN,NaN,NaN,NaN,NaN,NaN,NaN
NaN,NaN,NaN,NaN,NaN,NaN,NaN
NaN,NaN,NaN,NaN,NaN,NaN,NaN
NaN,NaN,NaN,NaN,NaN,NaN,NaN
NaN,NaN,NaN,NaN,NaN,NaN,NaN
NaN,NaN,NaN,NaN,NaN,NaN,NaN
NaN,NaN,NaN,NaN,NaN,NaN,NaN
NaN,NaN,NaN,NaN,NaN,NaN,NaN
NaN,NaN,NaN,NaN,NaN,NaN,NaN
NaN,NaN,NaN,NaN,NaN,NaN,NaN
