86.5067904025622,170.878582666909,194.66514902172,161.713385131408,150.267708494895,14.4470791647202,17.6551380319321
98.965969849082,187.398092668747,210.722158054648,176.674034759314,164.980844956009,15.7086088221273,19.6696790727007
101.849280390711,191.20610322043,214.435876484498,180.13181628125,168.379202988976,15.9949282460874,20.1260217960453
99.3557235151425,187.738659604877,211.200436554281,177.097938025527,165.369554379948,15.6855961827215,19.6212235331612
95.8871624852162,183.090468527727,206.723688192285,172.923002168056,161.255187425318,15.3182207575648,19.0308457844658
90.9038546366823,176.41839754982,200.290855877367,166.92778323664,155.347379945882,14.7940477400821,18.1882924259285
90.4690079233476,175.836345061399,199.729495252583,166.404713150631,154.83194764148,14.7484028146429,18.1149177436667
77.7823273205794,158.850579566112,183.338278393808,151.151480398395,139.794240500271,13.4209373070322,15.9752593052383
76.7178904466775,157.413870892414,181.941037725947,149.865240276914,138.522739551909,13.3093763623417,15.791708777361
84.1261334956148,167.249191968279,191.274346423422,158.647237866068,147.176826162482,14.0727058342694,17.0030923528418
85.969714925463,169.703049005791,193.598474276529,160.828808647737,149.329828909599,14.2624276250013,17.3063853482874
87.6606937191407,171.96065969338,195.711214190255,162.814611040484,151.292986176929,14.4358354744785,17.5850005868169
88.5066028394703,173.090649870502,196.76638126006,163.806624916434,152.273995208941,14.5225270365938,17.724416196335
88.8596938895697,173.562319236221,197.20681870157,164.220701574026,152.683478333009,14.5587129742629,17.7826096863707
89.5353697378873,174.464906822958,198.049640806065,165.01307962158,153.467066184213,14.6279584680949,17.8939688831992
89.5652145122027,174.504774346555,198.086868473088,165.04807916176,153.501677459181,14.6310170591944,17.8988876472864
90.1428261459478,175.276364883454,198.807367591039,165.725455420999,154.17153928722,14.6902126082456,17.9940847270293
91.1448169113918,176.648496368531,199.686936860248,166.624541247891,155.110145080331,14.7770833388897,18.1521316500519
87.694139759713,172.04829487328,194.97054958808,162.279144830843,150.85916246632,14.4043466131078,17.5727706750162
84.5404150042091,167.830709790664,190.711724355723,158.353390023441,147.005296500045,14.065672896697,17.0450283288261
84.4785622149492,167.747971517182,190.628372460669,158.276619493512,146.929822150102,14.0590432078404,17.0347065968908
83.0479164473125,165.828613272623,188.681618304392,156.491817691236,145.173627958652,13.9048792585508,16.7962825820088
82.6664205693002,165.313977133636,188.153068137775,156.01132218729,144.70007379321,13.8633593490746,16.7328626769712
82.5263522591268,165.095233408879,187.830382665731,155.765695595538,144.455406628056,13.843144939579,16.7113831338088
84.0161936704342,167.050347249641,189.63991805463,157.500463979648,146.166067684806,13.9963019629338,16.9627103977477
85.9060090602726,169.539184506033,191.956463712426,159.706800438678,148.34937797199,14.19266400041,17.2814729226953
86.2548923489944,170.001335373346,192.378300008364,160.110305434063,148.750017912492,14.2294848951398,17.3412753357641
86.7482886605396,170.655689565705,192.973187341866,160.679849339079,149.315909662834,14.2817219770904,17.4261242368791
87.0300223272251,171.029331608847,193.312873281567,161.005063956504,149.639038867573,14.3115498138426,17.4745737114009
87.4596839441256,171.599159298548,193.830915771155,161.501036766594,150.131831291743,14.3570391467943,17.5484622168319
87.5011477626304,171.617072897352,193.444405048087,161.257440940602,149.941393566006,14.3639978956546,17.5719531736746
87.3857756237765,171.459610667693,193.27144988455,161.101644869399,149.789874152694,14.3516995651858,17.5530078502519
85.9458425662255,169.48359039059,191.151169334796,159.181976495593,147.912249241528,14.1954806392001,17.3117342806151
84.6840639111327,167.754895001303,189.32130862748,157.523697680498,146.270932451205,14.0572689633282,17.0996968884339
84.5433244504425,167.558658793589,189.107326578463,157.332998811709,146.079339493704,14.0412625805335,17.0759434354728
84.3306622985559,167.233555590929,188.688580846009,156.988101102652,145.716440925964,14.0128007067308,17.0402647570834
84.668652417253,167.671500392481,189.088407857082,157.378324594651,146.092264949086,14.0465149669677,17.0980017781512
85.6795662935387,168.995121893735,190.330766595979,158.573751209176,147.259228162228,14.149867500719,17.2710775506481
86.0010098345503,169.429085726419,190.73369962086,158.964841356588,147.642870355584,14.1844629743368,17.3296827811411
86.2440606443966,169.756944932445,191.031393039001,159.258206202194,147.930778980877,14.21056892608,17.3747141733762
86.3253364378995,169.865772628233,191.117273494533,159.35153372658,148.022612528449,14.2191608189513,17.3910880415405
86.174319685698,169.628503699486,190.790402322048,159.102450674137,147.77505309409,14.1980164724116,17.367131061182
86.0065040705122,169.374348562422,190.501124089362,158.854604639829,147.528796696451,14.1760570884133,17.3352307263511
85.9748293172913,169.326377452955,190.446523588554,158.80782435681,147.482316453145,14.171912312802,17.3292096225801
85.9216408370946,169.245824010657,190.354838023218,158.729270559101,147.404266484347,14.1649523748985,17.3190989405346
85.8558620762462,169.144480040816,190.238621142163,158.629848908756,147.305420578745,14.15613685676,17.3062096968201
85.6992724914124,168.892042942952,189.943600671477,158.378413338483,147.05504824959,14.1338002640323,17.2730253140123
85.647184998348,168.808073018655,189.845465940888,158.294776559341,146.971765143807,14.1263702863615,17.2619869597617
85.5680933963117,168.680569937881,189.696454487254,158.167779338658,146.845304954009,14.1150883297439,17.2452259088806
85.1735926789123,168.060724651668,188.946879534032,157.529810433752,146.209210459319,14.0615155692414,17.1634274624978
84.9697212502022,167.70775552308,188.311707209244,157.030747091917,145.734283961841,14.0371261788118,17.117814181498
85.0745378854308,167.86423866415,188.27904313412,157.044519034866,145.784222356787,14.0605790583097,17.1432234422881
85.1323200906475,167.95658523187,188.299134820806,157.078216554931,145.834633827729,14.0732852584588,17.1580045005948
85.3117686516185,168.288685986418,188.422408260934,157.228531807084,146.047773165313,14.1214894532262,17.2146806798088
85.2942142555814,168.409465367365,188.359732375422,157.19795297284,146.078767381762,14.1564838136894,17.249576103307
85.2556600121471,168.405398549721,188.29934707261,157.151905299201,146.050504965378,14.16478325857,17.2560875412809
85.04926631298,168.05254151061,187.746784576074,156.743883675515,145.630828910487,14.1564121565101,17.2274238966144
85.0785251274028,168.014120576052,187.710017247091,156.727183479991,145.596089570781,14.1491091931925,17.2185239286805
85.2140801151164,167.835574803953,187.554553340055,156.656065999963,145.445572976039,14.1132187714792,17.1752961630708
85.3868197239282,167.637793278216,187.409148862445,156.594175240636,145.301072678475,14.0686319898298,17.1225836599576
86.0885699414426,167.302042848878,187.244851599765,156.615040709681,145.192108454671,13.9589194914623,16.9961895872521
86.3389347171526,167.229185093977,187.222803871448,156.642265326877,145.210914475566,13.9289319620785,16.9614183972643
86.7699766374289,167.130641476981,187.203355920966,156.697206803535,145.281144978411,13.8834584386415,16.9082120172869
87.6155980513391,166.940627573585,187.142978748952,156.75987901195,145.510513157173,13.8077976845277,16.8152499899006
87.6793322930486,166.894256688514,187.108407943491,156.737312362,145.518104709328,13.7993561561617,16.803761655092
88.0747441013332,166.611741482077,186.896701017226,156.597545704604,145.575627027992,13.7488448141168,16.7347387240331
88.1023425896285,166.594164901109,186.883072725154,156.587889176962,145.583958202684,13.7460896844055,16.7308534571325
88.1784481143864,166.545695763824,186.845491379807,156.561260359625,145.60693222992,13.7384921453589,16.7201394544983
88.7414872744767,166.216328976273,186.589451470951,156.376666132369,145.813007588649,13.6897239570135,16.650990038243
89.1985605598037,166.007149073323,186.429041417215,156.257708644102,146.038901134643,13.663187023265,16.6133325121361
89.261307383887,165.983177757095,186.411282984198,156.244568206159,146.073239985728,13.6604160999166,16.6094876979791
89.9016917164008,165.778120134597,186.270566673291,156.145496019257,146.43206822255,13.6368677792946,16.5784207431172
90.0131234708798,165.747420658591,186.251180561827,156.132665875618,146.49556053525,13.6333655921483,16.57404332347
90.8814633316472,165.040375353376,185.708791129074,155.686493590717,146.747501785304,13.5613091353354,16.4746790978385
92.5697535895311,164.61478789172,185.495046709629,155.618354698517,147.416807135484,13.4722418613481,16.3277164545068
93.0829850196164,164.318347717324,185.251119800202,155.447976484784,147.545937112063,13.4221919488217,16.2328700986751
93.287994734432,164.231128685409,185.178355080254,155.402280531967,147.617973640646,13.4045879917101,16.1986604275464
93.7910940700888,164.073803813859,185.05060047854,155.336638961386,147.826805354108,13.3654918113194,16.1247755926982
94.0197144398538,164.021824585574,185.011248730166,155.324079623853,147.931149603679,13.3490406648311,16.0952040169027
94.1487570060035,164.003271983145,185.000527520392,155.327737185843,147.993774589308,13.3403903209125,16.0812351956658
94.3021525657151,163.981218122015,184.987782997224,155.332085005213,148.06821820128,13.3301074786947,16.0646301697734
95.4698804202144,163.615200943418,184.766982768675,155.272741188741,148.472361476443,13.2214421777204,15.9250541616063
96.2747828252029,163.148149878804,184.515371309897,155.15322977134,148.509057550476,13.122393115173,15.8258968807207
96.8251297143534,162.929966056282,184.447185319216,155.152490204445,148.541222202555,13.0749321323323,15.7814588314694
97.3490708947008,162.769822110687,184.421004880162,155.177325296447,148.579644349628,13.0426796088558,15.7471026867194
98.1486037524994,162.126204048405,184.038528833991,154.896420400915,148.346648437984,12.9744185644369,15.6335918158009
98.5698664911077,161.810923838163,183.83776165473,154.741636546979,148.239393523654,12.9488991918162,15.5702795124957
99.1056601845504,161.505587802836,183.646273819707,154.602235316287,148.171885874579,12.9264639398615,15.4969887078557
99.3330453081273,161.394213982815,183.577443621883,154.554942849337,148.156317610202,12.9183856215859,15.4672724217185
100.143820683683,160.929411521924,183.260781049349,154.338736188932,148.051575715264,12.878117669546,15.3422405837549
101.195762633893,159.962599760264,182.54325666467,153.829785156995,147.628520728023,12.7791510414808,15.1208862095067
101.78361686763,159.63983068535,182.344754400352,153.731109786301,147.51612058551,12.7407950295569,15.0443572113993
101.976909996253,159.563925705406,182.307374348375,153.722306714164,147.495690226308,12.7321150225654,15.0268147694758
102.938552322887,158.821280787838,181.817670378203,153.413227333955,147.096206982727,12.6692233445375,14.8998988696021
102.968788331231,158.794931845653,181.799810313617,153.400950057414,147.080367303399,12.6675286531923,14.8960048956263
103.166329555865,158.622786030382,181.683124969761,153.320738800175,146.976881763358,12.6564567087779,14.8705643553576
103.617868414946,158.339588941047,181.505239463417,153.208184841905,146.818060880076,12.6438060264588,14.829024730365
103.778296666131,158.263951601774,181.461229059657,153.183934733967,146.779930009291,12.6415474776078,14.8171235791466
103.913826981904,158.206467601221,181.428961281337,153.167484906722,146.75242704142,12.6402030366103,14.8077879862725
104.162932723636,158.100811575011,181.369652861618,153.13725000028,146.701876379212,12.6377319439253,14.7906290962179
105.187489881704,157.499458420503,180.944348641058,152.855875281818,146.351505502344,12.6118825385888,14.6805003838845
105.427300429158,157.30866307079,180.788195753408,152.743444068676,146.226107566704,12.5988209209574,14.6413219203077
105.703291478251,157.112499728421,180.626297995392,152.630614806298,146.099807335368,12.5841693594646,14.5981872342614
106.224212003267,156.843263238318,180.398124805331,152.489466099279,145.939289307433,12.558222947692,14.5256249202553
107.241725262266,156.511537481138,180.102270038348,152.352237262904,145.774924717571,12.5091892517126,14.4027441976406
107.249865516747,156.503750778612,180.094806902747,152.3468247461,145.769284222057,12.5081911647905,14.4007848635459
107.256463551938,156.497439312869,180.088757702265,152.342437662572,145.764712351732,12.5073821713308,14.3991967368677
108.754742748958,155.500947673978,179.153172475819,151.706532795338,145.062684201869,12.3488338129579,14.1169195274909
108.953157329602,155.423782482938,179.087390648588,151.669843370046,145.012529143154,12.3312658670225,14.0899287201843
109.181692273318,155.350659556696,179.030796499141,151.643054967294,144.966718622632,12.3118493984335,14.0621437905015
109.744907494125,155.041294110322,178.779836123356,151.477645249852,144.738613970709,12.2464865660221,13.9719434699437
110.477248211203,154.367013983562,178.21625074809,151.048639506083,144.176320043914,12.1216303799658,13.8089661353879
111.067588302753,154.02145490844,177.933089508804,150.85174866463,143.868609858948,12.0443672409997,13.7125575991352
111.574269994401,153.815343236086,177.762415339059,150.747550288391,143.673494387722,11.9913568956751,13.646275795429
112.174600049047,153.2519811618,177.246493943612,150.349556767448,143.128029675422,11.893630153333,13.5164288694291
112.767321452281,152.722738863181,176.764495296306,149.979807416499,142.608862907858,11.8047170393257,13.398301311298
113.619474231013,152.2549664673,176.417907328753,149.751264339237,142.190996791863,11.7106632141773,13.2828655076654
113.777866835348,152.128339784976,176.331235970901,149.68888296311,142.086830582361,11.6876692677635,13.2554426064618
113.845611901447,152.015261291223,176.249436815755,149.622532555885,141.994152789753,11.6702885413357,13.2344605036311
114.054650464699,151.680841676452,176.013349522505,149.432081779711,141.72339893881,11.6178612329279,13.1717811568077
114.871517424662,150.84894939044,175.589641638725,149.128644974784,141.139925379269,11.4562616535123,12.9921437778237
115.124052918261,150.684578209984,175.545779873544,149.11334947393,141.045373686726,11.4159689239224,12.9485190788768
115.770542751705,150.313318742251,175.489645914848,149.130165104231,140.853466372799,11.3171505785457,12.8365549485392
115.88684556362,150.152284477048,175.419665516042,149.082503253373,140.747636202654,11.2857841001797,12.7975469540287
116.106880598272,149.880991200028,175.311416412274,149.014519155999,140.573916878284,11.2316105815069,12.728582620597
116.38174027952,149.603939770246,175.220547136439,148.970391832757,140.405925237339,11.1737511685687,12.6516065964783
116.430876880677,149.568362108922,175.213631399153,148.971159657402,140.386780657794,11.1660183864082,12.6402742715029
116.736292705763,149.347223883406,175.170645609338,148.975932185253,140.267784686969,11.11795413312,12.5698365265022
116.804322980187,149.31028334069,175.168742843701,148.984334017124,140.250889825699,11.1102579405367,12.5568386756566
116.895112670641,149.264774769178,175.168564464046,148.997805025308,140.231300426224,11.1009132495244,12.5403207938826
117.119728436729,149.152185524711,175.168123148707,149.031132606976,140.182835804874,11.0777942707052,12.4994551774202
117.880729225808,148.591164566095,175.037260473926,149.057639397789,139.891209827614,11.0284640908905,12.3535410539968
118.110710204672,148.304484021319,174.917125722929,149.009753556219,139.721072692909,11.0331090622113,12.309548043126
118.18286542885,148.217487914802,174.881334651682,148.996436514374,139.670045218622,11.0354438239378,12.296740520385
118.925690106033,147.738259951833,174.767719830207,149.079602239056,139.454065016833,11.1463025612818,12.2841168294068
119.622650600804,147.361246659383,174.65035951017,149.172201218671,139.285206552766,11.3232522329378,12.3460448698537
120.081158599633,147.002373114676,174.435116032045,149.141604431696,139.075069400217,11.4818376194211,12.4142669300354
120.228980480795,146.940282402571,174.395289139021,149.153180334114,139.045757388142,11.5261838998906,12.4370913532935
120.718944412133,146.793028396496,174.294647096087,149.212573695082,138.991351975167,11.6562973307891,12.5054888136954
120.840290765441,146.766692245266,174.27515041817,149.230922060059,138.985276795572,11.6856011313405,12.5211726746718
121.703937084124,146.391334550239,173.914200540715,149.192087586012,138.795726096638,11.8376462575043,12.569165023015
121.864530166331,146.268107638549,173.798821709194,149.147521243685,138.723822359687,11.8487456047306,12.558500475012
122.088522856487,146.111202819355,173.655926627325,149.098099315865,138.636624731362,11.8597590464221,12.5410577229955
122.633269743648,145.848396336516,173.452715719899,149.080463184211,138.526558918647,11.8542049562328,12.4803268660274
124.911253318499,144.672793817104,172.703094619888,149.060409805357,137.972381990099,11.6619801149437,12.0014321767884
124.99855398829,144.648791814669,172.685824255457,149.067283075904,137.962811103246,11.6557627966029,11.9840133588622
125.214758009705,144.616271808394,172.655671829676,149.093382201475,137.954786297603,11.6429006816262,11.9453414390829
125.672972881528,144.38146840611,172.420266134296,149.020210524268,137.793328102701,11.5949760101182,11.8201594950509
126.582870403223,143.792758238109,171.911791752,148.862755847686,137.396380480152,11.467629984623,11.5468742430287
127.672386398008,143.318325816491,171.762835138934,149.058631992615,137.219857108029,11.3358778517458,11.304143550051
127.725918427039,143.262342543781,171.737167600711,149.057053243513,137.190750798234,11.3252600828699,11.2854866645136
127.946176180458,143.046144557286,171.644863320983,149.06117314353,137.085938316437,11.2839205661758,11.2120528039538
128.11264272617,142.905596453494,171.596593947999,149.081435165819,137.030865730715,11.2564687880011,11.1619320649982
128.445149001628,142.657168450061,171.520088179164,149.138830198975,136.951774141532,11.2071232684911,11.0677061673214
128.82173977271,142.441010658541,171.464953251287,149.233161121751,136.921561793003,11.1623339367107,10.9710819788966
129.340284229598,142.207176203294,171.305560850208,149.355187942527,136.934306843541,11.1172972385927,10.8169238162325
129.281649540876,142.064539824685,171.095371176285,149.239158324777,136.818097725915,11.1073707701425,10.7631924749145
129.259653286453,142.052648919445,171.059054971576,149.218768260503,136.797756058448,11.1075699555319,10.7559482530714
129.127593215648,141.986458741727,170.845846466321,149.09978028292,136.677252797281,11.1091918969271,10.7136955008922
128.944281830256,142.014852952398,170.661495170615,149.013924563943,136.547524834055,11.1212984891307,10.6837203545423
128.685249263773,142.182421134483,170.507749545242,149.008007586825,136.347532782844,11.1463581185032,10.6566723758499
128.537322226856,142.348224554207,170.47706937752,149.084319925116,136.1997742672,11.164058345822,10.6434728203439
128.500148050274,142.360136563011,170.46261811988,149.087888687328,136.159284745402,11.1655228336741,10.6396764843442
128.469023794324,142.360697803004,170.448386280435,149.085939238899,136.124322572646,11.1658051932528,10.6363463756952
128.049260322679,142.384086423034,170.278190979381,149.097286925163,135.625538546638,11.1693543428489,10.5882278110228
127.85245744326,142.420958380665,170.234007071135,149.16424681808,135.347045886855,11.1705942692059,10.5604168782662
127.851039057117,142.42122412207,170.233688631469,149.164729407484,135.34503875093,11.1706032055303,10.5602164409466
127.785533196018,142.457960320338,170.244909784606,149.237639458197,135.216690719484,11.1711857480675,10.54554626336
127.73024167694,142.49021156065,170.255698972938,149.301753462725,135.106544061064,11.1716860862099,10.532888483923
127.679435720334,142.519846396936,170.265612880955,149.360666174588,135.005333125979,11.1721458340768,10.5212575755387
127.673244232886,142.52345785766,170.266821043169,149.367845594884,134.992999016438,11.1722018614274,10.519840170414
127.567076951013,142.851071579237,170.492037499063,149.942007018212,134.475404488096,11.179277639629,10.4397659889398
127.545399516016,142.894930918286,170.515655091179,150.022096638693,134.389663856099,11.1796233743198,10.4249577777363
127.516972360014,142.894267878705,170.504457348501,150.033512123086,134.339330634905,11.1784983957539,10.416899397816
127.440092910507,142.892474729999,170.474173760067,150.064384580251,134.203207614471,11.1754559622142,10.3951060178469
127.294556068077,142.899384189585,170.414055427487,150.121687337784,133.947477393707,11.1701769535886,10.3537625915805
127.145815235531,142.933871195063,170.345187881519,150.177216212236,133.691328273392,11.1660605845772,10.3112763334449
127.089756911057,142.964999628116,170.316341015794,150.197936849409,133.594305061254,11.165284466369,10.2958081385994
127.034253328781,143.000170095677,170.287085823835,150.218402674975,133.49812579467,11.1647020405074,10.2806236012589
126.812775253234,143.231993456808,170.160511104353,150.309253449968,133.078220930975,11.1662802869009,10.2242004996414
126.739002985969,143.360519392562,170.113159093881,150.347955957934,132.902006836583,11.1694248064895,10.208283666373
126.508318976549,143.359831489152,169.922887956336,150.251935222071,132.547627096467,11.1654748034614,10.180778044418
126.317006121021,143.332189731487,169.762122492549,150.159584517806,132.251637080479,11.1628716127718,10.1606697116735
125.999629572891,143.290942965361,169.493630115409,150.02223591042,131.672323053126,11.1689864710273,10.1321202911016
125.858189615609,143.278519771679,169.370381727335,149.976165841232,131.351550485893,11.1809530206809,10.1205824108861
125.852761258144,143.278474913555,169.365333514676,149.975307377296,131.33579903659,11.1819994266505,10.120139420127
125.761591581988,143.277721517944,169.280548399413,149.960889410246,131.07125224848,11.1995738944322,10.1126993566628
125.641086092237,143.268836640057,169.147488710657,149.955626032979,130.661142333701,11.2445910393464,10.0977674564346
125.590107341457,143.23386549311,169.096775985897,149.924105128979,130.578128595937,11.2504004401718,10.0915959555546
125.379447472802,143.094648051507,168.886242176309,149.795969625566,130.238503033365,11.2762220739149,10.0647858086639
125.229513089072,143.013763700519,168.733051367948,149.712054785983,130.008512434036,11.3008418982438,10.0412082967551
125.220970683833,143.009155371953,168.724323430224,149.707273797477,129.995408882658,11.3022445952843,10.039864984726
125.097893117779,142.990952484693,168.59616060805,149.655316033312,129.821936157199,11.3284773608736,10.0126409189042
125.014715044004,143.035105458046,168.508611274501,149.639366419076,129.715972195246,11.3493466505458,9.98624438420562
124.998455544081,143.055849952708,168.491347489308,149.640342947304,129.697498143084,11.3539950338801,9.97940104946403
124.974837375311,143.085982919791,168.466270519277,149.641761429336,129.6706631676,11.36074716664,9.96946058169867
124.966074386389,143.09752250451,168.456967589167,149.642406260429,129.660748270157,11.3632544107128,9.9657270702923
124.948858493718,143.211215141285,168.439023710985,149.673691175625,129.651807987046,11.3686910867928,9.94691398570663
124.595202495791,143.468855641541,168.14252291863,149.557437086834,129.397707918182,11.3390848270846,9.84862246347032
124.500612021845,143.548660096618,168.068300860631,149.526449691794,129.331726137962,11.3233993946011,9.82426723536122
124.384233193978,143.763272480319,167.979340310037,149.515337906966,129.249271883176,11.2889813815113,9.78921432254525
124.306204899806,144.375208149688,167.866509058716,149.581615733814,129.164573710511,11.2162257588555,9.75029856834046
123.819998430171,144.60572041074,167.186407992198,149.14941882416,128.74324104727,11.1508864846339,9.7072947831541
123.750030085596,144.756314835126,167.017364080569,149.072474966271,128.724904398663,11.1423597061335,9.69492674294068
123.741072667271,144.795602585008,166.988388751346,149.063387990266,128.730036847547,11.1400636269699,9.69106388457226
123.711851551971,144.92376807058,166.893864703756,149.033744228646,128.746780051355,11.1325732997864,9.67846237086922
123.424174671504,144.941884916976,166.55414398167,148.800674784965,128.597582126351,11.096363081537,9.62560639377274
123.380843940354,144.957016187856,166.505104520856,148.770189252664,128.581199542227,11.0883032102077,9.61518361882276
123.017535367658,145.18320105218,166.099404120848,148.543955227281,128.485436673787,11.0002565853959,9.51004741089722
122.980134831206,145.26506148844,166.057755217312,148.53635583505,128.499157201166,10.9788892576132,9.48887355343529
122.978184017752,145.269331332018,166.055582808864,148.535959450452,128.499872864414,10.9777747369548,9.48776912419641
122.957848293841,145.313841154308,166.032937128245,148.531827447092,128.507333101168,10.9661567196822,9.47625630218046
122.949751305329,145.331563440533,166.023920394116,148.530182224926,128.510303511839,10.9615308232648,9.47167229091
122.94945264363,145.332217136425,166.023587807113,148.530121540037,128.510413077006,10.961360194631,9.47150320723198
122.884223690217,145.649322173306,165.941898838725,148.560162459923,128.603686285395,10.8864064474089,9.40361296725222
122.72116110692,145.689479574456,165.790197065603,148.468719339765,128.544857940127,10.8340062515662,9.35569722833481
122.636338981508,145.705283053034,165.711174356022,148.420854450149,128.513080194369,10.8070320936916,9.33140686059209
122.563324322888,145.728990269711,165.640710055947,148.38566261553,128.493091359531,10.778944261677,9.30789096085075
122.552706026902,145.732437936911,165.630462650717,148.380544775862,128.490184445102,10.7748595351365,9.30447111628079
122.5118150571,145.745714874715,165.590999978139,148.360836017732,128.478989941735,10.7591292870955,9.29130132319575
122.509717909976,145.746395799918,165.588976083116,148.359825228171,128.478415816919,10.7583225406526,9.29062589305013
122.478303168171,145.765025986092,165.555973780846,148.349348264727,128.475250045292,10.743148989921,9.27858727916197
122.12188925741,145.893877171462,165.06463247141,148.306718649543,128.444987530447,10.6065253474002,9.15891306862922
121.93619537375,145.873320192669,164.816472067544,148.254858871602,128.390788306385,10.5900395831208,9.12611096496329
121.888583209206,145.916682715073,164.734609199274,148.271074062754,128.414296184866,10.5888343297758,9.11505875997417
121.87019328577,145.942711605428,164.700623108379,148.283165281563,128.43129192427,10.5889329952703,9.11042825081448
121.857669043577,145.986512661213,164.670826800405,148.307774928448,128.46510757429,10.5905853480276,9.10625856965209
121.427970930432,145.965291110589,164.231841300171,148.196481338012,128.446070422024,10.5913785828796,9.06260706578086
121.135993346642,146.032852593708,164.005120992632,148.242154794818,128.577290144225,10.6054261808828,9.04576552193971
121.083493897906,146.07542105541,163.977954529864,148.28809253869,128.642301180531,10.6108386570764,9.0444342650079
120.973801679009,146.222631222931,163.946691525787,148.457706358705,128.854496964215,10.6261747483477,9.04303519009814
120.957762679006,146.249257253811,163.94435265132,148.488953288887,128.892209182944,10.628769744241,9.04295165061524
120.857003288891,146.249533107268,163.885186675215,148.50555245646,128.92294062075,10.6304615417427,9.0368225805092
120.792781287108,146.240651948802,163.845063459532,148.50638633691,128.931345765174,10.6307474558549,9.03261208353894
120.381874110843,146.228557410987,163.588859290969,148.560929688223,129.04562182414,10.6336326990409,9.0007171774541
120.359955415635,146.237100603225,163.572688684174,148.571421501144,129.063383890246,10.633963487592,8.99775863591128
120.335179237301,146.246757549154,163.554409957546,148.583281104351,129.083461550583,10.6343374001838,8.99441439702388
120.204476705438,146.410492607422,163.379569065159,148.695010320972,129.319921243123,10.6376681072282,8.95738441926751
120.226628507891,146.477468912723,163.328319783555,148.70390230152,129.385294620686,10.6380149886784,8.94632232995717
120.228418335373,146.482880482824,163.32417892988,148.704620758232,129.390576676986,10.6380430161021,8.94542853219556
120.118813358873,146.453425051524,162.923765500774,148.429202922143,129.326079800936,10.6249392124479,8.89513257617403
120.101675594806,146.432926234433,162.75108957235,148.277048192369,129.266904817035,10.6198066735834,8.87854813195048
120.091136104674,146.419575294196,162.635912276321,148.175152126925,129.22727409681,10.6164082102394,8.86756294478083
120.082509067117,146.40864696072,162.541634579201,148.091745702857,129.194834604248,10.6136264180906,8.85857108454026
120.125840582632,146.400753731079,162.042784285985,147.613484666079,129.00754270892,10.6018313201123,8.8211416056246
120.140152244654,146.407381188918,161.979366524026,147.549175853628,128.981686088952,10.6005686850475,8.81762654173183
120.159878116749,146.416515864223,161.891957342686,147.46053853065,128.946047713932,10.5988283855803,8.81278170256161
120.302124363839,146.501420900793,161.330072365337,146.884245581207,128.709903496662,10.5874249354504,8.78438412897358
120.289502698133,146.54760658017,159.84367882978,145.324402551638,127.840498570572,10.535217990862,8.70822850995971
120.335147310317,146.799677613341,158.806826692476,144.214321895508,127.198761054742,10.4734163581752,8.64329992404085
120.437604082585,147.065407450425,158.23319116291,143.591684433247,126.861405776176,10.4139543548143,8.58990811559674
120.43381667526,147.134981812757,157.907548237476,143.242773669195,126.657788185821,10.372462752511,8.55243141128262
120.294074901541,147.073686613548,157.334666463063,142.640269729975,126.271856268392,10.2954229358835,8.4811298443278
120.285358160412,147.065423000775,157.300507681884,142.604977176407,126.249911427534,10.2901968294912,8.47650850382848
120.187416663357,146.972572863996,156.916698857378,142.208429260136,126.003338707931,10.231476181916,8.42458301926844
120.152522248922,146.939492389933,156.779956163132,142.067147905965,125.915490237929,10.2105552987976,8.40608310419238
119.679786528628,146.101949549339,155.185877110041,140.492203865251,124.97828565491,9.94498781174888,8.18801563532353
119.564923264629,145.862143161814,154.863850183617,140.184988220213,124.796422958152,9.89123380241267,8.14600084810876
119.341080824839,145.406159745366,154.260143269136,139.608863892221,124.451771351915,9.79137844004114,8.06766190116277
118.762868664842,144.458330665547,153.184295724421,138.578286659648,123.759341296234,9.63277378542248,7.9370474641786
118.540701351832,144.087940597755,152.785178055665,138.19543363184,123.498893042156,9.57229014739116,7.88743403536683
118.335349745207,143.744568681903,152.418605034705,137.843709123969,123.259076243519,9.51645939131364,7.84166964912209
117.698610617938,142.679978419105,151.313823672361,136.773741478994,122.52168549034,9.33920604783361,7.6954883589295
116.821677614223,141.271587861545,149.945027031344,135.377790612562,121.52746292647,9.06613394532637,7.4619746744443
116.586877781954,140.927546328013,149.634878793199,135.029785009506,121.269018539336,8.98175821756666,7.38640071023925
115.570655870752,140.165678572365,149.138173268624,134.140798456646,120.421384853258,8.69060774202337,7.07630472097761
115.530405680549,140.168487024926,149.160769278962,134.130166098629,120.401098098693,8.67611217350833,7.05911576184767
115.272968010962,140.372632165591,149.542902299282,134.214281748126,120.378211779205,8.57043581483134,6.92680280372197
114.734157879097,140.662561993831,150.144595716804,134.432642906426,120.477426871526,8.44954141035974,6.76062714883865
114.288254372018,140.654176201441,150.354495275323,134.504520356164,120.542589412697,8.38875543889965,6.67757577898297
113.898770097686,140.614528272747,150.538048995703,134.617829721001,120.683262779625,8.33819337642531,6.61203115691429
113.85961770116,140.609227674924,150.558050360351,134.63390576695,120.704124352647,8.33302499871717,6.60562888910094
113.614477652311,140.577468616879,150.691061527162,134.746359521942,120.849088328735,8.29991115590369,6.56514871073088
113.299346080169,140.527647009374,150.875313532126,134.927961334927,121.083726318768,8.2547182803927,6.51272240402665
112.894285410038,140.356924628806,150.922281320109,134.979718087965,121.184832434841,8.20661141587892,6.45674784771247
112.71882530626,140.303989212448,150.97915743387,135.038282008926,121.264101653235,8.18250886924392,6.42989465269502
112.639178549403,140.282721328234,151.009774714901,135.069614642447,121.304744856617,8.1711391416397,6.41736269006427
112.463839263772,140.235900895463,151.077177486788,135.138592235451,121.394219312678,8.1461091216538,6.3897740541682
112.417326262937,140.234249874778,151.111538011183,135.171838364523,121.432607584555,8.13795902590916,6.38128966385275
112.208925457124,140.247497017381,151.297082403807,135.349452600079,121.63269531927,8.09854746065646,6.34104058554487
111.987253157512,140.367835142651,151.64472384247,135.667120812802,121.973251956702,8.0419303864559,6.28801708811192
111.837260461075,140.601337902018,152.083273539735,136.048149071341,122.370294397159,7.98210331833293,6.23931504949701
111.725171963572,140.616053612526,152.158352721687,136.097449346032,122.425337736158,7.95907111131204,6.22055295045116
111.513678049718,140.633044730139,152.283331550707,136.175146031928,122.513496213312,7.91708341890179,6.18630224168372
111.437841452746,140.644192421674,152.33422626963,136.20547804492,122.546573443052,7.90082729896518,6.17478342165766
111.382971945053,140.652643288976,152.371513154062,136.227612333678,122.570617279728,7.88897414436539,6.1665074160598
111.324605505878,140.661632745106,152.411176398069,136.251157280094,122.596193472953,7.87636556710508,6.15770396588045
111.172393566213,140.68648850719,152.520433937465,136.31677307167,122.666090458554,7.8425904356247,6.13560099584795
111.096689529763,140.700245286186,152.580521405333,136.353567935221,122.70401147551,7.82490976151377,6.12545228754517
110.799959780964,140.746538346996,152.845616364496,136.526409357947,122.875998949055,7.75276127385166,6.08952995108472
110.773180363171,140.749226773487,152.873044269515,136.545590317748,122.894516726736,7.74601255146365,6.08669378290781
110.688698404072,140.750283523938,152.972532137949,136.619980316719,122.964770333477,7.72417015807083,6.07908054560793
110.634776798026,140.750958007367,153.036031442478,136.667460610275,123.009610525945,7.71022899306714,6.07422130717645
110.584981981291,140.736449432504,153.068965063104,136.689670188421,123.03008995349,7.70020858499022,6.07016627235674
109.572586095317,140.027547391529,153.425274000917,136.88372111329,123.20668193372,7.55743133074332,6.00953333752477
109.383867126115,139.887175422382,153.719041327548,137.092875190001,123.439764559639,7.52186446496637,6.00478074891457
108.624026121165,139.246218712355,154.156024771569,137.189249238014,123.774958591058,7.4090585063062,5.97730268551091
108.573305582058,139.197869092879,154.163618678575,137.168693924564,123.783019258377,7.40063361890386,5.97584213110492
108.474040106417,139.103243758473,154.178480760172,137.128464995563,123.798794839423,7.38414522051663,5.97298367119178
108.302941338676,138.915864106416,154.153102345972,137.002676511128,123.793822487462,7.3529252200438,5.96850178158627
108.24831509494,138.851289449345,154.135021962533,136.95147161663,123.78594171117,7.34240987867575,5.96715794810377
107.624053906657,137.922230785836,153.354794663146,135.961943960107,123.222581281855,7.24382967713302,5.93892620077595
107.329731052763,137.405653237623,152.819746274851,135.385342643059,122.8190209095,7.20510997819995,5.92246811045607
106.579275788606,135.685567900536,150.926296513865,133.432804409359,121.443856990989,7.0975390011232,5.88127202758261
105.217093289492,132.320864659007,147.179775844228,129.654874269969,118.787682629372,6.90109920301348,5.78642382392094
105.045649832579,131.934420694599,146.745786099659,129.216158605171,118.492041342539,6.87294482275212,5.77071083098869
104.823187406046,131.457935434399,146.202165173417,128.665702445078,118.139583755216,6.83062702148117,5.74579634649308
104.071411775022,130.609250323034,145.373429960471,127.821862185896,117.719027329437,6.67629300020441,5.62271294324902
104.065071579072,130.60672208731,145.373974505822,127.822385630619,117.721223714694,6.67498095042949,5.62145242162358
103.91855146023,130.59997747819,145.512709085106,127.961165322398,117.898797995075,6.63780178890724,5.58426937925029
103.859979677259,130.709507414249,145.895984996774,128.343566041575,118.312785306634,6.6042981418695,5.54773442668319
103.859506483697,130.7238233057,145.940686508719,128.388063317777,118.360157181247,6.60163145088957,5.54466147348777
103.918503648175,130.87184342251,146.425691182563,128.867673868194,118.881413911092,6.58477532289918,5.5224683487919
103.852271097055,130.805907903635,146.943670685577,129.36813537437,119.494008321791,6.56291890050664,5.48628080609286
103.837508922595,130.725686165822,147.164873280835,129.581141847877,119.794329409804,6.55870241368971,5.47260446480342
103.835515941151,130.714855753588,147.194736948205,129.609898990012,119.834874544758,6.55813316286502,5.47075807730225
103.854763193937,130.656343613086,147.358932241983,129.771328504395,120.086702865524,6.56021976294564,5.46274874123128
103.985419981357,130.533743383595,147.713133748592,130.174281655643,121.003148852051,6.61280550291756,5.42314686090566
103.967646262212,130.517930023571,147.693399247645,130.158491873026,121.008899235014,6.61516387046343,5.41939183000458
103.947755632378,130.50023323833,147.671314300196,130.14082147334,121.015334508238,6.61780312764332,5.41518956209102
103.915729134977,130.49124600296,147.623250867753,130.102209378223,121.01678818559,6.624762255402,5.4069620971707
103.876628615321,130.488215374698,147.559480581019,130.050932072408,121.01493631739,6.63436165116748,5.39632243103975
103.838440131312,130.485368265942,147.497138561878,130.000798399055,121.013106524771,6.64375914221017,5.38591928519746
103.817620689746,130.524907152874,147.44159101313,129.954371659974,121.004417286264,6.65689645621125,5.37600337503455
103.786233822866,130.694776642239,147.301580994807,129.829612543216,120.979782329641,6.70240474868824,5.34833677342936
103.834711803001,130.984368184619,147.233267629536,129.7360206087,120.963722732598,6.76753528906447,5.32632866366589
103.795344024219,131.048217135786,147.158611930872,129.626715757815,120.883899643335,6.79885593419187,5.3143849205748
103.692320479779,131.382777917683,146.827886906217,128.85051174388,120.28208545725,7.07047288217574,5.29803642065764
103.695446461955,131.390040211891,146.827059679536,128.84430101194,120.277934101175,7.07403619687345,5.29866791285531
103.715122843947,131.435752460675,146.821852731046,128.805207783893,120.251803540189,7.09646535263428,5.30264281770229
103.752125381023,131.521716901759,146.812060773123,128.731690781589,120.202663558454,7.13864463477932,5.31011784863205
103.758041657216,131.535461618105,146.810495152706,128.719936266227,120.194806645739,7.14538861242221,5.31131301931553
103.57729903624,131.663368005204,146.42295268981,128.079759738873,119.675834216292,7.31126915681955,5.32355462913677
103.463579941587,131.877625943255,146.092369375165,127.58976555413,119.294303483978,7.43649447270826,5.33215841701039
103.445633408938,131.995294449896,145.982650408013,127.429925007612,119.17926382343,7.48058983017179,5.33482458093344
103.454007047939,132.517757854024,145.630759943919,126.91181464268,118.842899733072,7.63345059072425,5.3414365636087
103.366770076288,132.615494012504,145.421869666606,126.641924869567,118.64938623665,7.6778861052609,5.33356682547685
103.258126327588,132.736910896854,145.154695408592,126.294985634479,118.403414326155,7.73295474582158,5.32232697595374
103.195955358063,132.851872749168,144.956776245505,126.030239317699,118.224107182838,7.77691427780707,5.31342604029921
103.176634204317,132.923590309602,144.859379191473,125.895038020684,118.136438902356,7.80107794436032,5.30908134468992
103.165503276347,133.044989907879,144.723411529107,125.69938391064,118.014853296983,7.838367289433,5.30306597520402
103.159705486124,133.108223575895,144.652589762438,125.597473136503,117.951522743055,7.85779027023608,5.29993273685349
103.315572523397,133.814978060997,144.034524171173,124.632023544811,117.372969429753,8.0583783167275,5.27595099921988
103.570730731177,134.474895941019,143.137020389896,123.296866181013,116.476301889162,8.26948261422494,5.23520723484416
103.61101115618,134.534563027677,143.088975747858,123.219497422484,116.429787905245,8.28368876289414,5.23316858820194
103.754145433071,134.724539052344,142.966550612292,123.012843631639,116.316498394389,8.32459831145352,5.2278902122886
103.86653895775,134.91694088919,142.644013776633,122.542830412639,116.011221035288,8.38610014914011,5.2089381578921
104.208313249172,136.149796132099,141.500952322997,120.816371207689,114.9261782936,8.75238032722828,5.15310106393003
104.005845344874,136.57911060394,141.493590473003,120.745248066133,114.840302607393,8.8885874940936,5.15095618525643
103.478742800816,137.647876042689,142.544826994405,121.808158321576,115.650898148564,9.20057620442845,5.16464053103225
103.08837228305,137.860453426002,143.170528678844,122.477768918004,116.244723285977,9.32022154684496,5.17120517659114
102.855353265776,138.178835010022,143.931951717343,123.313739188606,117.059901028968,9.43991361429608,5.1987105834792
102.769062514237,138.328325761227,144.235208333873,123.652685865576,117.393936657859,9.48515423054009,5.21075621274212
104.268838546872,145.840681570428,151.443555023702,131.514913633386,123.989475111507,9.78574549373002,5.03255269461126
104.678631320751,146.65923670741,152.24613427572,132.456579716539,124.854442006961,9.81245121348056,5.01065420774775
104.698526632897,146.707662560246,152.301234709127,132.530241123073,124.925935041674,9.81515160274218,5.00805657280932
104.799155587885,146.960768746477,152.595110306944,132.92910716893,125.315297058797,9.83013083162909,4.99347415257401
104.977969305305,147.211195020105,152.947018911324,133.475575723357,125.899291834948,9.86304596975673,4.98558222805271
105.4058650371,147.306507352398,153.210647405916,134.044833385793,126.61868677304,9.9311122381047,5.0163040896888
105.515569890044,147.322201180791,153.251515939862,134.140843179394,126.745589164553,9.94535406167724,5.02533675504457
105.762593643432,147.368834845703,153.329715599665,134.313975235246,126.97315306171,9.97286426926084,5.04500958979281
105.777062544088,147.371566315271,153.334295981484,134.324116083979,126.986482141913,9.97447562223843,5.04616188501824
105.941929225496,147.360489229662,153.347671915073,134.411119832952,127.112846816814,9.99464228716568,5.05884970791604
106.133810837119,147.323807155739,153.333921349852,134.483214608548,127.226519943112,10.0184146768128,5.07248081090171
107.42300749341,147.822089398168,153.659077625661,135.083089440736,127.934201942944,10.171030013963,5.1763610326277
107.422045458765,147.749585885632,153.576223826007,135.036117607693,127.914755726604,10.1930254398847,5.18932496962093
107.422019729522,147.747646807326,153.574007933289,135.034861364246,127.914235645094,10.1936136990151,5.18967168508481
107.299627835459,147.218117596792,153.056126592071,134.729138217958,127.784605883743,10.3081396970293,5.26247104773585
107.231110012516,146.953081245958,152.818994721674,134.592845839224,127.730676052385,10.3552620605188,5.29393363127986
107.222019301839,146.908753673987,152.780731917101,134.572097305383,127.723378920019,10.3626587042786,5.29893148563579
106.989289532327,145.692110957396,151.751800838038,134.015087029426,127.489136643238,10.531359146539,5.40857487735324
106.864457106976,145.116026498187,151.267703725191,133.738606761842,127.327984389759,10.5829004927342,5.43791857878662
106.859481153099,144.664215838453,150.880583340805,133.553521118404,127.24676365107,10.625324614318,5.46427563057708
107.690349861414,143.732705755852,149.751340683506,133.218406878904,127.434667198701,10.7074594319152,5.55502547266614
107.759803594058,143.678974394127,149.648721905919,133.17098556333,127.442467281522,10.7073907193316,5.55987646177301
107.922836118151,143.573230239917,149.426089345169,133.067061124106,127.464520657096,10.7070374773868,5.57080680282668
108.009350416028,143.532647457114,149.321854157587,133.01754413628,127.479076156974,10.7067037649892,5.57625910166599
108.367539140404,143.388223425654,148.915947745136,132.821692114184,127.540710403056,10.7059632004118,5.59731610153792
108.717294505575,143.270125813714,148.550622294409,132.641416911074,127.599659141317,10.7063359789284,5.61508063792012
109.262822798425,142.751599638974,147.539443503692,132.021566549401,127.493225262023,10.6960091973505,5.6284149270132
109.802972676909,142.224485415594,146.628733697917,131.471180864787,127.395370086378,10.6855277022204,5.62725364187497
109.927755591001,142.148573523983,146.492311363585,131.400842919656,127.404165954192,10.6844730646114,5.62730432348755
110.350692766385,141.994688916317,146.19252998833,131.289521925431,127.50803589598,10.6838647018225,5.62898009986297
111.809049194257,142.150177661318,146.369165368715,131.954707242881,128.555908046797,10.706368301975,5.63534403635253
113.208561914307,143.344022869517,147.80505935372,133.57712041161,130.109693794382,10.7890422999512,5.67331266550268
113.430598983465,143.546283273089,148.057756973751,133.859372134407,130.363785499619,10.8057915736677,5.67554372484429
113.622291867662,143.714735771011,148.262100833012,134.087944755323,130.57154376829,10.8199297902675,5.67743401109201
114.41960577824,144.30185942331,148.884152738374,134.795092827083,131.255710844529,10.8713306945616,5.68470887953934
115.851407533662,144.725111812516,148.966095685514,135.024367860782,131.772711130476,10.9135050724501,5.69124375016735
116.594419584947,143.721243935034,147.0029527923,133.233604414202,130.665576164897,10.8599401333117,5.66888407894502
116.767078997414,143.387539364646,146.31753953341,132.609108044518,130.236317440388,10.8426235857395,5.66819837146384
116.832601104416,143.258043909118,146.038140485413,132.35937990832,130.055442606376,10.836573752031,5.66922288397801
116.950056899549,143.025908643768,145.537286058659,131.911713950273,129.731203987982,10.8257287401537,5.6710594386537
116.910789043709,141.59321529841,142.9608718351,129.65896033946,127.822921213614,10.7645272303152,5.65837407575551
116.914044843812,141.524388448888,142.835788705777,129.555485235332,127.72994492577,10.7616105446109,5.65841040435514
116.965618186178,141.26733243602,142.385195759607,129.202654812702,127.406781135929,10.7480095548022,5.66079756496773
117.139313569482,140.387500384433,141.35431472585,128.472112463315,126.727450943966,10.6668035173804,5.66270791919291
117.258297501656,139.692993902633,140.955514634465,128.207009075235,126.536975616489,10.5757510454657,5.65538235796403
117.835090361464,138.231418463719,140.340442076831,127.777569939828,126.409055672687,10.3625390689764,5.64487954490341
117.837103124422,138.21052060866,140.329117348834,127.768024795387,126.403063763868,10.3599864169863,5.64443342858617
118.138666611642,136.466835759516,139.394275867304,127.028463665037,125.963972403341,10.1391680478545,5.60924051294455
118.201443610767,136.255503646437,139.288821507218,126.957453984267,125.929663209819,10.1096376985377,5.60527402318735
118.726175061979,134.903289855713,138.770341886299,126.795355873,125.977452686152,9.87036037630555,5.57225118131713
118.843816787886,134.347491154894,138.641239310279,126.876717050104,126.112533457395,9.73947842961379,5.5456559322613
118.898130445413,134.256741458274,138.661521997922,126.955413094607,126.201749917975,9.70364302899224,5.53960580238224
119.574849025919,134.026755728373,139.291877619428,128.022241971193,127.344069440745,9.39110507292579,5.50060958324748
119.612469860655,133.972696072109,139.367207416385,128.146966868182,127.476457983514,9.33681127715258,5.49076904263112
119.680758293548,133.93227236387,139.491713286026,128.322654066298,127.66075024573,9.2668645577461,5.48013345183351
120.395053485364,134.016398908828,140.835669932093,129.740123203822,129.077034244967,8.83032336882618,5.45617256592707
120.42069971029,133.9329270839,141.152050156879,130.044217969352,129.358985550969,8.72466134840713,5.44879828804072
120.500196939854,133.891519051309,141.662560818502,130.549590146655,129.837107558665,8.58893333532267,5.44405478232408
120.53000594129,133.896909999144,141.794751613021,130.683981843179,129.967650336394,8.55801321490806,5.44377581647504
120.78204202892,134.017655485741,142.650121967127,131.578294762455,130.867356006611,8.36902752297522,5.44559969814891
120.719582359831,133.933496228872,142.841864723698,131.79841197767,131.102017369296,8.28222072860865,5.435662081919
120.718765136878,133.932395088289,142.844373487899,131.80129199358,131.105087680981,8.28108494761759,5.43553205804596
120.687584805813,133.889812144256,142.975453541053,131.952180378336,131.273050967028,8.22020919203542,5.42941364399872
120.6610238585,133.85187657202,143.125100666561,132.123145012,131.467699777824,8.15033907583372,5.42301765301765
120.661271834015,133.851184801676,143.137452464276,132.136219941442,131.483266088764,8.14482382082116,5.42267400664101
120.787369872168,133.909940004239,143.776191159935,132.701135207469,132.165345364821,7.89787546429418,5.41503869787794
120.807819544354,133.922338051734,143.834302259669,132.740980257249,132.213582456634,7.87952501675724,5.41520357724552
120.718478757533,133.771736453384,144.268453892465,132.839854055382,132.344551792014,7.69288799836474,5.39978038595408
121.171791887624,133.592564921801,146.860896920566,133.280655114801,132.613936729857,7.20925363280529,5.35718786948075
121.17765250367,133.586413760127,146.881490000392,133.281709230961,132.613472989686,7.20534116195769,5.35637111193414
121.434385981987,133.389472818099,147.490982216738,133.329476661086,132.633107294749,7.0843932880687,5.33115060319624
121.491113414159,133.35561468611,147.586686073174,133.340243050105,132.64276574643,7.06438653628459,5.32698405341084
122.307446552872,132.93146105274,148.02729718213,133.412627171754,132.844638351355,6.88705302799277,5.29252801095615
122.901962660393,131.885117283389,147.393749655559,132.940281118592,132.674090780226,6.69796734776436,5.23918409834685
123.062051734075,131.677516034028,147.229991543399,132.834638200909,132.64660672466,6.660721244117,5.23070508861411
125.19710149579,129.686392577063,146.117798586213,130.796620379485,131.553802908848,6.18511323943903,5.1459196787382
125.532626933403,129.565548426974,146.289069173176,130.445959810781,131.309655307524,6.10587629301143,5.13988858921927
126.221791129819,129.135761617541,147.097514356924,127.2525268335,128.687878558441,5.56715349503876,5.13028841236355
127.374454093462,130.604653344615,148.635598910652,126.264278724626,127.596907187569,5.31449089902172,5.06197059268252
127.885006828131,131.387294226631,149.316042730049,126.17606460612,127.506917751536,5.24759440265955,5.04021483264019
127.983511840901,131.622226275962,149.507556345293,126.062875349335,127.40470489301,5.21808564201095,5.02404879621652
128.264402411516,132.260065874405,150.019759673313,125.761930297474,127.160919215178,5.14201181141442,4.97941863544923
128.286438809418,132.308046853522,150.057766988087,125.739720883957,127.144853751482,5.13656170367648,4.97601152310107
128.44816089929,132.611240081438,150.296828075918,125.595021874363,127.059591036808,5.10352696850431,4.95331890910198
128.468793296675,132.646386980964,150.324447655085,125.577882520405,127.051070756245,5.09981533055118,4.95059077045451
128.475747754997,132.658233769455,150.333757247596,125.572105444648,127.048198868167,5.09856426743102,4.94967121049429
129.091913046961,133.321172759283,150.847845737331,125.163184217378,126.94976329925,5.03028382922174,4.8852455779092
129.20935594357,133.30211588992,150.793915656553,124.923446345333,126.849845972743,5.01527056777196,4.85827643751027
129.218257449088,133.277330707815,150.762622214541,124.861691010174,126.817490132797,5.01226808413749,4.85199870051467
129.396721493678,133.007883919187,150.301760274803,124.265284274653,126.540259900418,5.00047621955111,4.79318406929411
129.871210633084,133.597672952858,149.771022331215,123.664091336259,126.271143138238,5.00806519296748,4.71025760606021
129.873537113783,133.79017553026,149.772425617005,123.616396350546,126.221647305291,5.00514918055227,4.69818741066378
129.875352705154,133.856927697536,149.779986735007,123.606603067768,126.209361349456,5.00420321849388,4.69466016076792
129.876928594516,133.914866962948,149.786549602411,123.59810273537,126.198697437181,5.00338214632488,4.69159859323789
129.882172031482,134.10764755607,149.808386149037,123.569819685703,126.16321553525,5.00065020316666,4.68141187788832
129.90708808436,134.437003789648,149.92381769917,123.592048216453,126.15484016949,4.99643186658695,4.66975523350799
130.135833791274,137.316354735668,152.079451432138,124.691267868209,126.664405056364,4.93904752425467,4.59564069239486
130.134740563632,137.344864264402,152.115644384781,124.713116736264,126.67556490225,4.93784708141618,4.59466406901986
130.421605118639,139.259860959178,155.023791990539,126.8320728714,128.109170306708,4.8478872881339,4.55437676611093
130.519801479076,140.894748626757,157.072598668433,128.469412939563,129.297070677388,4.75288081797729,4.53873600676377
130.657211842141,141.638707003324,157.928244397334,129.172533969007,129.772920352933,4.73042653408616,4.54611959583359
130.626856188504,141.829281994823,158.179571228369,129.369881484861,129.873848596288,4.72091094532893,4.54508173285082
130.619471494509,141.875643638431,158.240712120349,129.417890697009,129.898401656538,4.71859606481282,4.54482924938831
130.606934340105,142.121164824283,158.590279592041,129.701052369696,130.043680323387,4.70995288081622,4.54535025771025
130.606767113805,142.13562253189,158.611418160057,129.718347992112,130.052562934004,4.70952163063783,4.54542087063447
130.606258747919,142.179573784165,158.67567914533,129.770926470301,130.079565960395,4.70821063543032,4.54563553305055
130.630372839345,142.511107253846,159.180941062125,130.190727591221,130.297957151023,4.70153620314789,4.54852859037356
130.995741191336,143.588780581631,160.973299576614,131.716348771965,131.116167498661,4.708568706073,4.56679345149968
131.04198602202,143.998918813202,161.838212784654,132.395798684441,131.355919743269,4.7063600877299,4.56358194090081
131.052910327605,144.081502173562,162.006249480791,132.519772219599,131.391552770911,4.70482270745994,4.56294572227712
131.073925045397,144.240364995434,162.329495999335,132.758255923175,131.460098823025,4.70186530094476,4.56172184999285
131.07595256551,144.255692232745,162.360683133247,132.781265059462,131.466712211828,4.70157996752976,4.56160376962189
131.114380309064,144.406275727647,162.630111309996,132.968724949698,131.518193915062,4.69782728432038,4.56224766710796
131.470562131978,145.513162815921,164.418828867111,134.137299355652,131.815465607252,4.66735273890421,4.57841948791634
131.402792266132,145.815537376388,164.978888128168,134.410499802811,131.724457157846,4.64471029026175,4.57781656313492
131.386801225605,145.895273762438,165.121312907187,134.4825686811,131.705339180645,4.63974932223312,4.57799383030027
131.278917505257,148.253202525649,168.645611036279,136.849995850058,132.101611710443,4.62538024877791,4.58758585479473
131.223359396146,148.532037519481,169.01961754744,137.147172778953,132.186974557103,4.62598838102562,4.5857439701882
131.183761779601,148.768775250557,169.33347399746,137.397772769192,132.26292678313,4.62594399781005,4.58481563599876
130.973980014494,150.991263633859,172.853786187266,139.742101706087,132.517455441519,4.4972151086407,4.62463642138207
130.981268834515,151.013459398755,173.052501409179,139.827557578649,132.456914150468,4.49989631257551,4.62241416248358
131.017937637356,151.00234631196,173.2783389358,139.938471249287,132.404888590446,4.52305666901123,4.6133811208334
131.022575703153,151.000416795396,173.303602065196,139.951139059164,132.399385714952,4.52602738256682,4.61224773356182
131.028526948487,150.997940973157,173.336017966028,139.967393516888,132.392324805612,4.52983919679252,4.61079344938257
130.731437996824,149.930899405562,173.634037482554,140.093216753836,131.906826980434,4.87747453290575,4.45363517558624
130.751059247921,149.787492137522,173.684847528814,140.166277587684,131.918429889959,4.95527461893013,4.42757831107768
130.79205009748,149.668499422505,173.745662237547,140.255195544355,131.952523644104,5.03364115777017,4.40377756556522
130.840209683857,149.57022155967,173.806689316929,140.34501443957,131.994845653559,5.10636079786806,4.38285819330019
130.859093154131,149.531686612817,173.830618156982,140.380232608277,132.011440198231,5.13487431439669,4.37465566553679
130.839811594018,149.418341459504,173.824233377389,140.396760273651,131.996060386931,5.18383093704917,4.35799360885361
130.799180429178,148.662732249568,173.806452911253,140.555371858715,131.914259005178,5.55850075791783,4.23976235090165
130.832934535934,148.621477810074,173.830570415862,140.597550697882,131.928586960311,5.59867374472097,4.22872269018354
131.173979600379,148.389766137187,174.078896983656,141.022656645736,132.053547917226,5.94272309290662,4.11456039493201
131.178516270497,148.380784231845,174.082729076417,141.032869488434,132.053211268315,5.9520942655721,4.11018647236451
131.223478451182,148.291766066445,174.120708308466,141.134087268602,132.049874797117,6.04497039446884,4.06683725549862
131.530098725597,148.197174566156,174.52970607041,141.776736544185,132.321760227783,6.33084465526589,3.94026877077357
131.627686552059,148.149793362874,174.753771379244,142.122197572289,132.494388592679,6.4438903755073,3.89209039837091
131.541302787512,147.970411788278,174.833278221368,142.323577698811,132.543623311665,6.52955938289283,3.84743567301239
131.540067454624,147.9678465382,174.834415210679,142.326457539655,132.544327393826,6.53078449438122,3.846797087149
131.245877317473,147.471525064162,175.263138651155,143.321387655919,133.020347386927,6.80282403722971,3.72443918536945
130.864623102415,147.204950870792,175.719420031292,144.529509940957,133.736066403732,7.06158019952363,3.62241619692067
130.692479509102,147.109232395665,175.732015764925,144.708171950901,133.816743260215,7.11300261567075,3.59729289319614
130.506391626597,147.066084698318,175.752893251721,144.917491451906,133.910462142649,7.18231612052997,3.56636642551173
130.392605314206,147.043519365573,175.766548860338,145.046827435646,133.968103405484,7.22575969227476,3.54715137657322
130.317130816198,147.08378296238,175.793359671165,145.155694546639,134.010321473298,7.27210030760727,3.52924980186036
130.171142448164,147.290259997538,175.901384598023,145.427396845114,134.095843044747,7.4073763647131,3.48114241318502
130.131961087356,147.895616181123,176.162166887488,145.622229464326,133.978926515524,7.63523183045437,3.41177139487974
130.052117952527,149.094586131146,177.103135494054,145.863628327791,133.222129968289,8.13303943864682,3.26727434850168
130.061185089413,149.170541275964,177.234828680327,145.982322107937,133.245477938757,8.17059736756239,3.25782151259632
128.882998723653,148.880000829246,178.645299445989,148.961825727087,134.694109411494,8.78998095635404,3.06211376891124
128.776771188808,148.828016793787,178.638716786481,149.072923385003,134.750266705232,8.82054725502805,3.05185562218368
128.522533368521,148.72266999433,178.6196149381,149.34672440669,134.886489941756,8.89977514557944,3.02652245253442
127.834591358028,148.761892128431,178.693184392416,150.457162068473,135.41245384289,9.21483906660438,2.92871258062427
127.280245812241,148.670206125356,178.652158944146,151.061799806381,135.613627642097,9.37046784405741,2.84260864459016
127.137938258197,148.621576444391,178.631125956983,151.208362837511,135.671168396743,9.40192104773535,2.81905626813068
127.135555294821,148.620762132393,178.630773756157,151.21081705955,135.672131926134,9.40244773679921,2.81866187971682
126.780797783724,148.493228529984,178.59218306581,151.667511359491,135.903193369808,9.48945318694996,2.75122051633469
126.651348381298,148.44343090193,178.58323799075,151.875769915774,136.028371075184,9.52552166678106,2.72254126156098
126.474691383571,148.360510620849,178.574303027052,152.294469746225,136.341997994933,9.59330687981716,2.66918404319676
126.114879139762,148.032233440495,178.338992126028,153.029325094524,137.05611287369,9.73908732489068,2.55221256978232
126.057031563027,147.969315699074,178.280285641635,153.073772250104,137.11156159334,9.75314058165046,2.53920170195094
125.65210010868,147.378806033466,177.642968818512,153.451000764085,137.767447570065,9.89780678418729,2.42704107450717
125.238793953963,146.63214062565,176.780275110842,154.104647473545,138.955251865794,10.1375758365457,2.29034894793955
125.064289302828,146.449626042139,176.596352761499,154.16599812737,139.072013593691,10.1745314902635,2.26500865312771
124.135205329908,145.823227461549,176.091248922552,154.862102984565,139.752674190308,10.3868564387216,2.12740027969934
122.710831848921,146.40362600167,177.529797712295,156.93777800448,140.416801981482,10.7566549281303,1.88212095538826
122.65741103454,146.442036937305,177.631100619861,157.026966695258,140.429596896324,10.7711395616295,1.87215428242837
122.186551874123,146.774749219492,178.614216403212,157.890300387813,140.586218842407,10.9066894400343,1.78133654562137
121.982789518396,146.881892044628,179.104844919253,158.334537189095,140.705649324818,10.9719564012068,1.74004245285069
121.82078633394,146.940175866466,179.502004585284,158.705825352471,140.820237611604,11.0252072903068,1.70710211739865
121.22866743779,146.657152136619,179.976993283641,159.219943813897,140.862789289474,11.118037276853,1.63151797331379
120.767539632687,146.316443183731,180.270628389013,159.62967117832,140.934811681022,11.1914521945481,1.57367046850274
120.574457453402,146.13555599363,180.37876606832,159.828841238688,140.991103058586,11.2271579850501,1.54783276702571
118.925334821806,144.420140230924,180.675010984747,161.397918069801,141.365157343919,11.6111884735559,1.29074326882687
118.357578877805,144.148154351339,180.664120556512,161.785595995693,141.289487057701,11.7826108907054,1.18087321655027
117.362181380641,144.198891504679,181.037247387409,162.384104652947,141.128186844223,12.0301349807778,1.01011417693449
117.071476962628,144.172313817782,181.129895437879,162.491014169576,141.071029123538,12.0751247484165,0.972011558196991
116.604630156732,144.132536547529,181.347106776745,162.743044203367,141.046037495611,12.1513236146274,0.908674240082979
116.208789100147,144.0933850031,181.607617240664,163.073804142097,141.120372722523,12.2253245374312,0.849783317214645
114.811409657974,143.458056779434,181.873486122638,163.99224781116,141.352600355959,12.4469936513426,0.64827190925849
113.58115548241,143.017756302192,181.808258541873,164.895640470053,141.911782558712,12.6321460042987,0.479118625718615
112.745248375716,142.727164494846,181.743755367365,165.353334237996,142.42702312086,12.7207370224688,0.389271843817808
112.279728892186,142.570459289155,181.865357625327,165.896206098596,143.185570954272,12.8039960236982,0.324993269293674
112.118087385888,142.467146586035,181.849440055562,165.99979970306,143.379230968485,12.8252852669248,0.305487238255261
111.204619051334,141.705503228606,181.587495365589,166.377774659868,144.441056780368,12.9337020185157,0.201315249555429
107.90185827574,139.693900107122,180.250686614318,166.302358410375,147.355769410181,13.2617242631913,-0.0877560531677832
107.747063079876,139.57847241234,180.164605740892,166.282348754787,147.469970227409,13.2799224600829,-0.104792419846214
106.835880088471,138.89494795365,179.81996766358,166.429350289536,148.537852458219,13.3880428547832,-0.207465843911913
106.645774588419,138.787080446207,179.843081412498,166.569378194427,148.892346319721,13.3966000599954,-0.223089505783838
106.642100175117,138.785269757406,179.843997954604,166.572507526533,148.89959161843,13.3966562526029,-0.223344385923186
105.11407115297,138.203955495118,179.782853873881,166.814685511075,150.003356447426,13.2077064146257,-0.249726649438481
104.821341704044,138.220067090692,179.821172963456,166.869616460133,150.198426269257,13.1366532155731,-0.245408536842278
103.000698087372,138.229397622466,179.577744377601,166.737309590131,150.819913408063,12.7019210034926,-0.258827577668323
98.4774395214795,137.233942870824,179.354584914993,167.298949308399,152.484496296985,11.457027956129,-0.235712086081502
98.4146921607732,137.364651256845,179.120554392493,167.311747694473,152.635822815809,11.3513408017041,-0.224033609149573
98.1843886556722,137.250086166047,178.743055543148,167.164033792456,152.596736331834,11.255581378017,-0.221560536935617
98.0296118363084,137.162108142768,178.536256090823,167.126539218923,152.616751520373,11.1926493438122,-0.218749710821136
97.891571390045,137.082645889132,178.371492336038,167.11779887802,152.654291136839,11.1367450429432,-0.215746460436999
97.7914086613285,137.029159052068,178.312584198566,167.17735399777,152.734614154627,11.0978768599448,-0.212395503014201
97.6056578196687,136.937088878447,178.242115351735,167.323742808033,152.913534891777,11.027649241933,-0.205687972495895
97.0811411589594,136.781638139306,178.518513299234,168.142678800678,153.763580556058,10.8573157371736,-0.182005926109534
95.2295259687456,136.367915443947,179.586802231818,169.833517013815,155.780207462807,10.4921786335946,-0.135632060928691
95.051984286564,136.4690589252,179.794638020823,170.026644846121,156.111951068297,10.4444876631776,-0.121487265146611
94.0931538652085,136.895791389246,179.634570367963,169.419944779344,156.509439677337,10.2099282529544,-0.0649461004867774
94.0390672223742,137.031191732576,179.585626274524,169.308292118286,156.538149427482,10.1855570314526,-0.0573102786171393
94.0049306386085,137.163447994948,179.551166153131,169.237301163456,156.580035861928,10.1661133902115,-0.0512237596851295
92.5806534443917,137.305643077209,177.85739907561,168.662475087335,157.158072555695,9.800675662772,0.0639478220859712
92.5084285556967,137.203419334938,177.737863328574,168.665111787752,157.125584920972,9.77923408933075,0.0846894070873401
91.9009962208155,138.625830156067,178.781013855527,170.00380472912,156.312733556761,9.54402214969054,0.320074514837599
91.908160606108,138.713616639626,178.850191139567,170.067751716063,156.311373645772,9.53865388864742,0.326006436409852
91.825904339979,138.975720328988,178.997735053118,170.178347676289,156.152742476951,9.50173228853404,0.350186185193932
91.7183257963366,139.947997901002,179.382011736667,170.513787924534,155.790584293089,9.34648689788509,0.487376727377104
91.6855154337383,139.981173189601,179.374553232792,170.514084495754,155.773674861684,9.33437966214245,0.497999845130036
91.2928025586931,139.909698449267,179.123004884669,170.309304027998,155.557850821693,9.26655236902447,0.540784008229329
91.0738066485305,139.882457003331,179.011686921506,170.235153823413,155.501886943698,9.23312957527708,0.564844884109154
90.775427423515,139.880363613609,178.904033500284,170.192680500933,155.512150933598,9.19065647134045,0.601408226131983
89.5213836955113,139.9231795413,178.353219793645,169.778562653726,155.472516041725,8.984401743657,0.798887558479353
89.5077529778702,139.978673491191,178.369614690381,169.791046652655,155.484764394877,8.97132157919403,0.811976614893847
88.2699355754979,139.542786702105,177.634427655402,169.501533047402,155.60565524909,8.69025799886041,0.918558708512588
87.5966828724978,138.931547478083,177.047192789267,169.284218866092,155.734936807242,8.60662492603172,0.922304674234256
87.5118936639669,138.855354921014,176.977428289358,169.270066770446,155.762918814527,8.59687058796337,0.922514728239368
86.7760391270719,138.388730167843,176.572643631812,169.314891684103,155.942575218307,8.521498154397,0.919556472551012
85.8723299400007,138.198137758368,176.372558631473,169.164772178441,155.433022388763,8.46244406362853,0.890618302702109
85.6194249798714,138.271335412322,176.441667290917,169.208586682465,155.339754488183,8.45285455919143,0.881372993767051
83.6249362104483,138.245169729563,176.376618640095,169.074482308072,155.030856892222,8.43905127685681,0.808430432498543
82.3311370504096,137.996498542518,176.13717645234,169.114728690696,154.021183405252,8.50692166569926,0.745395276928335
81.9543364226957,138.275592163744,176.56250504284,169.899323593571,153.438715673772,8.58576355528566,0.733087063063102
81.9373177126266,138.274777664163,176.566513489906,169.91382255375,153.42058290713,8.58732609487068,0.732813182845409
80.0603452854516,138.259163144818,177.3171705189,172.247683332741,152.644358320053,8.82940713958171,0.774456599719178
78.8410805461459,137.959271794641,177.296989223967,173.496663928316,151.596677158895,8.97993150287742,0.772806416802003
78.8127874530054,137.91169099886,177.292425498264,173.565664128464,151.673187876831,8.98578384256443,0.771841655212342
78.7698116050576,137.839418058092,177.285493418379,173.67047211447,151.789403978197,8.99467326512696,0.770376228750233
78.3555786647876,137.215605369142,176.92754518853,173.617686470324,151.931297707946,9.01288297338207,0.75372305652614
77.7104927273278,136.057121983418,176.492425621996,173.523966119161,152.402148954531,9.18639926913967,0.726056829391052
77.6540491375167,135.990457414513,176.447719153118,173.488700188415,152.397292788353,9.2010911129004,0.725766238245293
77.0679157173873,135.377827801561,175.984970688717,173.301384740779,152.6710115796,9.37776557209805,0.746833027763445
77.0431749116035,135.353181836026,175.96436250804,173.303307117701,152.701284369499,9.38569090697082,0.748741400461326
75.7314997549236,133.714954437688,174.638728234221,173.044426174676,153.759276920814,9.69404952663561,0.784113216637619
75.7434615743998,133.700560246908,174.648177412096,173.072290963845,153.804653556248,9.7060693957445,0.781913678685343
76.0842968320314,133.55467978754,174.861680644222,173.234478735896,153.888976249614,9.86054482448954,0.70645593003889
76.9119675646796,133.912077616792,175.428707615039,173.388302056454,153.629151565307,9.96954896501107,0.618420321123561
76.974743378685,133.943653115517,175.469915025243,173.399035496602,153.612082449422,9.97631100484555,0.612819932319994
NaN,NaN,NaN,NaN,NaN,NaN,NaN
NaN,NaN,NaN,NaN,NaN,NaN,NaN
NaN,NaN,NaN,NaN,NaN,NaN,NaN
NaN,NaN,NaN,NaN,NaN,NaN,NaN
NaN,NaN,NaN,NaN,NaN,NaN,NaN
NaN,NaN,NaN,NaN,NaN,NaN,NaN
NaN,NaN,NaN,NaN,NaN,NaN,NaN
NaN,NaN,NaN,NaN,NaN,NaN,NaN
NaN,NaN,NaN,NaN,NaN,NaN,NaN
NaN,NaN,NaN,NaN,NaN,NaN,NaN
NaN,NaN,NaN,NaN,NaN,NaN,NaN
NaN,NaN,NaN,NaN,NaN,NaN,NaN
NaN,NaN,NaN,NaN,NaN,NaN,NaN
NaN,NaN,NaN,NaN,NaN,NaN,NaN
NaN,NaN,NaN,NaN,NaN,NaN,NaN
NaN,NaN,NaN,NaN,NaN,NaN,NaN
NaN,NaN,NaN,NaN,NaN,NaN,NaN
NaN,NaN,NaN,NaN,NaN,NaN,NaN
NaN,NaN,NaN,NaN,NaN,NaN,NaN
NaN,NaN,NaN,NaN,NaN,NaN,NaN
NaN,NaN,NaN,NaN,NaN,NaN,NaN
NaN,NaN,NaN,NaN,NaN,NaN,NaN
NaN,NaN,NaN,NaN,NaN,NaN,NaN
NaN,NaN,NaN,NaN,NaN,NaN,NaN
NaN,NaN,NaN,NaN,NaN,NaN,NaN
NaN,NaN,NaN,NaN,NaN,NaN,NaN
NaN,NaN,NaN,NaN,NaN,NaN,NaN
NaN,NaN,NaN,NaN,NaN,NaN,NaN
NaN,NaN,NaN,NaN,NaN,NaN,NaN
NaN,NaN,NaN,NaN,NaN,NaN,NaN
NaN,NaN,NaN,NaN,NaN,NaN,NaN
NaN,NaN,NaN,NaN,NaN,NaN,NaN
NaN,NaN,NaN,NaN,NaN,NaN,NaN
NaN,NaN,NaN,NaN,NaN,NaN,NaN
NaN,NaN,NaN,NaN,NaN,NaN,NaN
NaN,NaN,NaN,NaN,NaN,NaN,NaN
NaN,NaN,NaN,NaN,NaN,NaN,NaN
NaN,NaN,NaN,NaN,NaN,NaN,NaN
NaN,NaN,NaN,NaN,NaN,NaN,NaN
NaN,NaN,NaN,NaN,NaN,NaN,NaN
NaN,NaN,NaN,NaN,NaN,NaN,NaN
NaN,NaN,NaN,NaN,NaN,NaN,NaN
NaN,NaN,NaN,NaN,NaN,NaN,NaN
NaN,NaN,NaN,NaN,NaN,NaN,NaN
NaN,NaN,NaN,NaN,NaN,NaN,NaN
NaN,NaN,NaN,NaN,NaN,NaN,NaN
NaN,NaN,NaN,NaN,NaN,NaN,NaN
NaN,NaN,NaN,NaN,NaN,NaN,NaN
NaN,NaN,NaN,NaN,NaN,NaN,NaN
NaN,NaN,NaN,NaN,NaN,NaN,NaN
NaN,NaN,NaN,NaN,NaN,NaN,NaN
NaN,NaN,NaN,NaN,NaN,NaN,NaN
NaN,NaN,NaN,NaN,NaN,NaN,NaN
NaN,NaN,NaN,NaN,NaN,NaN,NaN
NaN,NaN,NaN,NaN,NaN,NaN,NaN
NaN,NaN,NaN,NaN,NaN,NaN,NaN
NaN,NaN,NaN,NaN,NaN,NaN,NaN
NaN,NaN,NaN,NaN,NaN,NaN,NaN
NaN,NaN,NaN,NaN,NaN,NaN,NaN
NaN,NaN,NaN,NaN,NaN,NaN,NaN
NaN,NaN,NaN,NaN,NaN,NaN,NaN
NaN,NaN,NaN,NaN,NaN,NaN,NaN
NaN,NaN,NaN,NaN,NaN,NaN,NaN
NaN,NaN,NaN,NaN,NaN,NaN,NaN
NaN,NaN,NaN,NaN,NaN,NaN,NaN
NaN,NaN,NaN,NaN,NaN,NaN,NaN
NaN,NaN,NaN,NaN,NaN,NaN,NaN
NaN,NaN,NaN,NaN,NaN,NaN,NaN
NaN,NaN,NaN,NaN,NaN,NaN,NaN
NaN,NaN,NaN,NaN,NaN,NaN,NaN
NaN,NaN,NaN,NaN,NaN,NaN,NaN
NaN,NaN,NaN,NaN,NaN,NaN,NaN
NaN,NaN,NaN,NaN,NaN,NaN,NaN
NaN,NaN,NaN,NaN,NaN,NaN,NaN
NaN,NaN,NaN,NaN,NaN,NaN,NaN
NaN,NaN,NaN,NaN,NaN,NaN,NaN
NaN,NaN,NaN,NaN,NaN,NaN,NaN
NaN,NaN,NaN,NaN,NaN,NaN,NaN
NaN,NaN,NaN,NaN,NaN,NaN,NaN
NaN,NaN,NaN,NaN,NaN,NaN,NaN
NaN,NaN,NaN,NaN,NaN,NaN,NaN
NaN,NaN,NaN,NaN,NaN,NaN,NaN
NaN,NaN,NaN,NaN,NaN,NaN,NaN
NaN,NaN,NaN,NaN,NaN,NaN,NaN
NaN,NaN,NaN,NaN,NaN,NaN,NaN
NaN,NaN,NaN,NaN,NaN,NaN,NaN
NaN,NaN,NaN,NaN,NaN,NaN,NaN
NaN,NaN,NaN,NaN,NaN,NaN,NaN
NaN,NaN,NaN,NaN,NaN,NaN,NaN
NaN,NaN,NaN,NaN,NaN,NaN,NaN
NaN,NaN,NaN,NaN,NaN,NaN,NaN
NaN,NaN,NaN,NaN,NaN,NaN,NaN
NaN,NaN,NaN,NaN,NaN,NaN,NaN
NaN,NaN,NaN,NaN,NaN,NaN,NaN
NaN,NaN,NaN,NaN,NaN,NaN,NaN
NaN,NaN,NaN,NaN,NaN,NaN,NaN
NaN,NaN,NaN,NaN,NaN,NaN,NaN
NaN,NaN,NaN,NaN,NaN,NaN,NaN
NaN,NaN,NaN,NaN,NaN,NaN,NaN
NaN,NaN,NaN,NaN,NaN,NaN,NaN
NaN,NaN,NaN,NaN,NaN,NaN,NaN
NaN,NaN,NaN,NaN,NaN,NaN,NaN
NaN,NaN,NaN,NaN,NaN,NaN,NaN
NaN,NaN,NaN,NaN,NaN,NaN,NaN
NaN,NaN,NaN,NaN,NaN,NaN,NaN
NaN,NaN,NaN,NaN,NaN,NaN,NaN
NaN,NaN,NaN,NaN,NaN,NaN,NaN
NaN,NaN,NaN,NaN,NaN,NaN,NaN
NaN,NaN,NaN,NaN,NaN,NaN,NaN
NaN,NaN,NaN,NaN,NaN,NaN,NaN
NaN,NaN,NaN,NaN,NaN,NaN,NaN
NaN,NaN,NaN,NaN,NaN,NaN,NaN
NaN,NaN,NaN,NaN,NaN,NaN,NaN
NaN,NaN,NaN,NaN,NaN,NaN,NaN
NaN,NaN,NaN,NaN,NaN,NaN,NaN
NaN,NaN,NaN,NaN,NaN,NaN,NaN
NaN,NaN,NaN,NaN,NaN,NaN,NaN
NaN,NaN,NaN,NaN,NaN,NaN,NaN
NaN,NaN,NaN,NaN,NaN,NaN,NaN
NaN,NaN,NaN,NaN,NaN,NaN,NaN
NaN,NaN,NaN,NaN,NaN,NaN,NaN
