116.031806627159,153.447600402941,189.794922154292,157.877583334517,146.790051320134,6.54765029349393,3.96027175118008
119.633263291954,156.957094173287,193.396845980217,161.281793249835,150.147278539422,6.67813438295531,4.15948256443341
124.46588640373,161.666316658453,198.230095953256,165.849740346053,154.652181794265,6.85322476585899,4.42679406359826
137.304069529191,173.946474088985,210.742278596156,177.630687447716,166.132441731943,7.27440526146501,5.10114103855538
123.692523772349,160.25089451786,196.448967980087,164.032725668951,152.540579966312,6.72684903939294,4.30529395138079
114.14790484949,150.615590144574,186.340065309105,154.404394954659,142.953660632979,6.35654186531173,3.75907300475895
106.916121183034,143.156114544397,178.380872167169,146.782298939057,135.378852311676,6.0837827475089,3.35266668237649
106.383868613102,142.58123467289,177.746724721324,146.168865074983,134.770601132528,6.06470925466147,3.32378075379254
105.777134451744,141.623115021624,176.460103373076,144.858802401482,133.484043588463,6.05417611059998,3.30253914457947
106.267115499417,141.977275508977,176.717959467656,145.070385608257,133.70102968936,6.07821561216344,3.33588761091256
106.674003251236,142.328564917552,177.038464202512,145.361495725319,133.99333540903,6.09613266613982,3.36145298998029
108.248754598029,143.755428526567,178.404060340063,146.623954110681,135.256548689275,6.16306881325983,3.45789349232149
120.617632874959,155.117177230044,189.395831486837,156.839124204987,145.478193520086,6.69101702468573,4.21700888136488
120.682653350703,155.177007986738,189.453635232449,156.892920765622,145.532101405628,6.69385188333393,4.22105231172974
123.457615160767,157.692925121772,191.83504378091,159.102502053887,147.753008203159,6.81999403442159,4.39865767465603
123.540066215871,157.323153770448,190.874205498401,158.130210617436,146.850973454711,6.88127259353082,4.46097992646332
120.107572811858,153.758580764225,186.837597355524,154.30999869984,143.081980032491,6.78315670936106,4.2998854826445
116.745832723531,150.294823725481,182.896642151899,150.595452854107,139.410223145942,6.68504985140319,4.14127535859057
116.490779502228,150.031558272468,182.593711809257,150.310477944994,139.128446522384,6.67777093879103,4.12946306023559
115.888091066287,149.409464407889,181.877890172213,149.637084833632,138.462610930623,6.66057093466968,4.10155070694687
115.748987008565,149.265881462395,181.712674302154,149.481661718393,138.308932135633,6.65660107192894,4.09510837062266
114.653088943151,148.094459371724,180.269161630553,148.129781810724,136.974948525614,6.63229176209833,4.05271162843697
114.424887132811,147.843700023675,179.944485860899,147.826645641292,136.67624416215,6.62841239185936,4.04530206519239
114.005275772738,147.382610469091,179.347480775427,147.269246994223,136.126994600871,6.62127911005162,4.03167755929579
114.31087333718,147.483663932612,178.998416039733,146.966672125752,135.846478293877,6.66589950994656,4.08880431211546
114.680320489136,147.796214782444,179.219691648493,147.181958706365,136.066559553528,6.68766743484102,4.11942120998864
115.00211924111,148.075549486482,179.436696728007,147.3913865865,136.279381378208,6.70542104662852,4.14465038010785
121.928871941974,153.844971574271,183.909236521029,151.723806409526,140.802791406064,7.11442186263196,4.72963699104339
121.648966957,153.290504156006,183.055810768651,150.947913254208,140.116231663838,7.14230112229148,4.76572685190199
121.211539266963,152.734225114676,182.359525161449,150.305436089187,139.517664338465,7.14307123998447,4.76431125114039
120.870883269877,152.301011132576,181.817278126841,149.805093508596,139.051517467354,7.14367098530593,4.7632088223278
120.584167010517,151.938521846765,181.36484068602,149.387614152697,138.66206499578,7.14386749558361,4.76185133218208
118.064629390724,148.83009608754,177.50993322582,145.841282087424,135.332690410356,7.13399859507921,4.73297896806607
117.917017014893,148.619007313364,177.217896568346,145.576895032806,135.088707583612,7.1371450405308,4.73609824568772
117.911535899454,148.610416106174,177.205351350958,145.565611039109,135.078380511853,7.13735869527107,4.73633992303277
117.779021818209,148.402710951957,176.902052145772,145.292803784081,134.828708261496,7.1425241149609,4.74218283068419
117.455553216908,147.882072709024,176.131024618369,144.600283503487,134.196235834332,7.15687841187988,4.75872752886056
117.467595162146,147.878517544747,176.108104297378,144.581301229723,134.181035538704,7.15928194373728,4.76195279175473
117.588732571538,147.842753938298,175.877534547027,144.390346743325,134.028126320316,7.18346056412077,4.79439771521818
117.61039150314,147.83635953454,175.836309507813,144.356204770331,134.000786703934,7.18778361418223,4.8001987504364
117.73628706498,147.83418167173,175.675245831917,144.225619628967,133.90045339163,7.20840977390511,4.82805609974585
118.24393221238,148.152401993299,175.759996459857,144.333339169769,134.043357677761,7.2495052274426,4.88560168058858
118.486894285257,148.304704185798,175.80055862882,144.384894400931,134.111752543267,7.2691737628919,4.91314334759375
118.854239230613,148.560671083082,175.91616144124,144.507657001378,134.252264671897,7.29543963978408,4.95050459606202
119.152683701546,148.775421124939,176.024430729383,144.619241822622,134.376231200198,7.31586110886239,4.97972663565259
120.269887161627,149.552841958338,176.34360647362,144.954434337131,134.762270721932,7.3950303295162,5.09422386734673
120.926336544446,149.666022469733,175.510902558264,144.188657120255,134.098747511623,7.48163409037142,5.22830083565935
120.47209496,148.959530338645,174.192484093089,142.934771300864,132.920646666221,7.49852979430824,5.26417173489267
119.984910029379,148.251081759521,172.866400558475,141.67662562158,131.748638714501,7.51440632886834,5.30179307265759
119.87501389471,148.094660058301,172.571341129195,141.3978467767,131.490547893764,7.51801058404414,5.31062777498531
119.78548252483,147.93888793533,172.222495950854,141.070523784812,131.19328355132,7.52602450580826,5.32761598135897
119.834919601066,147.647122781822,171.030878352065,139.972043116735,130.240720248775,7.58656750934972,5.44188787271906
119.998335352243,147.702086929772,170.854832500445,139.818762522304,130.125651872374,7.61030508537658,5.48321876914839
120.591361338648,147.913399845415,170.381012813548,139.421915346561,129.840479782665,7.69030889002476,5.61901684308703
120.608537976479,147.911485309315,170.350800113853,139.396522035477,129.819771107441,7.69364703462668,5.62465775511571
120.679845251734,147.903537283978,170.225374794033,139.291103976313,129.733800894941,7.70750504329624,5.64807549674171
120.87083329768,147.533377529807,169.156870026717,138.376404814187,128.922794413227,7.78541099799988,5.77838310688071
120.854056006178,147.029810985996,168.150153774973,137.503533990343,128.099022834457,7.83559643281526,5.85949356314423
120.865447124415,146.966581835953,168.011582442091,137.383598413594,127.983053454171,7.84291149305577,5.87086324919523
120.893097547302,146.813101492651,167.675218981122,137.092470769444,127.701553223867,7.86066782785121,5.89846164830651
120.897483177398,146.396247149469,166.814351948065,136.345441633384,126.967819498351,7.89737003858539,5.95490893626665
120.897544370939,146.395896732666,166.813534922247,136.344733084289,126.967113912652,7.89740643967705,5.95496337204006
120.933956900453,146.187385150911,166.327372888117,135.923118905353,126.547263069092,7.91906650032639,5.98735476746386
121.064512736131,145.916125553085,165.572654242336,135.267511121381,125.888482538995,7.95743188996639,6.04334255939569
121.254582959908,145.764775667697,164.984779106276,134.753372387266,125.365512174935,7.99427187082499,6.0955248317016
121.483213139326,145.331162732285,163.665194343404,133.572142532374,124.151129783131,8.06654765116425,6.19442635025156
121.514471990279,145.182505006521,163.272647729194,133.216693989101,123.781284047891,8.08658392249559,6.22137749353593
121.622407693066,144.988456886801,162.670196847577,132.668971426158,123.203742151302,8.12337114131251,6.27122092144184
121.673208864697,144.942398780399,162.491780977788,132.505669188701,123.029333891172,8.13602433718721,6.28849986871528
122.090286517377,144.82543765343,161.604034407224,131.674667501581,122.122203276635,8.21295715595466,6.39499696208604
122.090596810307,144.823529348673,161.598144681252,131.668958851893,122.116026838027,8.21324818933011,6.39540183194982
122.11750702329,144.658031257963,161.087357083231,131.173875128836,121.580374032382,8.23848811381917,6.43051424740428
122.252599665259,144.512321985683,160.313405924201,130.384198979668,120.710019358235,8.28156806124821,6.49120737021584
122.324336127824,144.498822381141,160.071183553768,130.124305618405,120.419694931871,8.29658226903346,6.51238365406221
122.394499173156,144.506610232203,159.891110222982,129.923141413514,120.193536276635,8.30860348962928,6.52915245690531
122.435969875302,144.516865028943,159.799978291483,129.81851835154,120.07542399195,8.31499160941008,6.53800224357931
122.650985416482,144.588136223219,159.379731120841,129.32347943236,119.515797964176,8.3454946092879,6.57955392520686
122.713232352796,144.613638829651,159.27212496871,129.19291818011,119.367978255453,8.35362101222827,6.59041772462895
122.753135517732,144.526551989068,158.64084751155,128.468303517181,118.57163619108,8.37615955213919,6.61765632744603
122.779037957508,144.404273056655,157.953487657662,127.685131032816,117.71461999874,8.39734361320962,6.63979791726299
123.087038843529,144.232306264746,156.693510134897,126.299871594598,116.201492554106,8.45238308020988,6.6938177347829
123.096921323647,144.229165693592,156.6680631857,126.272875970364,116.172139335782,8.45377885187284,6.69519229885748
123.137775834456,144.216182465029,156.562864627383,126.161275136477,116.050792127292,8.45954901966559,6.70087479375454
123.168607315032,144.206384473293,156.483474928594,126.077053862644,115.959215603004,8.46390356492127,6.70516317532041
123.192912272095,143.832084880468,155.496546937689,125.067989660475,114.885066757278,8.49558626174284,6.72941547050666
123.250919949838,143.605033945061,154.873257330985,124.413794222184,114.186476625698,8.52107455923187,6.75008543594543
123.26417175292,143.583026696889,154.803925882601,124.337507427175,114.104492705489,8.52470861900525,6.75321991126051
123.272784914892,143.568722832584,154.758863109553,124.287923946516,114.051206312718,8.52707061799165,6.75525719957684
123.318125539236,143.493425730291,154.521647755761,124.026911094639,113.770700927488,8.53950443835642,6.76598170754751
123.458835140387,143.384298033372,154.078539749082,123.496266805926,113.195045441158,8.57002862884963,6.79365154296635
123.517176359992,143.348245851009,153.916452392183,123.296874884543,112.978133813124,8.58208939636092,6.80470972175546
123.595304876613,143.334353981267,153.778243211659,123.097980302339,112.758630091001,8.59647335334053,6.81838879951276
123.677893827163,143.321007754237,153.635213308529,122.890382743827,112.529357851338,8.61160969864905,6.83280485143101
123.733148707277,143.312078664211,153.539521329185,122.751492757562,112.375966749602,8.62173644005716,6.84244969151138
123.737344204851,143.31140067929,153.532255446671,122.740946854661,112.364319778439,8.6225053625293,6.84318202326344
123.761396515449,143.096151954072,152.971823128895,121.920283279724,111.466550688941,8.66096003689814,6.87424051400262
123.782619293796,143.052261963196,152.838755086428,121.688652549991,111.208373767004,8.67357564329551,6.88485633679777
123.810458802635,142.994688172954,152.66419976272,121.384805162897,110.869703750168,8.69012447964747,6.89878190713065
124.038275520139,142.912083450288,152.234455910655,120.454129714472,109.807149435935,8.75455313565544,6.95704731315844
124.399218968584,142.932366342363,151.981279091035,119.740038903958,108.968278315231,8.82083846735562,7.02157632758399
124.518208107525,142.905593919799,151.854157019997,119.44663376687,108.627183223999,8.84552764180624,7.04522020530151
124.968826324813,142.45362340886,150.809794858661,117.687800358495,106.63982544832,8.96728638122658,7.15630391259053
125.020532311078,142.432407341081,150.730376157778,117.566804427117,106.506072630879,8.97706201148058,7.16559657387904
125.053001684718,142.420817045389,150.68217999329,117.494468955578,106.426524829537,8.98300850435215,7.17127582586031
125.546012845246,142.261978828243,149.905760495597,116.376766052315,105.221928317013,9.07355016805787,7.25789515301615
125.575627433539,141.987980488632,149.236692440734,115.552521951646,104.379564776489,9.11222714250026,7.28941198396745
125.589438294359,141.913828553813,149.029428272243,115.300106956197,104.128202979605,9.12436166785863,7.29966386404972
125.745218484842,141.51859211637,147.757023090263,113.771770666566,102.649261751484,9.20362861110121,7.37204590182848
125.782903662791,141.471488470478,147.574775635714,113.558123819834,102.450635179034,9.21601389363565,7.38451956477026
125.991820154762,141.242443722792,146.712214388216,112.58417366975,101.568856301178,9.27549004218622,7.44881468786086
125.985370178505,141.195055300034,146.612583669208,112.480886125921,101.475606464917,9.27940932935949,7.45303627528694
125.979316118257,141.150575699649,146.51906853809,112.383938635224,101.388080541673,9.28308804068013,7.4569987308991
125.960894283788,140.370511970444,144.876896065663,110.726201760901,99.904794596103,9.35213024522426,7.53677055395698
125.991527944076,140.18970667402,144.489845554269,110.349727648754,99.5710164674688,9.37051070257031,7.55964416102544
126.035957177153,140.002315057743,144.082679598115,109.956773102171,99.2224093934979,9.39091252136503,7.5852623602432
126.105886991967,139.789772845779,143.61159629701,109.506815964096,98.822899972611,9.41613548924322,7.61726401598491
126.120829757909,139.744356330165,143.510934118414,109.410668073293,98.7375318676883,9.42152519185275,7.62410220442861
126.296975045485,139.340000503397,142.585502477853,108.534506748932,97.9573173194356,9.47626257258541,7.69315530463535
126.225547354981,138.874450767969,141.759339979766,107.757739021267,97.2493044228308,9.50875500691909,7.73070536495173
126.152769750495,138.285488609196,140.697719624229,106.767404368339,96.3567096293282,9.55647058800527,7.78436994340365
126.140360347667,138.03006805094,140.227469722483,106.337935783614,95.9824829730262,9.58290562104016,7.81324663499645
126.177658316992,137.438036078223,139.137453437735,105.381004447474,95.2003335298543,9.65992050292548,7.89601429552062
126.190884797842,137.032108032455,138.513900069093,104.89120281732,94.8706062268183,9.71318797649645,7.95030378057266
126.147957634028,136.893653785138,138.34314733413,104.759264664666,94.781532902139,9.72320814747552,7.95920474964679
126.08778133145,136.680548642664,138.087001870673,104.565680361925,94.6572034554074,9.73877538007757,7.97305200492225
126.00602207398,136.082177828059,137.442291144115,104.127609058406,94.4530300812558,9.7844823470503,8.01439107295696
126.020925579182,135.762574112115,137.115280468167,103.916690960977,94.3814591860394,9.81004276775576,8.03845933284738
126.072755179109,135.466866769836,136.811980210931,103.718435356637,94.317362258214,9.83437580696549,8.06210939725667
126.0232391897,134.249711720588,135.484053139202,102.657870112106,93.6624328341868,9.89294799787283,8.11330381076233
125.999677531973,134.070574551044,135.278503227258,102.482279862006,93.5397817810003,9.8998804446277,8.11883473559742
125.987795101202,133.965623484687,135.156277603995,102.377765108622,93.4672923104914,9.90430538053291,8.12247783836215
126.0158833079,133.213434939235,134.193657746061,101.574393133416,92.967853291226,9.9613928027114,8.17649280805286
125.821278570739,132.671178963157,133.755752387684,101.682590578761,93.5577294382952,10.0799379803129,8.29522037089466
125.834211172506,132.697025774114,133.825631916613,101.802984880861,93.7003814067753,10.0887278239776,8.30563927294593
125.957153694534,132.877830065815,134.260160001946,102.480279396848,94.4600230004171,10.130271821023,8.35877294437793
125.792150327514,132.757817469826,134.74632631962,103.301393105064,95.302215819987,10.151307452593,8.40304132619448
125.820069573224,132.768294408941,135.001804128771,103.632354919208,95.6158816985963,10.1544112701968,8.42084097117335
125.853549343514,132.789431602037,135.164236542235,103.826262584738,95.7968636560634,10.1553646414936,8.43130269955218
125.895546336199,132.823589875061,135.338255014247,104.023247036145,95.9806936129466,10.1557685084897,8.44173779705485
125.948763538496,132.877598111045,135.684982299037,104.405564007428,96.336976900299,10.1532329428169,8.45983352755047
125.886894292811,132.838171203223,135.805368742712,104.542601667008,96.4636691291041,10.1466769823193,8.46220293705636
125.799861971572,132.800206374769,136.02059459382,104.783002650089,96.6902525474538,10.1367171708455,8.4668285908596
125.655352167314,132.849661490189,136.679179292697,105.505506586331,97.3923891440595,10.1169418687755,8.48425259985441
125.643513006173,132.882246016407,136.810978489398,105.651378247295,97.5361793289908,10.1150319554569,8.48859022093185
125.626047453435,132.941455947536,137.035860523175,105.900641938861,97.7821321746621,10.1121339518075,8.496149463453
125.623965300656,132.948514648997,137.062669795036,105.930357865741,97.811453399634,10.1117884668153,8.49705063721245
125.598681145451,133.164738618488,137.743730743779,106.693496030768,98.5628129051346,10.1080631181857,8.52219005002464
125.265501220008,133.153308501035,138.25363944588,107.321257803963,99.1716158592705,10.094208110635,8.52846007518157
125.108370948484,133.17481546798,138.564502273631,107.695548863091,99.5281490845293,10.0895836142004,8.53403113438611
125.100862037376,133.178494320044,138.58695886018,107.721576509066,99.5525415175566,10.089493744501,8.53456341239274
125.077005029813,133.190182619485,138.65830701538,107.804270489312,99.6300401656055,10.0892082141399,8.53625454446859
124.901872069341,133.392488762874,139.52341168385,108.766838255834,100.522646402463,10.0919866767029,8.56025024232425
124.42285678492,133.698182761655,141.249528810922,110.527130630004,102.122332521788,10.0972396308862,8.59676561770701
124.308325546949,133.882251368281,141.944086793856,111.220138255389,102.762921163043,10.1048686248216,8.61837395958557
124.27530428657,133.970513814585,142.235843111996,111.513670311506,103.035400604037,10.1091411376625,8.62886902988821
124.24142229523,134.129583875842,142.715195108158,112.007126054512,103.493036795723,10.1183053364891,8.64888877496344
123.752082203568,134.248733645616,143.857895318094,113.267792340425,104.630357772982,10.131478818847,8.68682959624842
123.650909838956,134.267089394818,144.104810927294,113.551933957249,104.877624949236,10.1350458056985,8.69525790223156
123.538607107663,134.298132609718,144.427736587348,113.925023674896,105.198514336027,10.140296895364,8.70656252787441
123.445383431992,134.360580432538,144.856625612063,114.416589056284,105.610269063748,10.1477907786229,8.72088373256918
123.355093098301,134.501484648822,145.609934364428,115.266099796329,106.305192539786,10.1601023946869,8.7432158911732
122.998691514295,134.437663760404,146.312511400328,116.065270026821,106.896047753621,10.1530808038468,8.73882966860711
122.992906899604,134.437492176644,146.326424205586,116.08058189999,106.907239071491,10.1528982832695,8.73870112552543
122.903681524791,134.434845565575,146.541023678537,116.31676143755,107.079860686761,10.1500829761516,8.73671839975109
122.618585273391,134.634449649489,147.696421035713,117.54000020511,107.990549709585,10.1347607006169,8.7315778697029
122.548174507224,134.790175228471,148.17631304699,118.038317425211,108.370204555235,10.1280050569016,8.73186489508036
122.510098173929,134.9024837958,148.479870697755,118.352489414208,108.611490386829,10.1235647757942,8.73252985755802
122.416829579525,134.972095657283,148.72770243601,118.611432381703,108.803694608397,10.1155405125129,8.72894016145174
122.181346328439,135.03614965461,149.083949273824,118.987639395531,109.07217172029,10.0968314176915,8.71704023330539
121.931933557264,135.168033270147,149.521169284625,119.442073596135,109.405773617123,10.0738503148131,8.70497274056389
121.421617503387,135.813498988712,150.949123106564,120.878848259203,110.506634295784,10.0078041728306,8.67926165965037
121.102278838607,136.206062837569,151.84161341074,121.745700417141,111.170669430427,9.96008798320189,8.65338372718176
120.386865737783,136.751648777846,153.405732355023,123.227299271004,112.284552878302,9.86130947074803,8.57935033846265
120.304803347891,136.867018944617,153.688474872133,123.499198568201,112.495144882722,9.84810070269927,8.56937006542362
120.285274154578,136.894474716894,153.755761887313,123.563905115787,112.545261531407,9.84495728237008,8.56699496177687
120.143864520646,137.118880463912,154.283987651232,124.0791513893,112.946892200119,9.82243849274988,8.55004917396448
120.1347820174,137.134681472206,154.320137597618,124.114776983574,112.974788338169,9.82100529558889,8.5489744455682
120.117991405571,137.163892427553,154.386967160013,124.180637188453,113.02635927768,9.81835577743828,8.54698762025873
119.536632581418,137.448240940792,155.342750206032,125.14367111998,113.748540261228,9.75837418908979,8.49169293925184
118.788555900092,137.815490946595,156.47427675938,126.31736761414,114.627934556763,9.68864086101368,8.42492779703733
118.64333660015,137.941194365594,156.778398836144,126.633253202567,114.867898537902,9.67455161403671,8.41150026855925
118.404085150298,138.190129700722,157.355755703177,127.23203269078,115.323416431704,9.65103565324833,8.38859698015195
118.400271106508,138.194885672895,157.366396175583,127.243053113325,115.331810823035,9.65065505550633,8.38821716030063
118.347532302726,138.260649019372,157.513527623802,127.395438333373,115.447884518481,9.64539232892529,8.38296519002586
118.347442336331,138.260761204154,157.513778613302,127.39569828521,115.44808252699,9.6453833513129,8.38295623076251
117.844903835,138.460485011086,158.230534487031,128.147311300674,115.987756320378,9.60578814677755,8.33581719373029
117.763514091995,138.486058175686,158.343388998648,128.266475188864,116.072284418053,9.60013520294811,8.32809443570759
117.598999930856,138.545554957124,158.592452075233,128.529566903501,116.260229227648,9.58916857579757,8.31228315596274
117.325341498376,138.676507687905,159.089883443232,129.060016306246,116.646227203545,9.57342310523055,8.2860519651074
117.145254746998,138.799122350022,159.511625176871,129.515980739338,116.985301659839,9.56616001220369,8.26913937949643
117.046284469034,138.904275664559,159.840493141363,129.880106291742,117.263344517733,9.56598736942685,8.26085209755922
116.993833520583,138.960003416301,160.014782200742,130.073080697511,117.410697964714,9.56589587450963,8.25646011436355
116.973811009097,138.98127680758,160.081314928868,130.146746329307,117.466948350489,9.56586094743806,8.25478352820872
116.694380922549,139.244019123002,161.009766177926,131.23134866716,118.314023862013,9.58010665901659,8.24024103784513
116.294452822488,139.296756699137,161.65893778248,132.055746917745,118.957981334874,9.59349292569175,8.22241688864673
116.28048733001,139.299607948468,161.684540007001,132.088529597108,118.984100382835,9.59421037573861,8.2219452733957
116.239028787523,139.308072285955,161.760543836782,132.185849624124,119.061638476198,9.59634022782208,8.22054521672364
115.694883888811,139.652010946195,163.307460297758,134.131272647876,120.650321260631,9.64672443716945,8.21561719884619
115.663544194089,139.69997921991,163.457367112008,134.313764155752,120.79875748061,9.65073071725777,8.21599395271433
115.556878247566,139.863241222435,163.967581151224,134.934881546724,121.303966291431,9.66436625715181,8.21727625007899
113.364413167002,140.865097254236,167.87888904405,140.257700827474,124.991334950722,9.63130619844254,8.09752139566664
112.764163028624,141.036836014721,168.465327441131,141.358001706144,125.654631192683,9.61673958126975,8.06645464033148
112.729535478705,141.0506116057,168.502235066759,141.430054797559,125.698954843023,9.61610952240262,8.06482688142667
112.716889496374,141.055642451963,168.515713732812,141.456368588835,125.715141841537,9.61587942488431,8.06423242382288
112.107264837913,141.355308754745,169.23012789046,142.857702630639,126.592157587677,9.60692071306705,8.03677952728719
111.542728192323,141.722721742808,170.004371873725,144.38642620855,127.577613406166,9.60050338264483,8.01087049546142
111.401088021258,141.744079338146,170.101540166042,144.617464718878,127.717851594902,9.59642179482828,8.00232755118542
111.064448369409,141.799743235611,170.342362660305,145.180846937284,128.061451058094,9.58666115795926,7.98188456508923
110.034537666858,142.320486861811,171.793630970026,147.874289799609,129.786209573712,9.55639604481363,7.91404759624908
109.744698671527,142.677689442856,172.646774712712,149.174999067239,130.622522401394,9.55111307529027,7.89556155566719
109.65284468177,142.703508219134,172.76974951566,149.36866186121,130.733151104908,9.5482290063447,7.88953637805119
109.648409103825,142.704754993443,172.77568790032,149.378013729538,130.738493303311,9.54808973626357,7.88924542558396
108.928996820181,142.986966390886,173.895623519394,151.054368734845,131.693469161882,9.52970118586804,7.84553584401991
108.910987728859,143.001028154256,173.936404247056,151.10973220918,131.725116319832,9.52956960336473,7.84468599367214
108.407049018807,143.478724361141,175.220234408086,152.813174879132,132.704489482035,9.52900513600274,7.82258318768522
107.99697369625,144.056987235287,176.571831146907,154.513535685541,133.694362171733,9.53433240387689,7.80602210300781
107.601759293664,144.272880863509,177.253551210499,155.387606319227,134.162297778166,9.52791171435836,7.78225711478486
107.49527697999,144.358870633123,177.486336237479,155.679248459016,134.326904503182,9.52629262521089,7.77516827260472
107.00623332546,144.852650652962,178.737040423257,157.235203975812,135.23039702953,9.51911597203907,7.73991033645243
106.763229210135,145.27833781106,179.694038233426,158.415318929458,135.954754102682,9.51589327311821,7.71710565387469
106.549668367543,145.870967309198,180.946238420895,159.964408061728,136.933341709303,9.51311110472075,7.68976154634224
106.477736035264,145.975804747141,181.197070731061,160.284960803601,137.129512608261,9.51055517549135,7.68105534279702
106.445231973678,146.001361243746,181.270671517811,160.382325543148,137.186640110701,9.50911193370492,7.67737966751627
106.293759435365,146.120457357345,181.613659361387,160.836056047019,137.452860619145,9.50238626663066,7.66025061232688
106.275418254269,146.134878211526,181.655190336064,160.890996390881,137.485096155774,9.50157188351423,7.65817652611468
106.042183147428,146.341596578081,182.220529701769,161.642010890779,137.926120802366,9.49100871720874,7.63074390588528
105.974920032335,146.407858602692,182.394167000347,161.873511637498,138.062166735577,9.48790340706356,7.62253136527682
105.388027668617,147.167202571052,184.121438654209,164.16853890291,139.388288661817,9.46283128710236,7.54817268491408
105.209099886852,147.4731565491,184.708530931666,164.936538424229,139.816066707161,9.45692250012624,7.52573636444354
104.600910323102,148.040951772402,185.812411918428,166.400294407906,140.527148143938,9.43590269818695,7.46367859561853
103.918420532443,148.577878285197,186.737384663823,167.587290970175,141.022338802334,9.41566471070498,7.40297179839359
103.495437965486,149.079294653987,187.47612850645,168.478143203052,141.414866585399,9.40796769146884,7.36691922687865
103.406537533542,149.214676251989,187.665208458775,168.699859909301,141.517726931911,9.4071333347611,7.35941484571859
103.194309360551,149.554728250726,188.137825831539,169.252170775535,141.777349116624,9.40553429842118,7.34142012556714
103.146108084511,149.653681343109,188.272521175968,169.407260588985,141.854436797163,9.40567710666747,7.3372303227277
102.857031478042,150.190786983157,189.01214076776,170.262091359855,142.27337900975,9.40534926308179,7.31219659380711
102.793585680994,150.246527605879,189.099267610111,170.366673626123,142.317489658295,9.40397113297111,7.3068055935237
102.790713156735,150.249051276451,189.103212299592,170.371408614267,142.319486778891,9.40390873778722,7.30656151464358
102.465955654341,150.534368606507,189.549185035848,170.906729741402,142.545274218201,9.39685455747044,7.27896681382951
101.651682376931,151.426879206225,190.96375309748,172.630178359239,143.346662726362,9.37871079511173,7.20267200685645
101.646518687361,151.433315036053,190.974089040259,172.642935627688,143.352833356899,9.3785874237477,7.20214620566915
101.169550074519,152.08158943218,192.038684844232,173.98366963998,144.009537465468,9.3650674427329,7.14769992625199
100.558946465284,152.647880001045,193.118856695278,175.451997366815,144.655070341631,9.33621181195177,7.06648948468871
100.428771000284,152.687265255242,193.23617237266,175.631325102727,144.712155841016,9.32893670014226,7.05035871762259
100.077528354756,152.786671202191,193.547980139239,176.120124755251,144.853766213352,9.30794998417084,7.00370325357378
100.057937195514,152.791979063759,193.565208448095,176.14755848178,144.861236574252,9.30673263197621,7.00099301028413
99.6827493021876,152.90037013554,193.905573656395,176.690750676197,145.002542516592,9.28308111187841,6.94671828582177
99.6291517276728,152.917933773409,193.957413413872,176.773843220371,145.022186507742,9.27959805352891,6.93823339835685
99.5470078182402,152.944851892213,194.036863284164,176.901191267087,145.052292986338,9.27425990096883,6.9252294176026
99.4629774166813,152.972388204375,194.118137776096,177.031463950445,145.083090881197,9.26879915401504,6.91192679136785
99.2651467192813,153.057241900643,194.336297678543,177.375101552025,145.160100741262,9.25644633003122,6.87753585736468
99.1201546052566,153.12986403092,194.510159307491,177.646200172702,145.218887874161,9.24765499423623,6.8507296274404
98.4849142709149,153.399426853274,195.155489083302,178.673476451945,145.334834862663,9.22116444447026,6.73502115733053
98.4649700173,153.400163250667,195.163886557623,178.690042047765,145.331174192252,9.22046236736218,6.73202951138375
98.4471146972756,153.400822518813,195.171404492077,178.704872585948,145.327896935406,9.21983382484117,6.72935120630344
97.6218916399958,153.57555193508,195.651232474314,179.546833642503,145.204579338123,9.21340379141014,6.60786683723734
96.9292097340791,153.994795311965,196.330463249785,180.604612760589,145.20857980049,9.25151961796553,6.51441551002477
96.9065886531151,154.012477316465,196.357014694667,180.645010273367,145.21057714629,9.25347015414994,6.5115227563662
96.5554650712775,154.113818347975,196.557537823543,181.002309951261,145.141183565936,9.27129655989147,6.47270412994134
96.3692330844368,154.12166382673,196.607782486161,181.120290101102,145.077756566939,9.27745026769991,6.4537280483564
96.2316257195883,154.127845090324,196.645519641747,181.208307808941,145.030703831775,9.28209158041073,6.43967181800583
95.2233890672554,154.527631463427,197.491498527549,182.591883829835,144.585274441469,9.37152863198241,6.285618164323
95.1884685625295,154.624879324731,197.675455200015,182.833117020961,144.501857825899,9.38609454582295,6.25765756606202
95.1713814087196,154.627354240701,197.695926047802,182.862344605571,144.46563157981,9.38755313712011,6.25014852973277
95.1106832845346,154.636145801811,197.768643954771,182.966168775473,144.33694629914,9.39273444213294,6.22347443147783
95.1030394039678,154.637905702253,197.779436284776,182.98120384793,144.31890670651,9.39346540228908,6.21969419910199
95.1301214736668,154.705680643511,197.926551153698,183.150186256822,144.174890131956,9.39977200931505,6.18534369762274
95.1362210615485,154.720945326564,197.959685256138,183.188245499153,144.142453846152,9.4011924215737,6.17760706948163
95.1496405874873,154.738145076331,197.988225655335,183.219384141911,144.124086315732,9.40219505656613,6.17242981628715
95.2356436194663,154.83187337116,198.126459423018,183.365972890212,144.059748134126,9.40648310991963,6.15117887685896
95.3173977127873,154.920367953093,198.251754494006,183.499036459873,144.00980625096,9.41027120176719,6.13309416495031
95.5051387394772,155.119478634796,198.497857837658,183.761795917279,143.971550588771,9.41700717514273,6.10598380756686
95.5247534314473,155.140281198617,198.523570072025,183.789248338895,143.967553737133,9.41771093204238,6.10315138825686
95.5337510722725,155.149823739371,198.535364774179,183.801841298798,143.965720303526,9.41803375902437,6.10185210241253
95.5421573271351,155.159337087333,198.546349662375,183.813983838629,143.965459008413,9.41833447748487,6.10081933104573
95.5932118778745,155.218396835863,198.612991176213,183.8885387471,143.966982538159,9.42015895372022,6.09493498389558
95.857750349498,155.722340178949,199.188714026918,184.676002412836,143.605641771726,9.41806122928841,5.97055520274109
95.8753202142343,155.76873120561,199.240171955029,184.755916136566,143.575633130973,9.41849985395182,5.95984418232166
96.1774929652191,156.200779157428,199.744840307839,185.445217016522,143.478394902886,9.43925487649702,5.89557667789801
96.2463850174097,156.274407216959,199.83859147041,185.56477151191,143.457049113702,9.44455265138689,5.88372482196904
96.2507001124803,156.27592386104,199.844960559445,185.574217492457,143.439769887575,9.4449345438336,5.88026132139741
96.4224801480804,156.344566438138,200.012552335776,185.771815979528,143.126748091796,9.45655880086659,5.81408136853738
96.6667974051619,156.462807130638,200.186752901947,185.91682596509,142.995468693151,9.47025967550191,5.77803385146632
96.7749332987057,156.519018047114,200.261207527518,185.975017603598,142.956880107959,9.47621623521776,5.76532358517313
97.2679676690475,156.806843496701,200.590638734593,186.217985649031,142.884887743243,9.5033040418077,5.7232739388436
97.4858188853777,156.942360265284,200.734622938713,186.322995939974,142.872540536452,9.51541718995611,5.7074394488707
97.5988194313117,156.99921245835,200.792779583868,186.353438667242,142.830853115127,9.52102211021156,5.69424487917863
98.1224033765491,157.167996027765,200.921840853753,186.316880521556,142.425702082312,9.54203384782953,5.60961513081136
98.2156557866739,157.205678890913,200.951283230156,186.327799345085,142.39016038052,9.54657466919746,5.60168707001926
98.2579494452925,157.222769560716,200.964636513089,186.332751463686,142.374040812132,9.54863411139875,5.59809138068319
99.2746414047566,157.637941701044,201.33727551036,186.59081459676,142.252324311728,9.61063555750675,5.56417896603395
99.4489510282093,157.661815518063,201.359901780419,186.599743144781,142.204244567136,9.62293183860886,5.56013040895367
99.5235471164832,157.653665411609,201.351716365936,186.585213552021,142.164254241984,9.62838721003606,5.55740613809437
99.5438818912717,157.651443705578,201.349485034992,186.581252808189,142.153352943076,9.62987433559353,5.55666350619948
99.6945521983213,157.634981997325,201.33295201105,186.551905717033,142.072579879646,9.64089317729187,5.55116098272466
99.9612152592152,157.630617341953,201.332803685685,186.541101359923,142.003130900463,9.66221648207905,5.54959305195378
100.842063082082,157.722999628955,201.423365627545,186.625729416492,141.967163771329,9.74079240288258,5.55757553407887
100.871621402042,157.729098294092,201.428671182626,186.631565027458,141.970525689023,9.74368789311445,5.55806817458163
101.368911756637,157.85111546521,201.529495865583,186.745805923851,142.048378139595,9.7946797161293,5.56666972434939
101.64388694403,157.935610791423,201.595388694632,186.823062678207,142.110100206953,9.82487340849273,5.57170074779136
102.766161054719,158.081720471324,201.496636440983,186.837679423624,142.081584392406,9.99840292440068,5.56809097840944
102.838115587138,158.102779977722,201.500471553029,186.850124424748,142.087410447917,10.0103780196124,5.56889199111447
103.424916823258,158.329355413481,201.615750408005,187.029832073113,142.181906388572,10.1062953525552,5.58468816322556
104.418437404489,158.590596408293,201.745331050785,187.266094705195,142.215628664714,10.276868197248,5.62282682035506
104.620915691415,158.61309702203,201.75002028844,187.292428866755,142.205867398374,10.3105283101027,5.63119747250151
106.640119275407,159.08955067443,202.062698922661,187.804930884966,142.679620293954,10.6023664008299,5.69293354071816
107.062975303994,159.093676499267,201.963892662728,187.767576809971,142.78732363455,10.6776933294033,5.67931360995729
107.163604137978,159.100757225324,201.941229545409,187.759324751709,142.823533203033,10.696751191592,5.67432137073925
107.277634493552,159.115451375167,201.919593250351,187.753508326927,142.873177482502,10.7188508860727,5.66781493386809
107.611041694806,159.174857084626,201.870309828973,187.747419908692,143.033055834645,10.7846645736558,5.64799891262618
107.625729405944,159.17954149887,201.869896242787,187.748524472089,143.041950624417,10.7877144683088,5.64702634151794
107.894371557961,159.26522068412,201.862331641192,187.768727231069,143.204638700428,10.8434978545206,5.62923775669031
107.898889072416,159.266661474238,201.862204434063,187.769066962772,143.207374480088,10.8444359137629,5.62893862199199
107.917978408179,159.272749717363,201.861666904049,187.770502542582,143.218934867332,10.8483998032024,5.62767459002244
107.982613791337,159.296632470272,201.863157043294,187.777730322035,143.260082603107,10.8620509448333,5.62341250293012
108.610496390559,159.634832987956,201.987530001426,187.924399803154,143.718584011324,11.0018933845939,5.5836466993179
108.695832979075,159.689373615445,202.013929453551,187.950386947917,143.783954484627,11.0214225434501,5.57865525638912
110.494520038824,160.958042513237,202.303204135809,187.992863556862,145.044040920393,11.5013970569323,5.4129023317216
110.872248184012,161.269859713168,202.418037200608,188.057877544599,145.335294983702,11.5749620818567,5.39447984468224
111.274320393411,161.528683441254,202.300975793164,187.855828614148,145.59726175999,11.6746577826554,5.34581970278905
111.746505318901,161.827590979171,202.234915884323,187.708840773126,145.923046962658,11.7840643230596,5.30563322681189
112.29197680086,162.166955845722,202.260606413753,187.649480735093,146.304283497895,11.9135612939676,5.27876377397967
112.352930218156,162.204494213161,202.269000358515,187.648436148401,146.346775978066,11.9285255916925,5.27677409354899
113.055563955438,162.633043276385,202.430594910448,187.695788823988,146.834436318602,12.1131762126473,5.26556400844313
113.333604742315,162.75629873303,202.448334098374,187.641225395116,146.99930401693,12.2173993517375,5.26045269664202
113.547405279952,162.82510880128,202.430271998085,187.551779650259,147.1112523156,12.3155445831114,5.25529765712149
114.37155466306,163.255978116441,202.682722086001,187.530609244437,147.764396967484,12.758196705016,5.28247668662551
114.492970102899,163.347376086344,202.751605729443,187.563697285979,147.897863595169,12.8294119535774,5.29055159138353
114.57762645301,163.411102895305,202.799634529107,187.586767768884,147.990922579896,12.8790664540554,5.29618178112892
114.943278794014,163.795306748542,203.013011437732,187.692421280238,148.58733263621,13.1729917241343,5.32714016444255
114.944577270684,163.797946338674,203.012032621864,187.690147348944,148.593439093274,13.1770075601158,5.32733121862681
114.980273873909,163.874431514351,202.989112623737,187.636422380455,148.757519984744,13.2805752501596,5.33224944751074
115.102768443316,164.1465349425,202.982637819649,187.597091980978,149.175984278837,13.4951641957227,5.34272993132778
115.105850519454,164.152309350454,202.983244820608,187.597381300317,149.183514834125,13.4987321079312,5.34291865407575
115.151059061578,164.237009582883,202.992148438548,187.601625097341,149.293974605624,13.5510669958918,5.34568687910285
115.318237705861,164.486777202984,203.046479362408,187.644846416377,149.578148843782,13.6860301098604,5.35390824626306
115.948069342839,165.151839668106,203.244730799603,187.787440215357,150.178545588915,14.0478032569384,5.37681843178687
115.978541808466,165.172051402395,203.239205769346,187.775541019679,150.188932455209,14.0695165513458,5.37712905145138
116.371568485093,165.389399198973,203.236802437345,187.692171500101,150.286412965511,14.3001704968044,5.38433775393861
116.413736238657,165.410381778024,203.240257073762,187.687006485401,150.294904413698,14.3222539269285,5.38528383423481
116.909547272025,165.622383022933,203.343512629935,187.688754760433,150.393069940098,14.5440361548587,5.3993953451973
117.528241755649,165.853178368493,203.536724899108,187.75270665509,150.543106048247,14.7868708232262,5.41972386477123
117.856052319865,165.966057867729,203.658302662441,187.802726549484,150.645055299403,14.9078053030368,5.43099439541168
117.902244935108,165.981668673849,203.676047290222,187.810269172268,150.660251726749,14.9246189148445,5.43259571123839
118.513432841226,166.078170730617,203.819029193779,187.773081541724,150.797362389051,15.1833900432988,5.44847478972853
118.586254084219,166.071147266828,203.820614599446,187.745595776551,150.802934559731,15.2203321006926,5.44947332520126
118.610269434458,166.068831034149,203.821137442381,187.73653138476,150.80477217778,15.2325150353749,5.44980262717577
119.236429649338,166.071510675814,203.925164882893,187.580680364755,150.981576868653,15.5313859567622,5.46023432940708
120.006779897386,166.236555904425,204.221505621088,187.559857628864,151.381705900133,15.8630714988636,5.4790940119945
120.244789073096,166.321627256501,204.343847698876,187.588357244672,151.527989024675,15.958610643744,5.48672471642825
121.101606468651,166.488971717652,204.662010543827,187.460642455048,151.956306310577,16.3774746867172,5.51044194782192
121.85548739722,166.61860776401,204.927215724496,187.372654556868,152.299770429735,16.7392791382769,5.54026746113663
121.985900709069,166.648373791645,204.97947795762,187.380831570052,152.367508443687,16.7942718080697,5.5468162250159
123.119109829628,166.844051639047,205.374575611853,187.413238314092,152.946965500767,17.2789225899286,5.60623026281991
123.341306496864,166.784935652636,205.364137889885,187.304967713175,153.013155584442,17.404778317904,5.61732298721668
123.66089830993,166.751309858336,205.391639360665,187.202314910409,153.123060988213,17.5672980737076,5.63487709695648
124.420033682719,166.848028935077,205.606070584455,187.115386163647,153.409526268625,17.905740482135,5.67993587983593
124.468680675675,166.863212675542,205.627458629164,187.117424360387,153.428655083466,17.9252660957569,5.68297012016472
124.870845772292,166.996383508807,205.810885526832,187.140543488201,153.586908132272,18.0850585041178,5.70817754362224
125.498625255098,167.26080955746,206.144570808648,187.205580597042,153.813960250606,18.326990485726,5.74870991790625
126.062389290765,167.38094987685,206.332604000834,187.041222119576,153.861423477468,18.6010178829193,5.78593378012303
126.236719669379,167.424087011092,206.39749004888,187.006941759131,153.888342928084,18.6808955830493,5.79776337713011
126.306373422843,167.441322465621,206.423415288243,186.993245031148,153.899098602404,18.7128107413616,5.80248989605387
126.77214462479,167.540480962368,206.592013452497,186.952932780593,154.047159273587,18.9142052958162,5.83517355770579
126.812749079229,167.549067585668,206.606694230464,186.949602321719,154.06033969756,18.9317191384108,5.83802667911504
127.19803017664,167.588084439056,206.718742669139,186.942920228527,154.262381619641,19.0962721807501,5.86598816524597
128.078340846709,167.170656443175,206.583811414509,186.681930958447,154.983105756687,19.5814283425077,5.93630689159439
128.36139368186,166.390302285131,206.057420826982,186.277440123647,155.5566752745,19.903793672298,5.97076392308522
128.469988805436,166.085245530768,205.86512937585,186.152028748239,155.832465955119,20.0380999331142,5.98606131040417
128.834446881517,165.020700958996,205.324299532418,185.650529310197,156.816454255152,20.7128868581506,6.05663423594914
129.066280483047,164.926994158947,205.414197938834,185.506845864662,156.976726044608,21.0037533714002,6.08741819999502
129.561559581775,165.144076873834,205.807328631952,185.554191979386,157.19913316198,21.3087819930644,6.12814571321986
129.629970334861,165.178134403724,205.861910694479,185.566454295315,157.230758713344,21.344734681336,6.13320533051579
130.165536427359,165.203213339389,206.114107160531,185.322692212856,157.360959755195,21.7451621891849,6.1703592049323
130.234326175117,165.191034331256,206.134134980162,185.279849166868,157.383981613434,21.8005715256336,6.17485000696493
130.661515828519,165.119716745022,206.297224930709,185.165339833625,157.772298466348,22.178791914733,6.20821259159819
130.692037408696,164.882823170242,206.325252072333,185.069721647921,158.192654404435,22.5809075947594,6.23146426194451
130.462325896204,164.664085376642,206.254422342977,184.965288089185,158.309873299269,22.793335634114,6.23424825821858
130.1382995391,164.531756887935,206.438978034596,185.086930777296,158.653733478578,23.201053557853,6.24785413933833
130.125422444148,164.535378192515,206.475497583617,185.115369270767,158.695849555041,23.2398118409399,6.24970585417577
130.116473804566,164.537894734455,206.500876000343,185.135131944669,158.725117149192,23.2667460141739,6.25099266061401
129.887415519549,164.392795495774,206.57863298843,185.145523520064,158.865278512569,23.5200742617987,6.2519432232698
129.863842763355,164.373335871339,206.574278390052,185.135886682824,158.866543374457,23.5367212552728,6.25134985062638
129.825522398246,164.341701899177,206.567199463925,185.12022083881,158.868599560375,23.563782955765,6.25038525165652
129.651173985534,164.169668489051,206.558684594891,185.054857710939,158.936570241982,23.7440644239001,6.24561959855586
129.5847732316,164.085243989749,206.58222816406,185.044352137079,159.027058008236,23.8679608715112,6.24422248543405
129.579876367247,164.078812919859,206.584257854916,185.043736236279,159.03443859381,23.8777014167369,6.24412416667283
129.555192390693,164.046395363043,206.594489063684,185.04063162079,159.071642442664,23.9268012840479,6.24362856421751
129.522226616072,163.98755742471,206.658181349826,185.073553552325,159.231708542423,24.0778585040492,6.24479910890919
129.522013573483,163.987146544713,206.658691571514,185.073839374388,159.232960538706,24.0790032088,6.24481028538553
129.500905310001,163.950628598706,206.780034346382,185.16814648864,159.49610465535,24.2877042656601,6.24993184530413
128.712216523734,163.453468009728,206.659749067711,185.08666734065,159.855422527881,24.8463765212892,6.25071882732612
128.202314548285,163.41132995126,206.968918339393,185.529124028849,160.386669770869,25.2729034259378,6.28891734988523
127.343647205069,163.038066609601,207.006867571717,185.721217909292,160.631576630033,25.6530305841715,6.30558363826171
127.192608242548,162.990119815436,207.056548241046,185.804438547425,160.719288739485,25.7375289039643,6.30837216482808
126.669104868495,162.891026663537,207.357772988113,186.232169798566,161.152608505172,26.0868358283761,6.31520383245836
126.097993329553,162.766315233935,207.586786548628,186.546758334834,161.461262234653,26.4014570983518,6.29836538965507
125.867756505906,162.686354402423,207.607093528627,186.585566001959,161.494865720821,26.4894657689554,6.28770170200537
125.752267208674,162.653465023293,207.626510554455,186.613014858406,161.515034032171,26.5356337378819,6.28217066271668
125.628903450054,162.618333132066,207.647251500541,186.642335273218,161.536577489036,26.5849495992743,6.27626249795959
125.234994090651,162.542124649722,207.774215352981,186.791847050113,161.632244421404,26.7589563018865,6.25906033507697
124.6972176973,162.517088274836,208.12345210984,187.161974717308,161.849737995819,27.0501069669732,6.24454400642662
124.359138629033,162.493313487761,208.387207305298,187.430994843131,161.990621027097,27.2431153361624,6.24238885190658
124.292093635072,162.464470205301,208.397306476115,187.440746090817,161.985625703035,27.2651008788823,6.24101958137518
123.861027369998,162.27928939137,208.474401324651,187.515683920206,161.963537875349,27.4106052889907,6.23308359059342
123.756757534747,162.234764227895,208.505239636061,187.546080612171,161.968247677287,27.449958782141,6.23203369698175
122.854818255887,161.885775477678,208.993452466106,188.040001060944,162.251477824964,27.8778016450879,6.22854768803183
122.767550962854,161.865230607773,209.086888179077,188.135954171388,162.335894810592,27.9385287870168,6.22786112590829
122.651684565927,161.838570545801,209.21264736313,188.265120485827,162.450199182067,28.0198890203255,6.22690416068492
122.469315587962,161.749678280619,209.263746695319,188.317010575061,162.500395170938,28.0908530465048,6.22002546850097
122.412601248475,161.717402609684,209.265146881785,188.318205493512,162.503204524093,28.1072876024507,6.21735610144219
122.33588180506,161.673742196244,209.267040962317,188.31982190092,162.507004833015,28.129519193197,6.21374515654061
121.157161219682,161.21314818497,209.614593485892,188.623499227829,162.719900867465,28.5647223042796,6.16474004626519
120.761616406152,161.195802426007,210.019147036236,188.980027292526,162.86108632049,28.7957839543267,6.17147931117137
120.224752031501,160.943759428792,210.128747838353,189.040750418494,162.669588698155,28.9451436685945,6.17966583335521
120.217466965395,160.940311366813,210.131320608356,189.042659616705,162.666698165502,28.9474096174322,6.18001938164781
119.635988934715,160.656086988192,210.392269542289,189.256421622044,162.432664625448,29.1424985111948,6.22070497005558
119.633249346046,160.654688802835,210.393863657644,189.257831319304,162.431540233551,29.1435109696745,6.22097842695446
119.180615273469,160.364637905448,210.802490595945,189.67278938691,162.262834574776,29.3548038408462,6.30078498119059
118.971825488777,160.173255916455,210.867834721536,189.75548440723,162.142344723688,29.4153503470809,6.32751323578275
118.643683717854,159.849626716826,210.842986251957,189.756246550949,161.913918299425,29.4712993860786,6.3525340412225
118.431412443592,159.630951337465,210.847234876681,189.781630566801,161.766659571735,29.5140694693088,6.3717968159717
118.103959631663,159.29187316533,210.924294938764,189.891846769092,161.542619427592,29.6025186471625,6.40973567150522
117.832161912326,159.021641711898,211.12155199332,190.109628594648,161.361562389806,29.718353034812,6.45622397251922
117.807006056013,158.998135387841,211.149848629858,190.138937216694,161.345155199819,29.7322747014018,6.46166612246798
117.620047306083,158.83408103686,211.417162292346,190.407317551707,161.224389358345,29.8539214746644,6.50846961212271
116.986653551584,158.2779684416,211.563451363992,190.538919421352,160.715321576974,30.0224588827745,6.56742352259503
116.843915204286,158.153691789209,211.61077655005,190.583611384903,160.603781040963,30.0647422152083,6.58288713433851
116.615133008742,157.943120994801,211.713789804071,190.694707158027,160.443193603506,30.1414079399995,6.61381653463869
116.45065035812,157.778595263165,211.794077381644,190.791761029783,160.340282993717,30.199017243486,6.63882640781153
116.422820892315,157.747889759791,211.808712518889,190.811585517384,160.325506559646,30.2092127373216,6.64361047697198
116.213295045147,157.482294452422,211.915156064024,190.981438883567,160.236272126405,30.2856738022741,6.68286844679631
115.517858424875,156.197692665832,211.333458271935,190.730757362917,159.771994456722,30.2101523286566,6.68926385183862
115.7256355555,155.899993911569,211.367374079927,190.79756982496,159.660422569216,30.1248963236344,6.67088703248998
115.69539189459,155.642796461042,211.300492666119,190.685457616032,159.416972981686,30.0793752781532,6.65342147169475
115.696971270719,155.606163225595,211.300519266974,190.675004649199,159.383277740029,30.0749287355279,6.65168513746525
115.745179492822,154.978446828446,211.326093996787,190.547391003564,158.945745048299,30.0252777955733,6.63550695771127
115.746088189954,154.961796546447,211.325682521165,190.545126688946,158.940545303841,30.0246851646821,6.63552120768472
115.447088817242,153.637110125861,210.848084573937,190.150577061164,158.726225315928,29.9431229199714,6.6259589563463
115.259037152369,153.249213157247,210.600020768282,189.983987204828,158.695646545229,29.9052059072599,6.61789250376451
114.612117037021,152.021189888606,209.741746478652,189.544679191147,158.835814101391,29.7576610927196,6.59063625827027
113.575210670074,150.656060200075,208.587160326135,189.337917265054,159.391405744456,29.4978107391477,6.54246035635409
112.856915367417,149.892564322508,207.865079317033,189.203225671786,159.468678151637,29.3544404152234,6.50754923273172
112.813930628284,149.842950680615,207.818436211321,189.19462800181,159.472021379107,29.3460674463277,6.50560240922899
112.591452110877,149.507334226188,207.50110519141,189.093965884569,159.461169577182,29.3021934365988,6.4970320997682
110.906860009088,146.093819624727,203.691390456348,186.242338828916,158.038695511682,28.8904625794082,6.4269109426287
110.531285991017,145.028045933713,201.802567791595,184.477782405559,157.095885800134,28.6266546961044,6.41383672400715
110.511615255426,144.986180300554,201.70988617923,184.386665182416,157.039314464794,28.6118659721154,6.41290889674988
109.854303814588,143.898835946341,197.884544256489,180.503691584222,154.098277758767,27.909811943706,6.37141468593098
109.846119766728,143.613364601708,196.908288694438,179.567602386549,153.35760037941,27.743861355904,6.37113144029489
109.838916241876,143.579098355529,196.816451008155,179.479902038032,153.287934531278,27.7290394657288,6.37074626358332
109.805682612462,143.494013776614,196.64577419077,179.317599602,153.158007596844,27.7036854776418,6.36890726901072
109.23257476705,141.154065171362,192.212206083209,175.012765782082,149.847497245104,27.0814515736696,6.36674611650873
109.272605223908,140.8232395974,191.461847379159,174.192072896008,149.245230991172,26.9645556593938,6.3888051979303
109.300649413053,140.741716516455,191.243807566169,173.939692069031,149.061479914735,26.9274385855831,6.39801960915166
109.341030361809,140.410583429696,190.063700039117,172.366144593896,147.883895288667,26.6647257972479,6.46148947520591
109.572437833546,140.672959764562,189.719358113098,171.545698976555,147.362440641152,26.4659407822148,6.54012231282632
109.674503682236,140.813745863744,189.687911058099,171.357404874001,147.270893164156,26.4070021693664,6.56747675484016
109.82969168015,141.032739253773,189.743236993841,171.238613869293,147.284817886489,26.3426933068955,6.60114632608768
110.167269168744,141.489424354205,189.884926248118,171.04022696026,147.393232398126,26.2088179318282,6.6701257218051
110.501270771037,141.928234918681,189.998255501002,170.811194589063,147.626343982555,26.0321044250939,6.74114856988143
110.692182469799,142.156941913753,189.889194703505,170.425765301594,147.847275366105,25.8100113870116,6.79359777272305
110.885179903759,142.276734409092,189.671817405877,170.043852819307,148.0727399923,25.6012243215077,6.82735035617385
111.352777963641,142.319686029651,188.813720109329,169.046972640652,148.266320892775,25.1711525571801,6.85081665293401
111.61142322147,142.284789860912,188.223154335276,168.440137979797,148.149111399136,24.9638776154367,6.84371966616808
112.197259174063,141.444768501439,184.591011314864,164.733560455807,145.579963178211,24.0885713461042,6.70102376585471
112.266926396774,141.379587611267,184.346902599089,164.481480622851,145.365057633179,24.0370674940596,6.69224586383171
112.955414047098,140.565218410039,182.002563591467,162.068834908227,143.290140681375,23.5636500279752,6.61723047790614
112.980819980964,140.450787277296,181.79659494512,161.858946269782,143.109242771028,23.5259488205243,6.61071857085194
113.050946045724,140.134931734744,181.228075373733,161.279606642687,142.609924043253,23.4218850482905,6.59274424964805
113.747954609603,137.435819655372,177.361305810027,157.441992534049,139.599358088146,22.7334993038423,6.49940975250739
113.763262205204,137.386593862881,177.29929682271,157.382192488251,139.557823926605,22.7224342009525,6.49823352411309
114.492296087805,134.530781408027,173.717055102792,153.9795186309,137.320622148647,22.0646959708594,6.41312617090469
114.572918829644,134.151970128325,173.215413231226,153.509859193989,137.021368102282,21.9682833391203,6.39747165488289
114.810057522616,133.269269122266,172.003600664919,152.38341435973,136.315335441567,21.7312057149139,6.35981854623675
114.971747356754,132.791608721416,171.318800543911,151.752152010874,135.927375051698,21.5945055332618,6.33864735020141
115.132435638366,132.467141866355,170.817032238682,151.298794706584,135.660474360393,21.4919310378325,6.32479901752911
115.611354694128,131.617374469795,169.474975644571,150.100305681255,134.972638328708,21.2174041053817,6.29210343330083
115.698843915986,131.47924553419,169.252192463157,149.90364598533,134.862690721779,21.1718046306729,6.28738298733349
115.760064911133,131.382589160791,169.096298882457,149.766032436665,134.78575436588,21.1398961834317,6.28407983303037
116.435443937333,129.152557840513,165.870747412266,146.938400682929,133.119437379492,20.536458173881,6.22684690086991
116.745316174557,128.429255785696,164.859655115898,146.07407811844,132.654691032718,20.3575934379861,6.22477380836193
116.857131025837,128.191895784471,164.529003185368,145.792483083707,132.507013172999,20.3000260797263,6.22558085194125
116.973721560932,127.948739798797,164.189650116942,145.503363517073,132.355710406811,20.2410796242157,6.2266336505554
117.366264302929,127.235465387065,163.178696587874,144.639239001311,131.911413249906,20.0688234999674,6.23530710776922
117.583109626892,126.321254926795,161.913852836125,143.515870626671,131.239017645269,19.8597286744191,6.23144994843243
117.860539582909,125.361758095398,160.531800945145,142.277740479518,130.490321155216,19.6304226663959,6.22838929634267
117.920933681749,125.21871896303,160.312005434652,142.079989735593,130.371792053287,19.5932120801363,6.22833007347367
117.963803493532,125.11757890901,160.156473215431,141.940050612288,130.287923750085,19.5668747247437,6.22829158225791
118.497426050842,124.064412935842,158.484105582482,140.437060539223,129.398407874701,19.2792196287498,6.22961603672971
119.472795575715,122.107642815623,155.322280770016,137.624925112316,127.743115772273,18.7086345438353,6.21757177731394
119.539319635989,121.953059894777,155.080499846497,137.413770399649,127.62074644267,18.6640924627563,6.21596143307476
119.702928628666,121.664782956007,154.629628264556,137.031967502469,127.417749253765,18.5794120573287,6.21519627141411
119.887378609409,121.352600368865,154.141371066772,136.620705141739,127.202553794104,18.4874123919841,6.21477922547781
119.960082138169,121.246292355336,153.974672641334,136.482655077993,127.134503087902,18.4559013421562,6.21528301442388
120.056354477017,121.120407019864,153.77683160728,136.321237976089,127.059302518062,18.4183997648056,6.21654415311081
120.406044583139,120.674077157984,153.074379399311,135.749138225251,126.795456506842,18.2856293827176,6.22166556490354
121.394412957376,118.81309339461,150.283391287278,133.395618189673,125.563421915354,17.8062248710406,6.23222308469066
121.788400710752,118.058211465273,149.143507626621,132.395715603421,125.004549055168,17.6319314816604,6.24046603363409
121.839412799675,117.967301462555,149.005022415439,132.273191255784,124.935903778569,17.6112785422507,6.24174359245185
121.873007760939,117.91347050413,148.921890341708,132.198595080167,124.89394740589,17.5993580201053,6.24276576584157
122.2547394486,117.301801913509,147.977280030807,131.350976183163,124.417206955884,17.4639079149359,6.25438048300329
122.275011738968,117.270448168999,147.928670883304,131.307119363329,124.392537669284,17.4570207458235,6.25502731282398
123.262568275546,114.965067935192,144.497853162769,128.134786215597,122.484143303711,16.9813135991443,6.27574334445588
123.265785305888,114.955835630265,144.484389208509,128.122314604968,122.476569962845,16.9794313691741,6.27577997726389
126.44105037518,108.604933959093,135.274256948132,119.934549275866,117.964604763063,15.5716767194276,6.30154954275996
127.712568646882,105.402021832108,130.664699655273,115.532262466456,115.164176269275,15.003669196689,6.32622769579972
128.004884611918,104.955409923325,129.959434355982,114.901446964369,114.825911731867,14.9057081145428,6.33422996835762
129.008386368093,102.414200909674,125.970258861386,111.396039003457,112.871451165616,14.274009191071,6.32243684609569
129.118383043044,102.221295324227,125.656147569355,111.114016071244,112.709025278479,14.2226490988425,6.32199576363965
129.143795283972,102.176728856958,125.58357926822,111.048861059021,112.671500455307,14.2107835125562,6.32189386152627
129.163961998248,102.141361680398,125.525990321281,110.997155169768,112.641721405545,14.2013671887844,6.32181299377398
129.609714931943,101.172593593153,124.042879294403,109.566010634166,111.691975467101,13.9883554451404,6.31835524842055
129.706606745495,100.41134725729,122.988019730155,108.479510386929,110.869178607521,13.8602541623504,6.30738920569502
129.782692278383,99.857041413116,122.236206443777,107.684880906254,110.25381374878,13.7792239501005,6.30173146911821
129.792963589841,99.7843500505723,122.137972796525,107.580808610267,110.173190757228,13.7688669252072,6.30105812396881
129.843222285853,99.4781803403364,121.732773210251,107.145682888218,109.835416375402,13.7316624108886,6.29985761878089
129.929211401507,98.9543453682394,121.039505042718,106.401213194294,109.257508019469,13.6680080875886,6.29780363832302
130.256075372582,95.7866803083065,116.9588969125,102.171400842106,106.143349766365,13.3104262630347,6.28808044517789
130.250395758149,95.5762542676826,116.686529331426,101.903052848016,105.95660436948,13.2822385579015,6.28578565047893
130.258805097514,94.5519683166564,115.327280485563,100.580495156544,105.061251057944,13.1303900556022,6.27518297253477
130.589960389264,91.4318075071549,110.649147335382,95.4666357905658,101.206143843161,12.3889672580275,6.2000905145444
130.836557981223,89.9549122620554,108.580417742608,92.8364744901292,99.0291481552926,12.0860762169438,6.15746105917836
130.855924585408,89.5530436662971,108.032945840921,92.1583246870201,98.4716068282853,12.0060225853065,6.14322303864588
130.872964277185,89.3255769942805,107.72090318314,91.7725246599849,98.1560494747953,11.9599884943894,6.13526313270547
130.88758084459,89.1304571536514,107.453234459999,91.4415872126549,97.8853658622183,11.9205006678713,6.128435162855
131.289703010456,88.0817933893782,105.854875762193,89.4823926271198,96.2965714505515,11.6430910146769,6.09207019109684
131.47971275008,87.9286205329783,105.561452939454,89.1236513942527,95.9915837738283,11.5737636029992,6.08597812432609
131.766435756354,87.5069125504893,104.825864747754,88.2463738430559,95.1608675235483,11.382941492117,6.05550308483626
132.623133836059,86.8029061512297,104.210252739116,87.6215592678469,94.2343314489064,11.1046422745111,6.00580511018031
132.911298699931,85.3595487864722,103.569201448899,87.1973410192556,93.8017232241823,10.9959290103921,5.96308382071503
132.994586041367,84.661664745161,103.266959190296,87.01156898201,93.7137215449456,10.9680334442987,5.9477138932875
133.401208785484,82.9531675650232,102.606413560965,86.6962932804013,93.8360574357437,10.9163596646849,5.92020960714603
133.439957243638,82.8384988865288,102.566916083672,86.6832367712612,93.8602946068521,10.9129140083093,5.91859542168437
133.502083906359,81.5803887344447,102.135239534262,86.5448263680254,94.0793833477124,10.8271821860476,5.86418294277773
133.781636861305,80.3662706703342,101.991089727123,86.9238871839074,94.3135500678505,10.6784245555287,5.7330624229213
133.659571745838,79.8457665975398,101.675052544846,86.7648743900679,93.95665347996,10.6317227935292,5.67537382315781
133.489494784982,77.2247630939777,99.3968162037538,85.206626287812,91.415680949604,10.5344090464202,5.45930400517537
133.484970421267,76.8503237012852,99.0283278750939,84.9319770514633,91.0165178552433,10.5302594396058,5.43536324364625
133.278593263001,75.5305635799644,97.7185504970545,83.9021279647088,89.6101016723118,10.5204153670117,5.35960756450844
133.204649612403,74.8482200380855,97.0545729305247,83.3839085535475,88.9100192650398,10.5257627670008,5.3281119596586
133.17596975573,73.0087146336507,95.5017243635431,82.2323993500743,87.3701758842223,10.5957971303835,5.2903449830576
133.269606396311,71.9450831571849,94.871313431833,81.8372941539561,86.8582223589648,10.6763949434232,5.3068214385796
133.024493585816,70.2739997060806,94.3463735982634,81.6059773884218,86.6817796918114,10.8134137564167,5.36127927910296
132.999269124494,69.7555262722598,94.3626359712686,81.7219946745644,86.9102575382251,10.8787338697097,5.39902457188986
133.158864831164,68.6598242085126,94.7382838217515,82.3950206458012,88.1966590377856,11.1034721682452,5.54268645287399
133.322447476653,68.6630175672652,94.8621382964493,82.6496241429447,88.7453606731786,11.2113819368546,5.60478450885936
133.419674834527,68.7461643164104,94.9050127568013,82.7210576933796,88.8612206631614,11.2407069486656,5.622303630744
133.691383712175,69.0377774159514,95.0354516895632,82.9311651342536,89.1367267849861,11.3581018627865,5.69252411089301
133.734632677466,69.0996747697486,95.116478912761,83.0112742575916,89.1505399803624,11.4689239166543,5.76099551351662
133.955589344016,69.1035258623586,95.2343536188467,83.0795366212515,89.1600301076165,11.5710920544433,5.83226135703477
134.010485519406,68.8707549586508,95.1146568587234,82.8179206545696,88.8321172404503,11.6656144322663,5.89167618194713
134.011226687599,68.8468338821264,95.0950952288334,82.7830040725337,88.7924533535086,11.6726694200174,5.89559663321001
134.171366880978,68.7872882724144,95.0040707006143,82.5776349850832,88.572658022388,11.7227540576064,5.92076918514995
134.140429871953,68.6051586060958,94.9103159796095,82.3492941002911,88.2911313295322,11.7705799642049,5.92796567265531
134.125193460898,68.5767623516008,94.9039111092743,82.3345946089328,88.2708726650633,11.7738704059454,5.92818922585819
134.11736340008,68.4276209122541,94.882482587063,82.2794368518756,88.1978754506948,11.7938071527219,5.93556821562837
134.270589098443,68.1725720591284,94.7927121926334,82.1473714383047,88.0748169127376,11.8265691463309,5.95955438453623
134.15007675813,67.640636874752,94.3429186097034,81.6265422008106,87.5831367113224,11.8301253053504,5.9662295619507
134.147329963338,67.610521969173,94.3145377418968,81.5937276192441,87.553209073847,11.8302785328243,5.96684463020021
134.144211451754,67.5763316895753,94.2823161630182,81.5564723233343,87.5192314048718,11.8304524961848,5.96754293408057
134.135474228555,67.4805398042581,94.1920400428756,81.4520930940554,87.4240351968237,11.8309398943131,5.96949939205665
134.160324602549,67.2658442746681,93.9613848857456,81.1842198411038,87.18949402751,11.8318521085819,5.97683602309158
134.162225585178,67.2509026547027,93.9452232264474,81.16544635392,87.1730894922124,11.8319148980663,5.9773580070208
134.163309503692,67.2423831141932,93.9360080334889,81.1547419266264,87.1637358141419,11.8319506999108,5.97765563627657
134.201922880521,67.0648372027062,93.735845573548,80.9213854924519,86.9627782407956,11.8327193491111,5.98511072869236
134.255437967743,66.9175471046431,93.5589087808577,80.7140176963351,86.7879847769747,11.8333872335657,5.99297448649886
134.414009248239,66.5602859220449,93.1136369409733,80.1880560891277,86.3514796734271,11.8328319504779,6.01556102932972
134.233035152224,66.0840415223881,92.5990164763193,79.5862635704969,85.8095489744938,11.8071483117268,6.01893763179346
134.219227665383,65.9961869780826,92.5306832726293,79.5029991502376,85.7368784225543,11.8000316278266,6.02284784301013
134.372949470258,65.9818191425244,92.6282824852381,79.608960555162,85.8364607152902,11.7934707079274,6.03932406842644
134.390408762515,65.9872883494259,92.6429458273383,79.6256594905628,85.8515669100868,11.7934658405413,6.04065741358738
134.352354323089,65.8425184726886,92.6723661991845,79.6725081958953,85.8292303934994,11.7738820390397,6.0386929566887
134.393796692629,65.7736259663642,92.6507368526457,79.6489081781181,85.7838242444758,11.7695650542706,6.04152301878145
134.533258510652,65.6475652275135,92.5762852561858,79.5586651984042,85.6680199601867,11.7664990449612,6.05257612146173
134.759831202523,65.2583693402872,92.2178049589586,79.1291245425706,85.2173733398589,11.7585405325404,6.08369507180169
134.701982299645,65.0218179448307,91.984692924058,78.8658020737199,84.9536435287039,11.7464188095176,6.09270115266605
134.679736601796,64.9180923215975,91.8819584236171,78.7544475687397,84.8466326858382,11.7400073163098,6.09876394530827
134.684194687894,64.7840671221111,91.7620376858848,78.6771181503217,84.8058323037123,11.7172369813801,6.1247916078319
134.702839875356,64.8676229309021,91.8896646272254,78.9158367169562,85.0765680224313,11.6886407184594,6.14186027817955
134.469160943455,64.8810758011547,91.9940114023838,79.1607176547818,85.3333617831358,11.6312862765812,6.13787054717137
134.403425467424,64.8737210016342,92.2097413059315,79.584128123344,85.7488074145829,11.4662544312704,6.14687951765383
134.101450427851,64.4106386057905,91.7709945921918,78.9926924517407,85.0722942800723,11.2635013961501,6.16390139045999
134.119216763673,64.4602118835709,91.7543505064804,78.9285008896487,84.9896373158419,11.2209875035439,6.17962158676772
134.205264339109,65.9660091126229,92.6498100785106,79.8817891427007,85.8725346904809,11.1103644534479,6.25091272200308
134.631566070735,67.6743510741778,93.8215835595338,81.2698275963413,87.2090435398759,11.1354951878221,6.29951706876835
134.721523579467,67.9524581840896,94.0038006633987,81.4803732899566,87.4041767112413,11.1453983914796,6.30756197283034
134.771973807182,68.4357174507598,94.2550942147649,81.7515677310384,87.6154625646172,11.1697545495385,6.31681933299042
135.706962860899,70.1263439193774,95.20529844244,82.5173828218148,88.1097689101778,11.340542752732,6.41757809137606
136.013915658525,71.2005754162572,96.0065822496358,83.2474544489422,88.6614890830106,11.4198829451127,6.47175537336379
136.078642730254,71.3978156130831,96.1697172309323,83.4067979823388,88.7918796349167,11.4318848745014,6.48129876306418
136.556569342111,72.7781501699187,97.3497170435738,84.5768857898034,89.7598847850678,11.5084802582602,6.54692205035223
136.676715431155,73.110474044782,97.6410834251269,84.8685001606868,90.0022236751201,11.5254165141571,6.56249220730359
136.715174970114,73.2168530631433,97.7343516853921,84.9618478039382,90.0797979187557,11.5308379190374,6.56747631508971
137.342203878628,75.2941650118801,99.6207196316916,86.8339141647253,91.5677811390343,11.6102669657736,6.65586752363421
137.765994835518,77.0518905634327,101.245828934854,88.3948430243068,92.7031865509268,11.6494376305388,6.72519737759448
138.163080716439,78.3293067449643,102.41802028914,89.4981947633793,93.4768564569326,11.6640046317985,6.7770350103205
138.58551666717,79.5945051818057,103.555951963424,90.561403994377,94.2116675869159,11.6630212424517,6.82504097799822
138.626713785225,80.00212932418,103.912177713845,90.8865477849372,94.4128853569957,11.6521951171001,6.83473107000656
138.697560550691,80.6358265489047,104.463753326051,91.3930187000905,94.731638350324,11.6341807072293,6.84927636162642
138.940732685111,82.2175464997552,105.829918714803,92.6752960028803,95.5872579958811,11.5806357252835,6.88108864647076
139.21419928431,83.5670742787122,107.0061882471,93.803304035078,96.3794275272888,11.5290928268447,6.90340432730378
139.367453598206,84.2429727391412,107.604417168103,94.3820445437763,96.7924488940746,11.5006227104983,6.91223763222523
139.455966288453,84.6333408113046,107.949926862645,94.716298621704,97.0309911665517,11.4841796719605,6.91733934559625
139.466837707114,85.5854834722076,108.798792488214,95.5249217116482,97.5570876853869,11.4207244313747,6.91422178591121
139.466581666127,85.6660361551296,108.87064297364,95.5932942737186,97.6012766250212,11.4152221166652,6.91386879319753
139.749596788621,89.2522268750036,112.154542641558,98.7405760356657,99.6737603276222,11.1616244348488,6.88907012776592
139.881994174102,90.7007104962819,113.483807989982,100.019202990483,100.518961730304,11.051474880031,6.87118526605086
140.491165569939,96.0955250804186,118.330961389181,104.609312027129,103.536163836604,10.6021370377153,6.77611111166567
141.44738529061,100.63547735203,122.519570667342,108.441613621052,106.000128767636,10.1943931275676,6.6557127934267
141.623959455477,101.395602597765,123.234732864694,109.112534508418,106.453141056906,10.1318176781293,6.63404570018924
141.631738582421,101.476880463076,123.311219207404,109.184143137471,106.499549920906,10.1240750946456,6.63080958465549
141.659599565763,101.767977557637,123.585155439012,109.440609812418,106.66576350711,10.0963449918942,6.61921942015091
142.719116576857,107.441773335207,128.877625625002,114.54427852356,110.232236861068,9.67314720759929,6.46125155938243
142.743046142578,107.782517861992,129.196330715735,114.84818762873,110.43333169317,9.6461869821207,6.44983339846207
143.017166936233,110.107404525494,131.426407442787,116.96115507748,111.823944366773,9.48438926125296,6.38197158919769
143.186331686724,111.195478658819,132.501519103495,117.979291656644,112.49750878666,9.42019107818177,6.35291508072355
143.360412397901,112.944032281197,134.26372608466,119.649494731643,113.589027838105,9.31775036718749,6.29606734045554
143.331039203265,113.308833267604,134.637881803122,120.00114147477,113.804596851254,9.29155121232661,6.27847979241903
143.235839981088,115.477614885117,136.869023891554,122.120384015686,115.151701300468,9.14815353690812,6.17480304706794
143.428173516093,118.540690832225,139.982066705969,125.120491857561,117.19052013941,8.97621613615637,6.03923108338107
143.293295983976,120.863677639034,142.334091329971,127.366179932588,118.667608886384,8.81530386788098,5.89522802529966
143.411971510465,122.788616793446,144.285429616414,129.234651823787,119.938246355191,8.70182153397218,5.78942071011573
143.446703168667,125.326709531439,146.903330189501,131.729193010752,121.575672186466,8.55140019664594,5.63572803798148
143.607677910179,131.303424446209,153.012068519626,137.543150043553,125.305033772275,8.23177132543409,5.25385889591213
143.61399388343,131.654931278857,153.362845062838,137.875350037442,125.519041842723,8.21296347224388,5.22952920025673
143.999895660136,136.181730051566,157.920699701262,142.235960264724,128.553378600825,8.00939048665759,4.95987105043112
143.976115774516,136.443430002893,158.192490087516,142.494958601886,128.731103676208,7.99495927094539,4.94099331234501
143.885483429747,137.996664608621,159.819119216651,144.053328088017,129.82427292041,7.91634600135955,4.83800740302113
143.95903710043,140.480727469866,162.405095905451,146.541452057355,131.6098387146,7.80803621933544,4.6997544757119
143.966811047603,141.898608652745,163.856880157923,147.92608164926,132.576504749143,7.74012132951732,4.61773824403629
143.921714683868,142.272827624435,164.239258882787,148.286508340433,132.815701820225,7.71813854039961,4.59157103170308
143.932095088144,144.646900609486,166.579669493506,150.489020628972,134.294392349153,7.59731924034394,4.45282350829614
144.024525498856,147.501943730127,169.334418202537,153.083882880339,136.037195211388,7.46573406646549,4.30263856635845
143.923643030845,150.940771102113,172.651572049598,156.23452789725,138.17270874301,7.32580424912257,4.12174585310655
143.906940030717,152.66352868424,174.284299817181,157.767601124946,139.213168434136,7.26114400625821,4.03044484237614
143.830503245034,154.70135350328,176.163755327491,159.461476926077,140.302781132833,7.17290998121263,3.90417152061688
144.232334334632,158.285445609158,179.376467997302,162.171891559439,142.037995416222,7.03493933085007,3.69581180733415
144.762916592694,162.732124273092,183.328867065595,165.51387473918,144.432888738593,6.94218665509512,3.45683363299582
145.207738649586,167.238067464217,187.582019866588,169.358213627303,147.432614344305,6.85055738055482,3.16051162769068
145.192585428415,167.793245165849,188.20297302681,169.867900939,147.773985316303,6.78936168381168,3.08418063134875
145.208973581947,168.017577801267,188.46335057223,170.076397724671,147.912115158417,6.75847355836675,3.05298870108848
145.323784714551,168.696895201878,189.251437795664,170.706388987752,148.340809964996,6.65871402716208,2.96783152154734
145.616158564614,169.700145277347,190.35786936943,171.617776341947,149.015622150779,6.52017096602097,2.88057921268677
145.71918824458,171.44183523301,192.194403233825,173.116879414623,150.124348395093,6.22073958842583,2.71086554904786
145.728491162495,171.510846918871,192.264752954809,173.176044639855,150.16970343148,6.20952037926718,2.70495191114257
146.145107526859,173.108059388353,193.908225169608,174.575496041523,151.236840454961,5.95020137669829,2.56860948171598
146.193444092266,173.242949055823,194.049907723033,174.696369521631,151.326752678295,5.92659502710249,2.55587948947046
146.241595626992,173.749123771059,194.695238008618,175.182525232924,151.552851454812,5.69043154528729,2.4051049539291
146.307224676451,173.834231785746,194.827127960893,175.290152046337,151.59286496458,5.62972771938767,2.36476855662762
146.534397382207,174.027438073024,195.124907762884,175.578054806658,151.732240074838,5.50462152962526,2.27805856879706
146.556292531331,174.045042151311,195.149902015199,175.606055297816,151.749227941002,5.49628553171015,2.27190435488677
146.670177962801,174.137595333318,195.285884077866,175.76095634152,151.84056687242,5.44759425017885,2.23539860900538
146.589296384957,174.087898543686,195.286377671394,175.80132004532,151.824065731175,5.39557414082613,2.18832085649681
146.473271633787,174.099880159985,195.39323491239,176.020267581236,151.935158313363,5.32189058202279,2.10939442438405
146.360878717373,174.485688236924,196.133739761663,176.944720892863,152.565552570586,5.28547888454555,1.99086157218736
146.214829118643,174.468712739737,196.272811100014,177.080225729956,152.609931473764,5.29244381226384,1.961483021959
146.108633645747,174.57255976708,196.846074243167,177.544794161031,152.803742196085,5.35412845935405,1.91539958318399
146.044315392991,174.708241421025,197.393504868252,177.910350276416,152.940040773149,5.45312838819524,1.90505235687479
145.9188315813,174.769264962403,197.679338157883,178.065338086063,152.989177024708,5.5378241636718,1.91328382441175
145.907984039582,174.794123467883,197.741386162188,178.102878145413,153.010074044711,5.55537474208514,1.91681933300517
145.574850660861,175.131063131597,198.772593279908,178.595151336325,153.250084269423,5.94678903098025,2.03447110609986
145.541408030708,175.141499023087,198.844497782979,178.620685029043,153.248913863077,5.98140698534608,2.0469568916685
145.099820676893,175.753226225345,200.089420937594,179.292111005327,153.414633448213,6.45860684111014,2.30714667526329
144.617489997733,175.839543276714,200.629071465094,179.509643845698,153.431688195705,6.73721166359882,2.50889839099286
144.617531288408,175.839697524391,200.629748593687,179.510200252085,153.431921580461,6.73748308058635,2.5091046453288
144.502736112899,175.794696312268,201.049576774907,179.992811753192,153.551319763989,7.05159515536076,2.75995504214383
144.527767978362,175.846077257362,201.113105826901,180.051719973925,153.609032077561,7.09169317391769,2.79681434181182
144.436875661724,175.866965238193,201.123999755638,179.963068210231,153.67219402968,7.2192797238481,2.92073598060604
144.330589887552,175.783986893781,201.027908796183,179.818020143786,153.638529843366,7.26987494964943,2.97262053709787
144.25257737015,175.672045556615,200.882704502322,179.593675762968,153.648508435627,7.37171064694801,3.08377673179563
144.308259448361,175.244752370715,200.422066124357,179.173582055863,153.740803676528,7.62912005805114,3.40641776167488
144.310182423319,175.198967307969,200.393452981562,179.093280187206,153.82572879171,7.72185462627943,3.53031220431568
144.312907705017,175.233179746967,200.43967349453,179.067322350246,153.885307220716,7.76809275163365,3.59114774906547
143.887030934021,175.260656763553,200.549822772616,178.60433642768,153.817199494727,7.92672639763383,3.79460287221118
143.881613458008,175.260439207077,200.550483132425,178.598580891525,153.81501169269,7.92795595205366,3.79617255699546
143.728313500834,175.254282945689,200.569169533643,178.435714744277,153.753102796802,7.96274902533183,3.8405904020637
143.719230127506,175.253918173111,200.570276745684,178.426064552293,153.749434553027,7.96481059455609,3.84322226104519
143.438192746584,175.289948663448,200.662185416974,178.095639439495,153.617165412884,8.03831323321818,3.93797491687234
143.341787297935,175.314924221113,200.709925321393,177.971291504388,153.563769570348,8.06696192896598,3.9752528575646
143.051457074801,175.519140542738,201.036231083558,177.435648255206,153.255331120544,8.20387495879742,4.15896966192214
142.947731675646,175.501484569633,201.051918752836,177.265185084756,153.109897301952,8.23134526073466,4.19758811288021
142.606728723907,175.348140746844,200.995067239172,176.737044849262,152.60329633819,8.29857085237146,4.29501735184292
141.147583240095,174.919444834299,201.030098711203,174.228327821436,149.589960481978,8.69743765376874,4.8038948332616
140.073501005581,174.944483906381,201.191470280534,172.52976346376,147.810289783028,8.9694487979002,5.06601233999591
139.550318246643,175.045678066545,201.290654691353,171.469153888368,146.768112320792,9.13126397185385,5.21049117656627
138.829874527352,175.066399604384,201.179544268408,169.767772976299,145.122898010562,9.33735451665203,5.39549986150641
138.804587131963,175.073390187234,201.176798790636,169.690060803093,145.04782725577,9.34698741631993,5.40443793515418
137.778115310072,175.346225286613,200.867389952458,166.645357735915,142.268825260151,9.66641549957372,5.72574308090012
137.504275104027,175.386826233156,200.785486226599,166.01660865843,141.736764171887,9.7241169774821,5.78532758938357
137.0557040611,175.564655115405,200.748188596464,164.912039379146,140.830175100108,9.83916034151232,5.90307187203132
135.936266257903,175.742112268952,200.629708536293,162.514436897088,138.826857166794,10.0892426721866,6.15252483731464
135.647338501884,175.835721772642,200.664463638404,161.814874034407,138.19785135893,10.1789208382544,6.2462580694548
134.709206062104,175.886919468102,200.689646442401,159.834444756838,136.247251954579,10.4284338730597,6.52185004993008
134.114620792804,175.800223847469,200.758829444625,158.625911437501,134.963672203999,10.5707096383007,6.67496008496057
133.184765068622,175.387863601499,201.114814816711,156.209612846149,132.312797963039,10.8187861629664,6.87388937817461
133.072027876266,175.314645872665,201.238652366125,155.732661121773,131.78538789195,10.8692828268543,6.90278449891793
133.007205666277,175.311119069442,201.519292070135,155.047965968058,131.033566609421,10.9596391676951,6.95603186066492
132.999723285071,175.328571332955,201.628406487698,154.816956964633,130.782551523898,10.9935939867507,6.97693502317342
132.636024279672,175.070601751145,201.597592098051,153.854663001667,129.807595290014,11.0861750351049,7.03363213296559
132.382451537694,174.935485369585,201.638039272075,153.008169051516,128.959345418757,11.1924861400487,7.11227086295793
131.617755246331,174.534367186044,201.901097300733,149.679108379868,125.678255239897,11.7056836073424,7.52409855427045
131.567403617173,174.592868096604,201.986821654728,149.32678446308,125.347649795466,11.7641079424503,7.56542181909529
130.976055485367,174.44294208933,201.799185873113,148.030705553455,124.173064045351,11.8813057964658,7.63549429901137
129.970168014362,174.770235030644,201.578818541047,145.245921556818,121.821128565811,12.072435263885,7.75859574728267
129.175145494894,175.159177818568,201.260127090497,141.713889248954,119.093934667163,12.2709878046413,7.914487175264
128.888310115604,175.08212763028,201.044316838049,140.800657720533,118.408858873674,12.3258930738649,7.95169697765245
128.74522640933,175.051688347157,200.938306284865,140.303871254119,118.040428771214,12.3610973454317,7.97516693985849
128.690870093309,175.048209348427,200.901439190451,140.073556001589,117.870214643772,12.3813299618169,7.98840080602342
128.48633421142,175.066503757291,200.780392917869,139.023196828342,117.088582119813,12.4853447742104,8.05571587617916
128.439747407907,175.09507526612,200.769970859155,138.617455637602,116.778504697088,12.5329670990031,8.08602132467591
128.013623990795,174.841442344029,200.475678996643,137.100962215544,115.537579559112,12.6670779602319,8.15997845532229
127.185981627614,174.261421535436,200.051790182871,133.543649286969,112.650060592171,12.9658219440745,8.31937603067102
126.049417429082,173.598296367659,199.483817804506,129.283542588632,109.663097166577,13.3650947406934,8.45313829037916
125.951865730151,173.531925496197,199.414170136277,128.839750137325,109.342060884096,13.4114556890564,8.46100836020039
125.667145024252,173.426555569416,199.182738799163,127.069041126957,108.039715448297,13.587160426121,8.47490918080317
125.418048116249,173.297760775352,198.972117858327,126.317228690874,107.47475074383,13.6311872901871,8.46173410718912
124.530798410655,173.333590024766,198.612257608851,123.125960776561,105.248034587242,13.7981323211791,8.40171134915365
123.962956148136,173.267447414443,198.447998519969,120.535566474668,103.33576270234,13.8941434817045,8.3470853824781
123.383750254572,172.95907904377,198.125791885822,118.31718071357,101.449857366271,13.9196227640696,8.27647869090684
123.236790192734,173.09606231346,198.248177764714,117.577474074183,100.818718432198,13.9370680757887,8.26113622506067
123.138111683629,173.13718922369,198.286261801622,117.247197384254,100.537841122064,13.9430710513043,8.25335928775164
122.352441601493,173.075344185585,198.248271676965,114.919664170437,98.4946956320833,13.9479027380304,8.17612604260034
122.373216939136,173.092456263346,198.257825356952,114.747128351835,98.3299991309224,13.9467284998704,8.1697528443686
122.378784195535,173.095241728752,198.259065855576,114.722072355112,98.3056145608873,13.9464679647545,8.16877962730528
122.386806204104,173.099255380315,198.260853323203,114.68596849964,98.2704781820787,13.9460925527414,8.16737729282285
122.3957810436,173.103745761777,198.262853101054,114.645576332862,98.2311684060383,13.9456725503776,8.16580839311527
122.400308420251,173.106010944146,198.263861893195,114.625200419413,98.2113385068726,13.9454606793021,8.16501695835943
122.427473102206,173.072327545763,198.211363006457,114.307200936337,97.8997237544185,13.9369655247986,8.14917637544477
122.399176412451,172.766759388237,197.850871480685,113.637299967239,97.2305939979858,13.8975055638733,8.10170696757407
122.613169896927,172.274097673923,196.875357534309,111.985923618727,95.9606803134285,13.7777974363736,7.97879200269048
122.558731173107,172.378469749085,196.898908015449,111.729020241655,95.9214784927461,13.7634454620472,7.9688681635557
122.629677193739,172.54322204069,197.021198970488,111.682817518019,95.9899836631962,13.7554166501211,7.96989282346475
122.67509605127,172.609039292639,197.073990655754,111.691153692395,96.0264161646116,13.7524165761661,7.97122371816941
122.692084707738,172.63365784854,197.093737075064,111.69427178938,96.0400435274404,13.7512944161521,7.97172153150427
122.707946989278,172.632085884969,197.053165879318,111.637157831321,96.0483223064749,13.7117447999436,7.95874461848198
122.862124844802,172.623588161124,196.968804410627,111.71804111155,96.0947072190599,13.6585897367014,7.9448339940683
123.417806680628,172.56363449388,196.328352270822,112.093604683534,96.1396743687,13.4742346128267,7.88152965381546
123.350217039823,172.427313025546,195.804178848974,112.243926207104,96.0211980545795,13.3653994085885,7.81063596786426
123.369558144171,172.445399167582,195.787565478542,112.312441218253,96.0341668238612,13.3538583005964,7.80152295148139
123.374571145835,172.449832782396,195.787914213985,112.325787311817,96.0377034204603,13.3522263037397,7.80015550197641
123.308020404567,172.254177762689,195.570562792815,112.702304073435,95.9632102288992,13.2676287249479,7.72429492977292
123.773212799854,171.860924558271,195.05099104538,113.519623555913,95.6353937466462,13.0857943614739,7.58045371890406
123.806302098429,171.54217410576,194.339665364069,113.394219615653,95.1759617714911,12.9831587951272,7.49121313947828
123.910190092608,171.169757128493,192.814622930683,112.975422131708,94.5166129343478,12.8093704794644,7.31644605128983
123.898351784073,171.061477520874,192.393248085498,112.860543235288,94.3919413267376,12.7719555612069,7.27899977895288
123.90698158052,171.040465425917,192.258685571098,112.832330854301,94.3647717334168,12.7615424656237,7.26905273905849
124.139394518884,170.95294528103,190.410428377312,112.497984273604,94.1191115200882,12.6612793990942,7.18562717244467
123.889233893291,170.455366592649,186.202766800687,111.037724966953,92.8031250460835,12.5802693903021,7.12675780919419
123.655048552396,170.049191377966,184.230285802964,110.164682142737,91.7782301823764,12.552411537602,7.05321274462978
123.642109648448,169.915217173508,183.393819893596,109.815802917893,91.3154487836199,12.5375685007156,6.99600871333407
123.718592351575,169.327968000351,178.905344714029,107.96157137425,88.9940832287163,12.439733147015,6.65081987053625
123.655433233689,169.008837749867,177.784737499348,107.55913965258,88.3837867875403,12.451728386783,6.5941228303414
123.959445071139,168.608617400773,176.606145009486,108.259009063066,89.051723673947,12.5901996861524,6.51817729632138
123.86103289095,168.201551433819,176.168893925272,108.981174864926,90.1930455230562,12.6375189021632,6.4556971699313
123.904553759228,168.035264302524,175.988756345257,109.639807471334,91.2967193325685,12.6660587206135,6.40985729650055
NaN,NaN,NaN,NaN,NaN,NaN,NaN
NaN,NaN,NaN,NaN,NaN,NaN,NaN
NaN,NaN,NaN,NaN,NaN,NaN,NaN
NaN,NaN,NaN,NaN,NaN,NaN,NaN
NaN,NaN,NaN,NaN,NaN,NaN,NaN
NaN,NaN,NaN,NaN,NaN,NaN,NaN
NaN,NaN,NaN,NaN,NaN,NaN,NaN
NaN,NaN,NaN,NaN,NaN,NaN,NaN
NaN,NaN,NaN,NaN,NaN,NaN,NaN
NaN,NaN,NaN,NaN,NaN,NaN,NaN
NaN,NaN,NaN,NaN,NaN,NaN,NaN
NaN,NaN,NaN,NaN,NaN,NaN,NaN
NaN,NaN,NaN,NaN,NaN,NaN,NaN
NaN,NaN,NaN,NaN,NaN,NaN,NaN
NaN,NaN,NaN,NaN,NaN,NaN,NaN
NaN,NaN,NaN,NaN,NaN,NaN,NaN
NaN,NaN,NaN,NaN,NaN,NaN,NaN
NaN,NaN,NaN,NaN,NaN,NaN,NaN
NaN,NaN,NaN,NaN,NaN,NaN,NaN
NaN,NaN,NaN,NaN,NaN,NaN,NaN
NaN,NaN,NaN,NaN,NaN,NaN,NaN
NaN,NaN,NaN,NaN,NaN,NaN,NaN
NaN,NaN,NaN,NaN,NaN,NaN,NaN
NaN,NaN,NaN,NaN,NaN,NaN,NaN
NaN,NaN,NaN,NaN,NaN,NaN,NaN
NaN,NaN,NaN,NaN,NaN,NaN,NaN
NaN,NaN,NaN,NaN,NaN,NaN,NaN
NaN,NaN,NaN,NaN,NaN,NaN,NaN
NaN,NaN,NaN,NaN,NaN,NaN,NaN
NaN,NaN,NaN,NaN,NaN,NaN,NaN
NaN,NaN,NaN,NaN,NaN,NaN,NaN
NaN,NaN,NaN,NaN,NaN,NaN,NaN
NaN,NaN,NaN,NaN,NaN,NaN,NaN
NaN,NaN,NaN,NaN,NaN,NaN,NaN
NaN,NaN,NaN,NaN,NaN,NaN,NaN
NaN,NaN,NaN,NaN,NaN,NaN,NaN
NaN,NaN,NaN,NaN,NaN,NaN,NaN
NaN,NaN,NaN,NaN,NaN,NaN,NaN
NaN,NaN,NaN,NaN,NaN,NaN,NaN
NaN,NaN,NaN,NaN,NaN,NaN,NaN
NaN,NaN,NaN,NaN,NaN,NaN,NaN
NaN,NaN,NaN,NaN,NaN,NaN,NaN
NaN,NaN,NaN,NaN,NaN,NaN,NaN
NaN,NaN,NaN,NaN,NaN,NaN,NaN
NaN,NaN,NaN,NaN,NaN,NaN,NaN
NaN,NaN,NaN,NaN,NaN,NaN,NaN
NaN,NaN,NaN,NaN,NaN,NaN,NaN
NaN,NaN,NaN,NaN,NaN,NaN,NaN
NaN,NaN,NaN,NaN,NaN,NaN,NaN
NaN,NaN,NaN,NaN,NaN,NaN,NaN
NaN,NaN,NaN,NaN,NaN,NaN,NaN
NaN,NaN,NaN,NaN,NaN,NaN,NaN
NaN,NaN,NaN,NaN,NaN,NaN,NaN
NaN,NaN,NaN,NaN,NaN,NaN,NaN
NaN,NaN,NaN,NaN,NaN,NaN,NaN
NaN,NaN,NaN,NaN,NaN,NaN,NaN
NaN,NaN,NaN,NaN,NaN,NaN,NaN
NaN,NaN,NaN,NaN,NaN,NaN,NaN
NaN,NaN,NaN,NaN,NaN,NaN,NaN
NaN,NaN,NaN,NaN,NaN,NaN,NaN
NaN,NaN,NaN,NaN,NaN,NaN,NaN
NaN,NaN,NaN,NaN,NaN,NaN,NaN
NaN,NaN,NaN,NaN,NaN,NaN,NaN
NaN,NaN,NaN,NaN,NaN,NaN,NaN
NaN,NaN,NaN,NaN,NaN,NaN,NaN
NaN,NaN,NaN,NaN,NaN,NaN,NaN
NaN,NaN,NaN,NaN,NaN,NaN,NaN
NaN,NaN,NaN,NaN,NaN,NaN,NaN
NaN,NaN,NaN,NaN,NaN,NaN,NaN
NaN,NaN,NaN,NaN,NaN,NaN,NaN
NaN,NaN,NaN,NaN,NaN,NaN,NaN
NaN,NaN,NaN,NaN,NaN,NaN,NaN
NaN,NaN,NaN,NaN,NaN,NaN,NaN
NaN,NaN,NaN,NaN,NaN,NaN,NaN
NaN,NaN,NaN,NaN,NaN,NaN,NaN
NaN,NaN,NaN,NaN,NaN,NaN,NaN
NaN,NaN,NaN,NaN,NaN,NaN,NaN
NaN,NaN,NaN,NaN,NaN,NaN,NaN
NaN,NaN,NaN,NaN,NaN,NaN,NaN
NaN,NaN,NaN,NaN,NaN,NaN,NaN
NaN,NaN,NaN,NaN,NaN,NaN,NaN
NaN,NaN,NaN,NaN,NaN,NaN,NaN
NaN,NaN,NaN,NaN,NaN,NaN,NaN
NaN,NaN,NaN,NaN,NaN,NaN,NaN
NaN,NaN,NaN,NaN,NaN,NaN,NaN
NaN,NaN,NaN,NaN,NaN,NaN,NaN
NaN,NaN,NaN,NaN,NaN,NaN,NaN
NaN,NaN,NaN,NaN,NaN,NaN,NaN
NaN,NaN,NaN,NaN,NaN,NaN,NaN
NaN,NaN,NaN,NaN,NaN,NaN,NaN
NaN,NaN,NaN,NaN,NaN,NaN,NaN
NaN,NaN,NaN,NaN,NaN,NaN,NaN
NaN,NaN,NaN,NaN,NaN,NaN,NaN
NaN,NaN,NaN,NaN,NaN,NaN,NaN
NaN,NaN,NaN,NaN,NaN,NaN,NaN
NaN,NaN,NaN,NaN,NaN,NaN,NaN
NaN,NaN,NaN,NaN,NaN,NaN,NaN
NaN,NaN,NaN,NaN,NaN,NaN,NaN
NaN,NaN,NaN,NaN,NaN,NaN,NaN
NaN,NaN,NaN,NaN,NaN,NaN,NaN
NaN,NaN,NaN,NaN,NaN,NaN,NaN
NaN,NaN,NaN,NaN,NaN,NaN,NaN
NaN,NaN,NaN,NaN,NaN,NaN,NaN
NaN,NaN,NaN,NaN,NaN,NaN,NaN
NaN,NaN,NaN,NaN,NaN,NaN,NaN
NaN,NaN,NaN,NaN,NaN,NaN,NaN
NaN,NaN,NaN,NaN,NaN,NaN,NaN
NaN,NaN,NaN,NaN,NaN,NaN,NaN
NaN,NaN,NaN,NaN,NaN,NaN,NaN
NaN,NaN,NaN,NaN,NaN,NaN,NaN
NaN,NaN,NaN,NaN,NaN,NaN,NaN
NaN,NaN,NaN,NaN,NaN,NaN,NaN
NaN,NaN,NaN,NaN,NaN,NaN,NaN
NaN,NaN,NaN,NaN,NaN,NaN,NaN
NaN,NaN,NaN,NaN,NaN,NaN,NaN
NaN,NaN,NaN,NaN,NaN,NaN,NaN
NaN,NaN,NaN,NaN,NaN,NaN,NaN
NaN,NaN,NaN,NaN,NaN,NaN,NaN
NaN,NaN,NaN,NaN,NaN,NaN,NaN
NaN,NaN,NaN,NaN,NaN,NaN,NaN
NaN,NaN,NaN,NaN,NaN,NaN,NaN
NaN,NaN,NaN,NaN,NaN,NaN,NaN
NaN,NaN,NaN,NaN,NaN,NaN,NaN
NaN,NaN,NaN,NaN,NaN,NaN,NaN
NaN,NaN,NaN,NaN,NaN,NaN,NaN
NaN,NaN,NaN,NaN,NaN,NaN,NaN
NaN,NaN,NaN,NaN,NaN,NaN,NaN
NaN,NaN,NaN,NaN,NaN,NaN,NaN
NaN,NaN,NaN,NaN,NaN,NaN,NaN
NaN,NaN,NaN,NaN,NaN,NaN,NaN
NaN,NaN,NaN,NaN,NaN,NaN,NaN
NaN,NaN,NaN,NaN,NaN,NaN,NaN
NaN,NaN,NaN,NaN,NaN,NaN,NaN
NaN,NaN,NaN,NaN,NaN,NaN,NaN
NaN,NaN,NaN,NaN,NaN,NaN,NaN
