127.992290784023,164.760336581942,163.752292586078,107.468677853447,98.128988473747,13.5123096764857,5.63041706426605
134.314994231381,170.762811203916,169.068553707604,111.911863513502,102.491978400161,13.9163963205544,5.99961791648059
136.813387743987,173.056058407515,171.906489877976,114.644182847273,105.319422825603,13.9313455415684,6.1080504960946
115.599191388844,152.621707772766,157.195822230233,103.926497209053,95.4390880925333,11.9957626477775,4.73850113389277
110.738099121166,147.950341002493,153.840299134334,101.504713107699,93.2229297596668,11.5622098110162,4.43350476137292
109.397525302308,146.66208389111,152.916480058233,100.839076865141,92.6144206848218,11.4425255233565,4.3494487000252
103.447750833227,140.943101161669,149.276191936811,98.5344746528355,90.6730882154882,10.8523258821933,3.97484109984286
103.48345778851,140.977454737395,149.32754875453,98.5898647902321,90.7332171010813,10.8518708797614,3.97679518233135
103.940921417236,141.417579393404,149.985512336342,99.2995016956484,91.5035650060325,10.8460415655035,4.00183012745402
108.88157787156,146.180274217397,154.951286426551,103.94679874465,96.300963428564,11.0654458919181,4.28583387759058
111.486016956478,148.700609408149,157.329283379506,106.058027513979,98.432761880909,11.2089879274923,4.43300125313335
117.543433941781,154.58586178915,162.889159055449,111.003995673658,103.427415076877,11.5301117225199,4.76442919245442
120.404929831931,157.404243028552,165.656375784373,113.532195392315,106.002451190083,11.6499803545343,4.90441971033012
121.072434606367,158.081816707092,166.388357758521,114.241224311218,106.738074605761,11.6598738024586,4.92880414607478
119.1069334189,156.547311902003,166.21585511634,114.893155324834,107.673668265973,11.2358481049027,4.69112042359726
116.367740320812,154.106039997342,164.584311718924,113.876180451819,106.795394319953,10.9283571836454,4.48462602479082
114.209158334805,152.187504277356,163.271375762575,113.033688110622,106.055500612143,10.6942777554308,4.32775092310686
112.18343520174,150.42782119499,162.069394268226,112.27104103669,105.38909141306,10.4761042208958,4.18706791352067
110.613898295685,149.14209917553,161.258876318377,111.829285336646,105.03648650706,10.2922938950691,4.07992757928339
110.547764872921,149.092443539101,161.231750577802,111.819347611002,105.031153649026,10.2836898210708,4.07552142861682
110.18405055697,148.819352187069,161.082567006681,111.764693051571,105.001824503027,10.2363699522675,4.05128889975755
110.01683376575,148.693799087855,161.013980214874,111.739565747935,104.98834049795,10.2146147551934,4.04014805228121
109.791920807733,148.884706395354,161.498363584808,112.417802313193,105.752778800282,10.1102538780669,4.02843157260451
109.796231279988,148.896779614533,161.514294594504,112.435938619224,105.772347558886,10.1089701302095,4.0287990348282
110.24934905549,149.517743558374,162.148967210548,113.055957030693,106.414778735807,10.108755869906,4.06064719652918
110.377505141893,149.675942371562,162.300507113117,113.1967245128,106.558438838286,10.1123182686062,4.0694725647293
111.881084199241,151.514944810718,164.047875831916,114.807453051945,108.197691819459,10.1577101836438,4.17230593145411
115.201546627297,157.254959380951,170.065875639962,120.564847222929,113.953428771229,9.96373317010841,4.37179721335583
115.01195919487,157.160136692711,170.040787101073,120.578134704596,113.964432807852,9.93174379033353,4.35724278955928
114.288867013614,156.755261480687,169.899884992252,120.589642434293,113.965100518229,9.8153769011341,4.30152716164988
113.536078320943,156.304390110859,169.722472082125,120.57500474616,113.937729616147,9.69806459201497,4.24338431736355
112.669239313372,155.792606050326,169.535953007118,120.585388473469,113.928438464526,9.5605542788326,4.17611965311912
111.695988767166,155.251925900546,169.386990081728,120.676555822187,113.991676841928,9.39725112828941,4.09934869969316
111.680880360965,155.247582409488,169.391375184172,120.686344112617,114.000756338228,9.39370664132988,4.09801244173215
111.283056281595,155.85095981389,170.65714912194,122.383119800571,115.663455071089,9.12178415944325,4.03789381902542
113.026081504805,159.478651717502,175.063812171035,128.416495747405,122.629546091903,8.49009531630431,4.01901488215344
112.988204819209,159.450380809326,175.060427477052,128.460592006611,122.692468152578,8.4751215830337,4.01309439670038
112.257958627466,158.605164156206,175.273470617599,131.27645974135,126.23353462035,7.90589105893607,3.78658852877291
112.34503669279,158.654128788406,175.380474860548,131.621944750778,126.631368038862,7.87431789636697,3.77715342837866
112.670064276033,158.885923995247,175.749447193851,132.738372229248,127.924025338804,7.78286044030202,3.75364317451604
112.703609356245,158.910591546331,175.787065460306,132.850965622578,128.054515758979,7.7738222670704,3.75139457038442
112.819770440044,158.991597009198,175.954206409957,133.684711950896,129.06751760362,7.68582007364681,3.72464253481777
112.784429128277,158.974398068295,176.061400537386,134.859662357125,130.578686885097,7.51881828681836,3.66891100549587
112.773478153543,158.967773100542,176.063069795956,134.928126445561,130.670865515181,7.50669944080985,3.66470868187668
112.66457540493,158.905107162151,176.086234336338,135.596098106257,131.574842513545,7.3845127179132,3.6224506237756
112.505294506803,158.864196197141,176.305156839502,137.100126433902,133.624608910391,7.07843633343356,3.51893265079546
112.471583947966,158.850213888783,176.361701534261,137.393917620115,134.028948913793,7.00941225906175,3.49465975113447
112.507089015804,158.940699124412,176.785414594649,138.662516311169,135.709020837879,6.72808842139898,3.39380390064974
112.537307988598,158.978889366798,176.887495795511,138.900403983155,136.014696641155,6.67871031454886,3.37575741018639
112.659641638157,159.127791470767,177.186826821217,139.487119627832,136.745629163432,6.57023798892149,3.33496659480853
112.709076687545,159.188224122789,177.304642496074,139.712925965222,137.025648067469,6.5293805612604,3.31952735931568
112.794104850299,159.297848405274,177.493592811224,140.04240139893,137.425543014057,6.47698372269296,3.29918919816059
112.871809121848,159.398030212558,177.6662679123,140.343497503333,137.790993054545,6.42910007990308,3.28060286222165
112.895885786804,159.542353579391,178.094796007166,141.223019691037,138.8876745374,6.2634661103415,3.20772085571941
112.896575336958,159.548463195922,178.112012900724,141.255736648802,138.927889128083,6.25818058515002,3.2053858165446
112.909302523519,159.661229800231,178.429789084151,141.859601099546,139.670139122367,6.16062442514467,3.16228745884056
112.960774442579,159.827231135841,178.864352117274,142.609412011061,140.571821629353,6.06031971617185,3.12019872373233
112.9681267332,159.84951403353,178.922235215056,142.70817867436,140.690272880801,6.04744157819394,3.11483803585821
112.97380115141,159.866711732443,178.966908762533,142.78440571457,140.781692272785,6.03750237088779,3.11070071506107
112.990040987511,159.900207058747,179.057584539045,142.929078080384,140.951542983782,6.02131845805288,3.10442800850043
113.001306652588,159.921954606132,179.116967717404,143.022482194747,141.060681099895,6.01125223450409,3.10060365720167
113.007137168594,159.933209993386,179.147701328737,143.070823254068,141.117165251384,6.00604248637855,3.09862437401632
113.246285655439,160.321790856667,180.695195567661,145.456929107696,143.853897067184,5.7601992290354,3.00788121880217
113.25411120261,160.255684420742,181.613783610205,146.892208629232,145.450960004756,5.60445000794549,2.94749480817398
113.262790430634,160.249448012005,181.692717305611,147.011031459114,145.580233049935,5.5925749993144,2.94285728374423
113.357812692135,160.197332574997,182.350352819468,147.990477227269,146.638378186399,5.49735768347131,2.90536362414683
113.467433619222,160.165692719358,182.80804521063,148.665706946196,147.361456991071,5.43581895607178,2.87921750283772
113.540607555486,160.144886814152,183.110242177929,149.111417943591,147.838634309888,5.39527376050942,2.86195326116741
113.837907818168,159.710234917715,184.602496834356,151.56556738248,150.543875596119,5.15419632759472,2.7291996846201
113.84179612464,159.696144397027,184.631713562427,151.618604354937,150.604633342827,5.14890071898949,2.725835086818
113.880286554784,159.559536299184,184.916859091232,152.13601481353,151.197677113801,5.09743734783397,2.69309674347862
113.926544538097,159.481182224227,185.137978538687,152.530804678951,151.659631733482,5.06419231376104,2.67070793475082
113.981319422618,159.388401798012,185.399809931507,152.998282241524,152.206640252551,5.02482628930775,2.64419695600058
114.16450597315,159.210250365834,186.1408136173,154.279670316406,153.716960798624,4.933548035942,2.58116601308107
114.277446779437,159.152525961033,186.578011133794,155.001210837142,154.562153715854,4.89158327958898,2.55228378163384
114.355356420154,159.103188619303,186.902694408053,155.539977324454,155.193230621547,4.85984486873642,2.53042591350552
114.336698831712,159.000272264437,187.10331661257,155.905542882142,155.621213926645,4.83381277045682,2.51234490675062
114.319420263575,158.904962666654,187.28911042196,156.244088746037,156.017564115305,4.80970475750068,2.49560030397502
114.273766991185,158.623105431634,187.967270897139,157.415002102869,157.342764122189,4.73367364357626,2.44587472692341
114.267077119557,158.578751728623,188.085672594154,157.61466850869,157.565197315745,4.72127919337536,2.43803099647592
114.256774134469,158.318863115968,189.164156692984,159.312292599676,159.315506539712,4.62650119205528,2.38725226952417
114.260084234897,158.071084955859,190.863645311995,161.876494984276,161.580737989717,4.48106507910322,2.33320053824763
114.084543933317,157.802396011215,191.544709098351,163.002737672373,162.395198581826,4.39124671521706,2.30653605208463
114.020659470871,157.696444693971,191.853975175648,163.513114845752,162.743191693435,4.34999151387743,2.29688346341711
113.993271276745,157.642552229038,192.033257619653,163.808829172062,162.941894914777,4.32613274317072,2.29227119995588
114.044577087887,157.337137811096,193.74262849888,166.630453187611,164.854941282981,4.10221768738594,2.27356034609156
114.072764862397,157.321482643583,193.901322995197,166.893201030265,165.042162410348,4.08171213642461,2.27320212717136
114.099831392805,157.290641648896,194.090363247572,167.214627134575,165.270715619075,4.05513310038919,2.27231135476442
114.070041437014,156.934545052918,194.657167975329,168.368484954154,166.098313371686,3.92608935703179,2.25968640793778
114.286338349702,156.672463196888,195.145111005398,169.399659456803,166.925864600559,3.79727865169841,2.2452488723827
114.777711538066,156.716444680149,194.866472668578,169.177873364417,166.753981797653,3.74608737132161,2.20467351803005
114.794988834603,156.697156094453,194.719799605603,168.997488025544,166.589842861842,3.74489972129156,2.19486861406456
114.818640745995,156.67551680051,194.524079564196,168.754051555658,166.367449383144,3.7441290933673,2.18192222386556
114.892478291531,156.695305497441,194.005975499524,168.058290691648,165.715432528477,3.7573963022339,2.15023120211024
114.905751672268,156.698862805674,193.912838702223,167.933217481497,165.598222944977,3.75978127742945,2.14453427658747
114.978738477413,156.755516655436,193.496503259217,167.35634350214,165.044888936438,3.7770394172643,2.11917006031627
114.982939611795,156.759125574615,193.47343745371,167.324178428599,165.013894052954,3.77807166550957,2.11776600828359
115.029738773893,156.799327667268,193.216492478201,166.965870801727,164.66862193249,3.78957054856475,2.10212536156776
115.410944835903,157.212419476251,191.681011843729,164.815143725871,162.527486241159,3.87807598971667,2.00213041833856
115.471840376251,157.288446900891,191.262800688145,164.262362123667,161.962423054078,3.89848795175994,1.97343326698156
115.469408320037,157.292193716166,191.079439432298,164.033830294224,161.726664456641,3.90458442559979,1.96083390903707
115.466053976335,157.297361403555,190.826543684895,163.71863433014,161.4015011803,3.91299281209957,1.94345660634875
115.497152342069,157.355374988736,189.643939020108,162.29447936786,159.915608019826,3.94744925997503,1.85917155490966
115.500758136822,157.358829126601,189.613099720117,162.259423996954,159.878653892234,3.94811715069697,1.8568685753081
115.779089525989,157.593167160542,188.226646403061,160.733308775739,158.278259954121,3.97090130689166,1.75082188656422
115.98433144274,157.608564295446,185.890120059206,158.254365533502,155.789092355485,3.95166843187277,1.55987701143122
116.181642669348,157.702500621091,184.961346264583,157.190924378462,154.728815495658,3.95726615470024,1.46402216602025
116.492299138406,157.856666329445,183.821848041714,155.84126979941,153.365570723539,3.99030581861237,1.32194888038956
116.559323959287,157.816803728784,183.009074894576,154.895142138566,152.40079757033,4.02045014717472,1.21742258295772
116.623127981881,157.815798393749,182.564176727897,154.372271535517,151.865161060745,4.04501968155098,1.15625157468902
116.798231625629,157.886526164046,181.941734145942,153.630444348399,151.102250129145,4.10450555989691,1.06366369981296
116.832915965082,157.90731597608,181.865870596234,153.538673742158,151.007977770747,4.11582652017251,1.05189411644873
116.912035522465,157.954740282038,181.692815823702,153.329332873595,150.79293007523,4.14165112517553,1.02504614295247
117.347313434386,158.235179477429,180.642003752478,152.066745121899,149.510157842699,4.32892225222161,0.876802504412292
117.463578807239,158.304603641084,179.877684782718,151.164944003133,148.609782252999,4.46132044847231,0.788451779233715
117.86821962422,158.705836424048,178.793795566641,149.814817141372,147.260697082264,4.72531585455229,0.647853383707034
117.934598784001,158.776495544661,178.692301925274,149.683023295699,147.125026498488,4.75929399963215,0.631661229405185
118.072574184792,158.923367251357,178.481337732726,149.409077244886,146.843022278585,4.82992080781952,0.598004295710627
118.159593527349,159.037318823521,177.966882201402,148.789269751073,146.197017920641,4.95543289881188,0.527537982003456
118.245812479859,159.172699094124,177.31431495091,148.017190196746,145.373136977162,5.12798474073745,0.439655433980743
118.29931528063,159.247886715026,177.126239368431,147.796166066664,145.128735613264,5.1942427526759,0.415782725766644
118.358486993991,159.330172283801,176.938317723218,147.575650422467,144.883272364351,5.26371940598611,0.392311739446144
118.382825559811,159.364018062772,176.861021612099,147.484947716463,144.782308185678,5.29229660957761,0.382657630869849
118.498815123432,159.518586393927,176.644963003577,147.235382617708,144.494023244791,5.3999979822278,0.362743094421852
118.541993039414,159.576012091292,176.567101001072,147.145559757707,144.389958298859,5.43961036884173,0.355769604302207
118.732549621649,159.826753976067,176.317638022763,146.863183510543,144.054433044964,5.5980057899656,0.344993701163289
118.830648590107,159.965031243715,176.15549322426,146.684990671267,143.844583637883,5.69628245428663,0.342429135091678
118.851601802043,160.082636444453,175.69665338043,146.205892611908,143.308658202002,5.89036576569817,0.34464747060171
118.855641406984,160.093081940899,175.672603494351,146.180843675228,143.280899602487,5.90236980420807,0.345608643235944
118.887498611089,160.175457400153,175.482940856371,145.983302306689,143.061989242864,5.99703626552372,0.353188659904618
118.915194344873,160.24594914425,175.323015203435,145.816695966663,142.877407216185,6.07723407151757,0.359674018299013
118.998966047764,160.394293802594,175.125876461837,145.609103405811,142.650210192797,6.1983657125612,0.373254855527767
119.552715097019,161.143958366582,174.55833238998,144.992267086207,141.973533884632,6.64856812087565,0.409516365392536
119.604046218154,161.207776033548,174.464465617079,144.890824537408,141.863409130946,6.69810215982164,0.406122937035964
119.691264482412,161.319150033959,174.152825416712,144.557454480029,141.50356765974,6.82602696463803,0.38794694649194
119.76845958533,161.387640148302,174.020665964366,144.413785077873,141.341757113156,6.88358530550882,0.373231839102912
120.052637507198,161.60897853385,173.68254139647,144.044793095713,140.909713421259,7.04137858348434,0.327685225091178
120.285506637276,161.764090150031,173.527693883123,143.876439023624,140.692486745372,7.12773297970191,0.301917483098191
120.957712664631,162.16103413125,173.250380548475,143.590288420168,140.268194306371,7.32258274774586,0.267106998323113
121.081790559199,162.165102717126,173.042989357272,143.391058809261,140.016111505554,7.38509145057089,0.264567669941777
121.335315122064,162.194112959343,172.702897113274,143.076131416631,139.613567734949,7.50385549796974,0.279507082581771
121.351334995453,162.196538804169,172.683803132574,143.058870665973,139.591354184045,7.51110349345855,0.281027513279496
121.641733079065,162.274870522524,172.427139518864,142.841055584267,139.308799136902,7.63648246670539,0.325760786159115
121.776393737719,162.322995258154,172.334730946359,142.76780113315,139.213146891298,7.6933947273809,0.350914320090613
122.549635361654,162.697836386845,171.933234055733,142.489259940615,138.866917495879,8.05750472642809,0.541352379445067
122.564838122587,162.69996471848,171.903174598208,142.464228915803,138.839922056651,8.07360619115907,0.549315936550492
122.668415960934,162.72098036321,171.714554498019,142.307581303467,138.669718059329,8.17982190504865,0.601255003870565
122.962706451445,162.875885777661,171.426560357034,142.073607926795,138.389287483464,8.42289778619017,0.710682831133758
123.102528896242,162.966087375313,171.339344894931,142.003753879387,138.292984379379,8.52384707229543,0.753655486544815
123.1025587356,162.966106625139,171.339326282373,142.00373897191,138.292963827437,8.52386861577414,0.753664657293045
123.387692452899,163.17624211807,171.257702916956,141.939253755913,138.157134165496,8.69577076561916,0.82219590476887
123.539398232762,163.291525375348,171.23260780646,141.919458496761,138.09331919074,8.77982068044595,0.85521598919755
123.880943172298,163.540854250295,171.132120487715,141.825853564933,137.864946081626,8.99098495894157,0.936053894861596
123.95272210858,163.575266252518,171.028446224949,141.722446196437,137.695697722945,9.07417667943293,0.966249771404093
124.131021225405,163.670371378797,170.845107628904,141.540665102658,137.364019407785,9.24830426192865,1.03456055226801
124.223145961401,163.721563109627,170.766196261826,141.462749193204,137.211564280988,9.33134007918841,1.06842822868503
124.389386200183,163.823854766132,170.690632540883,141.393360857688,137.029975807854,9.45218826387123,1.12490192100352
124.445632268413,163.858574980871,170.665811910787,141.370678484346,136.969580317881,9.49275279314998,1.14395756130634
125.946138487212,164.718223945224,170.044209225925,141.030672216168,135.718463920024,10.6503447235752,1.85455331413886
126.040032409154,164.774467795207,170.027645219428,141.036613618371,135.679530276522,10.712535658832,1.89725312028877
126.065733294478,164.789863006193,170.023111277052,141.038239914233,135.668873259686,10.7295587212641,1.90894102083131
126.647740022748,165.063888162669,169.793480334603,140.969193510449,135.232562450742,11.1683793336955,2.20061264128562
126.663578305752,165.063669917508,169.769550006001,140.953189788775,135.197132095842,11.1892787902791,2.21408556800366
126.666437055788,165.063630525084,169.765230672415,140.950301177687,135.190737051108,11.193051062957,2.21651738019677
126.779191066394,165.08172245413,169.667235156694,140.896294381376,135.026421589697,11.3037154993879,2.28661084625035
126.797277716629,165.084695009332,169.651775449044,140.887846193652,135.000379402305,11.3213302359508,2.29776178678269
126.848339695254,165.093087085709,169.608129818076,140.863995387926,134.926857462164,11.3710599144792,2.32924296653132
128.157361130782,165.480078110629,169.238577345156,141.015110556524,134.16135082042,12.3484654765928,2.92320656401595
128.211225341085,165.483214119256,169.209142121851,141.025247159985,134.130515483989,12.4028747743674,2.95595341798629
128.375026436437,165.492750723343,169.11962959039,141.056072577098,134.036745207684,12.5683334810434,3.05553662025606
128.787408196971,165.62498854582,169.045879151168,141.230036098952,133.993831090687,12.8884242428982,3.25480393996996
128.871910886283,165.661426272019,169.042120473724,141.271281111152,133.996979552679,12.9458816797682,3.29129859730686
128.971977287065,165.704575101283,169.037669522794,141.320122632703,134.00070789863,13.0139216315448,3.33451484328956
129.825272682777,166.010610303454,168.681322780945,141.530015236262,133.634087772605,13.7360372463465,3.80905070642127
130.259870324316,166.239398460575,168.553461817467,141.631437395105,133.427329793185,14.0499665974553,4.02397482958313
130.328114503009,166.280126812095,168.543386284829,141.652386943838,133.405045351727,14.0939446002291,4.05421065115452
131.012800204347,166.638576160129,168.188350125652,141.679010558327,133.01953786353,14.6728993539421,4.44952154240688
131.112386926671,166.688922560514,168.107517631797,141.652406891213,132.976825875546,14.7659607644718,4.5136309333593
131.142876842525,166.706473325649,168.088659794039,141.647042919379,132.971895394813,14.7906464055601,4.5307635124036
131.36167752143,166.841472812989,167.978056657847,141.620302354738,132.966404899978,14.9518746185076,4.64337423982451
131.48656086463,166.926526904889,167.936782000692,141.615427648969,132.989692346003,15.029825922909,4.69851268274976
131.55792015236,166.975127456899,167.913197349126,141.612642205188,133.002998968958,15.0743678883714,4.73001920646081
131.721644684269,167.097908471581,167.887220268844,141.620971151905,133.060561999315,15.1594783150002,4.79153549703094
131.735315579496,167.108170624969,167.885076195822,141.621679691726,133.065392493718,15.166569802306,4.79666249859619
131.752443438233,167.121027772261,167.882389950391,141.62256740023,133.071444476736,15.1754545162025,4.80308596663466
132.040318994821,167.300916006842,167.555636757594,141.402939971662,133.039121488944,15.4365263321425,4.99598397730712
132.240157069091,167.45892249537,167.379374318691,141.30008066817,133.030084146702,15.6006720385912,5.1235501643099
132.877885999225,168.079106277414,167.417188880519,141.518572959293,133.226998328371,15.9365637826477,5.39472473263655
133.169020974187,168.392999974241,167.384872168209,141.615718553362,133.207810564423,16.1694235659251,5.58592717754447
133.533780786959,168.750664598644,167.308600191744,141.605293197334,133.168371120284,16.4336341901334,5.80094289089767
134.217676858801,169.307429112825,167.172381213406,141.35537592756,133.250547106855,16.7627843426432,6.05561036502131
134.220375145724,169.309530237553,167.17178514995,141.354142365744,133.25097307182,16.7639809084079,6.0565156014089
134.291930483256,169.345653261384,167.056494648357,141.189997357957,133.208928100714,16.8224027187562,6.09872698357188
134.307000678568,169.350464690568,167.018017057451,141.136671453219,133.19246124922,16.8385156019916,6.11021502985232
134.330957308594,169.358113272851,166.956850404297,141.051900888263,133.166284397443,16.8641297612194,6.12847722677536
134.367564502847,169.369800773852,166.863384021446,140.922366286153,133.126284568715,16.9032697613559,6.1563829793595
134.543818055963,169.447029643673,166.539028325629,140.43616545851,133.032641467812,17.0526060594993,6.25582168064846
134.556250182265,169.452648842898,166.517180027937,140.402998197548,133.026847560575,17.0628188845152,6.26254932748231
134.564202347667,169.456913909782,166.506517759693,140.38577699497,133.025273638852,17.0687652906512,6.26631854719005
134.726346723216,169.56005493054,166.369010094276,140.130960978124,133.044600717199,17.1758754923369,6.33029234658362
134.730265358491,169.562547598206,166.365686868377,140.124802694626,133.045067805685,17.1784640854546,6.33183843775161
134.858183211158,169.659037198562,166.329813725195,140.013110144869,133.10105516665,17.256410728111,6.3755466300895
135.280235212833,170.090641911164,166.753950945111,140.22880756634,133.583190897764,17.5933377877894,6.53619911051554
135.277784498014,170.273120812215,167.81570677001,141.242020643799,134.057016295448,17.8641617270579,6.63754840326939
135.380228163889,170.58556436346,170.048495136648,143.333451645378,134.812400305738,18.2291430650211,6.78582847841218
135.223132313398,170.471688455034,170.970930677058,144.106151152312,134.927363328018,18.3870811539343,6.85337479184017
135.178225020582,170.433240738111,171.486741145643,144.530168786976,135.018312065406,18.4734991863353,6.89271598967204
135.177272985742,170.428019394428,172.21220846354,145.137170057583,135.205766385889,18.5923329885429,6.94906381857479
135.177727186069,170.428401860805,172.218442894463,145.142598533587,135.207934438104,18.5933300974707,6.94954722584914
135.21496180071,170.459755841262,172.72953154695,145.587616293897,135.385667883009,18.6750714888829,6.98917617923943
135.276974348308,170.520429596906,173.195975086039,146.021743102629,135.593364184047,18.7475301657453,7.02427103334985
135.343054860766,170.586046005658,173.649217751708,146.449396693946,135.804632103955,18.8174931319137,7.05814988753241
135.337076561086,170.581965169837,173.696033058093,146.496898480202,135.823573532921,18.8254956200877,7.06158857843822
135.302866297894,170.557320450905,173.902754200881,146.708682388609,135.90545528868,18.8613054879616,7.07673571471726
135.25662110725,170.524005895008,174.182198372493,146.994970370803,136.016142464164,18.9097130128456,7.09721150588554
135.225709332304,170.508293829769,174.442522797772,147.273029809868,136.132152153036,18.9533355183884,7.11515994771307
135.21070030859,170.628577884199,176.258400157921,149.339665739781,137.068648067064,19.2391934230477,7.22777705788044
135.210983455723,170.629191763189,176.26280190481,149.344763982855,137.07095545902,19.2398691668019,7.22804290133616
135.105075100989,170.720770549255,178.705780425378,152.129506602068,137.98848849835,19.6415027999956,7.39215409510136
134.921097755424,170.719992256552,180.494866691152,154.028192873982,138.350329998162,19.9193928032246,7.53857841936494
134.916386922572,170.74185818485,180.714759785125,154.259378244665,138.411644491745,19.9482891675917,7.55691477891491
134.922311625279,170.825816337178,181.305678466787,154.885172820146,138.608582542345,20.0188689147518,7.6058045927168
134.891106010545,170.839248270428,181.578327272178,155.179803457325,138.691822689884,20.0500341500207,7.62870077425351
134.869584814529,170.831577240115,181.640552873192,155.249544878902,138.707584522342,20.0565528456969,7.63406990102731
134.632037932426,170.765328868471,182.41353037678,156.127988559716,138.955898979327,20.1313013163957,7.69881078730853
134.554431983862,170.760244557977,182.743486772111,156.512630968053,139.103839020762,20.1582348406182,7.72488470574076
134.511674097015,170.768859143673,182.994780743567,156.810073511072,139.24100670725,20.1767312413376,7.74390855894642
134.479008291297,170.791593680724,183.285104575872,157.158319721932,139.42455469496,20.1960366553822,7.76503341870278
134.459285765812,170.805320036972,183.460392435938,157.368579184936,139.535374856465,20.2076926213725,7.77778790541325
134.438851577687,170.840070897647,183.786917346882,157.762754798223,139.763690000139,20.2282361728575,7.80101048428145
134.438791524715,170.877821094376,184.053627967113,158.08727954762,139.972499177525,20.2438239863583,7.81943193555612
134.438738355495,170.91124406099,184.289766078383,158.374604669194,140.157372973405,20.2576249997402,7.83574177243877
134.505561764154,171.062328092396,185.206122753311,159.490822625347,140.958106566921,20.308338838511,7.89844190795289
134.509934497828,171.070491505583,185.253918778759,159.549059384945,141.000974694312,20.3109463840126,7.90170443571289
134.383559750265,170.80749713549,187.23206828835,162.004176281476,143.063967178236,20.3706915230509,8.0544920953636
134.430017029522,170.7999006824,187.483875218444,162.292028306235,143.335672247227,20.3728650955525,8.07545088297634
134.496442861553,170.78903907524,187.843915348008,162.703606654182,143.724163255818,20.3759729263212,8.105418305258
134.617785163817,170.805944881956,188.294345136698,163.200392030961,144.194233124701,20.3726152042026,8.14236785822304
134.67144749727,170.726066079531,188.776382957834,163.734081984902,144.693578701452,20.351974880398,8.18293908355613
134.67069126574,170.721693328459,188.787400858084,163.746335951389,144.704898019108,20.3510616046182,8.18389319242407
134.76055992931,170.449068071143,190.009731331546,165.072098633395,145.896993340484,20.2355211605545,8.27726131780505
134.781317142771,170.43791967249,190.127205725172,165.197471731085,146.007706636582,20.2239097234382,8.28532840316602
134.808328627698,170.434771059585,190.242945647841,165.31996058,146.115435983828,20.2127235752632,8.29279703865614
134.855308624905,170.437976036668,190.415869992286,165.501925417082,146.275029854774,20.1962668591548,8.30347188131927
135.052773616435,170.467370728081,191.081844562607,166.199201106992,146.88754358949,20.1340345556169,8.34370728291682
135.110515732703,170.482233563522,191.252634662112,166.376508089102,147.043712127797,20.1185675179058,8.35364939056941
135.193575618498,170.503613199291,191.498309865529,166.631557585667,147.268354759468,20.0963187596526,8.36795074250392
135.202072638369,170.505800334371,191.523442419773,166.657649129372,147.291335683254,20.0940427134099,8.36941376969692
135.699735895993,170.021490831752,194.183773351345,169.359860544332,149.756161322355,19.6807696401291,8.57502536225709
135.644691066457,169.881352241401,194.421568703395,169.615452109463,149.99276728512,19.6191739540765,8.60166270592831
135.579116044367,169.707403513754,195.403437804512,170.73848649922,151.036270264529,19.4473568914753,8.66745152194003
135.611041899031,169.765251234229,195.873662913999,171.283334212703,151.546506545764,19.3996031839679,8.66803766293229
135.524846973552,169.70855902758,196.036932083727,171.483928692561,151.735783413964,19.3680754978272,8.65206183034907
135.420497200729,169.632968071218,196.148958701867,171.626852647342,151.871180373508,19.3391881022833,8.63419008717863
135.39761824306,169.616721045234,196.174844027371,171.659516932065,151.90222704964,19.3327187082636,8.62991027501653
135.199607216028,169.507413904328,196.54280371053,172.086389615795,152.316331144411,19.26022114137,8.55758659787213
135.060490014909,169.543273918995,197.665760361135,173.208539720779,153.393710672306,19.0595078502425,8.3395297515363
134.899860661571,169.415351231587,197.897489325342,173.407928367848,153.581488070249,18.9641169305058,8.25547541262204
134.79731077109,169.295631417984,198.569651652191,174.029638129997,154.191655623812,18.7627783122535,8.07961959445946
134.527204503025,168.901147837786,199.23189322133,174.776650128892,155.038546295995,18.5391981160463,7.78436083636103
134.373908095262,168.760666045568,199.608927240248,175.227584108066,155.604763301165,18.4238191558813,7.56533540202471
134.337483885153,168.787270072498,199.857454072621,175.491532677679,155.923046219094,18.3584396529453,7.45424376217386
134.246857407499,168.763260246904,199.975450105545,175.608767687172,156.077709210308,18.3031675047521,7.37491016373614
133.906749827033,168.629249192041,200.11026090749,175.708361111945,156.254659284088,18.159310948908,7.20376808100133
133.643712796112,168.607639866636,200.293130913513,175.83006467214,156.43589879054,18.0204630536061,7.06372871416223
133.503345479889,168.626981451682,200.423499143522,175.915985224409,156.553696138417,17.9360131122786,6.98638224171444
133.349721978092,168.707617739995,200.634449495387,176.058512389654,156.730992862996,17.8253691627681,6.89939719529697
132.367247591445,168.822277341461,201.237264292045,176.348394147223,157.142413564584,17.359181839369,6.60081556252716
131.655165941213,168.902968140371,201.583682419972,176.471375529227,157.312094868235,17.0767415136864,6.45126233328522
131.624955093929,168.910965645143,201.603572777923,176.480288958871,157.322387594652,17.0639271521705,6.44482494203407
131.47487893036,168.963930310238,201.718822680524,176.535374980361,157.382253741168,16.9964455904067,6.41153631653675
130.120235320137,168.851291803794,201.989502810105,176.367556937273,157.232625028949,16.5172430912913,6.16410808647714
129.670206214666,168.868793430642,202.196342033979,176.367554716847,157.249010918681,16.3005489598593,6.05224712987199
129.520568063917,168.90543173832,202.335085750307,176.415542264561,157.313513897992,16.2035888178988,6.00322536878303
128.425290809897,168.5015899831,202.455328563803,176.158954283005,157.198730508479,15.7632251747712,5.76923554438986
128.162415056677,168.446567156246,202.594054733272,176.178225887084,157.25427389988,15.6345266904777,5.70508701755371
128.052490249454,168.437158929513,202.67957577269,176.208571759573,157.294421587952,15.5758857319729,5.67710266638911
127.604795210858,168.310000703897,202.844916338805,176.223346820877,157.295306234436,15.3982608474635,5.59333712549028
127.071588479497,168.080531751473,202.871692893465,176.152448699968,157.142928053645,15.2436486461412,5.52006837520995
126.503603301587,167.921421881866,203.050308697363,176.293272898594,157.042759241431,15.0737616987126,5.4469562970981
126.452450922552,167.911872342515,203.075915112817,176.320031625139,157.038879928457,15.0579334618571,5.44054620906749
124.62608696286,167.095526846655,203.377152942113,176.850754123067,156.572659464842,14.6210853894384,5.25403092452809
124.573669247057,167.068647862087,203.394738563469,176.871577791091,156.562407935938,14.6061897658834,5.24802418311716
124.339552411544,166.955514319841,203.539379140209,177.000118628909,156.541264035991,14.5196074904936,5.21497057620126
123.592035798345,166.3678737416,203.443634973371,176.7727269574,156.136691924432,14.2967025555837,5.11200986512044
123.45879941317,166.269395831526,203.481796165823,176.781745008509,156.096085291782,14.235049012173,5.08497738988207
123.258390950483,166.153150693393,203.686461930744,176.979505536741,156.163934124586,14.0923122935853,5.02599325705776
123.137843149795,166.104881092285,203.88710399526,177.233686212104,156.315173588236,13.9783343959045,4.98094688760412
122.433469214893,165.612255414968,204.018377359197,177.730749621757,156.690982696236,13.6106225741569,4.83321662183448
122.342067367782,165.554618742552,204.062416343107,177.862306891597,156.837348216111,13.5411324080403,4.80987686046216
122.339177654964,165.552989446989,204.064871130324,177.86915219812,156.846959268825,13.5377110087105,4.80894036217341
122.001591543299,165.292430318768,204.11124359289,178.360451650556,157.961357859206,13.1379181782007,4.71957352188719
121.812631680978,165.074343277952,203.892643786957,178.284891164902,158.401522298131,12.9561258121117,4.69444997269519
121.797249094792,165.049389112086,203.860689616065,178.275553738003,158.490117650826,12.9267256409322,4.69271321665081
121.782636529526,164.952770827497,203.695013166841,178.2604297915,159.148436643057,12.7418831885371,4.69434370027066
121.793020027261,164.749063697515,203.359120819648,178.386117632206,160.717780853421,12.3500348696352,4.73291226426095
121.706553211563,164.585160782616,203.186087620913,178.454455988017,161.298324912125,12.1989545165814,4.74939954161332
121.661635709334,164.480669037409,203.09541112708,178.585323367372,161.858133893819,12.0746068617521,4.76835733656089
121.619413969086,164.364621543576,203.023152791277,178.859476700335,162.843332085848,11.8771811036944,4.80442261557272
121.229472812414,163.997952974859,202.735644283178,178.969741454818,164.269427070568,11.5223417056794,4.84399905597358
121.203384503269,163.979329333257,202.719694648454,178.963322276405,164.326588255728,11.5053830606133,4.84501587402007
121.081573904442,163.897305876231,202.650137917194,178.934500226189,164.602106883811,11.4240902054457,4.84993066696597
120.617537227956,164.206331883237,203.02595478187,178.937717684542,166.194772063446,10.8871252886037,4.87746297586798
120.55046685292,164.302198214296,203.136569232208,178.905595345139,166.307386137337,10.7941182610812,4.88129542983719
120.525066827374,164.352764580916,203.194123085116,178.892427287655,166.362064316879,10.7495375964592,4.88400186240234
120.52901885121,164.39640673508,203.241742917138,178.890853015235,166.39700970827,10.7226728210856,4.88811391123055
120.571423614799,164.594099171636,203.453596093847,178.882863869323,166.549350781323,10.6077346432769,4.91005064496213
120.854086282849,164.973101046468,203.808039567299,178.750374479546,166.788812193701,10.4076630776112,4.99420775517602
120.851816572838,164.966126368373,203.79495644009,178.708609738017,166.774907212116,10.3969181773099,4.9989582787135
120.835391391919,164.915652806122,203.70027794359,178.406371376251,166.674281212748,10.3191606970636,5.03333633060476
120.845782624473,164.884394383781,203.626943633856,178.204905925411,166.607743423746,10.2827014496301,5.05854037518394
120.861292779636,164.843129273969,203.527727722638,177.932877499442,166.517790193977,10.2345075522926,5.09278937766706
121.02642683483,164.82981781986,203.201359502554,176.981845326064,166.166729504274,10.1465997100114,5.23411065376051
121.029115125534,164.832198248245,203.198572375535,176.970920980686,166.161340664299,10.1463745480898,5.23604409854863
120.958328968517,164.812070601622,202.891484401623,176.252245129128,165.666099134936,10.1361823315317,5.32053006938515
120.597193106968,164.867660622983,202.508215061282,175.409269022543,164.644914573802,10.1870321365522,5.40861897821418
120.523998735176,164.979616018154,202.478742471818,175.265873550027,164.327651212324,10.2194429410631,5.44189444069833
120.502626776535,165.038289841362,202.47529279091,175.218006782946,164.1897490303,10.2353101638811,5.4593507291656
120.360349872398,165.029747187771,202.351104294382,175.019729330307,163.831282557734,10.2573540634876,5.48791671564093
120.054128960144,164.857989328043,202.017486865042,174.597730768035,163.201313837688,10.281242271908,5.53206940717704
119.99967437129,164.823232636732,201.952297387972,174.516704580585,163.082355631534,10.2861042747182,5.54185292670987
119.851184009993,164.696462175516,201.721852779745,174.232916437206,162.68259356495,10.3068910100626,5.58881886293042
119.850146916938,164.695559481878,201.720214815278,174.230900415882,162.679760774327,10.3070402601865,5.58915785322873
119.772137880875,164.605074773717,201.554474824412,174.02376202534,162.393600649838,10.3263272513556,5.63412132071087
119.693825017849,164.486714067452,201.328550618454,173.732065230338,161.982148943418,10.360697381531,5.71236393654207
119.596533621932,164.378261751539,201.183616026683,173.56431883755,161.771501653856,10.3696409294051,5.73647445929297
119.274600602584,164.045196063023,200.756953356707,173.076423548783,161.1518460218,10.393142513678,5.79712964549323
118.72663103356,163.672941465872,200.160268275429,172.27558605517,159.801616097479,10.4819355091324,5.96845655271719
118.442290509858,163.499253715336,199.900272768689,171.91783239625,159.242422515469,10.4952138386622,6.019686305237
118.168182031073,163.325710173012,199.647028640735,171.562242718559,158.721567963682,10.498934134049,6.0649224527779
117.986700348046,163.223049241316,199.477529466277,171.294257256853,158.323532670868,10.5011699581988,6.10814327191201
117.756141293084,163.122084911153,199.252564413611,170.859611149949,157.665919876713,10.5062915970427,6.20188538805949
117.746434192237,163.118566459922,199.24281984255,170.838869783027,157.634302154983,10.5065889263798,6.20684433316205
117.357269851226,162.893332585646,198.826785965561,170.077634510244,156.599749435098,10.5157624806141,6.35783784283811
117.274157003979,162.836577591108,198.738296710803,169.936551706472,156.420486134253,10.5196049634217,6.38141188283227
117.211746225418,162.794303148935,198.671749968633,169.829960428667,156.284795834681,10.5228333357664,6.39954403293856
116.656053509507,162.481542030477,198.033430559232,168.759391014665,154.892814796016,10.6087054782671,6.63448007851591
116.225932429016,162.192567496615,197.513321707838,168.043968134733,154.053074532088,10.6585067794133,6.75552499252208
115.843601457531,161.919852298173,197.049596914423,167.445812048558,153.380770959934,10.6788227054213,6.8369735092386
115.826491393426,161.908664767227,197.027654898855,167.416049665884,153.346600094107,10.6791961111979,6.84156137349314
115.703409104082,161.828186581255,196.869813672054,167.20195215149,153.100789887361,10.681882228419,6.8745644547326
115.277233029075,161.592465752125,196.25587337705,166.252717001497,151.950199644833,10.6475182533755,7.04818248503672
114.265474112332,160.684816304484,194.754682203352,163.941069462333,149.176286879471,10.3690308998589,7.33848783150043
114.165493842148,160.51021050309,194.44837591065,163.427866951141,148.56346380301,10.301953995612,7.41721450644611
113.763450006131,159.946882751913,193.686496852686,162.39966873294,147.459031238713,10.2059229371768,7.49785100033234
113.381507010632,159.082995681703,192.391469490447,160.612696407587,145.615002483623,10.0836822781289,7.61629846907697
113.36008681433,158.936240102456,192.139443447553,160.245829672357,145.239698168225,10.0619798534277,7.63044142590204
113.147683297324,157.556883843145,190.028059603629,157.341763783113,142.354905513132,9.79109143435786,7.58221658519399
112.939658235585,156.2874330209,188.303043365263,155.244949072833,140.402917225204,9.53601401292696,7.53531898370706
112.998529347126,156.028139177941,187.896915223318,154.729422237081,139.917233641256,9.46411452081453,7.53487480978856
113.056181691439,155.900397331929,187.675669731721,154.437676648924,139.635789117048,9.42179779671298,7.53713740676093
113.03729140823,155.815648999335,187.550512152946,154.282697975559,139.483619592356,9.40296532940992,7.53502120525902
112.902758177709,155.409098227611,186.957433547335,153.550619528376,138.756606305135,9.31728063157463,7.52165408977222
112.86682766531,155.286227820227,186.766677697032,153.307070680285,138.509361234494,9.28806267596023,7.51745836655834
112.864159195595,155.277102540928,186.752510734873,153.288982913597,138.490998958559,9.28589273112827,7.51714676063955
112.860062014587,155.26309154398,186.730758714241,153.261210871166,138.462805433331,9.28256098758095,7.5166683194396
112.854539854808,155.244207593367,186.701441451176,153.223779853258,138.424806343049,9.27807048052907,7.51602347881734
112.853236210681,155.239749563846,186.694520376932,153.214943323962,138.41583570604,9.2770103838676,7.5158712480374
112.834750517901,155.169936722242,186.583405596413,153.071215839595,138.268887117591,9.2596245819556,7.5135124164992
112.805339983442,154.592021978566,185.549971916814,151.655594221183,136.783475862639,9.08493222644858,7.49942238031366
112.718650458797,154.233611993475,185.003447280707,150.949755364886,136.059967145459,9.00971537272847,7.48877275499689
112.469050752162,153.320872190942,183.748105242486,149.395496430817,134.511678382948,8.86061548739385,7.46187660047117
112.465207354716,153.277914750931,183.689385311001,149.321965156071,134.43925846466,8.8536003220184,7.46117489087635
112.497882401157,152.718229097847,182.918029002239,148.338340443534,133.46993897182,8.7580515636585,7.45796363093864
112.49949964443,152.708978321755,182.905197567317,148.321749375228,133.453582076571,8.75641827197986,7.45798776114159
112.590909615721,152.493668969548,182.598143090916,147.909259603553,133.042087461949,8.71368098098601,7.46219870545809
112.779475991827,151.497205884075,181.253611156572,146.110107201467,131.194720095274,8.52337461612488,7.45891049271838
113.326874048116,151.177222948353,180.534056616213,144.833356133942,129.645833421668,8.31400612348586,7.47463409867289
113.322088684224,151.158249897656,180.502032871696,144.786199740848,129.588829136525,8.30759250429767,7.47420272959198
113.245320100769,150.851958390545,179.969621547319,143.996589151427,128.624837806285,8.20301525199307,7.47172716332447
113.223597896961,150.754458822611,179.787121674265,143.72087663895,128.280466083482,8.16920771328138,7.47524276957613
113.22263829105,150.700127525574,179.673641122614,143.543482595792,128.052317871472,8.15124886642027,7.48304540629019
113.238438447713,150.607808188304,179.470521090871,143.219214983547,127.629358384206,8.12261500769609,7.50313829066033
113.251719443175,150.591045707769,179.427490957494,143.146693566176,127.531480015187,8.11853995269023,7.51086924434319
113.436523368112,150.500082489214,179.148386541352,142.641305011826,126.819321081306,8.11346935121042,7.59411158074676
113.421127202918,150.356505438291,178.947497460626,142.36217050942,126.460111409536,8.12480898765204,7.62963807597745
113.473775412047,150.145375518475,178.646083112713,141.916955155602,125.850072435422,8.16309556703373,7.70877709287391
113.645713741529,150.046355709708,178.48230910667,141.62222101908,125.377675684088,8.21677338730961,7.79716946401531
114.310860859589,150.098783143267,178.401173491387,141.262900960076,124.563671136789,8.34027315337487,8.00942605394749
116.250566669494,149.817774467373,177.482553350293,139.992261320009,121.184116014427,8.48564052941245,8.7166574543646
116.724536906386,149.914779718932,177.593420426864,140.050794905277,120.69717325536,8.53241522270452,8.83672094056986
117.161455172307,149.848978549248,177.528854108379,139.891780258146,119.887141149574,8.58313960895689,8.97878113824132
118.166911896194,149.626304334785,177.112901418096,139.480075794939,119.124560217749,8.64707225710319,9.29821673829396
118.577223299729,149.184609463227,176.509566224378,139.352570567538,119.556473834277,8.64232711587551,9.45922459564985
118.929126265298,149.126780745105,176.429401279666,139.685992613645,120.126299437878,8.62668147314644,9.53176426461088
118.955741947975,149.023286466568,176.333409078069,139.777517394626,120.258256396498,8.60593189056838,9.54293925422929
119.097300317726,148.931776180052,176.275777698096,140.1603736154,120.617032109501,8.53251932767964,9.56234530009579
119.711414313181,149.310431143748,176.624016241811,141.352920178565,121.655772962787,8.17999797952379,9.617842325563
119.715955943239,149.309888760224,176.614050634779,141.380087015156,121.690276521887,8.15250942581628,9.6197361696834
120.189141275453,149.7312683379,176.688498824487,141.85808959211,123.064790009496,7.40681209211665,9.81142180935067
120.245095233771,149.879057662738,176.751791398498,141.901744478255,123.44478659404,7.08339505341922,9.85337189732889
120.256210438663,149.898002921513,176.766180999282,141.914808721157,123.473657992091,7.0640648318531,9.85429180535017
121.010295702169,151.11753608432,177.758162764826,142.613001106454,126.238408773096,6.13832608093,9.77967882277535
121.033716219628,151.151417267235,177.837975665152,142.448677057067,126.919773101468,6.05428954518551,9.80101585149727
121.380639063152,151.503458979636,178.280238242725,142.477319617708,128.953144758236,5.70343305332901,9.66640816230328
121.339342463001,151.486132955383,178.281585595717,142.493351915241,129.21587795865,5.60394000727854,9.60172583073628
121.397814594812,151.618779057781,178.661389561607,142.95001038271,130.221762018938,5.377924715967,9.48785586819444
121.503515694443,151.741269671042,178.979505234684,143.268705972044,130.716115698752,5.34434117441056,9.4976595486231
122.049271958448,152.538270526158,180.856924663986,145.277834384592,134.032148257821,4.91747462987277,9.33660873499701
122.055968526494,152.609798342996,180.841392135497,145.359939652141,134.217788485884,4.82253278822442,9.26212306383818
122.056785991046,152.618529898372,180.839496046135,145.369962419813,134.240449990219,4.81094303217574,9.25303043678497
122.152799465485,152.983290439758,180.790605205952,145.706119425403,134.928719418899,4.51349641821376,9.0192724369712
122.568268188505,153.850801676126,180.986383245725,146.395725936055,136.058029742903,4.47643513330124,9.00959506841726
123.001494562504,154.645705895777,181.480745803901,147.056194181231,137.041667208889,5.04524369942039,9.50706484793145
124.344149533268,156.434597115437,183.681772438082,149.189334004014,139.92462801986,7.95529973611489,12.1631578915679
125.265856655465,157.665317113178,183.962229265589,150.584384319146,141.714388041778,7.96622735600982,12.4091946817152
125.994710603655,158.951367105985,184.079867726365,151.761045192311,143.363985603912,7.9481656218277,12.5152184160748
126.127915896008,159.173948825448,184.15673824456,151.972839554154,143.67723437375,8.01416692645411,12.580616490946
127.101743833513,160.4729286677,184.66683302027,153.476640094772,146.256105691386,8.62725416923868,13.1170919137112
128.293677292636,161.739780301099,184.532474735436,154.460304642289,148.139178321784,8.60458923811111,13.1190246956933
128.691103616761,162.294302715172,184.189736795481,154.501596413228,148.469521876453,8.54865728659137,13.0733157668144
129.454271086455,163.40987909285,183.907280356929,154.56745668885,148.912157160887,8.57115468568338,13.1137352864644
130.757206764813,165.292571606195,182.829313205961,154.49091928291,150.563324060456,8.63529530010639,13.2860741853313
130.782099725514,165.309907451444,182.810858116419,154.500422696631,150.609450866642,8.63351411737504,13.2865745598759
131.321637317503,165.367865870348,181.418925539707,154.421135787323,152.106431040249,8.57345234899474,13.2582464529677
131.740444109759,165.497195396772,180.269149496117,154.312504808797,153.392048684275,8.59958301787003,13.2587725766638
131.909974430292,165.662188526598,179.407132567341,154.234530636753,154.819020455062,8.56851474325627,13.2051112156085
132.221756758454,165.686263879943,178.464355494735,154.700610880979,157.706300372204,8.44565571670194,12.9178526059362
132.44230817336,165.998214967061,178.675616993036,155.216044572116,158.654391399938,8.38885809681748,12.752150643711
132.415678609281,166.014304627388,178.680736500011,155.291732175175,158.854143707444,8.38589373396718,12.7032344651027
132.753412054876,166.029511242402,179.214062361463,156.51043515173,160.585705667761,8.51342931260985,12.3665032116331
132.77978901032,166.045459679944,179.279875967299,156.587000627053,160.663010237609,8.53298298876313,12.3570917589184
132.845631371366,166.101032670518,179.431849529945,156.742859592537,160.817875702109,8.57990924631329,12.3463776402407
132.657760979532,165.938112909888,179.648368233817,156.862436044545,160.919822349487,8.78162532788467,12.315199763073
132.667826759334,165.624356478752,180.26942915546,157.244054051416,160.806052401277,9.19731548632304,12.3303510874796
132.760583839205,165.381956184185,180.485002762533,157.472076250464,160.623900582617,9.32065331576821,12.298787356728
133.129056285632,165.255111137333,180.897685890114,157.960511853563,160.555593030285,9.50318581085938,12.2674434281145
133.129408788871,165.173817682473,180.906014134329,157.980280327193,160.485433564179,9.53900347125664,12.2598242696973
133.280630319854,164.973835099283,181.12407805073,158.157940320218,160.245493383158,9.84634323354532,12.3251133393687
133.398774102549,164.975610977668,181.300483822662,158.270596932821,160.15416494176,10.0366983101074,12.4003540625737
133.484050720689,164.976121249958,181.453743593066,158.355151599069,160.019434453911,10.2236507832694,12.4786747733092
133.301467274683,164.689379544898,181.41240394027,158.218398644648,159.347220277453,10.5362052177853,12.5791701523964
133.28591136699,164.582441223441,181.502649535098,158.558586154038,157.82127458977,10.9654714821984,12.5349021049499
133.015881157111,164.410350020406,181.309315554051,158.77703355357,156.59332254939,11.114852775883,12.2996365538213
132.884489567021,164.517950924129,181.51723049946,159.214656937529,155.724018983807,11.4684991431661,12.1587638779713
132.535508566553,164.347365029573,181.421304841986,159.138637409165,155.061168031343,11.703336107668,12.0717076018473
132.313611325553,164.32704211158,181.334077585552,159.099967756182,154.41746642544,11.9044015133296,11.8927975523257
132.286756591553,164.356012482882,181.309371055617,159.104571049047,154.251227125348,11.9426894305824,11.8222203147846
132.198790656143,164.414445457803,181.132601622197,159.056426739704,153.736517918566,11.9863662369384,11.5742882631054
131.592970715157,164.361103754044,180.818821115901,158.707164526939,151.718230802689,12.5686034387888,11.1465793404301
130.309324380307,163.633717614978,181.340871939051,158.272530320302,150.171817121888,13.3373562057854,11.2599963777638
129.271452841516,163.150446484087,181.720473126981,158.236742149697,149.362455894359,12.8217321107978,10.4874740587904
128.837756304088,162.933144814398,181.598726481598,158.142262601803,149.031579635616,12.3735061890136,10.0032251689191
128.281247957887,162.746910661791,181.409171403935,158.082229967384,148.613102381718,11.5976018123207,9.19177328432426
127.811222646519,162.770393451203,181.394312890631,158.149804280266,148.262491207063,10.9295973884603,8.44962650983804
126.197214259628,162.492705844381,182.145663804375,157.983509210742,147.077071224631,11.2475947625034,8.23801828744527
126.191557933798,162.492331180511,182.154348161112,157.985017896439,147.074150339884,11.2544336567091,8.24181628792512
125.346426802612,162.361343280724,183.410721947947,158.241462921043,146.658894960624,12.2023085758309,8.77443804660183
124.354428018971,162.050112810663,184.338405375046,158.457588633671,146.07224847523,12.7566996107415,9.04672593590429
124.007086951553,162.086757058259,184.802854647223,158.686691643964,145.837709031108,12.900454086032,9.11686849236708
123.468624364417,162.132779999777,185.320006302336,158.880331633913,145.386790993148,13.1101773284664,9.25232939315969
123.161057286804,162.093112421459,185.481710281753,158.880375893009,145.114802856129,13.2227933584886,9.33297615752713
123.030465781168,162.087901847347,185.572626079292,158.887742668038,145.001440055453,13.2868390906442,9.3820726523905
NaN,NaN,NaN,NaN,NaN,NaN,NaN
NaN,NaN,NaN,NaN,NaN,NaN,NaN
NaN,NaN,NaN,NaN,NaN,NaN,NaN
NaN,NaN,NaN,NaN,NaN,NaN,NaN
NaN,NaN,NaN,NaN,NaN,NaN,NaN
NaN,NaN,NaN,NaN,NaN,NaN,NaN
NaN,NaN,NaN,NaN,NaN,NaN,NaN
NaN,NaN,NaN,NaN,NaN,NaN,NaN
NaN,NaN,NaN,NaN,NaN,NaN,NaN
NaN,NaN,NaN,NaN,NaN,NaN,NaN
NaN,NaN,NaN,NaN,NaN,NaN,NaN
NaN,NaN,NaN,NaN,NaN,NaN,NaN
NaN,NaN,NaN,NaN,NaN,NaN,NaN
NaN,NaN,NaN,NaN,NaN,NaN,NaN
NaN,NaN,NaN,NaN,NaN,NaN,NaN
NaN,NaN,NaN,NaN,NaN,NaN,NaN
NaN,NaN,NaN,NaN,NaN,NaN,NaN
NaN,NaN,NaN,NaN,NaN,NaN,NaN
NaN,NaN,NaN,NaN,NaN,NaN,NaN
NaN,NaN,NaN,NaN,NaN,NaN,NaN
NaN,NaN,NaN,NaN,NaN,NaN,NaN
NaN,NaN,NaN,NaN,NaN,NaN,NaN
NaN,NaN,NaN,NaN,NaN,NaN,NaN
NaN,NaN,NaN,NaN,NaN,NaN,NaN
NaN,NaN,NaN,NaN,NaN,NaN,NaN
NaN,NaN,NaN,NaN,NaN,NaN,NaN
NaN,NaN,NaN,NaN,NaN,NaN,NaN
NaN,NaN,NaN,NaN,NaN,NaN,NaN
NaN,NaN,NaN,NaN,NaN,NaN,NaN
NaN,NaN,NaN,NaN,NaN,NaN,NaN
NaN,NaN,NaN,NaN,NaN,NaN,NaN
NaN,NaN,NaN,NaN,NaN,NaN,NaN
NaN,NaN,NaN,NaN,NaN,NaN,NaN
NaN,NaN,NaN,NaN,NaN,NaN,NaN
NaN,NaN,NaN,NaN,NaN,NaN,NaN
NaN,NaN,NaN,NaN,NaN,NaN,NaN
NaN,NaN,NaN,NaN,NaN,NaN,NaN
NaN,NaN,NaN,NaN,NaN,NaN,NaN
NaN,NaN,NaN,NaN,NaN,NaN,NaN
NaN,NaN,NaN,NaN,NaN,NaN,NaN
NaN,NaN,NaN,NaN,NaN,NaN,NaN
NaN,NaN,NaN,NaN,NaN,NaN,NaN
NaN,NaN,NaN,NaN,NaN,NaN,NaN
NaN,NaN,NaN,NaN,NaN,NaN,NaN
NaN,NaN,NaN,NaN,NaN,NaN,NaN
NaN,NaN,NaN,NaN,NaN,NaN,NaN
NaN,NaN,NaN,NaN,NaN,NaN,NaN
NaN,NaN,NaN,NaN,NaN,NaN,NaN
NaN,NaN,NaN,NaN,NaN,NaN,NaN
NaN,NaN,NaN,NaN,NaN,NaN,NaN
NaN,NaN,NaN,NaN,NaN,NaN,NaN
NaN,NaN,NaN,NaN,NaN,NaN,NaN
NaN,NaN,NaN,NaN,NaN,NaN,NaN
NaN,NaN,NaN,NaN,NaN,NaN,NaN
NaN,NaN,NaN,NaN,NaN,NaN,NaN
NaN,NaN,NaN,NaN,NaN,NaN,NaN
NaN,NaN,NaN,NaN,NaN,NaN,NaN
NaN,NaN,NaN,NaN,NaN,NaN,NaN
NaN,NaN,NaN,NaN,NaN,NaN,NaN
NaN,NaN,NaN,NaN,NaN,NaN,NaN
NaN,NaN,NaN,NaN,NaN,NaN,NaN
NaN,NaN,NaN,NaN,NaN,NaN,NaN
NaN,NaN,NaN,NaN,NaN,NaN,NaN
NaN,NaN,NaN,NaN,NaN,NaN,NaN
NaN,NaN,NaN,NaN,NaN,NaN,NaN
NaN,NaN,NaN,NaN,NaN,NaN,NaN
NaN,NaN,NaN,NaN,NaN,NaN,NaN
NaN,NaN,NaN,NaN,NaN,NaN,NaN
NaN,NaN,NaN,NaN,NaN,NaN,NaN
NaN,NaN,NaN,NaN,NaN,NaN,NaN
NaN,NaN,NaN,NaN,NaN,NaN,NaN
NaN,NaN,NaN,NaN,NaN,NaN,NaN
NaN,NaN,NaN,NaN,NaN,NaN,NaN
NaN,NaN,NaN,NaN,NaN,NaN,NaN
NaN,NaN,NaN,NaN,NaN,NaN,NaN
NaN,NaN,NaN,NaN,NaN,NaN,NaN
NaN,NaN,NaN,NaN,NaN,NaN,NaN
NaN,NaN,NaN,NaN,NaN,NaN,NaN
NaN,NaN,NaN,NaN,NaN,NaN,NaN
NaN,NaN,NaN,NaN,NaN,NaN,NaN
NaN,NaN,NaN,NaN,NaN,NaN,NaN
NaN,NaN,NaN,NaN,NaN,NaN,NaN
NaN,NaN,NaN,NaN,NaN,NaN,NaN
NaN,NaN,NaN,NaN,NaN,NaN,NaN
NaN,NaN,NaN,NaN,NaN,NaN,NaN
NaN,NaN,NaN,NaN,NaN,NaN,NaN
NaN,NaN,NaN,NaN,NaN,NaN,NaN
NaN,NaN,NaN,NaN,NaN,NaN,NaN
NaN,NaN,NaN,NaN,NaN,NaN,NaN
NaN,NaN,NaN,NaN,NaN,NaN,NaN
NaN,NaN,NaN,NaN,NaN,NaN,NaN
NaN,NaN,NaN,NaN,NaN,NaN,NaN
NaN,NaN,NaN,NaN,NaN,NaN,NaN
NaN,NaN,NaN,NaN,NaN,NaN,NaN
NaN,NaN,NaN,NaN,NaN,NaN,NaN
NaN,NaN,NaN,NaN,NaN,NaN,NaN
NaN,NaN,NaN,NaN,NaN,NaN,NaN
NaN,NaN,NaN,NaN,NaN,NaN,NaN
NaN,NaN,NaN,NaN,NaN,NaN,NaN
NaN,NaN,NaN,NaN,NaN,NaN,NaN
NaN,NaN,NaN,NaN,NaN,NaN,NaN
NaN,NaN,NaN,NaN,NaN,NaN,NaN
NaN,NaN,NaN,NaN,NaN,NaN,NaN
