NaN,NaN,NaN,NaN,NaN,NaN,NaN
NaN,NaN,NaN,NaN,NaN,NaN,NaN
118.105496872634,148.009465431118,155.6785326951,111.707363348439,110.831054177559,6.06293036736917,5.22119590646336
116.752460450472,146.811991580086,155.116520971971,111.345944465639,110.420967152654,6.12267158308144,5.26193030108685
112.836787915702,143.162428568807,152.413407571575,109.187509287089,108.146123624633,6.09143671548889,5.15605435122509
112.434809703882,142.784710473776,152.118028480176,108.947493744946,107.89446599222,6.08465494173868,5.14128085349119
108.462882758499,139.052496549487,149.199402202107,106.575911974797,105.407849300567,6.01764456877849,4.99530464880807
103.713427334199,134.5869156326,145.69659668711,103.730061461117,102.420466197235,5.92314600707291,4.8057315265136
103.636392570056,134.514475128911,145.639735290041,103.683865997715,102.371960576164,5.9215607512879,4.80260181147426
102.989087247534,133.905774315378,145.161942109541,103.295696193228,101.9643790506,5.90824021323466,4.77630353918816
89.1346426686708,120.975250797051,135.705036691457,95.8008587635559,94.0164486436424,5.65868919200791,4.25834921246757
94.030700774228,125.983315586692,141.987420203795,101.601856907022,100.034034283057,6.03240824410652,4.74240487936333
96.8411667194103,128.737150970137,144.71684878883,104.00057034267,102.589772149913,6.18733493429184,4.94972497641216
97.2479468288554,129.135734507715,145.111899744863,104.34775438009,102.959683527411,6.20975865235809,4.97973199069826
97.6961212621876,129.57487827837,145.547151455177,104.730268189443,103.367237432196,6.23446422891946,5.01279254678595
102.131899516133,133.921657819537,149.729064127155,108.391174842197,107.406985254098,6.53205545322852,5.37330230236426
103.034716174077,134.826459445576,150.574648920379,109.139465115981,108.316017561456,6.63435528201589,5.47549928952601
103.122932571162,134.914869798689,150.657273053675,109.212582366695,108.404841304664,6.64435124546942,5.48548520407581
98.9120601286955,131.233114767817,147.033068171095,106.223312286549,106.067923765186,6.92750113966018,5.53786996913602
94.5237455202861,127.381054143744,143.280130725467,103.084999948059,103.159869960519,7.00194856456614,5.43085234093809
94.1881429956984,127.13075558256,143.018974049374,102.877543311408,102.989683795259,7.02062313389834,5.42917990268144
93.4062567670867,126.904742206664,142.608543448076,102.662905587477,103.075169733144,7.18676128514552,5.49061556502823
94.1968603366277,127.860730907392,143.424000277908,103.433086416656,103.994990214902,7.27182560152869,5.56374646929207
95.6871900457426,129.591675867081,144.918130438191,104.837963166129,105.657555742968,7.40993849950096,5.68999941717217
97.6593686316848,131.852883551668,146.867501390046,106.69336869089,107.895146716369,7.58775832021786,5.85440203474101
97.9793729666244,132.225623142972,147.185255480618,107.001455058542,108.277902737793,7.61926809376444,5.88242318361526
98.9802546359479,133.679218604846,148.264369868886,108.224780887714,110.092652041972,7.83301889554265,6.0321760497439
98.8877259583128,133.671045717546,148.201019044703,108.221947344905,110.184573235601,7.86335618979574,6.04541752601055
96.5877964121922,132.112282428515,146.177767283469,106.889251040467,109.456911764524,8.07700263294507,6.08474027700642
96.3394069121554,131.930009998458,145.952124577564,106.729719205677,109.339533791111,8.09453441872711,6.08610123506212
94.7484397334471,130.883725272197,144.46734347402,105.761905729827,108.625431703306,8.25639396320994,6.12180877172696
94.4725420238952,130.928724141641,144.197807013649,105.769680392055,108.782649427126,8.37769914607009,6.17886782365053
94.4691938436092,131.048790704577,144.190034548666,105.865647198884,108.93934103713,8.42837876669285,6.20634300350059
94.4753614726254,131.064848188537,144.195733349972,105.879781322854,108.958968398647,8.43267681849701,6.20887001941411
94.6306885263797,131.311810857967,144.344972975837,106.109043034275,109.248693967537,8.47611383174957,6.23724666688658
95.2349704461693,132.222880251049,144.94080469979,106.986518202369,110.350611574189,8.6231738440528,6.33518849551559
95.6593112694654,132.818525908727,145.372733455801,107.589882235747,111.102010147575,8.70697822390894,6.39290974045929
95.7242641306412,132.918389064102,145.447168374995,107.704786538269,111.250879194675,8.72225128837971,6.40266651991539
96.2398399229763,133.884186843954,146.158150942995,108.969895835296,112.959632659567,8.89332543107482,6.50232554451153
96.2699259865989,133.986666360975,146.229425133544,109.133089368591,113.192589251857,8.91664166263337,6.51424662460223
96.0525585114115,134.135562321901,146.26192276796,109.599313269481,113.946501549583,9.00093207682228,6.54616866147392
95.7003344516535,134.075245089689,146.117138257901,109.738340212181,114.233173601442,9.04398917535028,6.55617581567047
95.5778515006343,134.051684909169,146.06504737144,109.781149627757,114.324379575011,9.05812654456999,6.5592908310594
94.8650498975637,133.946202677361,145.76599778685,109.895058904401,114.552453391443,9.11281081936054,6.5720732057503
94.4714594922169,133.918343393443,145.628314547816,109.947594116866,114.608847165892,9.13366780024071,6.57787417222674
94.3414464370425,133.980321118101,145.635919819965,110.031804034271,114.673030906452,9.14199894490172,6.5839432611689
94.291630060347,134.004068776935,145.638833889646,110.064070278313,114.697623832087,9.14519114310197,6.58626872010481
94.2786229500217,134.010269316575,145.639594756421,110.072495029849,114.704045071812,9.14602462953605,6.58687589997101
93.9882611145649,134.714228695752,146.122321829473,110.948349905066,115.479741990895,9.18668211807462,6.6363603959721
94.028643095805,135.68673373012,147.015896098962,112.392611376251,117.013187466916,9.22803819639174,6.69918169303187
94.0116224955355,135.755839616738,147.087219010028,112.536651642725,117.185207516317,9.23135507163714,6.70378232450022
94.0064974722935,135.776647888449,147.108694843495,112.580023186723,117.237003971043,9.23235380625603,6.70516760720646
93.8731580250712,136.037075081483,147.371802505154,113.217046920981,118.040806572232,9.24827139108302,6.72387335430814
93.1389026798965,136.231208959675,147.277206069604,114.250716647749,119.687262293684,9.30492937490862,6.75708503378811
93.0100426352048,136.239179696521,147.136740594267,114.271786614809,119.781527745282,9.32021013039536,6.76465706638955
92.8230573043867,136.247500253284,146.911764390322,114.270855683521,119.872890043133,9.34325034313888,6.77613219941689
92.7442218643776,136.234084973002,146.796960961337,114.219791390354,119.828690891626,9.35170341286723,6.78012255059851
92.4581623689938,136.188850184003,146.36692970521,114.011085086443,119.613142853627,9.38435665991052,6.79639259409712
92.4257928432872,136.184925230325,146.313603058807,113.97935136082,119.569627995868,9.38873821295719,6.79885443635266
92.4053241064613,136.182443301965,146.279882172658,113.959284669569,119.542111554029,9.39150887005651,6.80041117220639
92.1287342974029,136.162628416257,145.841417353203,113.705238203562,119.124009735795,9.43364435927722,6.82588199168457
91.8635150815333,136.181740836266,145.535873537125,113.616340828925,118.755284203657,9.48535627254967,6.86060969722628
91.7224972317012,136.21189599932,145.493651367842,113.749361746297,118.733025850351,9.51703928265364,6.88207452568886
91.6292725711223,136.230427842702,145.48384468899,113.862285537567,118.750740865023,9.53746855463206,6.89571927164911
91.4923550769717,136.185680332069,145.466196258242,113.974841943102,118.820011925635,9.54993974711778,6.90121906694609
91.4394364376152,136.168385410101,145.459375136166,114.01834501675,118.84678520466,9.55475986555181,6.90334473894777
91.4042748121575,136.15689385295,145.454842862802,114.047250498835,118.864574626701,9.55796257826514,6.90475713510303
91.2551364416469,136.108152303438,145.435619182,114.169853377424,118.940028630349,9.57154691485546,6.91074782689755
91.0278520001987,136.058486289427,145.437535992099,114.439078486162,119.199643454064,9.59370159073169,6.91886525325764
91.026175019113,136.058140251889,145.437576022191,114.441133242782,119.201678925488,9.59386625992555,6.91892430680487
90.7128224150431,136.014609850668,145.430855043945,114.83536956375,119.630340182022,9.62602994017428,6.9292756728604
90.3729110021058,136.020123973675,145.369806801226,115.261912295216,120.182193188188,9.66433128819267,6.93874302758096
90.0021952008929,136.104251835088,145.13000776644,115.589496821996,120.742047718646,9.71069406103613,6.94604032795203
88.5474576363475,136.281310487579,142.34463425637,114.27799539332,120.190560848754,9.82936097440066,6.91388779301176
88.3360684212029,136.302650616477,141.695437418753,113.790666036407,119.759141233003,9.84293801359945,6.90470193176698
88.1634259358831,136.314665991052,141.103728348415,113.33151373056,119.323683204567,9.85377003704732,6.89659136245914
87.9002354612503,136.317637823866,140.054565274556,112.487151427959,118.461116099164,9.86968580583311,6.88283590369682
87.7805864503202,136.283298716576,139.449924512031,111.995345378054,117.897235250412,9.87655013934816,6.87597435673221
87.6147930262815,136.179008494506,138.734232852726,111.417732898462,117.210545262165,9.88170091058052,6.86647011577692
87.6068038258664,136.170263978015,138.707755385089,111.396710835598,117.183663258578,9.88166311764475,6.86601236214128
87.2086420293697,135.588993824921,137.318136345086,110.342731911062,115.729496353478,9.87924503773903,6.84650759667063
87.1141819094229,134.380284910629,136.229358331447,109.882814956452,114.441670746461,9.89719238104404,6.87924889441478
87.0643174693639,133.029011421063,135.33256280445,109.472298898395,113.408462621963,9.92910943008899,6.93212749627631
87.0338728769825,132.770714636957,135.012820366319,109.204927759116,113.03774220906,9.93187054583243,6.93750076339562
86.8616993005721,132.085671647736,133.547253588355,107.775007247727,111.302255965607,9.9093784819361,6.91812464161343
86.8262732781886,132.01201739958,133.302853300103,107.52135446884,111.009904995073,9.90177786145168,6.91030732959001
86.5439221666337,131.696626641327,132.394578020388,106.574516563406,109.948872563388,9.86068928946477,6.86560046096033
86.2419320428412,131.423827522339,131.495636987912,105.627253663097,108.89632489949,9.81359471283801,6.81442061386943
85.8845895494965,131.160261448878,130.409188790399,104.472429614044,107.617005352967,9.75228384014222,6.74799032164069
85.6504120309149,131.01656652484,129.664272536582,103.67718539208,106.736547187337,9.70959781064259,6.7016304073606
85.4815790507798,130.933634630315,129.085017096861,103.057104874687,106.049562167164,9.67740599448112,6.66636745524492
85.3134228453827,130.860531275942,128.473351156971,102.401100103003,105.321607026577,9.64515180042901,6.63068710896864
85.1657153269409,130.808667479229,127.890897026996,101.774916469477,104.625311574692,9.61657094309835,6.59861902427203
85.0372133189664,130.746770546396,127.462141464738,101.31625116938,104.115242403891,9.59666402204164,6.57579399611761
83.6928375192538,129.973613967965,123.039067586487,96.4413263992969,98.4607123211055,9.42243521972288,6.37190386298005
83.6634199879318,129.956146152507,122.928372329206,96.3136741161672,98.2992046085503,9.41708263458428,6.36594290174742
83.6024816946094,129.919961645711,122.699067565873,96.0492429445819,97.9646420562482,9.40599477681543,6.35359479543962
83.3373518387942,129.730109017385,121.979844536547,95.2354524855192,96.9225161092112,9.36608238915178,6.30815918782448
83.2321853524213,129.650041511383,121.735440515751,94.9620918187748,96.5698593161096,9.35147363522184,6.29135369794389
83.0101553484118,129.486637430141,121.219179370427,94.3865217600083,95.8146150327406,9.31900831518844,6.25328907620675
82.3256213026136,129.052249225246,119.511842359568,92.5208117977467,93.2674264652103,9.20405407816732,6.10692358356097
82.0059108930509,128.918966485648,118.363385873243,91.3297328659278,91.6122914737743,9.13654647904346,6.00117451950842
81.9716723208771,128.907826449979,118.209076574996,91.1727912037515,91.3954032597879,9.12838594870007,5.98707008965799
81.9344030559519,128.895700332731,118.041108293855,91.0019575499481,91.1593167703982,9.1195030733934,5.97171717920227
81.5686616034359,128.600605971601,116.718650865951,89.6934439297887,89.4533907529306,9.06059584816236,5.85737127025674
81.3820088281713,127.620224026494,113.852288058707,86.730456671334,85.6096453672372,8.91859314784768,5.57234406345098
81.3826998015855,127.204993520638,113.273130266503,86.0934518792023,84.7510458374288,8.87185376532003,5.49338940061838
81.3749192798661,127.126652817596,113.18235355642,85.9934226423437,84.6157099771757,8.8637894391074,5.48028675115336
81.3713114152554,127.090325864177,113.140259967893,85.9470386135203,84.5529541005944,8.86004997301494,5.47421099081033
81.3557275547316,126.933414716881,112.958440336796,85.7466867950001,84.2818854954125,8.84389767122217,5.44796726717322
81.4054524641782,125.684812251016,111.808132162814,84.455709370262,82.3879985769768,8.71664386237029,5.22660398233801
81.4640877985204,125.439827336556,111.607938602211,84.2390958172859,82.0328387736276,8.69159915987602,5.17424134621652
81.7827367258979,124.889098072995,111.102333627002,83.7641014283675,81.1588788727572,8.63143767816993,5.00718439752214
81.7974983239117,124.85829857153,111.062652726027,83.734452972488,81.107998836317,8.62800793014057,4.99513557974347
81.8212738338572,124.765870889133,110.931783022686,83.6415989400564,80.9604543650646,8.61803488644495,4.95881585848792
81.8491983851491,124.657313740883,110.778075373434,83.5325410398375,80.7871620502099,8.60632145649742,4.91615801764962
81.8516659964403,124.647720861773,110.764492676012,83.5229039107334,80.7718487129125,8.60528637479834,4.91238846845936
82.1101514883788,124.603902121506,110.188460905986,83.2342271975636,80.4103909960752,8.54501287366916,4.72192687482437
82.1795701307374,124.641610309896,110.090581697082,83.1898279606896,80.3922435211315,8.52023688655809,4.68036118015353
82.2056050723055,124.655752483352,110.053872833325,83.1731763596439,80.3854374466576,8.51094483827231,4.66477227787562
82.2389138429605,124.673845798868,110.006907983387,83.1518725146241,80.3767298421824,8.49905671075507,4.64482803604281
82.4104735233382,124.723162208779,109.764575619951,83.0096501674386,80.3285765538669,8.4061216190332,4.52860512592239
82.3353504964661,124.2758636908,109.209337576794,82.5138561059432,79.9609570242375,8.19500837821867,4.32164367744107
82.3076250867403,124.062734563654,109.016714002827,82.3261848019697,79.8146180960826,8.10877552417723,4.24254249796498
82.3068806336537,124.048950363094,109.006991358931,82.3161909341799,79.8063664802353,8.10382506502569,4.2381019926372
82.3049318144734,124.012866270057,108.981539553773,82.2900291227976,79.7847655123284,8.09086582028669,4.22647769809278
82.289492237726,123.726988991431,108.779896885711,82.0827614097279,79.613631214602,7.98819582619054,4.13438388581561
82.2859722897822,123.635711077176,108.717022414578,82.0181706172321,79.5598541408988,7.95595258350277,4.10534623050455
82.2983576694113,123.37026379455,108.55837603099,81.855811909312,79.4173359505413,7.87082342557131,4.02679073838536
82.3151395098208,123.132869854409,108.417899771647,81.7140056741693,79.2917713666821,7.79610822358032,3.95682972239146
82.3402120265002,122.412036656646,107.980938666821,81.312675063159,78.9094805142572,7.61680130125262,3.77047407198954
82.3084587077823,122.100600706503,107.7750304946,81.1341371425576,78.7335458637988,7.5559663863663,3.70059746033901
82.3066207381281,122.013692172101,107.714992991518,81.0852471070072,78.6861679226737,7.53948822974678,3.6798783098611
82.3055295494689,121.962095233648,107.679349180784,81.0562214632936,78.6580399979647,7.52970527300086,3.66757750719137
82.3021302637311,121.801359749901,107.56831109727,80.9658003836069,78.5704155047192,7.49922927321873,3.62925787957581
82.339215604019,121.507169272467,107.345994094733,80.7913116956109,78.4100700556953,7.43725403732385,3.54714913690131
82.3435148853233,121.482086116663,107.326537738045,80.7761983328455,78.3963995747763,7.43180721710418,3.53983397312514
82.3562038155926,121.425478376778,107.281301124595,80.7406342435457,78.3648619533421,7.41847387507906,3.52224483724661
82.4189411750257,121.30618558801,107.169970116315,80.6481346517385,78.2901312739574,7.37782809698019,3.47215672161432
82.5289705216423,121.066593499541,106.931626596179,80.4035054353297,78.0919521024886,7.25798864688695,3.3549830202056
82.4696288375727,120.891814505872,106.782017913386,80.2348477223577,77.9373332008653,7.19313001418881,3.30233616949742
82.1189446918235,119.360110564979,105.87016357888,79.4064808455674,77.0331949761137,6.52518202164855,2.8640230007827
82.0563696438883,119.022603043945,105.657461473976,79.2968785652389,76.8629473184513,6.43507668267082,2.80051838051199
82.0465162204417,118.923542218601,105.594288234811,79.2688375501744,76.8140324888776,6.40979694135077,2.78239636423758
82.0243869555477,118.701066928003,105.452410911535,79.205861767836,76.7041773479966,6.35302255271746,2.74169711887123
82.0773026858364,118.274836816686,105.171113388485,79.1021676261612,76.4806489976787,6.24876595069698,2.66566020561843
82.2296602018436,117.863032905193,104.892170381998,78.9964639580723,76.2317131679038,6.14467265055399,2.59080799685248
82.2483161564396,117.823544451508,104.865455174426,78.9854630299231,76.2061254053207,6.13421236378297,2.58342834863926
82.4915273849217,117.249054876989,104.482334720928,78.751217068165,75.7743490438654,5.9798118469541,2.47922589072204
82.5024534999624,117.148421793453,104.41577835896,78.6984007673022,75.6952922965006,5.9557916200944,2.46326058954416
82.5272388085443,116.933593059571,104.281101839389,78.5870009435656,75.5316533096433,5.90067223776172,2.42757186853684
82.6630782023735,115.91174295419,103.993365166263,78.3253959299225,75.2586532796939,5.46926019190368,2.17100784504187
82.6746162627001,115.839995372745,104.018482749639,78.3647476263689,75.3348985954285,5.41893936399558,2.14099962425931
82.5920709739886,115.56116217695,104.007916816322,78.425447715634,75.5043491553979,5.2939694307667,2.06310364814352
82.5834246419283,115.538362835956,104.00544199381,78.4290375727654,75.5163155518797,5.28480218456066,2.05731097464954
82.5009476911109,115.15302846904,103.980170088182,78.5521567790937,75.8032076388841,5.12793058805771,1.95974485031808
82.9461376276401,114.35948697118,103.882724749086,78.850641229089,76.3919884294003,4.82322428024488,1.7910495578087
83.1657639669412,114.167748264396,103.834876154255,78.8800660774683,76.4621448379514,4.75608774837299,1.75893151897522
83.1752652142887,114.155963157857,103.830500401121,78.8790207122579,76.4626426690982,4.75269782330083,1.75731430244605
83.1884739266345,114.127010769604,103.816114059628,78.8692191619547,76.4541982563702,4.74623670726878,1.75424587080062
83.2055968904575,114.089478670816,103.797464489671,78.8565130338435,76.4432514380989,4.73786091308262,1.75026814438169
83.5701532675999,113.321967973508,103.412958863056,78.5589452026497,76.1729052821481,4.56722195909647,1.67151755798077
83.787706569668,112.802276507908,103.161432369467,78.2896564924034,75.9326408149533,4.44537940085786,1.61349475792504
83.7989051701544,112.606786159267,103.077394622653,78.1701631623592,75.855005193154,4.39089992005987,1.5797495561651
83.6469619846402,112.506096671752,103.034462565116,78.0804981490406,75.8516407528131,4.34727908664571,1.53533940803646
83.5297363574235,112.467715362591,102.997461319081,78.0324281255605,75.832315386556,4.33823142915971,1.5198848574848
83.4794198743041,112.452641937739,102.981257423804,78.0125181725075,75.8231427088047,4.33534379540937,1.51402468310248
82.6684609378869,112.323380088589,102.73169064636,77.7094313268994,75.6872175947296,4.309232440427,1.42456170165252
81.3580248370173,112.590702951694,102.01205035796,76.8420415648607,75.0421742247813,4.35039928171017,1.25182579295885
81.1205665011467,112.708304256922,101.515154305901,76.2397564492352,74.44842317065,4.37652447370214,1.179176042211
81.0154892714046,112.645134079353,100.76408223921,75.3512453851367,73.516606145162,4.39428372513268,1.09594063731406
81.0893274859528,112.594731393013,100.293231854561,74.7917426359513,72.9221148060518,4.40331814442267,1.04749836751661
81.1243117037389,112.585797187054,100.224966055599,74.7112810249669,72.8380142643826,4.40425682677123,1.04045828564841
81.3029114623851,112.540186705271,99.8764587574519,74.3005122494592,72.4086681936488,4.40904894308848,1.00451759575794
81.4905856946186,112.501324096713,99.5896490449214,73.9671546135746,72.0697137436126,4.41245449210333,0.97337461994489
81.8989718902128,112.438000148217,99.1491720850984,73.46961574167,71.5932394801331,4.41610932169644,0.920741995918311
82.2934554569003,112.400525104982,98.8566639814461,73.1711412518722,71.3703185313296,4.41733479435418,0.875405595615271
82.3831013503331,112.39200894863,98.7901918834866,73.1033133001795,71.3196600266214,4.41761328147141,0.865102955775744
82.983850372594,112.082282443682,97.9607373428711,72.4013079127369,70.9901560616698,4.40757574524136,0.729659896688601
83.8391873564034,112.106342869342,95.6871256299516,70.3015314552459,69.7616129571969,4.4167523832884,0.433624909723232
83.8612125523796,112.093754024392,95.5121973453551,70.112082424283,69.5925857274028,4.41613136450525,0.417958087040772
84.7157966784433,111.970332846316,93.1719823222485,67.2303828602634,66.6616716355865,4.40660434322689,0.221880614025244
84.7951885157614,111.965316883037,93.0781620643363,67.0941780626094,66.5105501717932,4.40601429337675,0.212429201438565
84.9133383032712,111.957852198814,92.9385401093485,66.8914800467398,66.2856533884653,4.40513618969797,0.19836374551129
84.9855722750803,111.954573092087,92.8948146997643,66.8143544124019,66.1970662887699,4.40473941620014,0.191360531276294
85.444281226273,111.937602674699,92.7420233124468,66.4649461522364,65.78120354879,4.40263991270444,0.151674956040558
85.6682074711469,111.840597673549,92.7669968792229,66.3839486707386,65.6718411993186,4.39846853411222,0.124540454164531
86.3211961672053,111.606944306132,93.4390193475513,66.8342133923927,66.1299468788191,4.39469323676588,0.0491899883855634
86.5892906345674,111.590398786324,94.0005686854018,67.3582342039863,66.7113528610193,4.39999018102329,0.0207492395869989
87.4085597776095,112.247903470254,96.8731714206166,70.3358187727631,70.1923972157963,4.45854302646617,-0.146562513300546
87.4477062605686,112.437507843139,97.1795382958371,70.6743965988972,70.6152704677349,4.46826874505073,-0.184321981754123
87.5203441413182,112.930449513356,97.5987467532201,71.1525873020357,71.2420159952243,4.48599923430104,-0.264695557132215
87.6438791519649,113.844611664043,97.8939815999492,71.5288510501439,71.8039339763116,4.50372571314187,-0.392348167735614
87.5990796614368,114.340100901164,97.9634763331684,71.6622120584085,72.0575191711172,4.50566260511247,-0.485750407156153
87.5970729190443,114.348329842397,97.9640536817897,71.6640781464695,72.0616691664853,4.50563455051104,-0.487585501041888
87.5659577426739,114.526835179442,98.0082251828429,71.7377322902941,72.1885738890952,4.50601008137355,-0.526436055976718
87.6717055181109,115.482013834884,98.8792499687741,72.7741182685583,73.5698450218574,4.53539836327323,-0.712776426902317
87.6798765879166,115.503841884214,98.9117370528233,72.8102322822645,73.6148244692818,4.53670592490132,-0.716582650142821
87.8266897948463,115.783628808654,99.4131296149596,73.3543700963121,74.2769366237893,4.55834868887589,-0.762468004035303
87.9483535902999,115.971781059715,99.796625719509,73.7645711368046,74.7688385810853,4.57556437837231,-0.79174350713063
88.0285616089701,116.084144672294,100.139770633899,74.1290263609767,75.2028018204806,4.59084960347151,-0.817345626814448
88.1749371969274,116.255332383525,100.893217994604,74.9238326047441,76.1415494181823,4.62422725981307,-0.870619293554452
88.704766860834,116.639496894433,102.856624941229,76.9583855166281,78.4666277092052,4.70649106592807,-0.96497692170089
89.0758768946292,116.871172552209,104.02565042592,78.1749606277268,79.8274320231536,4.7448157735398,-1.00639081705926
89.4799873549401,117.120508568396,105.290733939807,79.5186159403211,81.3227366326893,4.77238673414555,-1.0479189847538
89.5350462152265,117.13934425499,105.574313719093,79.8311051188755,81.6724958155655,4.77397270484495,-1.06000805924995
89.6240072194319,117.169777896107,106.032505948399,80.3360075266427,82.2376169963687,4.77653522694084,-1.07954090467206
90.3033856914894,117.581721297551,108.659503973726,83.3641101375495,85.659961880938,4.76014342034851,-1.18878953349511
91.511212379753,118.36359776156,112.048817186225,87.3496487888323,90.3430985878177,4.75434533285605,-1.34276869066667
92.0598002539139,118.64335146979,113.583940360114,89.0291205555507,92.3672814941395,4.7647594832344,-1.3915106835155
92.1060624381666,118.666950228693,113.716296888233,89.1713694528819,92.5389498920356,4.76561057913627,-1.39505976885266
92.1129404869952,118.670458783653,113.735975048223,89.1925183648382,92.564472760057,4.76573711616139,-1.39558743054093
92.1171687053492,118.672615636105,113.748072019226,89.2055194673207,92.580162712499,4.76581490365395,-1.39591180579482
92.2192972505126,118.729464539488,114.071644749474,89.5455513400435,92.9909691745427,4.76643585157331,-1.4020366434013
92.4601008937812,118.865009808467,114.846866558201,90.3578402332412,93.9725281801599,4.76742925361058,-1.41593510478986
92.5421197163483,118.875887548996,115.68341988714,91.2338081726248,95.0510288818978,4.75227834780676,-1.43279046105103
92.5564194217262,118.880897288013,115.838970564699,91.3967643908641,95.2515668513179,4.74906078881049,-1.43561379782863
92.568151950785,118.894680468308,115.996734925055,91.5622631158453,95.4549559122715,4.74463108440963,-1.43757191696529
92.5938277277241,118.924843944654,116.341990624417,91.9244449033416,95.9000579132792,4.73493700212489,-1.44185711667981
92.6704566948823,119.078729677922,117.303101449363,92.9399178277598,97.1463465948683,4.70414650781801,-1.45066176765991
92.6709739996401,119.080080972959,117.309250646228,92.9464528293245,97.154358281143,4.70392955483418,-1.45070171211181
92.7006968086534,119.157722409105,117.662565401704,93.3219347874403,97.6146861969724,4.69146407485199,-1.45299680276586
92.7556905780511,119.328685724191,118.135963199145,93.8331188592206,98.240415342214,4.67343532226553,-1.45458954418303
92.8194150962933,119.532010258626,118.65005649622,94.3903804240874,98.9222963171495,4.65350664065468,-1.45592798640111
92.8238900404943,119.546288372787,118.686157809843,94.4295131547369,98.9701802305745,4.652107183418,-1.45602197619353
92.923315779357,119.864662322334,119.238989909806,95.0410629493559,99.7178299117754,4.63065801242351,-1.45638132087923
92.9381560399904,119.912189945564,119.319926916422,95.1307094606113,99.827421236575,4.62751758852215,-1.45642400787727
92.9983932518228,120.108831581479,119.654230991145,95.5013402816355,100.280717655979,4.61441830576534,-1.45666120123347
93.4389184429051,122.376446948723,124.531795695852,100.980176461745,106.973480371541,4.38151676013832,-1.45820980459854
93.4343298572004,122.362211834798,124.590746102442,101.042231347712,107.04574961973,4.37932855264867,-1.45729006805677
93.4550318645129,122.319858093751,125.534844486489,102.044816805622,108.193532035857,4.38058172234558,-1.42811213727551
93.3336670102948,122.963751837001,125.508360175187,102.052857248749,108.258743530447,4.49130053277326,-1.37692773063363
93.5463421438725,123.947657594911,125.328508125287,101.789669968147,108.009813397466,4.61845404470627,-1.31249398816452
93.5807188544762,124.496766558179,125.09787797788,101.461498055738,107.663032133439,4.70947329035431,-1.26356133235092
93.578053694613,124.550782836517,125.067302735428,101.419287558499,107.617785001932,4.71951265804464,-1.25814262636695
93.5806982160662,124.735321020973,124.963017726877,101.265765317501,107.439178659855,4.75934260733539,-1.23611687610346
93.5914415845348,124.985999013193,124.823277692118,101.058239571336,107.189570363947,4.81618824769832,-1.20518312708794
93.8166842515467,125.850203879827,124.414720586933,100.46851103084,106.277806321792,5.06936418177855,-1.09328756653182
93.8302814991628,125.884930645247,124.400512758819,100.449897795257,106.242866070819,5.08057596503587,-1.08914678644756
93.83336540252,125.910074082194,124.375578719644,100.422578297355,106.19630019236,5.09260229370402,-1.08558059120726
93.8208266123341,125.972881629989,124.26944124952,100.312889829588,106.016304457333,5.13434594335593,-1.07497140207198
93.8449679281531,126.330263247585,123.833981580088,99.8748059348646,105.278111724806,5.32918025596566,-1.03120258273997
93.9554572106177,126.667686360253,123.620593397708,99.6501869382185,104.896401502163,5.46329010296162,-1.00287502000052
94.3597542097768,128.128858880104,123.169464495271,98.8223922290582,103.828947648762,5.95905926920024,-0.866927993868068
94.4034058868463,128.602368144823,123.085905448802,98.5043118375576,103.502384988023,6.11333233962462,-0.813404053181514
94.4117219463169,128.686653749803,123.075981508092,98.4516524282482,103.449179096156,6.13946640414996,-0.803971349983649
94.5659404585769,129.805485976283,123.030057421818,97.8906564762238,102.831804345656,6.4503303158853,-0.6906847354149
94.5673755205383,129.857514679436,123.020277952052,97.8568016272824,102.790387693259,6.46618906608075,-0.685409366440631
94.5330170968418,130.003068338411,122.945965688275,97.7046777701422,102.599100902211,6.5216078412762,-0.668936485589791
94.5101390771858,130.099987204667,122.896483865523,97.6033840488541,102.471730013366,6.55850917992422,-0.657967795779496
94.4800765654539,130.499206044691,122.680049992129,97.2205200476892,101.945630543135,6.70724239862253,-0.617986188861166
94.4844384731194,130.561651928827,122.646199506383,97.1659201591152,101.865251176529,6.73008938793602,-0.612229168703225
94.5312893189637,130.756994305658,122.543164623956,97.0151805590529,101.624186605837,6.80009748751611,-0.595662702633548
94.6985915763236,131.171488197702,122.346626666312,96.7427037488597,101.151413484002,6.94564379841754,-0.56173141062004
94.7979615455096,131.351860906868,122.273836249247,96.6451934391397,100.965326754562,7.00756581536191,-0.547197736457623
94.9865773265844,131.639843624614,122.179356050654,96.5178095999671,100.69846744776,7.10440364829827,-0.523812150733103
95.0468262206059,131.762430548939,122.087601605662,96.4038955769112,100.497823662597,7.16176409089057,-0.510837256533661
95.0505421828814,131.77235102769,122.077193785628,96.391222624903,100.476548732811,7.16734003395785,-0.509612463696853
94.9972810398279,133.789675906391,121.387360914561,95.0869891076234,98.3380135740349,7.82794120586772,-0.346697481223058
94.9961670109351,133.791416843972,121.386520224469,95.0854805486243,98.3358717103362,7.82844895341061,-0.34658301016107
94.8232558946962,134.117885210237,121.233829655057,94.8175615340019,97.9531324034645,7.92008360480192,-0.325347756904654
94.9484854858722,135.170774771761,120.778420407176,94.1140375150446,96.9048306649605,8.20541135231729,-0.23834632529673
94.9665721657352,135.197517607761,120.76712720505,94.0984327802869,96.8806205177828,8.21300674702651,-0.235480680801463
95.102000568679,135.298093948222,120.724158590816,94.0451033782301,96.7953351464097,8.24528337715822,-0.220391877978079
95.5021462604692,135.539619733982,120.620421299149,93.922992851183,96.5969383620281,8.32691835374226,-0.179364957590345
95.885229869727,135.57415901315,120.449083046361,93.7567230225731,96.3774553584981,8.39282520591879,-0.137416124122045
96.4652890357148,135.575658405346,120.254685654352,93.5786504485661,96.1542189879534,8.47468556599018,-0.0760662115414513
96.4980017595433,135.574749988474,120.245666802134,93.5707438429189,96.1447012325868,8.47883270626286,-0.0726717337809867
98.3578492828618,135.560741889273,119.991935355679,93.3625254522643,95.9560893020123,8.70019742646308,0.149408932031967
98.9685163080737,135.625726588075,119.996691649301,93.3502433432189,95.9891242452697,8.8107535222194,0.281352489060447
99.0614005664417,135.634411413551,119.982570693467,93.3034100384286,95.9564323787415,8.89011122919548,0.382060712245228
99.0561017289626,135.652166606372,119.992501837685,93.3018877458276,95.9553869990865,8.91205833782839,0.410021769362523
98.8712678826243,135.848840232907,120.1608729342,93.4185029122706,96.0300759537334,9.0050552315314,0.527811171599456
98.5945114596317,136.206843374338,120.545256357675,93.7714381099947,96.2639131329573,9.10923745203698,0.661099002791298
98.5468802883563,136.227645923108,120.585206474149,93.8128627198385,96.2867632796302,9.12060814745105,0.677038618498607
98.2932320464362,136.234758048824,120.72189682938,93.9701824639103,96.3579330519678,9.16672296754064,0.746816234319048
98.1223392736352,136.239849264774,121.024156968616,94.3671234078144,96.6700098228908,9.24811415111818,0.884001971822497
98.2122398131593,136.33308427129,121.351679471209,94.8295031920428,97.1962386410583,9.34069241358362,1.04813771302989
98.053169522881,136.27249234499,121.449381479843,95.0356280194147,97.5196911499693,9.41087585039843,1.18046753185982
97.8039554167968,136.316160828322,121.671331582657,95.3735804566347,97.971465375034,9.49531739905312,1.33022711744983
97.7507567874591,136.407163563085,121.871210585998,95.6250181292771,98.2140471254768,9.53235279913812,1.39016160173094
97.7647133807837,136.458477496043,121.987656284249,95.7659727166863,98.3205272174231,9.54626217842295,1.41175842379827
97.733749902302,136.476262480307,122.319146861922,96.194924873391,98.5583484135015,9.57981002891832,1.47142184365911
97.7271308988464,136.468700128849,122.339085264633,96.2225885504883,98.5682591524767,9.58142088398675,1.47488819935171
97.7488534170138,136.426825488631,122.471573971333,96.4048998836939,98.618468610694,9.58496417129579,1.4891280390261
98.0941636687474,136.320970099862,122.965992847942,97.0915878930502,98.7367982058181,9.56999395015182,1.52572595328081
98.257903334084,136.317695890531,123.091105858248,97.2671853856831,98.7337836248886,9.55668015004195,1.53683021568945
98.333893054946,136.320378997979,123.141724052471,97.338187399413,98.7265605200346,9.54986186683606,1.5422073034426
98.3947735790771,136.266399598547,123.167607606497,97.3920579765722,98.6451430623413,9.53241668146052,1.55126419346333
98.4477045898541,136.004878403417,123.232773425881,97.1384245138508,97.5322160327596,9.35647192811315,1.6959068527904
98.4554104936749,135.838066630378,123.323255681309,97.0158598090906,97.0098873550754,9.28313700459227,1.76250461981613
98.5423675459401,135.834885471027,123.338158931579,96.9830982879838,96.7647975256371,9.24405645605739,1.80002799343604
98.208463455292,135.770586976685,122.342776903399,96.2084599413213,95.6448683606846,9.12169705582115,1.89733936774426
98.0792773231674,135.775634874382,122.052260416541,95.9859877626443,95.4188922502325,9.10481066206753,1.91142036667995
97.8401790754443,135.810417960679,121.485441600766,95.5473313472232,94.9904996847981,9.07663743558888,1.93796389826873
97.656349698404,135.867653001883,120.998739966206,95.1615306422058,94.6292549163097,9.05814659090336,1.96015941698429
97.578896786936,135.903690838708,120.762217932552,94.9684155873697,94.4510310478403,9.05128389812853,1.97100962860121
97.2772107191374,135.853507888849,120.067691375043,94.3685033244775,93.8797811031549,9.03126456794934,1.99372754396413
96.7841347488085,135.056152640093,117.382529585231,91.7168032773752,91.0760200923896,8.97780373994322,2.11213292706265
96.6286596363675,134.618953540781,116.447722396137,90.8310582713832,90.0984061279121,8.96273725277504,2.15730997892401
96.5540534860786,134.426372215342,115.875571027999,90.3250768816185,89.5357989067089,8.96186720898726,2.18515584588006
96.4994158363717,134.297768649041,115.345163040634,89.8782819805573,89.0286085668846,8.96779712967736,2.20937253110933
95.9421144927928,133.589259772149,113.376734539323,88.2347296719657,87.1097062652688,8.99278073189422,2.24549722864409
95.9328160676728,133.563081784461,113.222800717322,88.1060258467154,86.9525233910133,8.99632621290298,2.24876390662295
95.9273190632804,133.524949498419,112.94436759519,87.8709484696826,86.6652203633265,9.00230032940053,2.2553782858956
95.7777128607425,133.48508148742,106.295285733323,80.6836120635106,78.159096957039,8.76161581617429,2.42139119656622
95.7809512581851,133.449126451439,106.042258506736,80.3407825763831,77.7496701362066,8.71012528040075,2.40988733440377
95.9621633005966,133.434585098271,105.75653923677,79.8188781154871,77.150551039829,8.55710310089003,2.38280878344784
96.3636353258465,133.334456680554,105.778498990332,79.3623408905706,76.7379827770582,8.18917521821466,2.34895163065208
96.3970252215992,133.276824895357,105.787580319146,79.2830231372608,76.6744885396692,8.11213416583892,2.34212480526113
96.4216375987615,133.262948931284,105.804047704852,79.2629160943374,76.6612378992197,8.07865396245764,2.33902026745968
96.5443810868977,133.240367869797,105.900646824355,79.2298822999584,76.6523963663787,7.952664073728,2.32545765803119
96.6194681967949,133.247054659503,105.966262418924,79.2397659821723,76.6726241495864,7.89373796429523,2.31792140780387
96.815023185416,133.300468165629,106.159856067989,79.3463186716544,76.7954194708037,7.77557366867743,2.29519698488891
96.8766440770588,133.185973043925,106.302312076471,79.4267080964606,76.8887749046731,7.6216225338536,2.24529684883546
97.159915633225,133.193567900096,106.799293118302,79.8878472864777,77.3761921127046,7.37733589660246,2.14157429935549
97.1924436852824,133.206072198237,106.855548670838,79.943922393407,77.43458321727,7.35780172864253,2.13217233095945
97.3995903927251,133.304328238928,107.226757025371,80.3174170888319,77.8208267149647,7.24061613640495,2.07433475951177
97.5287987342183,133.318985451911,107.729911700542,80.8366280728068,78.3495924189306,7.05364251167746,1.97544716619379
97.6120071097896,133.371803968818,108.604579548403,81.7496643909704,79.2408865476222,6.78516422456347,1.83055369697979
97.6358063498888,133.400451910883,108.743185465211,81.8950442965991,79.3794700796528,6.75399291745598,1.81403979057957
97.6739909705422,133.446413310821,108.965480574711,82.1282059873318,79.6017297811842,6.70401151734923,1.78756110759715
97.7574446255194,133.556837133663,109.782910105495,83.0091908825988,80.4292343918184,6.53577464894531,1.6980550229364
97.7454931987394,133.547239123286,109.888756563447,83.1268093679777,80.5386449824001,6.50999387838431,1.68396855349436
97.7709313009586,133.560958829537,110.385739089275,83.6807649936638,81.0688695141944,6.41305711914773,1.631255341065
97.8447546538424,133.610397986137,110.787350891734,84.1274515002209,81.5080157459445,6.34777570641916,1.59614708823933
98.2653396095298,133.840807479531,112.522365681454,86.0569942128234,83.4861890169248,6.09136745504374,1.45663611466587
98.2755221667668,133.839532605867,112.630714645851,86.1785987572069,83.6114345046638,6.0732304472598,1.44596691529702
98.4090677234345,133.974817625735,114.884766622111,88.6837905015293,85.9659000253807,5.80913968157542,1.25204237562111
98.2964856978111,133.936803917805,115.685684473566,89.5884164765119,86.7604977818563,5.74149687222379,1.17884553914168
98.9455885287856,134.009527321362,119.371391343573,93.5598493028074,90.7844279099787,5.52547007806442,0.932590256290266
100.377538267388,133.764988581149,123.679717009293,98.2683676466546,95.0615111638173,5.458694887065,0.756852080536656
100.555405642712,133.787021129798,124.756157013714,99.4616317565915,96.0648619724058,5.49862512258078,0.741880743272078
101.250457183584,134.109465461968,126.678862475747,101.465882834314,97.574834228059,5.60613160803243,0.735223379668331
101.390678871173,134.085728848971,127.199670129631,102.003255740839,97.9198224048766,5.63675190430245,0.727498289629804
101.751841459854,134.10322606145,128.266673332079,103.117695076015,98.6574745478453,5.71933232763968,0.731092746040962
101.773893869457,134.106485944804,128.327676251307,103.182114344434,98.7017783874952,5.7247339759973,0.732031057594487
102.136829580455,134.463838364757,130.60069583757,105.864690478,101.296177764198,6.24971849806384,1.06974007709356
102.157620749231,134.594803958384,130.801088727037,106.106693765538,101.593619894028,6.35396478089788,1.14667396712968
102.157775203187,134.595221358799,130.801653949353,106.107328046891,101.594315410877,6.35425287143228,1.14687711439887
102.18090644574,134.794217305256,131.125590937221,106.471060997454,101.96897127945,6.55943001857194,1.28646416231096
102.174290932076,134.797058574205,131.137706789435,106.484690146588,101.980243606604,6.57168798176391,1.29433461236629
102.150861818637,134.911689615987,131.389002701006,106.743286700343,102.104923802082,6.80874418060242,1.4377269440238
102.258404784799,135.124017298997,131.657536510037,107.012512747508,102.157738879875,7.04349381532252,1.57334744786669
102.332892194773,135.405332263376,131.918432165543,107.316943829479,102.158131928467,7.38984112935142,1.78039294696166
102.266662878498,135.46605886252,131.953593554918,107.387396377147,102.12166078001,7.55481932241031,1.8852689370939
102.262949158631,135.552936740995,132.037510053606,107.492805089252,102.153146931945,7.68767615915656,1.97333604682498
102.272587440911,135.603185940837,132.094121772189,107.557763739692,102.180740986524,7.75457905599466,2.01808219603688
102.508848500092,135.889226949717,132.592190082153,108.036892932013,102.460123004285,8.03319120063155,2.20538582687182
102.919232120173,136.015231267874,133.632481883553,108.904150116632,102.820739951321,8.44287314946671,2.46456912273337
103.218405355522,136.094062576807,134.216058639818,109.378968706363,103.017907742731,8.61318762467909,2.56852693060572
103.414182998189,136.156592090987,134.576286747101,109.675612887075,103.14722962437,8.71220458743813,2.62928381899556
103.48032730069,136.179288911644,134.695186813875,109.77408933619,103.191075292829,8.74406687989385,2.64889673162412
103.561979643161,136.207307176306,134.841963914929,109.895654345491,103.245200915167,8.78339953164458,2.6731080423234
103.948349419041,136.361797815892,135.53145736914,110.47602175927,103.515686272068,8.96655617889614,2.7878956585564
104.656390784351,136.642112104094,137.329852682712,112.018796829045,104.172439963935,9.53043753190217,3.16265870518765
104.714376804864,136.698714542963,137.51513840512,112.185669178254,104.256140882862,9.59134452380524,3.20650338697286
105.216672464614,137.624073797502,139.714974471271,114.198256520648,105.348026854068,10.2593178654573,3.71610235832309
105.343566149416,138.042249826544,140.70512347224,115.070535948371,105.775838908539,10.5152510539061,3.92174310084561
106.010962889379,139.117347409439,143.07643548165,117.124817156451,106.783911218079,11.02389697143,4.33952225932569
106.100921452474,139.271907893409,143.586222074012,117.552165613043,106.945862395569,11.1420473551917,4.43792326552138
106.638221071342,140.111009288526,145.991640244827,119.632627538367,107.889527015615,11.6995530350207,4.89743209036908
106.670285259647,140.343418617672,147.267713558579,120.798577643382,108.457568754674,12.0175358708243,5.14140060002878
106.685462967995,140.4233040726,147.823315764331,121.335124238058,108.757417607956,12.1505723362336,5.2384286756532
106.908598017636,141.066736323481,155.222380125815,130.009539151635,114.611810349855,14.0209784918369,6.43535298343523
106.817182320736,141.167166026609,155.65630495379,130.581866199038,114.946982269646,14.153323521035,6.49588383668885
106.474067604667,141.19164458387,156.3602673363,131.638244871813,115.531022189741,14.4176329436478,6.5978759600117
105.434943931832,140.632828735775,157.965195076556,134.589589848501,117.36870151229,15.1891413827461,6.92098863529344
105.397864831731,140.59991580895,158.003360073145,134.659792683462,117.407091227591,15.2074505153464,6.93464097675886
105.279633136086,140.492496081368,158.180109144765,134.963111151324,117.56782713131,15.2791709526044,6.99522917638749
105.195714745605,140.407589285239,158.422429023927,135.357353192084,117.767070995341,15.3610857061835,7.07546974052762
105.179654228603,140.390042259682,158.476413362091,135.445439058483,117.810126620588,15.3787996097288,7.09366493578054
104.656981965893,139.756447530743,158.630926674221,136.092080538085,117.9054274002,15.5246654910525,7.28578040012107
104.184621064075,139.177501125225,158.567111943334,136.574165668059,117.90842308969,15.6236537851502,7.45045199759132
103.725375418192,138.615837467109,158.622091950946,137.346903810798,118.037679215564,15.6856140411192,7.57533421176826
103.664087635249,138.52706751792,158.608367084326,137.410828440975,118.030320864138,15.6884834457337,7.58358647401252
103.438557839651,137.846314714496,158.536543147271,138.057252583928,118.02270055423,15.7339222862323,7.68076672660162
103.728368570347,137.477532148736,157.882449397642,137.668187085685,117.503712536474,15.7879778671576,7.78869429167774
103.777686383692,137.330697182261,157.320050768337,137.081204139173,117.030921723335,15.7983829405157,7.81888948407145
103.881709293752,137.193635948934,155.488084530654,135.105549655893,115.446591978859,15.834616307131,7.89074380416472
103.710796633652,137.048803072934,154.552689909967,134.128719368264,114.588207042806,15.8418763289914,7.906861584342
103.187971555946,136.745993810534,152.830450196511,132.322584716805,112.858026898934,15.8535079030058,7.92645875863877
102.782495595667,136.634825477384,151.720890713339,131.04133515247,111.513293627187,15.8727887003772,7.94594796312923
101.978374281385,136.375436257778,150.302656616616,128.927197149372,109.244220376042,15.8879679216419,7.96148791647189
101.709894837749,136.293806785552,149.875409927058,128.1135263788,108.394569955674,15.8906978742052,7.96271667042488
101.210337940863,136.221103330815,148.802450638147,125.853292738826,106.112758353068,15.8964166212849,7.95007825192045
100.289737192943,135.879241197601,146.110926170535,122.024643011161,102.537419743928,15.8053699595507,7.84963129926629
99.7847877921785,135.622408631213,144.713558240552,120.385908741698,101.136115150855,15.7129002338071,7.79402057448962
99.6527946744451,135.566771223265,144.269613896117,119.865993685225,100.702884590146,15.6790481606108,7.77632156049993
99.6351801231066,135.560376023062,144.203139662254,119.787936215517,100.638364346619,15.6736940501917,7.77363955016191
99.0463616324082,135.291766607421,141.769057258698,116.889272807796,98.1502550365474,15.4208929145746,7.63044046925571
98.9208688939579,135.225645022369,141.387958526802,116.371337742453,97.6446122763621,15.3583242454387,7.5859754235315
98.8829812664014,135.242424145083,141.272649309069,116.140299575947,97.3938113538144,15.3214335292983,7.55888849986687
98.8693416244502,135.298242230932,141.251545304973,115.985376397253,97.2034823068869,15.2862615437508,7.53370661686204
98.8692758712958,135.30032882027,141.252254601586,115.982101305567,97.1990121238614,15.2852993918697,7.53303057178067
98.5608006125348,135.236009799443,141.268229735764,115.602727999086,96.6894112831386,15.1589645933317,7.44930255328775
98.5597283077337,135.235765726346,141.268677898795,115.601946088116,96.6881325588741,15.1585304887034,7.44903289162595
98.5253285003886,135.227935800089,141.283055081409,115.576862187815,96.647110763296,15.1446043031962,7.4403820777854
98.5025095114815,135.226231204971,141.30480571822,115.569037287159,96.6236910741169,15.132413317771,7.4332217940017
98.4915476969663,135.226787296434,141.320066957924,115.568751584091,96.6139348832926,15.1253933571182,7.42922188274758
98.0536764573484,134.978550182121,141.837321969957,115.862154500111,96.3370769416916,14.6244625178749,7.14736203354888
98.0393479565502,134.935785352037,141.83745571244,115.882542497815,96.3165422986094,14.5638841060317,7.11241779229115
98.0774390694258,135.015545065036,141.798998636826,115.375417978968,96.3001315373167,13.8245515594232,6.67075967554231
97.954755215934,135.009556710446,141.804345210623,115.365169833773,96.3975208080486,13.6637294422345,6.56322747611212
97.818254796351,134.93905695826,141.756879470274,115.341526152876,96.4184029456353,13.5701602511371,6.49829379199827
97.6240110960565,134.845029200566,141.71358600673,115.373527385222,96.48935127746,13.4321177587122,6.40028726184972
97.4445119464514,134.773490537361,141.707555822151,115.475732031411,96.6084953994944,13.291186526808,6.29788701989319
96.8077668144019,134.56589123332,141.716780012317,115.761489392666,96.9984638058681,12.8348126580032,5.9552957888414
96.1001312357956,134.369153921408,141.647348719008,115.608435630777,97.248993542055,12.4402699221411,5.64880144411902
95.7881387463388,134.26669233629,141.588333471991,115.503146079211,97.4103819151669,12.254893967079,5.50068053627763
NaN,NaN,NaN,NaN,NaN,NaN,NaN
NaN,NaN,NaN,NaN,NaN,NaN,NaN
NaN,NaN,NaN,NaN,NaN,NaN,NaN
NaN,NaN,NaN,NaN,NaN,NaN,NaN
NaN,NaN,NaN,NaN,NaN,NaN,NaN
NaN,NaN,NaN,NaN,NaN,NaN,NaN
NaN,NaN,NaN,NaN,NaN,NaN,NaN
NaN,NaN,NaN,NaN,NaN,NaN,NaN
NaN,NaN,NaN,NaN,NaN,NaN,NaN
NaN,NaN,NaN,NaN,NaN,NaN,NaN
NaN,NaN,NaN,NaN,NaN,NaN,NaN
NaN,NaN,NaN,NaN,NaN,NaN,NaN
NaN,NaN,NaN,NaN,NaN,NaN,NaN
NaN,NaN,NaN,NaN,NaN,NaN,NaN
NaN,NaN,NaN,NaN,NaN,NaN,NaN
NaN,NaN,NaN,NaN,NaN,NaN,NaN
NaN,NaN,NaN,NaN,NaN,NaN,NaN
NaN,NaN,NaN,NaN,NaN,NaN,NaN
NaN,NaN,NaN,NaN,NaN,NaN,NaN
NaN,NaN,NaN,NaN,NaN,NaN,NaN
NaN,NaN,NaN,NaN,NaN,NaN,NaN
NaN,NaN,NaN,NaN,NaN,NaN,NaN
NaN,NaN,NaN,NaN,NaN,NaN,NaN
NaN,NaN,NaN,NaN,NaN,NaN,NaN
NaN,NaN,NaN,NaN,NaN,NaN,NaN
NaN,NaN,NaN,NaN,NaN,NaN,NaN
NaN,NaN,NaN,NaN,NaN,NaN,NaN
NaN,NaN,NaN,NaN,NaN,NaN,NaN
NaN,NaN,NaN,NaN,NaN,NaN,NaN
NaN,NaN,NaN,NaN,NaN,NaN,NaN
NaN,NaN,NaN,NaN,NaN,NaN,NaN
NaN,NaN,NaN,NaN,NaN,NaN,NaN
NaN,NaN,NaN,NaN,NaN,NaN,NaN
NaN,NaN,NaN,NaN,NaN,NaN,NaN
NaN,NaN,NaN,NaN,NaN,NaN,NaN
NaN,NaN,NaN,NaN,NaN,NaN,NaN
NaN,NaN,NaN,NaN,NaN,NaN,NaN
NaN,NaN,NaN,NaN,NaN,NaN,NaN
NaN,NaN,NaN,NaN,NaN,NaN,NaN
NaN,NaN,NaN,NaN,NaN,NaN,NaN
NaN,NaN,NaN,NaN,NaN,NaN,NaN
NaN,NaN,NaN,NaN,NaN,NaN,NaN
NaN,NaN,NaN,NaN,NaN,NaN,NaN
NaN,NaN,NaN,NaN,NaN,NaN,NaN
NaN,NaN,NaN,NaN,NaN,NaN,NaN
NaN,NaN,NaN,NaN,NaN,NaN,NaN
NaN,NaN,NaN,NaN,NaN,NaN,NaN
NaN,NaN,NaN,NaN,NaN,NaN,NaN
NaN,NaN,NaN,NaN,NaN,NaN,NaN
NaN,NaN,NaN,NaN,NaN,NaN,NaN
NaN,NaN,NaN,NaN,NaN,NaN,NaN
NaN,NaN,NaN,NaN,NaN,NaN,NaN
NaN,NaN,NaN,NaN,NaN,NaN,NaN
NaN,NaN,NaN,NaN,NaN,NaN,NaN
NaN,NaN,NaN,NaN,NaN,NaN,NaN
NaN,NaN,NaN,NaN,NaN,NaN,NaN
NaN,NaN,NaN,NaN,NaN,NaN,NaN
NaN,NaN,NaN,NaN,NaN,NaN,NaN
NaN,NaN,NaN,NaN,NaN,NaN,NaN
NaN,NaN,NaN,NaN,NaN,NaN,NaN
NaN,NaN,NaN,NaN,NaN,NaN,NaN
NaN,NaN,NaN,NaN,NaN,NaN,NaN
NaN,NaN,NaN,NaN,NaN,NaN,NaN
NaN,NaN,NaN,NaN,NaN,NaN,NaN
NaN,NaN,NaN,NaN,NaN,NaN,NaN
NaN,NaN,NaN,NaN,NaN,NaN,NaN
NaN,NaN,NaN,NaN,NaN,NaN,NaN
NaN,NaN,NaN,NaN,NaN,NaN,NaN
NaN,NaN,NaN,NaN,NaN,NaN,NaN
NaN,NaN,NaN,NaN,NaN,NaN,NaN
NaN,NaN,NaN,NaN,NaN,NaN,NaN
NaN,NaN,NaN,NaN,NaN,NaN,NaN
NaN,NaN,NaN,NaN,NaN,NaN,NaN
NaN,NaN,NaN,NaN,NaN,NaN,NaN
NaN,NaN,NaN,NaN,NaN,NaN,NaN
NaN,NaN,NaN,NaN,NaN,NaN,NaN
NaN,NaN,NaN,NaN,NaN,NaN,NaN
NaN,NaN,NaN,NaN,NaN,NaN,NaN
NaN,NaN,NaN,NaN,NaN,NaN,NaN
NaN,NaN,NaN,NaN,NaN,NaN,NaN
NaN,NaN,NaN,NaN,NaN,NaN,NaN
NaN,NaN,NaN,NaN,NaN,NaN,NaN
NaN,NaN,NaN,NaN,NaN,NaN,NaN
NaN,NaN,NaN,NaN,NaN,NaN,NaN
NaN,NaN,NaN,NaN,NaN,NaN,NaN
NaN,NaN,NaN,NaN,NaN,NaN,NaN
