127.571080755461,163.335075005166,172.333044787298,143.329179593428,138.004950765064,8.83742365242834,16.2597718517425
142.73374574759,177.548660983159,184.851833444668,155.984553211722,150.759825467695,9.35117179508914,18.1920989668703
144.436361156645,179.140131726785,186.247173948937,157.425402815701,152.225848870514,9.34014300292724,18.4535409333987
144.349242214016,179.057978234355,186.174289708286,157.354501481942,152.155554763568,9.3308769958705,18.4465270183908
143.462826088108,178.222084474721,185.43270855167,156.633095967868,151.440327649077,9.23659740718343,18.375161972154
140.78338509624,175.69549479896,183.19149244622,154.451661274795,149.276928393296,8.95433731928083,18.1576760202078
123.582715700079,159.495751398592,168.892779485181,140.289546766306,135.084554993965,7.69780941537928,16.4013773272065
120.666393150837,156.747606012843,166.46969665582,137.887749545293,132.673303724046,7.48816169889686,16.101282179891
108.574786434081,145.353283173046,156.491644057056,128.05631721938,122.720595032395,6.45553252655169,14.9487600172157
108.58696577139,145.32904734385,156.563592359942,128.240951684766,122.797636637519,6.14164601873908,15.135105069659
110.055078108627,146.695576615299,157.797915165884,129.5059761205,124.035080634633,6.12900040511561,15.3567917277432
111.241270871912,147.800833340394,158.793002828472,130.522079382066,125.032655873252,6.12923224276777,15.5297881711629
113.605479251249,150.003727584627,160.776318409957,132.547281288217,127.020929458425,6.12969431987432,15.8745884884367
121.926822794973,157.770301179726,167.728640119627,139.613841521042,134.012541035953,6.19391716542143,17.0574379553686
125.205952037684,160.842802574495,170.477208951912,142.409958373588,136.786450297209,6.19609285519557,17.5395723513557
127.833168152244,163.308170113943,172.676361422511,144.6713639536,139.049994861993,6.08096379022466,18.0095718397483
127.97226329643,163.437426839999,172.786658877953,144.798029484102,139.1881413749,6.01399500597813,18.0793156210591
127.865869105332,163.336229593384,172.691313834903,144.713326068362,139.114811891232,5.95741962670188,18.1054423051441
126.797125278268,162.319218723619,171.752821870838,143.815494753674,138.278564279239,5.69815850166111,18.1435594470679
125.354421380937,160.946104283155,170.495971657191,142.579056207234,137.097843281842,5.50904160487544,18.0782487946167
125.176667995191,160.776924910132,170.341117025368,142.426716466347,136.952368416697,5.48574079535553,18.0702019669759
123.677196902101,159.334875417058,169.011747449292,141.112457644828,135.701584562388,5.31730551114645,17.9888181027505
123.481244908875,159.14572948017,168.836944633734,140.939343746153,135.537026152889,5.2966108659241,17.9775506252989
120.675072992163,156.425859073125,166.313859094899,138.439967797066,133.168703833633,5.00120872950103,17.8218336373232
120.516622463575,156.269331728744,166.166166301195,138.293487778587,133.03187797828,4.98478243009968,17.8145313864164
117.609526724798,153.334946617397,163.3569076654,135.509304296328,130.46462169362,4.66488279725212,17.7209379749262
116.927771149377,152.569214307263,162.574696150079,134.736474769728,129.792009756846,4.5668940226487,17.7490520262032
116.778992531696,152.290645595279,162.232611325223,134.401620326164,129.543930399472,4.51120450399979,17.8248642766753
116.930444902648,152.327040197095,162.200786327221,134.373928645924,129.571835673339,4.4918194847019,17.9022038771839
124.507931886756,157.079236253873,165.519051998572,137.694871430983,133.520052512342,4.64031818039161,19.5922325411399
125.129210933717,155.393107155371,163.529850446326,135.610287813633,131.666913395931,4.61617147963857,20.1788631015914
123.755967370003,152.864214796042,161.058968008285,133.078281347804,129.247076953619,4.53041252579735,20.2792853214404
123.702692084469,152.770715450777,160.968251830625,132.985475934326,129.158366005567,4.52722694127428,20.2820876820093
122.229903307208,150.047488074448,158.32022744855,130.278438766389,126.591329263861,4.44448541629033,20.3792480769248
122.34255587589,148.329828972063,156.519348406766,128.45557621575,125.010546055642,4.44761600857818,20.7127928298255
125.820051149809,148.859127470217,156.75851448295,128.821289091766,125.76335861864,4.62708947130722,21.4863232273371
126.62127712651,148.886674492865,156.779822226365,128.900746660123,125.931125311085,4.67820252264781,21.6636581346827
127.092648612388,148.714304441589,156.650677666955,128.827115540751,125.924502855521,4.71780313989513,21.7917061436814
127.132456351236,148.505004267733,156.491019199382,128.691747863074,125.811774126979,4.7320752512091,21.8309089332112
126.424198452165,146.666914348819,155.094681302737,127.406453659777,124.629455725126,4.82281064336735,22.0034584432456
125.511216345192,145.547972684967,154.22409214433,126.532111100286,123.81877187065,4.90770904156108,22.0921963815926
125.089827872478,144.988891074016,153.742186427997,126.020443446191,123.409920350521,5.00081424549453,22.2175057222771
125.084337988005,144.689837646023,153.39426619134,125.645404153256,123.187505411323,5.0903614911944,22.3764488160005
125.405049821892,144.135215628327,152.629163087345,124.879184229482,122.703928747481,5.17647841613307,22.6003506278318
125.464102574114,143.917621934097,152.347974343094,124.603182611345,122.504056110301,5.19058224168947,22.6478363331483
125.599891355044,142.468872256294,150.594226828554,122.9110740399,121.11843552197,5.19250258884727,22.7914034804974
125.628929595016,141.75934357889,149.756029310464,122.103170252374,120.413919879643,5.17765609105496,22.833416162644
125.645110809308,141.293680159721,149.208848584179,121.574372455772,119.94081151475,5.16473311785981,22.8560108489487
125.715289050291,139.759973742887,147.392728574675,119.789757885946,118.285883225579,5.11455929890961,22.9192887979069
125.715179129893,139.757920770171,147.39028823863,119.787289002946,118.283499809342,5.11448581998478,22.9193187946709
125.703195660494,139.534106661292,147.124243963966,119.518132552801,118.023660905108,5.10647518255726,22.9225890276121
125.609664936566,137.972350752449,145.238703896736,117.568987882881,116.12275124758,5.05215432258901,22.937613998683
125.595737523741,137.723432086511,144.929581448172,117.238475595833,115.79797291113,5.04418726494317,22.9384003116272
125.56660592212,136.568491748035,143.448228581323,115.604630536946,114.20000548739,5.01247058934899,22.93711357092
125.56786586189,136.51294751334,143.37496916791,115.522061135415,114.120185559829,5.01121476720859,22.9369267008507
125.571782331371,136.340290609137,143.14724537996,115.265397643185,113.872068691141,5.00731109720254,22.9363458231445
125.574894931202,136.203072164466,142.966262730345,115.06141526918,113.674878715013,5.0042086697079,22.9358841727068
125.619380330308,135.726165648136,142.324875477708,114.333404057979,112.984469976121,4.99590269174488,22.9337713907266
125.619391720957,135.726079640008,142.324758568034,114.333270857025,112.984344956624,4.99590144153956,22.9337709588475
125.674131043734,135.001341955824,141.356128865727,113.240063746658,111.963656774984,4.98531868859492,22.9216755582322
125.668624354132,134.909639281818,141.238538962552,113.110539074468,111.844386949861,4.98396514709026,22.9175958967017
125.653508923037,134.65792263346,140.915763900337,112.75500400729,111.517000633647,4.98024978181156,22.9063975457483
125.626664344296,134.210880974842,140.342524505505,112.123583768837,110.935571781943,4.97365139800422,22.8865095907137
125.72361013244,133.13443250397,138.950687484398,110.65191005057,109.631819120755,4.96789304436331,22.8370943185727
125.788973360209,132.858633151197,138.59509795587,110.295122175638,109.327385178772,4.96873254453618,22.8253582148644
125.820288034192,132.72650126127,138.424739628447,110.124189736009,109.181534828842,4.96913473817195,22.8197355999171
126.134274059568,131.801922618432,137.24574291591,108.997179923486,108.249528253741,4.97684582949615,22.7858515444569
126.753979350302,130.112783089809,135.249933515347,107.342709527575,107.010082597482,4.99237918081616,22.732708512041
127.116304966014,128.52132741631,133.48721547583,106.025298417987,106.371100722307,4.94527815813746,22.7207854838722
127.142693560527,128.437087408069,133.388501084,105.94665756848,106.355059062783,4.93803325517147,22.725491260306
127.265816180471,127.970736275159,132.77326853182,105.363541638421,106.272124969731,4.86164831896417,22.7801441911124
127.159826886742,127.653842515506,132.353230973756,104.915666707207,106.117078303779,4.80361538545242,22.7978576206633
127.122169756938,127.538697597896,132.175875502616,104.717989895231,106.056089635104,4.77452634642727,22.8106729191075
127.081604860058,127.41392367174,131.976704861664,104.493916526634,105.988687280145,4.74074506749733,22.8263611497765
127.127585054152,126.958840766979,130.886884216512,103.423410272202,105.843306171809,4.51743735172846,23.0126061474289
127.126433868455,126.737603279798,130.392973367377,103.394234381762,106.024537924458,4.42999996042844,23.1361289054129
127.126536781825,126.728406774288,130.377732951613,103.421066426811,106.050404286184,4.42750220003413,23.1429804735765
127.156988904549,126.677998619985,130.310771810887,103.759647573376,106.351307071048,4.4133126626836,23.2072329213512
127.406827658461,126.758886156807,130.625147308064,104.986257916518,107.363856199735,4.43373401629816,23.3528333881587
127.62440294312,126.812156838373,131.066994616961,106.024161412871,108.241694707159,4.46977250557044,23.4572309070908
127.625668377652,126.803687439634,131.087340129575,106.075276351465,108.285331938095,4.47176288930424,23.4615122646177
127.632111946338,126.760561421553,131.19093909472,106.335552651321,108.507531892092,4.48189788560425,23.4833128561106
127.65165253137,126.701102232109,131.351351514166,106.697503308862,108.824874692269,4.49659417630362,23.5148151860566
127.782419474663,126.55096135969,131.877957095079,107.619824969571,109.693713836511,4.53857611457761,23.6047443921054
127.790635370135,126.544735278932,131.903097115284,107.65731716959,109.730941276963,4.54043993193169,23.6087849203626
128.016736145417,126.400937210879,132.515868839461,108.495316700902,110.585796074566,4.585030957453,23.7043524379782
128.147944373913,126.331459176013,132.831117548101,108.88247095689,110.994853502045,4.60753857180666,23.7517363134897
128.40084305326,126.216543071439,133.37766951954,109.471648064056,111.639593887739,4.64710302784269,23.8282506451446
128.420106000962,126.207790068385,133.419299638247,109.516524881253,111.688702884128,4.65011659853211,23.8340786374967
128.929209768335,125.132501614139,135.994528742444,112.009289627229,114.396652727742,4.86646626183686,24.0078803781848
129.07756157702,125.076401174765,136.928451457595,112.88931399243,115.261790207339,4.93384882161625,24.0328652528283
129.034624470433,125.000923870143,137.281288917141,113.21291063002,115.569092804364,4.95991817538877,24.0275488233912
128.968190687887,124.930608877528,138.014473212204,113.862522846974,116.169039430293,5.01006943279264,24.0228940647824
128.945537368622,125.106277670249,140.153716940149,115.57996606978,117.640602097285,5.14350636868604,24.0708735220341
128.948482325889,125.119446907238,140.243749032007,115.647245803348,117.694574719325,5.14909128486015,24.0747590082866
128.967073758245,125.179448145714,140.609520568334,115.908889700691,117.894391758038,5.17219936735338,24.095059190728
128.980664538732,125.287776215257,141.397771433543,116.463078052346,118.308089204822,5.22290530038668,24.1378679270933
128.75975089191,125.234236399117,142.409715953805,117.081915440741,118.674437997274,5.2969773920311,24.188128364128
128.652388644759,125.207256544766,142.967650616807,117.415041854709,118.856065766052,5.3392438276599,24.2252761346177
128.650867123646,125.206874190456,142.975557580302,117.419762870572,118.858639766616,5.33984282102912,24.2258025870585
128.602449928433,125.194784521881,143.241237141101,117.578432720352,118.944074275878,5.36009358156878,24.2446068827537
128.530359133577,125.17719421774,143.711404480616,117.859430057704,119.089974992574,5.39655433199881,24.2834835724911
128.513808047335,125.173155718214,143.819348639088,117.923943303445,119.123471853714,5.40492523463636,24.292409142613
128.325030195113,125.135410029766,145.512978476141,118.951088835449,119.65694660832,5.5360124750296,24.4465488285821
128.303035900679,125.133191347828,145.827150096338,119.143845125551,119.758136463117,5.560035721155,24.4764581791515
128.256879362239,125.112040716188,146.199134579371,119.36574522704,119.867088812356,5.5889912916435,24.5100416717455
127.975919358979,124.890772154713,146.935987538376,119.740849714063,119.974547867594,5.65117190701405,24.5581099291165
127.801933813251,124.666905647567,148.081840322645,120.26904501268,120.107535775679,5.74246255348863,24.6254278553437
128.10716052869,124.710882940243,149.090208982434,120.595486292704,120.090938178703,5.8194834274903,24.6776037277606
128.162681402932,124.729711819083,149.186625308109,120.616521088726,120.077965846058,5.82690096187976,24.6822818992118
129.044689407162,124.926149182545,150.33021311819,120.276908721508,119.11937557023,5.94094644072989,24.6759595981275
129.999505659163,125.511980660241,151.184498325458,119.879092531031,118.206010822867,6.03498850583428,24.6792977041609
130.574754025633,126.083862526754,151.826059401378,119.665779294467,117.614156420055,6.10415553666721,24.6814181407549
130.694686037478,126.301882450814,152.068352624789,119.480125333169,117.227962273745,6.13697684301639,24.6607304278151
130.774803606573,126.511446562098,152.28892082525,119.351907806547,116.929201239914,6.16544651450728,24.643644887152
130.892305389142,126.944186565323,152.729716637187,119.171376486024,116.431633310732,6.21955841169214,24.6128749464307
130.916103899216,127.06078759182,152.846594691398,119.140315620457,116.322066327752,6.23325700260675,24.6054899403257
130.981962408416,127.409747915655,153.196923365171,119.076331349943,116.03340219437,6.27311945056348,24.5844018015427
130.963307369351,128.572991959885,154.412494513576,118.792986742482,114.908289509264,6.42155929588041,24.4419096547035
130.861105765591,128.925942805316,154.808279992739,118.490674313931,114.240232133374,6.48312296870641,24.3288352707602
130.897439868294,129.353125652553,155.297154650377,118.188516963757,113.540411414975,6.5454152656061,24.1968796311266
130.888197680692,129.56216756114,155.567766429131,118.005371113983,113.111596129905,6.57460070908471,24.1013272837863
130.885018555529,129.563108971731,155.570174951831,118.000605222321,113.102535108194,6.57493316043367,24.0991534403261
130.708829839192,129.62881699674,155.72909265078,117.751203193237,112.592034073462,6.59316756295545,23.9710112724587
130.693117907667,129.638049169757,155.749602594059,117.732631785998,112.5444324372,6.59474624846017,23.957673593074
130.529293571418,129.805729754892,156.08786177367,117.598096844155,112.002160126268,6.6134861411628,23.7865468418604
130.500167743448,129.858331621319,156.187449524624,117.592731411209,111.89145927767,6.6176109881085,23.746162894017
130.465760073602,130.09208117143,156.597536494349,117.720416016382,111.659872585788,6.62967050694394,23.6284475050275
130.155602185555,130.947824330615,158.184845057726,118.596626438961,111.314473843145,6.65685229259875,23.231213419285
130.132416495212,130.999731829525,158.278427438616,118.655013823295,111.308912922806,6.65807790509249,23.2093822627618
130.037682257936,131.390726825952,158.895499657647,119.064299296492,111.385791250824,6.66682518985478,23.0963359486477
130.006386138515,131.539473924317,159.125039383688,119.218192962828,111.42208852447,6.67012416681285,23.0563805886325
129.979187242328,131.762767592133,159.441254765143,119.434794696448,111.50978918053,6.67497855518877,23.01126062127
129.954619162407,132.010937945667,159.784582830684,119.671401600672,111.616764920965,6.68034574045965,22.965366336563
129.897747042593,132.858539066794,160.901946244741,120.448246602167,112.042430137699,6.69840576308331,22.833971303464
129.890336847102,133.005926163632,161.091176568215,120.580463597864,112.121976983854,6.70152131777626,22.8134479808823
129.76108728129,133.526501692822,161.764052146734,121.039993534164,112.409658525435,6.71054406674623,22.7213703391796
129.664993769168,133.787688061444,162.103018114894,121.268289059544,112.55603284706,6.7144703690908,22.6692346577798
129.556442742536,134.111346448996,162.515442798978,121.550224263941,112.745375351222,6.71931626205987,22.6081011802775
129.408927939454,134.675241357582,163.203883250375,122.037611198611,113.1067116413,6.72768186167078,22.5153161072096
129.152443317196,136.382977810193,165.212837445658,123.539681371237,114.27554207267,6.75452856338779,22.2777476816679
129.126188380751,136.836221038159,165.734350493079,123.947219571949,114.594928402358,6.7621837476819,22.2227833412006
129.115701324689,137.657636948537,166.675526738926,124.696216596825,115.165573103565,6.77688844453741,22.128499486305
129.015824927093,138.846950702704,168.056953707448,125.802414676646,115.941399164714,6.79717372419158,21.9629034473922
128.965139170778,139.085430763942,168.339762498965,126.027536393511,116.085645522903,6.80078793397825,21.9208654990793
128.742035935638,140.353604276833,169.822723180861,127.180816223718,116.733132098362,6.82150328098882,21.710653476747
128.498893439737,141.937486612813,171.607697450293,128.393996410539,117.201025966918,6.85025987917351,21.4936134140333
128.463082763381,142.154125961918,171.844472243018,128.530365313646,117.23102877954,6.85432394390791,21.4688880560095
128.320831761127,142.959005768588,172.707781809769,128.968676211746,117.269509761423,6.86953865510684,21.3879307224052
128.234656590661,143.107928215438,172.865197350796,129.008467959799,117.217506406551,6.87132839517473,21.3651413605797
127.588802587169,144.160544003164,173.947425606255,129.155789533501,116.713139106911,6.88158681551581,21.2160089529949
127.125937515855,145.720166750037,175.465182300469,129.180036075747,115.890879114172,6.89138541250561,21.1258583810986
127.181783877625,146.425181155915,176.166243345555,129.258237644671,115.608029151795,6.89364361522606,21.1237816917597
127.209275637255,146.950181333594,176.710969443375,129.284410903813,115.307225528514,6.88911291457963,21.1096078174826
127.210144652762,147.080088381905,176.849178319513,129.284055226682,115.21603019839,6.88697358039928,21.1035487819801
127.210511257631,147.134891266242,176.907483431913,129.283905179915,115.177558327973,6.88607107599195,21.1009927034135
127.218043977994,147.252730784722,177.034295566729,129.289167051273,115.100876320731,6.88403668650124,21.0959391294684
127.296032483436,147.546696718124,177.363301343123,129.351309768753,114.96261371307,6.8781384634835,21.087217261269
127.780798760326,148.828521811414,178.851626933949,129.862024104512,114.66325146078,6.85219927119303,21.0573275395646
128.144591555524,149.815411604478,180.033007654229,130.450272421512,114.72961728761,6.83566749134096,21.0334141135204
128.209552850434,150.096086342227,180.373797165843,130.62368427659,114.76109034722,6.83065567899138,21.0210827339337
128.089712406826,150.751283238219,181.200578972201,131.00305279381,114.800860049921,6.81311570382277,20.9477614423722
127.900173033389,151.428663987811,182.026543305757,131.420594083404,114.966764357529,6.80421607277232,20.8815186457043
127.749480944772,151.925691942186,182.614221764381,131.74179310998,115.156543254733,6.80411560847227,20.8424115789415
127.540069875873,152.702453688151,183.512715649953,132.270589440091,115.537171569898,6.81350345279354,20.7982053283071
127.447623113707,153.127112566954,183.99897870532,132.574007133712,115.777757360094,6.82265269708776,20.7818073303464
127.342963385509,153.698897050964,184.650923942623,132.994259096068,116.125534556535,6.83801821384516,20.7658039570289
127.054138480624,154.351404808591,185.42459226031,133.47855054885,116.5340449105,6.85969893184775,20.725485576119
126.735888339476,155.435983205695,186.741509986033,134.351667997197,117.279185917602,6.90314617808865,20.6891634324511
126.670299260872,156.472919689213,188.035935473099,135.234632882266,117.992711323193,6.94449967913048,20.6956592336286
126.676609351167,156.772301476018,188.414456863435,135.490724432608,118.189213437704,6.9554890792905,20.7021719872703
126.747515317778,157.853196953933,189.793328957782,136.393999370249,118.824036026247,6.98831630880134,20.7386438728524
126.536646982438,158.97907512309,191.307179818305,137.228761287982,119.213396832607,7.00170239051055,20.758032781388
126.507764358942,159.115125829875,191.487754351286,137.320216613935,119.240852767602,7.00172174069339,20.7621362353191
126.360853469421,159.843736831738,192.440262163755,137.795237808903,119.359202213636,7.00009481549367,20.7890482692162
126.345362108915,159.929671712283,192.549166211846,137.847774800822,119.366380813464,6.99949395773099,20.793388923287
126.221459446792,160.663186672789,193.465359527222,138.288125865713,119.409832780429,6.9940806596112,20.8338847915648
126.178086862931,160.980595691604,193.845359517326,138.468725498759,119.406712312854,6.99138817568258,20.8556463319453
126.153322028977,161.161829571328,194.062331526372,138.571844094115,119.404930591442,6.98985082393908,20.8680717142065
126.112046295525,161.504664127679,194.465618081101,138.764411474259,119.393687687764,6.98738364612258,20.893116618326
126.063350229499,162.080429121622,195.116429495251,139.078563489831,119.345663471363,6.98487265216085,20.9408791917672
126.040647210522,162.348861556736,195.4198499785,139.225027049482,119.323273681278,6.98370197969763,20.9631469989993
125.782715546769,163.01214256459,196.145771362917,139.501435119276,119.024508246382,6.97924897248879,21.0086407792678
125.714411701251,163.236136319854,196.382661775442,139.595965241988,118.916655398784,6.98060176038433,21.0261434207043
125.713105621975,163.241330128237,196.388043872532,139.598181907656,118.914083536926,6.98067241845254,21.026579515693
125.696512225493,163.307316108794,196.456422011995,139.626344066686,118.881408702959,6.981570110776,21.0321199887565
125.536066674795,164.214740347217,197.386345465283,140.025732542337,118.432303004647,7.0038701295283,21.1122261834698
125.647666000836,166.566524413263,199.864623722513,141.035459006883,116.852224390254,7.22635314780919,21.3014645275706
125.631307417275,166.753477337237,200.089525599101,141.065653597521,116.594987368672,7.26363282064874,21.306729515086
125.630991924336,166.757082926142,200.093863074513,141.066235932788,116.590026275092,7.26435179937299,21.3068310560524
125.564219104799,167.850375211042,201.451825036374,141.029679656258,115.069374954316,7.49085370951949,21.3561953217258
124.831873511353,168.081025003303,201.770974523957,140.346810214785,113.689933487216,7.5697094185582,21.3509043588638
124.651565323503,168.154924708959,201.852794760916,140.18831078506,113.37929503401,7.57878347396475,21.3583383837281
122.212703044518,169.740588321065,203.898747341669,139.521294264645,110.294276450577,7.55484765776358,21.3693976740879
122.143374235537,169.827713972466,204.015535706096,139.561115657559,110.235292547903,7.55265025841516,21.368836822871
122.059880161036,169.977656269511,204.212047781078,139.660865894635,110.186194501606,7.54939222795293,21.3715028084845
121.87285542657,170.317818536886,204.657560142456,139.889245808915,110.078309202363,7.54203595633019,21.3777933738151
121.7024385448,170.439179173794,204.835709673902,139.978248277875,109.993511076058,7.53441496621051,21.3735497475877
121.168800806025,170.792729662441,205.363051775943,140.276427442089,109.764170532358,7.50847116301383,21.3664636956866
120.737895634971,171.16586776072,205.90161688221,140.6778153629,109.664505301787,7.48214573755833,21.3897215747773
120.590263766073,171.313583395453,206.112247585118,140.850967941998,109.647237861665,7.47192072215069,21.4045948807308
120.156087890325,171.986596902634,207.07821709084,141.830576393958,109.77028172803,7.4252399398814,21.5408737823453
119.910745021978,172.016118482403,207.207559973412,142.048582701027,109.731166344697,7.40258833162346,21.5738959149121
119.343913165573,171.946192031909,207.553663949383,143.240939207988,109.973897277385,7.30149428984444,21.7037026546666
119.35392029262,171.946560550141,207.566304306745,143.31606062306,110.021478960633,7.29724449959853,21.7056238570419
119.390530569781,171.947908744737,207.612548047261,143.59088633615,110.19555275858,7.28169698050973,21.712652422895
119.336551596321,171.835225075407,207.538985509326,143.850496022272,110.368845812066,7.25659185231067,21.6915813780001
119.300921853151,171.776763575363,207.491202874328,143.926259631302,110.421406921184,7.24692697338945,21.6792128062441
119.294221791026,171.765770072537,207.482217498781,143.940506741783,110.431290873891,7.2451095230391,21.6768869348851
119.244265944029,171.654086294402,207.38299627432,144.167217402507,110.619538108953,7.22154498305801,21.6401269283684
119.385238519826,171.746900219078,207.486914256766,145.621762036012,111.889908821293,7.13906731366914,21.4933631157599
119.309079384736,171.861610471895,207.654143036359,146.261893918786,112.351092697958,7.10890857867505,21.431935142427
119.138891077796,172.025885395986,207.960874731052,146.973912787983,112.735123701272,7.08367094062588,21.39114212137
118.383967954695,172.700361823262,209.579403353824,150.128718630869,113.863313778059,7.03325013779823,21.4308416225315
118.336012872798,172.822049210484,209.811861569617,150.825799129498,114.15341558414,7.02430491730688,21.4476740046478
118.341577222303,173.116266892773,209.972292820505,152.603661555299,114.751654093128,7.00397442589963,21.4557123542051
118.452056858096,173.453794130967,210.08390848375,153.421129790232,114.669044839396,7.03530462429918,21.4613489325014
118.416061113145,173.519856694272,210.110327862417,153.602157456597,114.573356378871,7.04812542613391,21.4531196057419
118.41225316343,173.539632085355,210.122720468105,153.646396576697,114.55758262719,7.05109242649402,21.451995334677
118.415141223467,173.560195333786,210.139522471952,153.68287017765,114.554410848295,7.05319752935247,21.452169001193
118.446906601952,173.727132711132,210.279015670634,153.965058686666,114.544434707252,7.06862913778383,21.4553371297117
118.462437425711,173.780408347486,210.325536430006,154.046095485225,114.551476468765,7.07247897367951,21.4574880495897
118.47084559523,173.809251027605,210.350722114745,154.089967668059,114.555288779395,7.07456322067962,21.4586525273557
118.487702920584,173.869805195437,210.403392719284,154.182608496214,114.562504010321,7.07895907140434,21.460967157455
118.177988873647,174.168341071794,210.485360560911,154.608844152504,113.951955385693,7.09029459607437,21.4058356559584
118.208841198416,174.277882063341,210.55881383651,154.688946934629,113.876009414727,7.09289269317398,21.4094640909021
118.235251195087,174.348926337608,210.608685825589,154.738499974948,113.831959448743,7.09464526107562,21.4128495794475
118.23779010021,174.355756125364,210.613480231667,154.743263719127,113.827724738466,7.09481374286981,21.413175040837
118.241682818622,174.366227741771,210.620831145508,154.750567621312,113.821231965456,7.09507206374059,21.4136740470942
118.158271614134,174.507518542299,210.64200204773,154.785944783952,113.359602090132,7.09544147166749,21.3944617189414
118.111109039902,174.674966621534,210.681779545296,154.899962075521,112.846439538999,7.10011355595064,21.3725457338706
118.111319080547,174.6771126175,210.682764610697,154.902057658787,112.842319862331,7.10019608534178,21.3724191233956
118.293759977012,175.070543714541,210.957891555599,155.645109624205,112.845033116485,7.12162580874698,21.3872738765033
118.290372985543,175.069740787264,210.955585022082,155.654230688638,112.846663488901,7.12173263646588,21.3867964221811
118.263123567746,175.063280983323,210.937028230299,155.727612537341,112.859780350741,7.12259209925809,21.3829551511217
118.216104316585,175.073364558394,210.916329289224,155.984665142719,112.983727495489,7.12666394921221,21.3820154655185
118.214858570005,175.074339866031,210.916158508485,155.995826256709,112.990390821961,7.12685818354352,21.3821803140032
118.205937143679,175.119941392116,210.935920746865,156.286711102816,113.196635320745,7.13268126114539,21.39367352507
118.210387708483,175.138046661523,210.948263199095,156.3647758582,113.261457017835,7.13446518930793,21.3988501146488
118.216433203493,175.162640240244,210.965028764065,156.470816351921,113.349508594114,7.13688841630955,21.4058818168816
118.249127746777,175.24269915842,211.027873842919,156.736406105518,113.593012282194,7.1438329225964,21.4303167114747
118.281663914849,175.309634002147,211.083721158432,156.92664562404,113.779362376037,7.14926184501476,21.4513633368933
118.326135321515,175.397318256272,211.158841298483,157.155676674074,114.011601897736,7.15625701803483,21.4796621346165
118.356555786987,175.453506740552,211.20901732175,157.281454243553,114.148070279227,7.16061822006619,21.4985530113676
118.24625705461,175.691376667624,211.3863147734,158.261099792699,115.433236197057,7.20230024193333,21.6898113453359
118.229403455153,175.7688908009,211.459330847039,158.490609884505,115.751107356252,7.21528342034401,21.744108498404
118.10648091961,176.267355441292,212.002695846365,160.309893884483,118.078882387539,7.30590446300391,22.0746929119272
118.067407050364,176.281073646412,212.027983937317,160.489985426098,118.29948131526,7.31276381419913,22.0952240228324
117.925039482617,176.385544473908,212.194951785301,161.414217020717,119.405089333678,7.34592660678934,22.1936844067365
117.903206290758,176.418071234714,212.243224777615,161.637155080026,119.666077203668,7.35348734348298,22.2159493788331
117.899229471469,176.447085074208,212.282846292882,161.785353864032,119.835999759233,7.3582400354541,22.2301446760399
117.895954512595,176.533242406669,212.398610252703,162.197536590863,120.305964589941,7.37125665067123,22.2691784709022
117.894102460327,176.598350290429,212.48587049812,162.50639353464,120.657968061425,7.38100399055501,22.2984353980169
117.894607803663,176.600880321172,212.489056532332,162.515963265038,120.66873369756,7.38130013834903,22.2993494832901
117.751708161389,176.832528599059,212.830620061408,163.99866155792,122.39225156626,7.42544571916838,22.4267009056065
117.67954579105,176.868213994876,212.886461237468,164.307767061314,122.759481425273,7.43560814455743,22.4536444784589
117.554413054875,176.985534442872,213.037798313208,164.963907462684,123.526484854131,7.45913284362109,22.5168023156292
117.549200285091,176.993944763746,213.047565458358,164.998879473095,123.566714794292,7.46048809664483,22.5204782964314
117.506322212914,177.064664694519,213.129406908328,165.290083431737,123.90143220957,7.47180357502113,22.5511879802021
117.479428164299,177.207041460686,213.276267562134,165.697952908961,124.353390902679,7.48957592816981,22.6005275313475
117.46677217746,177.274042101033,213.345378261244,165.889890939919,124.566076740855,7.49793936465953,22.6237460775346
117.461651721851,177.386939368553,213.457503838704,166.172905800219,124.872009273091,7.51073492575453,22.6601615174607
117.215337038074,177.707415426787,213.768197046929,167.32704566913,126.132053347312,7.56384018994014,22.8064772930027
117.056182237253,177.908066835226,213.989004824905,168.1630451007,127.019213200994,7.59713136183254,22.9164757486402
117.07043517794,178.21889413417,214.365104489744,169.185663978443,128.084913727129,7.62876800644006,23.0594650171838
117.07347353343,178.232454189343,214.381866668449,169.228016264163,128.128968382117,7.62995839801495,23.0654908388421
117.106477768705,178.310147801344,214.480446713869,169.459384721856,128.371016335927,7.63545605276477,23.099250588861
117.266379758983,178.67305005471,215.136943915791,171.466171172156,130.611838432032,7.65096528807253,23.3961316499804
117.639000345714,179.060312095622,215.683505310384,173.112243714931,132.57322124654,7.65006107512185,23.6363358697881
117.766954933958,179.192241571816,215.826251802904,173.694793329346,133.310335861418,7.65046779325046,23.712092332431
117.758428197881,179.183555918031,215.815392419466,173.804321685844,133.46903717454,7.64940215120626,23.7230580099838
117.741577621199,179.166391287415,215.793932053896,174.020772148632,133.782663469763,7.64729622429373,23.7447284344929
117.737914403625,179.162659796339,215.789266694973,174.067827223004,133.850844006116,7.64683840800535,23.7494394590101
118.162791821575,178.49479576543,215.074731100582,176.381155689016,138.674682718074,7.60224310002383,23.8495061115365
118.475742982439,178.091523663617,214.606791685377,176.267918679383,139.579654898341,7.55690046200359,23.848943129978
118.547889484651,178.049939547414,214.527621171466,176.224621594945,139.700209823114,7.54914568276248,23.8544420394465
118.709298213146,177.47460608009,213.590700466821,175.534947288934,140.126628452783,7.48428523342732,23.8504624809148
118.71790168956,177.414242294449,213.482995650962,175.450834423484,140.149323593547,7.47771537250221,23.8497763924163
118.728642517933,177.338882401511,213.348533848974,175.345825493582,140.177656862576,7.46951336842515,23.8489198597246
118.729028722401,177.336172710386,213.343699049757,175.342049721693,140.178675632702,7.46921845163609,23.8488890616576
118.817386709523,177.139081500482,212.932730689072,175.031221117039,140.290360482736,7.44490344840011,23.8532322807867
118.838572270227,177.09822861817,212.844720535391,174.965068706408,140.315300708124,7.43972703026657,23.8544461336348
118.922095213411,177.010441847121,212.63124776545,174.812765818983,140.39745461871,7.42733834775087,23.8600275061248
119.41610523237,176.681672787021,211.770379552086,174.250063286108,140.833290060078,7.37879221575853,23.8873116537948
119.434790868081,176.626738240888,211.677904105759,174.186679060797,140.849430667455,7.37422658503204,23.8843314105232
119.694772741585,176.080526514427,210.749786321401,173.5711517128,141.053716570613,7.32849618699503,23.8553187412248
119.967979007773,175.771617997454,210.193249417212,173.235664799702,141.241569984264,7.3015226142934,23.8416549584498
120.927628906582,174.972498044667,208.572367793439,172.31310134171,141.760785004014,7.23104222963435,23.818536964249
120.979154450176,174.820011862749,208.314406393221,172.139290041965,141.755640867806,7.22081677220018,23.8075967086639
121.082309616056,174.573810848225,207.883300496807,171.830538178492,141.733591505186,7.2035095775418,23.7929820297911
121.114547170982,174.50095947718,207.75529201794,171.737572767432,141.72695094568,7.19831763763303,23.7888477038345
121.195804105429,174.380987317361,207.537199025219,171.558094045922,141.714106791185,7.1886053429721,23.7851652782882
121.325379096066,174.220944467324,207.244312708434,171.301524979063,141.699424108057,7.17476196378979,23.7821348782293
121.66677462285,174.01945351156,206.862268389543,170.833771773473,141.704541659472,7.1497799459815,23.7926530874587
121.885340587445,173.604880226724,206.32379418873,170.007398027249,141.496280917535,7.11043131365241,23.7692457033129
121.93547418218,173.52880099925,206.222033132288,169.824416482814,141.443329914863,7.10227782474916,23.7633461529005
122.11480438071,173.350821913591,205.943224200987,169.302578577398,141.297624102432,7.07986746280498,23.7495388704848
123.841126411182,173.269364699064,202.651967853836,164.735555526445,139.42811377938,6.94101527307717,23.6701913529031
124.360742752094,173.582133548305,201.516286913423,163.400189938479,138.727375463033,6.90750569336192,23.6667417619714
125.855758692408,174.181201922083,196.188006854722,157.098165101124,135.182812989304,6.7437579140736,23.5387917641633
125.857250510539,174.180967076658,196.178168840316,157.087451670473,135.177032966398,6.74349912227858,23.5384093499226
126.022730279397,174.199828207388,195.348695896068,156.217010235865,134.753289122145,6.72340816012691,23.5093988288723
126.16796454548,174.237288507291,194.748987582356,155.604788502896,134.488113863171,6.70942686588671,23.4900396689019
126.258026019383,174.270291554639,194.438176760757,155.296713109648,134.374520223526,6.70240206386131,23.4808633146109
126.408301414541,174.32946357217,193.949545609423,154.81659480078,134.210736987145,6.69130874185604,23.4667154719537
126.607723608888,174.42906467249,193.455115740084,154.353742788535,134.125688376811,6.67981388367584,23.4539177815921
127.296398711969,174.695843357122,191.669905769731,152.858721351856,134.53275042069,6.62319136767908,23.3527834695648
128.012600434774,175.001066902808,192.058925613822,153.718225988387,137.573188783495,6.62005698959216,23.2899961005115
128.183840419966,174.743794150558,192.036961800743,153.978214991254,138.736506397881,6.65800541777431,23.3730401387941
128.207681690763,174.718970059413,191.986797155612,153.945016832349,138.767160238891,6.65980172504446,23.3841652975542
128.27108982584,174.652912342994,191.849450450746,153.851534859123,138.840968947602,6.66428210386096,23.4136396130424
128.316493272006,174.554986035663,191.669542807828,153.718388088177,138.889726825184,6.66764428448019,23.4417886432635
128.300025699573,174.477041482842,191.552001525045,153.6182925879,138.862869617754,6.66676998851819,23.4473659500264
128.225366980228,174.116111591901,191.006031888396,153.152764829241,138.737113165389,6.66256167777335,23.4734187406157
128.199596456493,173.325322681393,189.68266614723,151.984062654864,138.380462480342,6.6406803253585,23.5492166434226
128.284099398964,172.857976282392,188.841644621675,151.236962881746,138.187920175038,6.62069473658105,23.6056307487564
128.305036700486,172.771868929208,188.683884389065,151.096950454328,138.154454271389,6.61665736486548,23.6166171833733
128.389075436064,172.557462851523,188.277856345798,150.743071753791,138.096684253872,6.60463488880109,23.6470411743595
128.417625247577,171.072666868695,185.99066441482,148.851836215875,137.812328994328,6.52433201276745,23.7221338027526
128.488734046999,170.302242309747,184.833449713762,148.110273194331,138.166781528277,6.47788383358236,23.7823374957953
128.527721300177,170.094952983799,184.494469628955,147.937899736717,138.381652999272,6.46280876328542,23.8097703189533
127.890040169757,168.454936304364,181.909479354972,146.174132444051,138.805519080089,6.30467461147754,23.8913593391415
127.647834924766,167.933230516689,180.861251889846,145.154891120558,138.336596662424,6.21492678947107,23.8875596869358
127.627473655828,167.888739136686,180.766909824753,145.054670851016,138.273615512497,6.20634632766234,23.8848377606723
127.525413916126,167.625979460005,180.156403420005,144.391983000967,137.837390138629,6.14914587151412,23.86466468788
127.508902989468,167.419591193583,179.466160105515,143.607777393465,137.267294419668,6.08069753312928,23.8320387848206
127.556235403506,167.338753838261,178.956871743812,143.026619044192,136.825584880025,6.03103343405764,23.7993502265154
127.503703776862,167.195392364851,178.397608996608,142.417393699078,136.342143895257,5.98513877608618,23.7473978055453
127.472171546237,167.146939917547,178.253492122817,142.264411163923,136.218132724996,5.97449274332448,23.7320297157317
127.328295283834,166.934490050923,177.46773115221,141.439368032003,135.552898150638,5.91776541785269,23.6482758068354
127.210464792699,166.769244044716,176.148754923691,140.074575075319,134.469044112407,5.82505138054671,23.5142660116669
127.478292355664,166.708258921034,171.55042900185,135.263378891815,130.61493372559,5.49891715566833,23.0990193608413
127.920431586901,166.660208926722,169.905045620965,133.5014483881,129.185216642369,5.37307504721122,22.9535950700652
128.039281564784,166.649335094725,169.587702953571,133.162457354963,128.913359654154,5.34875440985827,22.9252908969623
128.251438963083,166.483613377426,168.575241947804,132.098571415627,128.04779243017,5.27781230914244,22.8248294397867
128.461607049374,166.029137509012,166.444795645426,129.896228425229,126.242980999992,5.14884685007128,22.6027139031363
128.557357208793,165.937509523698,165.570330262297,128.991771994237,125.50308678336,5.10244199635929,22.5173400369105
128.590302474774,165.922892288925,162.017966145186,125.26237091601,122.363680229424,4.95674627651012,22.194308697765
128.582612634547,165.921501671349,161.931775158527,125.170518923765,122.283497148747,4.95395138076072,22.1864427454162
128.557807476759,165.917015948967,161.653748442668,124.874231472619,122.024850166594,4.94493587094354,22.1610695018392
128.513737145537,165.877681954375,159.290393818216,122.331589438462,119.776542456297,4.87897442754535,21.9483493605633
128.661192274742,164.471038903296,155.240509580982,118.114644316059,115.98868046953,4.78535595326525,21.5408821034443
128.673888462691,164.377498935411,155.042468646724,117.913812585612,115.809353362111,4.77998558912411,21.5219969355863
128.7696633768,163.888543329282,153.875358263427,116.728301205002,114.755566745354,4.74434212789284,21.4196261445653
128.770508500609,163.885093861807,153.86636454524,116.719155702484,114.747461823222,4.74404704582802,21.4188828908929
128.902933933293,163.334784859493,151.953898213845,114.756380242101,113.009246188407,4.67056515552717,21.2774844245961
128.854275817117,163.223964005287,151.546772756715,114.335583062744,112.631851053114,4.65252068230004,21.2464045280202
128.267589726624,163.08262995459,146.726047431611,109.11750548162,107.849464043426,4.37901601268259,20.9144426176122
127.92410050201,163.852857842471,146.924458923964,108.737896584729,106.871454676767,4.2375446836103,20.581277641201
127.891688013479,163.873593416908,147.22671505244,109.00085371961,106.998583155777,4.23846744143514,20.5308358393764
127.846692399048,163.899532940135,147.547995918108,109.284141211938,107.124108370836,4.24055143449678,20.4709398170426
127.822174335988,164.054011889082,148.078850888678,109.766531584759,107.311856757266,4.24823990987465,20.3652895529117
127.822105900951,164.061425896226,148.096926020886,109.783172226426,107.317637455574,4.24855748217756,20.3614528419916
127.830463771695,164.164112434986,148.266087936872,109.942144644859,107.356299287518,4.25195542647655,20.318274380092
127.389142495822,164.186274442218,148.365846678981,110.069293231127,106.799205782901,4.2436710381178,19.9493998140968
127.296964059959,164.061251070213,148.327645753481,110.036520959817,106.643248485626,4.2354882193388,19.8597982141461
127.292701802254,164.043980499563,148.326841329937,110.035719285715,106.627390676206,4.23411763032175,19.8479483486574
127.27552264912,163.954115754754,148.324093171065,110.032952150599,106.547195315598,4.22674343678984,19.786043503469
127.314434990838,163.797237996535,148.315159574177,110.027078279837,106.454682310769,4.21072929438482,19.6910138982196
127.218811906333,163.546968546757,148.167079467779,109.898049677679,106.291330364871,4.19358037275931,19.60785629284
127.212218635013,163.099411923103,147.71531224092,109.618872830503,106.019228726143,4.14926906268222,19.4158295560847
127.258332245182,163.058470929664,147.595271097895,109.577170331004,105.996157048145,4.14120466355703,19.3788556099452
127.452864790908,163.020789496099,147.193042533606,109.500024813329,105.992190709181,4.12140951921011,19.2706560214835
127.371793591618,162.729920737993,146.351355042505,109.334939970283,105.920039714711,4.09936799301918,19.0731201977112
127.335540444236,162.648269684861,146.147244960982,109.331174987513,105.932814276096,4.09571607041333,19.0203102496165
127.326267958776,162.622730042702,146.093210253799,109.348451923338,105.952473426099,4.0950343510082,19.0025312082517
127.281353572881,162.457665346416,145.822268662178,109.580119973957,106.180167703328,4.09334199289233,18.8811842493947
127.284715907761,162.243104284344,145.87033349543,110.282065581951,106.80198101192,4.09759721438993,18.7188154147689
126.72593084264,161.081264473787,147.121336210378,112.539882892755,108.691747696799,4.09413461526842,18.2949230770235
126.672270745854,160.919483959199,147.582974294257,113.111700560487,109.190236264841,4.09511286703336,18.2265463362947
126.441722491891,160.497572425396,148.72618010336,114.480396516503,110.400346917182,4.09473041556745,18.0478868324529
125.512800226856,159.362664602702,150.939456348057,117.1973291386,112.664152570916,4.06752727013354,17.5914874994185
124.550454410623,157.424258144609,152.476522154696,118.922488368678,113.132580283724,4.04590019347863,17.0999808348555
124.190315825099,156.62098499672,152.014365593952,118.299042954817,111.99317146057,4.04100761681866,16.9048782016864
124.159690144148,156.555585224709,151.91757611104,118.178259509461,111.831029512895,4.03907363339489,16.8853786452922
124.09096242826,156.307985290115,150.054746406693,115.890900295814,109.348245212553,3.96548246520792,16.6546210091353
123.707423351405,156.119066546189,147.471619953838,112.780064491301,106.486034253246,3.78093934555883,16.2749688659936
123.699721383147,156.204877310172,146.984032981179,112.136933905322,105.959971001684,3.72370306257046,16.1542670896205
123.506363636525,156.511814991919,146.887381517739,111.645947389283,105.595912479021,3.58483545207655,15.6986834139336
123.46861988399,156.666449240319,147.315413772963,111.973077017344,105.78879160791,3.55894228279436,15.571821954923
123.467767278426,156.69945144766,147.404368923529,112.042568195896,105.826385044878,3.55454146925828,15.5502417461142
123.466779484288,156.737686463114,147.507428743783,112.123077849639,105.869939272284,3.54944286564608,15.5252397937063
123.481419509118,156.818804485544,147.711151038444,112.274836370806,105.932630964307,3.5393070864696,15.4806092393634
123.190751344992,156.865305867881,148.318147042611,112.543606805545,105.701703094461,3.46557852093673,15.1994153870131
123.145538622918,156.884624288482,148.400410857492,112.497087765084,105.541639167007,3.4475002460129,15.1266613695749
123.300747397637,157.142849217165,148.583887338237,112.187394469373,105.050191237416,3.43910521802722,14.9477034379848
123.370096272355,157.288854889224,148.523863338236,111.660801533609,104.606665653795,3.51824623726769,14.8356708424191
123.432398755537,157.417577474,148.549096916806,111.44381682297,104.47875431945,3.59637505486538,14.8118326126685
123.676122061585,157.875139289202,148.911172554045,111.327402718655,104.4912828546,3.81563763515407,14.8451265715992
123.845414534873,158.701217637068,151.268925253409,112.344388024266,104.325115775922,4.52683401142173,15.0558481070762
125.175699563324,155.212599598351,152.955312688023,113.296779940866,104.163410438265,5.46126453116944,15.257713316344
125.222439470695,155.019725625524,153.017429799726,113.306875539298,104.105611595796,5.52340654242522,15.2863945003956
125.345024264468,153.234056914666,153.293134570325,113.178538127806,103.519913887714,5.94071493365549,15.4454977785146
125.352175760913,153.22333836731,153.298905086111,113.181736555148,103.521024464119,5.94326991906431,15.4468395158475
126.671531049082,150.656300852711,154.269457775181,113.797256212402,103.867205739026,6.35782906398773,15.6329815673448
126.764367317217,150.470756735401,154.329983319552,113.840583598927,103.895536791587,6.38327310135955,15.6437526080674
127.245943466212,149.769600150859,154.638941378788,114.062067526058,104.028988688907,6.50980395115789,15.703485113419
127.663977287196,149.0864796533,155.549270621601,114.691920949452,104.3675239657,6.88630691859859,15.8105768041727
127.700770793529,149.095792190617,155.630381671927,114.76392038981,104.43286706492,6.90334459033414,15.8177858149644
127.741214418177,149.105180645031,155.717483704116,114.841906785335,104.504408600497,6.92121721046121,15.8255022510427
128.295165109953,148.286298789592,157.253473479944,116.327791841747,105.941679626228,7.30427948794087,15.937483147663
129.096121186003,146.915165052285,157.828265118365,117.077397486377,106.78415628494,7.5948680719362,16.028354862794
130.030264486701,143.682066696422,153.803112653943,114.034104075289,104.650541486933,7.93450378550125,15.9349378659711
130.173722865215,143.315632958978,152.131215672459,112.711474946253,103.786060203286,7.96167416388345,15.8546837231472
130.966172138313,143.201593690718,150.764170617768,111.821211323091,103.475514712107,8.02225273307182,15.8170659771124
130.974988719162,143.182072269949,150.736528366892,111.804003723793,103.467380406474,8.02392596924271,15.8156644049332
130.983841338015,143.157972299424,150.704072137475,111.78358714047,103.457223795341,8.02584296806021,15.8139214358674
131.395897430432,142.312776915386,149.775638028177,111.212019951544,103.137245383034,8.10901189867423,15.7796101327051
131.963528724423,141.282296438,148.88510606645,110.493249355948,102.506297678337,8.27651011614516,15.7798668674068
132.039580182347,140.93542242674,148.598887079765,110.204796941134,102.240814296217,8.33170258002058,15.7731819218338
132.120397573239,140.756288677967,148.472040192113,110.070315061303,102.1197597592,8.36420308060342,15.7745548659037
132.34067605716,140.447773041295,148.31968929193,109.905103084121,101.971312439058,8.41944952609818,15.7897893495412
132.356068189755,139.951083120052,148.055305138779,109.650411957759,101.717835560973,8.45298331020221,15.7896823537892
132.331542419306,139.232007777993,147.64796613984,109.275579998982,101.316709503702,8.47871039753504,15.7971994988561
132.545520038145,137.618055404125,146.385136398476,108.069066604541,99.9911118726115,8.52582122498817,15.8991216909972
132.502322539716,137.358648038128,146.130166940282,107.814821489948,99.7268189902604,8.52916799528907,15.9074124290129
132.48800980344,137.237313831118,145.995584133671,107.675481772391,99.5861175822708,8.53116740264033,15.9129060785518
132.432116025096,136.527743246495,145.171786237965,106.80675077344,98.7222005490159,8.54454036381649,15.9501796567484
132.593389815781,135.440728547762,143.824694419641,105.292718885864,97.2921773386727,8.57576927760192,16.0374111389079
132.493633685444,134.810387079461,143.201620246837,104.601317032011,96.6411320498911,8.57971501111594,16.0459906213631
132.712236303969,133.807333845968,142.385058463036,103.671806032782,95.6973650760187,8.59396410374509,16.1051227311526
133.53174585984,134.178723280387,142.650742823315,103.626753885158,95.7704911025326,8.56011102071339,16.3717455588403
133.083745623297,135.54651607425,144.178419401253,104.397868295622,96.9430758801534,8.46829922820336,16.4181792670859
133.130625738319,135.734470587799,144.557229484008,104.689579852187,97.1363989886912,8.47820066944151,16.4202726577397
133.205759085599,135.900560897387,144.954016059449,105.023321459503,97.3485010030036,8.49645444948523,16.4223048549957
133.759289646286,136.521188503785,147.130743873377,107.302952937955,99.3600800993495,8.68862013861828,16.4498296212114
133.441035282438,136.348823406585,147.556264946391,107.936037016295,100.212426862122,8.76953473865919,16.4163541759013
133.280198247925,136.290239730916,147.749085052548,108.248734216547,100.662515368061,8.81233836745536,16.4027733791813
133.005380395256,136.309693583816,148.171259023162,108.966983644037,101.680635241479,8.91368565987413,16.3877044778319
132.788710054444,136.78578264531,148.958090450769,110.359803343527,103.373308225363,9.10989558347717,16.3940426365778
132.772632983568,137.510867735603,149.659629891296,111.665547290803,104.57433542481,9.27982800598106,16.402035045856
133.548647103611,139.423068100728,151.603951974994,114.787756250884,106.906348608943,9.40903198150825,16.3432189031756
134.107282409234,139.713592563789,152.392939368298,116.845654817608,108.561551604302,8.97204065156288,15.9531365509241
134.320087892718,139.769513397351,152.379189246727,117.1266425419,108.68801146429,8.86494492694681,15.9150858942528
134.493408952188,139.888963382536,152.436300429236,117.346491379028,108.795386859063,8.81218542137967,15.9187679048568
134.950378344052,140.527585774455,152.913661581624,118.45720846885,109.397197711732,8.60371058362983,16.0080931376909
134.954050768834,140.576216187128,152.96691368659,118.549718205886,109.457321846416,8.58857400117502,16.017068204198
134.976666188819,140.829907417157,153.256660043524,119.021623353448,109.781002570021,8.51614110070321,16.0618672579809
134.993996290398,140.977767410297,153.439868838612,119.283834771949,109.981691289755,8.48176150767971,16.0855519722102
135.513622663329,144.656719306631,158.327189449928,125.386143205583,115.403265430389,7.8075868651121,16.4049399161496
136.003054410287,147.548610917755,162.024008835479,129.90260484978,119.428349808007,7.34643689538289,16.6195297532492
136.128593223234,148.056666190456,162.717175770795,130.745807930823,120.136960121943,7.26522565143076,16.6621779720531
136.343932595541,149.282767230234,164.543836332959,132.995417985303,121.931786753783,7.04279391839138,16.7241331135801
136.440359029184,149.889881489285,165.453936807538,134.110517079634,122.808297132225,6.94316695059591,16.7272062562508
137.085376237553,152.561545439572,169.031209216974,138.335731188362,126.51037015512,6.74494498827315,16.6746367721316
137.340833423396,154.027164108474,171.179931633414,140.894746382772,129.05134991412,6.70941885680614,16.5793712988262
137.654269643816,155.863584156392,174.502088655934,144.979083582531,132.955938879119,6.61678111712354,16.3119183272168
138.033538794879,158.927376065397,178.470431655789,149.384748084619,136.422192706296,6.44622421286332,16.0200099519546
138.0283873549,159.606000143585,179.319858375951,150.252433770295,137.054918371784,6.41757568868415,15.9818672980881
NaN,NaN,NaN,NaN,NaN,NaN,NaN
NaN,NaN,NaN,NaN,NaN,NaN,NaN
NaN,NaN,NaN,NaN,NaN,NaN,NaN
NaN,NaN,NaN,NaN,NaN,NaN,NaN
NaN,NaN,NaN,NaN,NaN,NaN,NaN
NaN,NaN,NaN,NaN,NaN,NaN,NaN
NaN,NaN,NaN,NaN,NaN,NaN,NaN
NaN,NaN,NaN,NaN,NaN,NaN,NaN
NaN,NaN,NaN,NaN,NaN,NaN,NaN
NaN,NaN,NaN,NaN,NaN,NaN,NaN
NaN,NaN,NaN,NaN,NaN,NaN,NaN
NaN,NaN,NaN,NaN,NaN,NaN,NaN
NaN,NaN,NaN,NaN,NaN,NaN,NaN
NaN,NaN,NaN,NaN,NaN,NaN,NaN
NaN,NaN,NaN,NaN,NaN,NaN,NaN
NaN,NaN,NaN,NaN,NaN,NaN,NaN
NaN,NaN,NaN,NaN,NaN,NaN,NaN
NaN,NaN,NaN,NaN,NaN,NaN,NaN
NaN,NaN,NaN,NaN,NaN,NaN,NaN
NaN,NaN,NaN,NaN,NaN,NaN,NaN
NaN,NaN,NaN,NaN,NaN,NaN,NaN
NaN,NaN,NaN,NaN,NaN,NaN,NaN
NaN,NaN,NaN,NaN,NaN,NaN,NaN
NaN,NaN,NaN,NaN,NaN,NaN,NaN
NaN,NaN,NaN,NaN,NaN,NaN,NaN
NaN,NaN,NaN,NaN,NaN,NaN,NaN
NaN,NaN,NaN,NaN,NaN,NaN,NaN
NaN,NaN,NaN,NaN,NaN,NaN,NaN
NaN,NaN,NaN,NaN,NaN,NaN,NaN
NaN,NaN,NaN,NaN,NaN,NaN,NaN
NaN,NaN,NaN,NaN,NaN,NaN,NaN
NaN,NaN,NaN,NaN,NaN,NaN,NaN
NaN,NaN,NaN,NaN,NaN,NaN,NaN
NaN,NaN,NaN,NaN,NaN,NaN,NaN
NaN,NaN,NaN,NaN,NaN,NaN,NaN
NaN,NaN,NaN,NaN,NaN,NaN,NaN
NaN,NaN,NaN,NaN,NaN,NaN,NaN
NaN,NaN,NaN,NaN,NaN,NaN,NaN
NaN,NaN,NaN,NaN,NaN,NaN,NaN
NaN,NaN,NaN,NaN,NaN,NaN,NaN
NaN,NaN,NaN,NaN,NaN,NaN,NaN
NaN,NaN,NaN,NaN,NaN,NaN,NaN
NaN,NaN,NaN,NaN,NaN,NaN,NaN
NaN,NaN,NaN,NaN,NaN,NaN,NaN
NaN,NaN,NaN,NaN,NaN,NaN,NaN
NaN,NaN,NaN,NaN,NaN,NaN,NaN
NaN,NaN,NaN,NaN,NaN,NaN,NaN
NaN,NaN,NaN,NaN,NaN,NaN,NaN
NaN,NaN,NaN,NaN,NaN,NaN,NaN
NaN,NaN,NaN,NaN,NaN,NaN,NaN
NaN,NaN,NaN,NaN,NaN,NaN,NaN
NaN,NaN,NaN,NaN,NaN,NaN,NaN
NaN,NaN,NaN,NaN,NaN,NaN,NaN
NaN,NaN,NaN,NaN,NaN,NaN,NaN
NaN,NaN,NaN,NaN,NaN,NaN,NaN
NaN,NaN,NaN,NaN,NaN,NaN,NaN
NaN,NaN,NaN,NaN,NaN,NaN,NaN
NaN,NaN,NaN,NaN,NaN,NaN,NaN
NaN,NaN,NaN,NaN,NaN,NaN,NaN
NaN,NaN,NaN,NaN,NaN,NaN,NaN
NaN,NaN,NaN,NaN,NaN,NaN,NaN
NaN,NaN,NaN,NaN,NaN,NaN,NaN
NaN,NaN,NaN,NaN,NaN,NaN,NaN
NaN,NaN,NaN,NaN,NaN,NaN,NaN
NaN,NaN,NaN,NaN,NaN,NaN,NaN
NaN,NaN,NaN,NaN,NaN,NaN,NaN
NaN,NaN,NaN,NaN,NaN,NaN,NaN
NaN,NaN,NaN,NaN,NaN,NaN,NaN
NaN,NaN,NaN,NaN,NaN,NaN,NaN
NaN,NaN,NaN,NaN,NaN,NaN,NaN
NaN,NaN,NaN,NaN,NaN,NaN,NaN
NaN,NaN,NaN,NaN,NaN,NaN,NaN
NaN,NaN,NaN,NaN,NaN,NaN,NaN
NaN,NaN,NaN,NaN,NaN,NaN,NaN
NaN,NaN,NaN,NaN,NaN,NaN,NaN
NaN,NaN,NaN,NaN,NaN,NaN,NaN
NaN,NaN,NaN,NaN,NaN,NaN,NaN
NaN,NaN,NaN,NaN,NaN,NaN,NaN
NaN,NaN,NaN,NaN,NaN,NaN,NaN
NaN,NaN,NaN,NaN,NaN,NaN,NaN
NaN,NaN,NaN,NaN,NaN,NaN,NaN
NaN,NaN,NaN,NaN,NaN,NaN,NaN
NaN,NaN,NaN,NaN,NaN,NaN,NaN
NaN,NaN,NaN,NaN,NaN,NaN,NaN
NaN,NaN,NaN,NaN,NaN,NaN,NaN
NaN,NaN,NaN,NaN,NaN,NaN,NaN
NaN,NaN,NaN,NaN,NaN,NaN,NaN
NaN,NaN,NaN,NaN,NaN,NaN,NaN
NaN,NaN,NaN,NaN,NaN,NaN,NaN
NaN,NaN,NaN,NaN,NaN,NaN,NaN
NaN,NaN,NaN,NaN,NaN,NaN,NaN
NaN,NaN,NaN,NaN,NaN,NaN,NaN
NaN,NaN,NaN,NaN,NaN,NaN,NaN
NaN,NaN,NaN,NaN,NaN,NaN,NaN
NaN,NaN,NaN,NaN,NaN,NaN,NaN
NaN,NaN,NaN,NaN,NaN,NaN,NaN
NaN,NaN,NaN,NaN,NaN,NaN,NaN
NaN,NaN,NaN,NaN,NaN,NaN,NaN
NaN,NaN,NaN,NaN,NaN,NaN,NaN
NaN,NaN,NaN,NaN,NaN,NaN,NaN
NaN,NaN,NaN,NaN,NaN,NaN,NaN
NaN,NaN,NaN,NaN,NaN,NaN,NaN
NaN,NaN,NaN,NaN,NaN,NaN,NaN
NaN,NaN,NaN,NaN,NaN,NaN,NaN
NaN,NaN,NaN,NaN,NaN,NaN,NaN
NaN,NaN,NaN,NaN,NaN,NaN,NaN
NaN,NaN,NaN,NaN,NaN,NaN,NaN
NaN,NaN,NaN,NaN,NaN,NaN,NaN
NaN,NaN,NaN,NaN,NaN,NaN,NaN
NaN,NaN,NaN,NaN,NaN,NaN,NaN
NaN,NaN,NaN,NaN,NaN,NaN,NaN
NaN,NaN,NaN,NaN,NaN,NaN,NaN
