NaN,NaN,NaN,NaN,NaN,NaN,NaN
NaN,NaN,NaN,NaN,NaN,NaN,NaN
134.728970991996,153.17966756915,163.366456239372,133.612937580184,129.712754086783,0.0724683138577113,-4.5270822657774
128.530520837434,147.489969593186,158.823726363041,129.278557067784,125.127949936935,0.0697058623567188,-4.5586075347713
120.010438988894,139.852531223505,152.312295685571,122.968419387859,118.620181935723,0.0661130225125198,-4.59632396728765
105.980896682801,127.263008933247,141.551250943958,112.481697613449,107.805809672736,0.0600529158559045,-4.65970433146544
105.212949959333,126.561889245988,140.972151379946,111.910593538339,107.207239097641,0.059680707062981,-4.6637805999634
104.878354092864,126.253557284334,140.722592678349,111.662972306615,106.945266792808,0.0595091130583073,-4.66570449687916
104.753877695033,126.138851587794,140.629751817672,111.570852223732,106.847807821837,0.0594452766343354,-4.66642022526038
103.683449664576,124.989584543401,140.027346879539,110.89131704192,105.971663735832,0.058356531088368,-4.68147064739252
117.040598777051,136.661403077504,151.185893771036,121.608816476987,116.48135032648,0.0628550620559954,-4.64651030576019
118.666621928038,138.100072452545,152.578479403999,122.94935836023,117.786725991142,0.0634222595610239,-4.64219203011799
120.663401267163,140.074168641008,155.145055309892,125.388024512147,119.849547493808,0.0640348194619448,-4.64474310523268
116.286165598488,136.527995975987,152.633876218481,122.900213759887,116.974856307329,0.0624248683596932,-4.6681134104772
115.03546737292,135.514181226565,151.891381145124,122.164513455367,116.139180459192,0.0619772590105638,-4.67453639726069
112.100345147285,133.212524410283,150.243333079968,120.502585741361,114.209723743499,0.0609826471309247,-4.69020957780045
110.894077109903,132.454143117436,149.882747270557,120.08160340142,113.574371462564,0.0607138443805797,-4.69905154971858
111.321775748183,133.120912240099,150.680748239134,120.792987960266,114.146606630021,0.0611137127538082,-4.70101757032299
111.324173633288,133.124650469788,150.685222217923,120.796976325634,114.149814856706,0.0611159546090073,-4.7010285927839
112.304180101616,134.250486157559,151.821596496729,121.851311264473,115.114322814965,0.0617363091059076,-4.70022992654507
112.383862941088,134.338496570189,151.907915948825,121.931982564919,115.189701340266,0.0617841510912024,-4.70011841906955
112.405610459365,134.36251689966,151.931474771209,121.953999859893,115.210274099314,0.0617972084126603,-4.70008798578081
113.003230006542,135.022593062753,152.578868767404,122.559032842683,115.775611384679,0.0621560222523465,-4.69925168216179
113.214259441582,135.255676971135,152.807474391017,122.772680085553,115.975241414355,0.0622827254069394,-4.69895636939788
116.253134579921,138.606424479093,155.977146525461,125.775279930776,118.86076915643,0.0641758439370462,-4.69333330881773
116.785571387052,139.23760053059,156.57030280914,126.340175585708,119.406144505187,0.0645588964791236,-4.6924706237062
118.292828712877,141.261674627276,158.507590543607,128.195996959968,121.18434786582,0.0659139049121761,-4.69119289789674
118.522385632779,141.638624149958,158.877354800012,128.55292999237,121.52298839131,0.0661986041612267,-4.69133531382077
118.660068790156,141.864710126701,159.099131213149,128.767010521478,121.72609747983,0.066369360466585,-4.69142073173842
118.62316997114,141.947439587988,159.202037600674,128.87127190351,121.817322586005,0.0664865300079775,-4.69212989876352
118.523715764355,142.117602931007,159.41957389918,129.09272108643,122.009522825322,0.0667422927134095,-4.6937715392488
116.919569898279,142.073543555998,159.845719573743,129.616107659718,122.357530122317,0.067719241240044,-4.70616608477831
115.954743970481,141.779344068336,159.843403106019,129.688748348949,122.348883073633,0.0680220856491474,-4.71234494311246
114.94703178333,141.50397158307,159.938959689389,129.888760867118,122.45822794684,0.0684089065452755,-4.71904177461205
114.066983608507,141.524470209485,160.477725868895,130.592461761928,123.054232154871,0.0691686170102424,-4.72673593972914
114.19001995684,142.371150661713,161.822344965492,132.143436308054,124.546585078994,0.0704638964302156,-4.73200543616085
114.912250197398,143.38055446365,163.079952552184,133.554273983136,125.97689551943,0.0716003270401248,-4.73386059582399
116.312645579436,144.98167504773,164.920889841254,135.654342749016,128.211387868239,0.0734702718632749,-4.73656145091219
116.620729039594,145.315285597195,165.296249546632,136.104005630994,128.716472770372,0.0739418173473553,-4.7376217858895
116.753989916669,145.459588165077,165.458610627397,136.298506400394,128.934946222405,0.0741457833920004,-4.73808043163763
116.967269640523,145.6911441783,165.720846310056,136.621171344037,129.305311081218,0.0745110391344747,-4.73907282648687
117.27115849761,146.025249776436,166.110947096926,137.159491913641,129.976074916174,0.0752996439714642,-4.74227177634834
117.380197898599,146.16576504783,166.297199376404,137.463006188369,130.387230032064,0.0758733577891584,-4.7452848591432
117.276541422963,146.162058745437,166.406805353691,137.8145676342,130.961765875118,0.0769540996509382,-4.7527768643103
117.135153190079,146.08439098359,166.393872980546,137.910748677056,131.155400916578,0.0774237880573575,-4.7565591318758
117.045166749653,146.040952394004,166.397389443865,137.971394701649,131.26252633385,0.0776840323641744,-4.75866767618878
116.725924462898,145.901779794081,166.439035108202,138.193356682318,131.619667043316,0.0785402938164975,-4.76560322826818
116.30750647702,145.890587279689,166.850614918563,138.84970991715,132.39260968702,0.0799567862776056,-4.77568734530171
116.263599489759,145.956378414819,167.038468813332,139.091741559791,132.648987130496,0.0803337925834934,-4.77791017346153
116.340401229579,146.241005219711,167.579790503961,139.71990009097,133.274738497292,0.0810932680339581,-4.78136144532187
116.391634651681,146.376582836423,167.82424230182,139.998817865057,133.549660283462,0.0814142863431905,-4.78271867760912
116.53125624999,146.633733590638,168.249074714673,140.469037604375,134.004045093201,0.0819051061480509,-4.78446218596144
117.286341191386,147.91537175849,170.382066699307,142.807840853023,136.228951868756,0.0843051176625338,-4.79313246471297
117.314505404154,147.968862612308,170.478540901236,142.914025838918,136.328489025017,0.084417500802571,-4.79360427053096
117.324286358342,147.987439080076,170.512044757965,142.950902086485,136.36305659392,0.0844565295641175,-4.79376812070244
117.405257128767,148.192917208145,170.936822418076,143.424429178273,136.801054333011,0.0849983503393128,-4.79653143413896
117.474652697655,148.549221521573,171.80467363495,144.402836839938,137.691094460354,0.0862054540267845,-4.8036910505247
117.473370253834,148.576779280158,171.88321860201,144.49157891496,137.769730560167,0.0863211717422657,-4.80445894809501
117.468551337766,148.622980833707,172.019151151458,144.644920791153,137.904455894721,0.0865230164204078,-4.80582957931699
117.474985441003,148.973549243442,172.959415621508,145.688885307444,138.808874295877,0.087843726271889,-4.81461313647592
117.420685831785,149.133985565222,173.43279747219,146.203910931631,139.227997928512,0.0884585230066166,-4.819057769955
117.408805817012,149.238399578497,173.700055364432,146.490739154571,139.458927151877,0.0887774404968449,-4.8211913813224
117.403715073807,149.293783753005,173.839709524254,146.640385237624,139.579259073144,0.0889424125525668,-4.82228393564362
117.403468946978,149.296461462467,173.846461511957,146.647620314,139.585076870864,0.0889503886077942,-4.82233675836907
117.398146211224,149.393129116134,174.085443553968,146.903627631903,139.791131646364,0.0892314387087752,-4.8241638257604
117.400424761415,149.409806309124,174.122392198833,146.943141422651,139.823115536267,0.0892737410026904,-4.82440735615621
117.411678765598,149.492176756963,174.304885525284,147.138304280192,139.981087404588,0.0894826765769512,-4.82561017894403
117.419503366546,149.549446673855,174.43176813808,147.273995671034,140.090920919,0.0896279437606001,-4.82644646869235
117.487176688465,149.824908625177,175.010971978109,147.896668483027,140.600027318555,0.0903068618520315,-4.83003874840966
117.490335841274,149.834441916141,175.030171642506,147.917402452697,140.61712491366,0.0903298194799561,-4.8301513696005
117.668730984831,150.253039447235,175.841754294833,148.802599566297,141.356478501142,0.0913577483233673,-4.83480160574756
117.726402236834,150.492875547169,176.397716228319,149.436276311751,141.875679155076,0.092249938173338,-4.83913791016685
117.899855808812,150.944218136537,177.447423119734,150.681022036127,142.899215591381,0.094408355978414,-4.84865235408695
118.002102225983,151.093032207459,177.729624788009,151.009660583239,143.173141619747,0.0950076367638664,-4.85083532530179
118.184364965115,151.350099489237,178.198428965661,151.547850886749,143.620583434387,0.0959745345703814,-4.8542077274724
118.328026002724,151.639237271799,178.791501927151,152.223302566604,144.154703681874,0.097242984977807,-4.85902942608236
118.328122817052,151.64636856303,178.810535306599,152.245184350532,144.170846385847,0.0972875979344225,-4.85922369921746
118.347304653213,151.813328196602,179.206783738984,152.691905697789,144.504864641374,0.0981301298461296,-4.86282494172754
118.355067000752,151.859776585289,179.309940625994,152.806778748075,144.591490216314,0.0983355589838524,-4.86369097700137
118.356523602271,151.868492607494,179.329297976017,152.828334631614,144.60774547201,0.0983741076822403,-4.86385348818618
118.573459130401,152.450353194665,180.415455506528,154.033903932296,145.585322973314,0.100262303992547,-4.87160306098314
118.895845708352,152.991609995079,181.495772159814,155.469282019578,147.004808968884,0.102779875982444,-4.88637119734179
118.916840599357,152.999823380336,181.519052528961,155.515529641908,147.06289074798,0.102880566932784,-4.88715786495418
119.198245909625,153.061355826775,181.706339335925,155.919081041513,147.590219436497,0.103726547562715,-4.89417796932577
119.286685264393,153.076293571813,181.755437759767,156.023488853816,147.725588141192,0.103925932208628,-4.89592880993093
119.243428005816,152.817093644089,181.700663506987,156.179697463782,147.954704222095,0.10430053609856,-4.90396482695519
119.244380413349,152.795666168671,181.725587082153,156.238502269243,148.015202207808,0.104336116343025,-4.90526752480005
119.252267643924,152.775054610264,181.779666301734,156.343909047196,148.119675772811,0.104383959275291,-4.90722598970941
119.252359519818,152.774814512635,181.780296253732,156.345136897947,148.120892752855,0.104384516582718,-4.90724880325761
119.272665362271,152.78387498605,181.843758606438,156.444109312837,148.216404903635,0.104414005963514,-4.90851144864651
119.276978952105,152.786917146079,181.855877194426,156.462033207176,148.233574706323,0.104418585361765,-4.90871169327208
119.367683819684,152.859302598467,182.068664216697,156.768319989587,148.53084107018,0.104494683024318,-4.91172893715861
119.328038232606,152.796823906217,182.192656681356,157.042312867531,148.819237801854,0.10443557305793,-4.91635487923664
119.30236235212,152.683398049503,182.164973593259,157.113197294325,148.930533662729,0.104366052754806,-4.91908779080771
119.536747106351,152.22435169192,181.859728230795,157.05899536235,149.073191473768,0.10451786528257,-4.92540073348616
119.709314355194,151.211076358486,180.985211337103,156.397608095659,148.665390002508,0.105013120923372,-4.93195326883078
119.882559642088,149.991413940948,179.887805463346,155.446771367421,147.962382377253,0.1059165922192,-4.93764226618157
120.354310785451,148.405718991829,178.422015377828,154.146269729019,147.009789258729,0.10828665941006,-4.94324806996858
120.377061542823,147.896309469263,177.932089360527,153.704187495545,146.665679168977,0.10903080902768,-4.94458505834707
120.422156590327,147.464192560039,177.510775335422,153.33536528026,146.389447177966,0.109810516394486,-4.94547807993413
120.436041356955,147.341058158964,177.390489685884,153.230515086001,146.31136150916,0.11003865368251,-4.94572288156928
120.438360974268,147.320487075831,177.370394520969,153.212998599594,146.298316358735,0.1100767667612,-4.94576377862764
120.661661303452,146.252251320069,176.329845094798,152.359738516109,145.711164241902,0.1125080732879,-4.9472182652972
120.736356553157,146.011386744717,176.099141097602,152.184467812681,145.603786470695,0.113152238353025,-4.94741001288892
120.896021334288,145.558740179399,175.675516123121,151.876270446931,145.430430759994,0.114423838371403,-4.94768701490136
121.41396181652,141.989082010411,172.547047033756,149.538782866819,144.172805722156,0.122523572094205,-4.94995668701567
121.438028207065,141.889839210171,172.464848087287,149.477603202506,144.148621580414,0.12276882154336,-4.95000491501728
121.702242799965,139.916622383092,170.804289651457,148.155135321591,143.573303493409,0.12728584139223,-4.95104333695093
121.703667321342,139.856725707789,170.752223704296,148.111874926116,143.551657730788,0.127410272548281,-4.95106959517497
121.725613492638,139.161381221451,170.145193834697,147.60965304847,143.299430954391,0.128868273333828,-4.9513244267083
121.779553958019,138.31239260204,169.389451562745,146.998281341257,142.982528595782,0.130700102576075,-4.95138777840372
121.804140532837,138.01407789459,169.120040037302,146.784831187589,142.867071386857,0.131346004772336,-4.95136029666827
121.632526751882,136.011035122379,167.208877705864,145.245274393516,141.800638004454,0.134490043981571,-4.95160013010273
121.485096967065,135.087245818864,166.284128258133,144.481176367503,141.235803508855,0.135608838843598,-4.95187440572412
121.483544348841,135.074307637058,166.271001640735,144.470314290579,141.228045793848,0.135625135306874,-4.95187810877413
121.456591515113,134.849705956176,166.043128793074,144.281752963222,141.093374952417,0.135908035415953,-4.95194239224685
121.441312122929,134.722380673723,165.913949106716,144.174858730858,141.017030898107,0.136068409711252,-4.95197883414385
121.426984527411,134.466260247378,165.650692140245,143.956469028212,140.873145294682,0.13643169729114,-4.95205359947407
121.421692939753,134.211156386796,165.38661593433,143.737103395651,140.735130319194,0.136815809474312,-4.95212886750995
121.418108841536,134.038369436887,165.207751835372,143.588522662773,140.641650014341,0.137075976342827,-4.95217984805692
121.46920205269,133.404310495,164.543552240839,143.037647923513,140.352395355936,0.138256631793763,-4.95238428398901
121.386439001825,132.635763388007,163.738182902963,142.340976711794,139.984473370815,0.139551690193625,-4.95296777804831
121.3660098467,132.448776125277,163.543541294869,142.174516054402,139.908959471966,0.139918514626979,-4.95312756808451
121.34116126659,132.014527827406,163.094596520669,141.799681683021,139.775326308252,0.140936027227913,-4.95349925746442
121.354816866592,131.834552598083,162.916610213218,141.668415173411,139.767011960842,0.14154564086086,-4.95364645835202
121.373832538337,131.680279812829,162.76650810798,141.563244980485,139.774249717143,0.14212553855757,-4.95377054789616
121.379170110906,131.636976468212,162.7243754455,141.53372440691,139.776281307192,0.142288311983628,-4.95380537900578
121.524446154996,131.318349347641,162.471862060599,141.476405530452,140.014212199118,0.144387324539501,-4.95402527454605
121.635933341956,131.104556561699,162.405963314632,141.694287808172,140.381981686382,0.1466501219009,-4.95423951533772
121.618138335082,131.039594836961,162.376058876649,141.726818050684,140.427644012895,0.14706647696395,-4.95434033531685
121.57367531708,130.819110930585,162.337955566922,142.000343289049,140.680493409636,0.148965426943687,-4.95467627558389
121.576485092145,130.787719558316,162.34913324874,142.083408950949,140.742882582587,0.14938335350517,-4.95472037460475
121.589059330741,130.749904585608,162.376768140558,142.221522046174,140.840773420097,0.150018425626102,-4.95476972837606
121.67748537205,130.678902520457,162.489801397929,142.652045811821,141.129488969852,0.15191009602313,-4.95484620040843
121.694725629044,130.672302618071,162.508818088976,142.715891108839,141.170927388919,0.152183250506541,-4.95485105478107
121.70007379819,130.670255235929,162.514717332843,142.735696814043,141.183782166803,0.152267986852457,-4.95485256067544
121.728406087513,130.667850707216,162.538185548526,142.806532864883,141.228788880394,0.152585233832955,-4.95485134604233
121.867620524249,130.45597055073,162.530539534951,143.217493153299,141.387097714633,0.155881596975068,-4.955258231458
121.891708094518,130.389234363599,162.488633987018,143.244044041839,141.368134842283,0.156686318062031,-4.95541327020322
121.971784753426,130.33704579152,162.456057786674,143.284803026044,141.35710535108,0.157906206658979,-4.95559709318348
121.991270213657,130.329671898722,162.451480939719,143.293230018908,141.356053951439,0.158157369956911,-4.95563141619821
122.382778296651,130.446695555862,162.583489937637,143.515275064051,141.470144437311,0.161561684093553,-4.95603330848039
122.355959484928,130.396980446626,162.548646179,143.49637038964,141.406460418462,0.162369667160655,-4.95640533447011
122.351203358397,130.390083999995,162.55029730806,143.504444752351,141.395843507078,0.162614581359895,-4.95651830717196
122.347487359826,130.387552988573,162.563239072894,143.527756730995,141.388555810845,0.16295715212945,-4.95667650478061
122.610178377155,130.643965086552,163.12092183219,144.270186535672,141.665219153833,0.166184945791758,-4.95814185963143
122.602939231386,130.630841285308,163.121315890089,144.278315144635,141.654792170605,0.166263066504094,-4.95824121320503
122.574945536091,130.565631783902,163.125529605388,144.322185242572,141.603963223792,0.166667376141363,-4.95875068208356
122.582810398551,130.544217771385,163.131737385877,144.34403540008,141.589368735592,0.166834671164365,-4.95895177759904
122.611049877545,130.507790994761,163.147193638298,144.389249481361,141.566471600382,0.167162414037461,-4.95932992587004
122.613414045765,130.507200627378,163.148072293402,144.391014408695,141.56634799702,0.167173263013225,-4.95934068197236
122.644640909707,130.499402822725,163.159677915698,144.414326263267,141.564715395189,0.167316560553246,-4.95948275280335
122.856958478768,130.494875694192,163.233091644174,144.540085354355,141.590082655577,0.168000101362987,-4.96005628062365
122.881526526396,130.496333125124,163.241362094233,144.553299591427,141.594507996162,0.168067316165305,-4.96010661127034
122.979180514265,130.512747337572,163.273969074765,144.601293436546,141.620477702841,0.168275241332979,-4.96022432716967
123.183279405957,130.325463200678,163.160958678829,144.565274277945,141.47336073856,0.168988299298117,-4.96123422751743
123.249320478359,130.254545669629,163.117677650669,144.550734056965,141.414474160319,0.169165557615484,-4.96157802861901
123.28277935641,130.241194455634,163.114768327377,144.557809002779,141.404828744642,0.16921930445109,-4.96167348342224
123.432225969658,130.211839267334,163.127303112849,144.607615430502,141.388613356665,0.169411721973543,-4.96199478707865
123.460079128418,130.21220468488,163.134560282544,144.620407388683,141.390769938308,0.16943839958592,-4.96203442052803
123.46094851463,130.212216090731,163.134786802032,144.620806666631,141.390837252122,0.169439232279568,-4.96203565761481
123.817207901413,130.203827865389,163.226316063346,144.777866846823,141.403590328647,0.169682119776436,-4.96256937664528
123.821041376867,130.185360641826,163.215073218905,144.770110793631,141.386310700945,0.169676253443711,-4.96263398261161
123.88380037007,130.046141385935,163.143658830095,144.729123161301,141.260979321783,0.169633809261304,-4.96316751205384
124.42063903383,129.847592680104,163.237155092081,145.029981790822,141.18467058659,0.170528707213922,-4.9648644258843
124.861856072409,130.020238201479,163.533803182811,145.435103672262,141.234639183372,0.172314169886981,-4.9657225987681
124.944252200411,130.045969287921,163.613771503945,145.482998330619,141.12940758026,0.17309946108375,-4.9663218537166
124.990355538075,130.087993008509,163.671479817743,145.527355479713,141.139767368917,0.173329116881684,-4.96642867233069
125.112812425654,130.235821185757,163.851144129455,145.676574192722,141.225820247736,0.173886746664958,-4.9665881897849
124.898917103709,130.613136455716,164.195406680426,145.940265186525,141.431010960085,0.175713965347109,-4.96735858245374
124.890263986225,130.619404264651,164.19708901602,145.94053464623,141.433018361086,0.175739729155843,-4.96736699784391
124.49609843371,131.057162201947,164.23776772401,145.850578960955,141.493382038983,0.176917603582222,-4.96755295198747
124.458154503164,131.118970810761,164.235581612961,145.825695929401,141.492239896397,0.17702853812479,-4.96754878437897
124.053458614598,131.152657631114,163.930786182493,145.382064526689,141.178858520235,0.177088079633503,-4.96789797810961
124.015784901794,131.160832477551,163.896150513457,145.328342653292,141.141556688128,0.177080093430105,-4.96793007075708
123.772523084437,131.225700686969,163.663022015099,144.960556944849,140.887516270676,0.177008111397168,-4.96813889432785
123.636229594521,131.30776112451,163.496523646828,144.675418554967,140.695315945731,0.176890540327459,-4.96826194329748
123.518432935985,131.473948015872,163.289189237014,144.286515265884,140.440869130394,0.176657227568905,-4.96838802590892
123.500204197515,131.506056148033,163.252849149418,144.216775798204,140.395568092843,0.176612287515965,-4.96840886074979
123.47864566648,131.675605765215,163.121333023985,143.94376203973,140.224406115911,0.176388562918395,-4.96846335134185
123.472246189381,131.741974028105,163.071500977625,143.839494352412,140.159264637188,0.176301359359578,-4.96848316506343
123.443099733913,131.76945108657,163.005530471912,143.732764431494,140.083969674164,0.176204489257625,-4.96853999788626
123.428293394342,131.773169817914,162.978016423351,143.692264216788,140.053969547298,0.176166469241647,-4.96856762395555
123.038167144838,132.011525644538,161.955015890337,142.249709902528,139.021367577953,0.174834649905746,-4.96933199351677
122.996162740864,132.134106055672,161.653517951925,141.859706407061,138.756310150142,0.174507785984697,-4.96939275154594
122.97764993952,132.225850087181,161.4483984041,141.600228611817,138.581436119137,0.174298184135993,-4.9694040584881
122.96939427183,132.376413457504,161.158980551358,141.24863733791,138.342839996719,0.174028949785508,-4.96933621352396
122.969073604221,132.385412736252,161.142050488579,141.228202239637,138.328956838628,0.174013441156503,-4.96933148369073
122.914165529546,132.488098172551,160.827032951853,140.861516330695,138.06385100227,0.17372644487277,-4.96930769252804
122.442736336765,132.659031523741,159.537934564052,139.439547679778,136.927818137677,0.17247856695868,-4.96935813886411
122.29512736775,132.81684979594,159.129853347023,138.982170082999,136.539901416423,0.171955663869796,-4.9692236020369
122.151070414716,133.175433914915,158.792975121784,138.560534908078,136.134797701757,0.171170216163648,-4.96890275541609
121.410702169538,133.686966142017,158.721222840422,138.187538685856,135.44912602989,0.168947419515814,-4.96921430603335
121.334674282212,133.888125560626,159.028562227149,138.356927593322,135.468860962763,0.168514939009379,-4.96933988832468
121.213245196172,133.903558782396,159.109565979968,138.355896807869,135.389565410142,0.16825352601148,-4.96957536992461
121.096244346601,133.876137516761,159.123742614925,138.315599271561,135.299321048931,0.168059532559781,-4.96979379682299
120.941020072169,133.880854401737,159.170216941489,138.265484455063,135.157047868344,0.167768079368763,-4.97012659004626
120.718325796271,134.438178604179,159.619847467351,138.380116995671,134.856131512497,0.166788653869077,-4.97082987416825
120.206332020088,136.763949577312,161.024501502218,138.962650633414,134.20540182132,0.163500053981059,-4.97217671128177
119.788920141241,139.80404404646,162.603500035715,138.95875711298,133.042336451775,0.159819494877193,-4.97263370677721
119.765364771134,139.973051850109,162.687101937296,138.914342091497,132.940279064079,0.159619327745122,-4.97261866117496
119.727621783183,140.243854621105,162.821058039441,138.843175490714,132.776751565395,0.159298598093256,-4.97259455346695
119.660311635884,141.244204585682,163.368935815201,138.620076706855,132.217614926196,0.158207973023708,-4.97232939922022
119.663254406724,142.12119507074,163.905078323651,138.495189372642,131.788100984607,0.157305293499193,-4.97194699037084
119.283398943643,143.923715594998,164.911214342815,138.014353949493,130.453979986686,0.154534231101766,-4.97151368321993
119.225638702276,144.814682398349,165.396190667592,137.940869220687,129.975204404918,0.153288189552659,-4.97113433266915
119.253435283098,146.029642806152,165.97235684196,137.910932008497,129.434612525556,0.151680814961748,-4.97047452249041
119.250166197775,146.90722159252,166.265398621609,137.812991906017,128.974904318364,0.150397359618205,-4.97001073932662
119.293919508165,150.469625626749,166.502626522711,136.613565984312,126.574356404666,0.144828605208705,-4.96810048425281
119.324456253326,151.15829009054,166.581303825262,136.356392490283,126.099059252646,0.14381425526535,-4.96772903571015
119.209074906447,152.405413341037,166.85680093846,135.865149830003,125.080895026982,0.141729688804553,-4.96729443422095
119.188879878571,153.696701055691,167.624765320058,135.854408446387,124.397125004415,0.139925655968263,-4.96667610533585
118.894224511706,155.52072363145,169.182487601053,136.314965795973,123.546402327584,0.136604193443917,-4.96579371410938
118.762312505014,156.023562105074,169.675060807907,136.543593725689,123.377901606123,0.135259469707703,-4.9655234534132
118.63720542353,157.342866502224,170.74941062086,136.764266483898,124.391522443228,0.12439910506892,-4.96430447767855
118.558397162716,157.248485022882,170.750942488011,136.796180506399,124.544977697901,0.123629812723161,-4.96417828046941
118.462118647757,157.056521760881,170.876760758894,137.115119903452,125.078375812563,0.121824882659414,-4.96313141897227
118.438398631328,157.029026937567,170.863356430972,137.112546237104,125.0817620577,0.12173618208866,-4.96310099331403
118.032668027392,156.522216485661,170.62032716473,137.079955470608,125.146941929272,0.120081077652971,-4.9621709847335
117.904713052602,156.298674362979,170.533205698917,137.092470906361,125.181157412261,0.119211789818761,-4.96081514471682
117.90424612731,156.2939257662,170.533363392857,137.094319540121,125.181989229333,0.119177661924046,-4.96070772786234
117.900098866155,156.251748417284,170.534764040804,137.110739226771,125.189377483277,0.118874535718506,-4.95975364429571
117.496394153932,155.836652631217,170.18595335585,136.743724725556,124.814821776637,0.117904458271136,-4.95804885039278
117.380337222275,155.725918374606,170.092982312558,136.633800539114,124.750306762886,0.117296217992168,-4.95674080436691
117.369620283596,155.717652810985,170.086404923954,136.62474160108,124.758433798425,0.117151390223947,-4.95642750324182
117.349266775011,155.707094414562,170.078430841225,136.610745002907,124.809950633115,0.116654257853869,-4.95536117417706
117.025003796908,155.556854396301,169.80524444132,136.372708501906,125.254126732051,0.112434830417624,-4.94808465059413
117.091094342057,155.701352065324,169.868934739855,136.415763683898,125.441583845733,0.111464928283838,-4.94486209187737
116.999631554573,155.733798408799,169.810142981887,136.292734033569,125.381779153024,0.110607263022823,-4.94148975472375
116.974999405569,155.733621553917,169.794501747127,136.261213330179,125.351347572882,0.110486254225406,-4.9409154994214
116.969768226272,155.735268205396,169.792046149419,136.253578087523,125.342219797419,0.110460817662394,-4.94075688200372
116.957140615398,155.739243078544,169.786118550582,136.235147277244,125.320186143031,0.110399416016342,-4.94037399338258
116.94840514975,155.741992796459,169.782017985833,136.222397303265,125.30494381153,0.110356939891985,-4.94010912060258
116.851525866535,155.868458839329,169.790511181794,136.041155968981,125.02892351007,0.109760338738368,-4.93510715095989
116.852492543913,155.890442418564,169.803972097018,136.034845285635,125.009801063633,0.109724263668375,-4.93466326575329
116.85716785789,155.996765518335,169.869075518852,136.004323803769,124.917315770007,0.109549787381993,-4.93251642466771
116.794275645271,156.206470196954,170.00138386554,135.913684770553,124.699365086987,0.108836698094059,-4.92762719386269
116.285347252359,156.604355967694,170.216039911742,135.846485916394,124.485267444695,0.104528725223533,-4.91414182117119
116.066093474682,156.610147040399,170.177421563076,135.81458331778,124.410078002795,0.103354031023435,-4.91107564090469
116.056751615933,156.609096681627,170.174750245066,135.812273796548,124.406105641408,0.103310423192076,-4.91096617760322
115.759571251723,156.609469300212,170.112908632384,135.764162352606,124.276799732335,0.101835558842415,-4.90682575775472
115.715128771132,156.618845487011,170.110969018727,135.762897251714,124.257098201811,0.101584825622148,-4.90601405278525
115.666642547971,156.635701299166,170.114182570445,135.765579275465,124.235409496701,0.101288962919215,-4.90499004231771
115.587351747202,156.663266053775,170.119437776408,135.769965259711,124.199941384653,0.100805130830342,-4.90331545096629
115.470628631877,156.776419631852,170.193575826471,135.820792489994,124.153830488837,0.099793962665304,-4.899206198996
115.184486594144,156.87256326603,170.382741480367,135.828352607232,123.988396939598,0.0973815983707879,-4.88869183839471
115.168885367318,156.873418510818,170.467344167071,135.864817073342,124.007120115406,0.096895507913774,-4.88634585125215
115.541352668077,156.598792080169,171.66441898332,137.288902847348,125.192278775332,0.0951459382392479,-4.86768088329911
115.543554895378,156.594058964014,171.672977669075,137.303413226233,125.203453848319,0.0951501105983303,-4.86754867918296
115.660297021134,156.42958056701,172.071452565361,137.979998292034,125.728202646306,0.0956279852145225,-4.86194747562697
115.67511084592,156.414184853762,172.122386787384,138.064587289615,125.79486479098,0.0957206642103347,-4.86129903182773
115.357434859652,155.386223574544,173.002991372906,139.639696673361,126.984382697935,0.0982867390200931,-4.84712756169016
115.341276236657,155.161156102673,173.434796404874,140.173686539225,127.424519567624,0.0991166408917246,-4.84310381581289
115.325546958449,154.907446602367,173.930118452236,140.741276013941,127.901294358384,0.0999443068318025,-4.83874571860307
115.108757775587,154.143340470845,174.745694064435,141.637420682463,128.672011489109,0.10142647169823,-4.82977469645394
115.103027979721,154.025799747353,174.915747404473,141.817309485375,128.838660363181,0.101734410594151,-4.82788061481491
115.104387203812,152.971210590646,175.204433950659,142.306489338631,129.749525678614,0.105694094301452,-4.80317230505004
115.118960972082,152.947364372373,175.158673434636,142.27580336435,129.756872031993,0.105944184658524,-4.80157656313831
115.103120174794,152.801467346271,174.876947608473,142.070703595463,129.710255714729,0.107161182882074,-4.79290756284352
115.043744795262,152.727384728533,174.781281950289,141.995383074027,129.669821251904,0.107474713335573,-4.79045411539233
114.982412571386,152.659230309892,174.700932578159,141.942344938362,129.6619835764,0.107948924771628,-4.7868314347251
114.795550318264,152.766209424101,175.280150361625,142.765572733495,130.885955376182,0.110897321720426,-4.76681427568062
114.681447771357,152.8114298465,175.628329947412,143.275048867373,131.57339260777,0.111688213730769,-4.76138399836102
114.664704611806,152.947264631678,176.141929643099,144.017168065341,132.46994538614,0.112317256577037,-4.75616428014979
114.504392217535,153.012527301354,177.116233798435,145.667237097726,134.308205182157,0.112634467319353,-4.74757502542968
114.464591856136,153.080403489171,178.020894322237,147.423131750013,136.171081358699,0.112310045398442,-4.74055498620722
114.479984602054,153.106775156047,178.167048450073,147.712776899554,136.478541132731,0.112249766971027,-4.73945128518627
114.421385025775,153.135713259979,178.947029469632,149.579449956893,138.558226692221,0.111791247890178,-4.73170523597479
114.261986597593,153.251540575773,180.282992684649,152.084993882134,141.3420660777,0.111647418998952,-4.72076151364825
113.599722979459,152.90174225811,183.528931122428,156.407877841843,145.579008043233,0.111453324890231,-4.70405746195829
113.2890966467,152.555289720895,184.604611030095,158.098800452238,147.391565510357,0.111508507860789,-4.69598157076263
113.093047822924,152.405191863892,185.232508152225,159.475572475046,149.086453185676,0.111636048395839,-4.68587548885898
113.082668808547,152.444424975949,185.324207335733,159.746918523148,149.448927990988,0.111624235833822,-4.68278434118564
113.079456877088,152.464493465004,185.361298219227,159.861033920919,149.602540112984,0.111615871014041,-4.68141870119253
112.914564119437,152.389092904047,185.288356476519,159.987773138798,149.832667992453,0.111416827389345,-4.67757283360814
112.776739831293,152.318277779773,185.195287409047,160.007432872239,149.909132930298,0.111207591252864,-4.67488506114585
112.689786485945,152.276277304486,185.128265781212,160.000653062776,149.931285191048,0.111042968417968,-4.67307199987566
112.589976585319,152.226132650388,185.043805391479,159.973219627706,149.929181297109,0.110812867388679,-4.67079591408609
112.479460394602,152.167779218481,184.939269026422,159.914091400602,149.886569783846,0.110497894590945,-4.66799043987836
112.392437305864,152.106564484404,184.838529311161,159.823770733131,149.794941336148,0.110165011699329,-4.66531785483382
112.305358543914,152.031813875608,184.723467239268,159.703263906157,149.666009636609,0.109786193450444,-4.6623847644687
112.270685577982,151.991985593995,184.667566411651,159.635116175635,149.590689682704,0.109609140310535,-4.66106447644568
112.189963443503,151.89932291529,184.549322300237,159.493948216732,149.437808085226,0.10929593859969,-4.65888555376523
111.871505872058,151.533500809544,184.153957947132,159.041733460192,148.970551452345,0.108669870276042,-4.65578857820302
111.145964800821,150.706658414807,183.0313917148,157.738684167526,147.710310245283,0.107375774262682,-4.64818499460942
109.583312908967,147.805948325146,178.396436267697,152.84525004259,143.785596601516,0.10524014651128,-4.63270917677188
109.555436495132,147.498054583955,178.042114302435,152.489094772074,143.543399071496,0.105037767755809,-4.63206586068562
109.715051897949,146.011574944072,172.045384987309,146.286866353883,138.886471988567,0.102040701480994,-4.63041145419949
109.501672051409,145.377401870502,170.002191522497,143.984917593566,136.449693473903,0.102482429270908,-4.63306023649335
109.446217133836,145.137431956526,169.068656323761,142.963507154268,135.411935478718,0.10257760682013,-4.63450387929255
109.313194757152,144.961815903301,168.399491542919,142.265259017395,134.74402968767,0.102456683532887,-4.63576148368617
108.547212759883,144.586516741439,165.914361684019,139.820876167292,132.619388004075,0.101098355226908,-4.64111029109173
107.929076322636,144.638565703078,163.604888105192,137.586235188774,130.779058369421,0.0993309411748897,-4.64599133084237
107.646764665561,144.534669468511,162.672104753002,136.644829866991,129.958577253756,0.0987296633969876,-4.6480189529543
107.599036270773,144.516336384354,162.495206703737,136.463090470779,129.798830195338,0.098625126606096,-4.64840705085735
107.594224549631,144.514378006966,162.473454000599,136.440153156146,129.778463711064,0.098614009107697,-4.64845580439185
107.34056773282,144.417223100374,161.114131427795,134.979756090649,128.480538235084,0.0979931913664072,-4.65163053068406
106.684185061367,144.109459167874,158.357106553963,131.934873967717,125.8502338716,0.0969867633283697,-4.66063035610163
106.620981392441,144.093590137699,158.091900925667,131.650203524499,125.615378718489,0.0968718401564208,-4.66164642632275
106.532774728908,144.091775583675,157.593733298047,131.130155420878,125.193972677295,0.0966206505050637,-4.66361013142261
105.921387672611,143.745928958814,154.285271572404,127.88547986099,122.468260521688,0.0943624262421049,-4.67605931789325
105.828022461795,143.714433663202,152.61382214997,126.247118387038,121.042745683603,0.0927658810806982,-4.68268549300911
105.832940646626,143.738150266683,152.348660223242,125.9784947507,120.807748729949,0.0924656376301083,-4.68383894215618
105.405533198218,143.690042623969,150.477901319251,123.908112513321,118.888565089929,0.0897131042036792,-4.69379863790907
105.363016132461,143.735138965578,150.276894613522,123.641232403251,118.618552121693,0.0892062647469472,-4.69550209379761
105.358708692153,143.742808677876,150.254654438449,123.609063516077,118.584581144077,0.0891372530939927,-4.69573061823099
105.309536265226,143.886821062712,149.959658279472,123.132527120563,118.049411606518,0.087963502158285,-4.69960609867571
105.122417056601,143.865282708096,149.702259526698,122.68063596058,117.474273472336,0.0867303372705676,-4.70391001865004
104.890416942809,143.887077869712,149.819978437572,122.39887784564,116.715156857007,0.0841599483990104,-4.71445030154945
104.976511982794,144.010459962569,150.010120298179,122.189517784857,115.973410797373,0.0809001492944601,-4.73438089677438
105.012380764385,143.998418484801,149.949284296768,122.087166113166,115.83935568837,0.0806224922525569,-4.73616819977121
105.057333123474,143.637143434785,149.266602424651,121.164401060193,114.771390278804,0.0792485015940275,-4.7442899510757
104.976914312052,143.040570713484,148.330557695963,119.94404775983,113.393298804127,0.0778272024815238,-4.75217971488387
105.056270608989,142.128197157,146.520850070583,117.381702036115,110.535545914923,0.0750842411942986,-4.7707290647098
105.051151247515,142.103585658925,146.466199688039,117.304824550712,110.454893630689,0.075023394927829,-4.77136024043584
105.03137257428,141.845575626079,145.825970614662,116.406325651191,109.53004522165,0.0744533742432033,-4.77884944135446
105.050062034047,141.756620699527,145.585661180914,116.082036256039,109.207841316638,0.074360354042947,-4.78138259335227
104.855553552338,140.575016136337,143.527450005955,113.608837475458,106.794964432472,0.074008766788086,-4.79580862403577
104.813474170346,140.406633327233,143.280786467679,113.329201477385,106.524835341617,0.0739758796137372,-4.79713858365457
104.692545203803,138.861868525494,141.008554318771,110.790308484887,104.132285699316,0.0733936307351635,-4.80852000719188
104.633399237083,138.412666670702,140.360484700412,110.077286025033,103.47426168338,0.0730525073080557,-4.81165190837543
104.514452060143,137.876889772194,139.598661556025,109.242717242417,102.702808316632,0.0725649820577586,-4.81522565208483
104.44202240815,137.447798325927,138.952302167867,108.526015826714,102.037261199017,0.072087999419358,-4.8182260741
NaN,NaN,NaN,NaN,NaN,NaN,NaN
NaN,NaN,NaN,NaN,NaN,NaN,NaN
NaN,NaN,NaN,NaN,NaN,NaN,NaN
NaN,NaN,NaN,NaN,NaN,NaN,NaN
NaN,NaN,NaN,NaN,NaN,NaN,NaN
NaN,NaN,NaN,NaN,NaN,NaN,NaN
NaN,NaN,NaN,NaN,NaN,NaN,NaN
NaN,NaN,NaN,NaN,NaN,NaN,NaN
NaN,NaN,NaN,NaN,NaN,NaN,NaN
NaN,NaN,NaN,NaN,NaN,NaN,NaN
NaN,NaN,NaN,NaN,NaN,NaN,NaN
NaN,NaN,NaN,NaN,NaN,NaN,NaN
NaN,NaN,NaN,NaN,NaN,NaN,NaN
NaN,NaN,NaN,NaN,NaN,NaN,NaN
NaN,NaN,NaN,NaN,NaN,NaN,NaN
NaN,NaN,NaN,NaN,NaN,NaN,NaN
NaN,NaN,NaN,NaN,NaN,NaN,NaN
NaN,NaN,NaN,NaN,NaN,NaN,NaN
NaN,NaN,NaN,NaN,NaN,NaN,NaN
NaN,NaN,NaN,NaN,NaN,NaN,NaN
NaN,NaN,NaN,NaN,NaN,NaN,NaN
NaN,NaN,NaN,NaN,NaN,NaN,NaN
NaN,NaN,NaN,NaN,NaN,NaN,NaN
NaN,NaN,NaN,NaN,NaN,NaN,NaN
NaN,NaN,NaN,NaN,NaN,NaN,NaN
NaN,NaN,NaN,NaN,NaN,NaN,NaN
NaN,NaN,NaN,NaN,NaN,NaN,NaN
NaN,NaN,NaN,NaN,NaN,NaN,NaN
NaN,NaN,NaN,NaN,NaN,NaN,NaN
NaN,NaN,NaN,NaN,NaN,NaN,NaN
NaN,NaN,NaN,NaN,NaN,NaN,NaN
NaN,NaN,NaN,NaN,NaN,NaN,NaN
NaN,NaN,NaN,NaN,NaN,NaN,NaN
NaN,NaN,NaN,NaN,NaN,NaN,NaN
NaN,NaN,NaN,NaN,NaN,NaN,NaN
NaN,NaN,NaN,NaN,NaN,NaN,NaN
NaN,NaN,NaN,NaN,NaN,NaN,NaN
NaN,NaN,NaN,NaN,NaN,NaN,NaN
NaN,NaN,NaN,NaN,NaN,NaN,NaN
NaN,NaN,NaN,NaN,NaN,NaN,NaN
NaN,NaN,NaN,NaN,NaN,NaN,NaN
NaN,NaN,NaN,NaN,NaN,NaN,NaN
NaN,NaN,NaN,NaN,NaN,NaN,NaN
NaN,NaN,NaN,NaN,NaN,NaN,NaN
NaN,NaN,NaN,NaN,NaN,NaN,NaN
NaN,NaN,NaN,NaN,NaN,NaN,NaN
NaN,NaN,NaN,NaN,NaN,NaN,NaN
NaN,NaN,NaN,NaN,NaN,NaN,NaN
NaN,NaN,NaN,NaN,NaN,NaN,NaN
NaN,NaN,NaN,NaN,NaN,NaN,NaN
NaN,NaN,NaN,NaN,NaN,NaN,NaN
NaN,NaN,NaN,NaN,NaN,NaN,NaN
NaN,NaN,NaN,NaN,NaN,NaN,NaN
NaN,NaN,NaN,NaN,NaN,NaN,NaN
NaN,NaN,NaN,NaN,NaN,NaN,NaN
NaN,NaN,NaN,NaN,NaN,NaN,NaN
NaN,NaN,NaN,NaN,NaN,NaN,NaN
NaN,NaN,NaN,NaN,NaN,NaN,NaN
NaN,NaN,NaN,NaN,NaN,NaN,NaN
NaN,NaN,NaN,NaN,NaN,NaN,NaN
NaN,NaN,NaN,NaN,NaN,NaN,NaN
NaN,NaN,NaN,NaN,NaN,NaN,NaN
NaN,NaN,NaN,NaN,NaN,NaN,NaN
