NaN,NaN,NaN,NaN,NaN,NaN,NaN
108.454831374369,138.030934115022,150.878717364429,125.231945215547,127.071419120369,11.2268077243825,10.7556050547036
109.358669105338,138.894383984447,151.693404556734,126.022523843258,127.890801168192,11.2983258273151,10.843429874454
122.886454750346,151.71096465913,163.876128186535,137.795033658585,139.954636848296,12.4391597706619,12.1231493658318
121.698512692235,150.445001017311,162.805424439566,136.684593386617,138.619550164017,12.4328403787775,11.9610987136732
119.104071320237,147.845032166057,160.474659733593,134.350650340359,136.020991759867,12.3094655266872,11.6634974798993
112.385934532968,141.23642778899,154.454084697817,128.377384662,129.521760607569,11.9084980421364,10.9324395466872
110.567623203958,139.459520196471,152.833393260365,126.768829839821,127.777127093784,11.7928871128463,10.7360695645983
102.496224846459,131.574405410402,145.646515166652,119.630545486882,120.029644069024,11.2784371561896,9.86342581788963
94.0315480472023,123.319094745783,138.372124624211,112.188048084616,111.639275203118,10.7473773926112,8.88132700090599
94.2330466893289,123.513156115661,138.580006586716,112.369222781276,111.794888098601,10.7641579671377,8.89411869602846
94.7507453357489,124.013108771574,139.075193359438,112.82968546725,112.240599847814,10.803616659665,8.93839550709045
95.3869640609042,124.628124153222,139.666453625616,113.393334433713,112.80875155713,10.8504847344675,8.99788039104361
106.094135624351,134.96173980024,149.51845997905,122.862404575576,122.420423946229,11.6443380161167,10.027486283249
109.334441993981,138.035020388718,152.627233480634,125.768101849274,125.018300546078,11.9279005918646,10.3278157960828
102.380826530535,131.204604482375,147.035446463932,119.951992826203,117.825416430784,11.5038057293484,9.53606131641047
100.650847317335,129.453424611219,145.817755108254,118.623266709637,115.922053112846,11.4100060033628,9.31433979684895
102.253744694961,130.675659249694,147.899014136424,120.613119404715,116.903648313039,11.6336861829168,9.36493300223652
105.729915341835,133.737657581778,151.201136290688,124.226968547749,120.100435199391,12.0126283743894,9.64034707457937
106.501732636284,134.415602105545,151.915461547151,125.061673314821,120.84796520916,12.1039534871678,9.69956807720951
107.177775147333,135.012292348101,152.54686891788,125.977030916943,121.622969832022,12.2155426688042,9.72832419734985
107.197352334785,135.029571611666,152.565153537935,126.00353831414,121.645412815311,12.2187741258366,9.72915693189713
107.331395183861,135.187052466296,152.766534990668,126.61702693426,122.051927115177,12.3049538479627,9.67380633821286
106.854424936564,134.866382260795,152.490236954973,126.665236614418,121.902044865273,12.3198312444519,9.54913188724347
106.699430706866,134.759512597352,152.394694997923,126.64240828859,121.830603493654,12.3187528749602,9.51391946587207
106.145526184942,134.407044302417,152.084845659038,126.540203470581,121.559398171753,12.3046107410901,9.38561073490187
106.14235600227,134.405191730225,152.083248961292,126.539503178737,121.557757077984,12.3044722607266,9.38486256813587
106.126875172553,134.396145136508,152.075451869302,126.536083470821,121.549743188621,12.3037960249546,9.38120907447182
103.952871608433,133.743974894251,151.704595363372,126.619345870218,120.709294048288,12.166286166565,8.68416388932695
103.888763654805,133.894014780795,151.893407982411,126.810152663831,120.784962357949,12.1578367960513,8.6064757777967
103.997336160708,134.308336619628,152.363469737488,127.249740503836,121.066869442404,12.1594307574538,8.50738236499506
104.059956674821,134.547301782493,152.634583575404,127.503278140365,121.229462784187,12.1603500940913,8.45022903318975
105.883384297374,137.497944323141,155.809558331078,130.421138870829,123.618324460329,12.3123610061665,8.08582813855836
106.003459396187,137.655156116975,155.97672347969,130.5788507618,123.766294876914,12.3286892857995,8.06254944116673
106.084278959419,137.760971466186,156.089238184502,130.685002713957,123.865890084893,12.3396794448025,8.04688112879914
106.771353232802,138.638628863988,157.024390425438,131.587701108449,124.743208097358,12.4498919789233,7.88354245755179
106.788062081014,138.657880122876,157.045091581011,131.609678983418,124.767467531991,12.4541744845907,7.87669282082577
107.008803609701,138.873158900503,157.281984125814,131.927080883342,125.192906083765,12.5552642757436,7.69257051649356
107.005703999005,138.847777550038,157.257707235872,131.938112001174,125.247018820681,12.5793308981029,7.64154733529522
106.889700841901,138.656547035777,157.056912441127,131.834631705062,125.253481984901,12.6171851736538,7.53754234731393
106.526640663506,138.105043716192,156.460680645257,131.477835814816,125.155361751969,12.6722677634974,7.32404137128435
106.393874021441,137.908503759562,156.243522849955,131.34533167434,125.112656804284,12.6845609045372,7.25384252857174
105.961594353946,137.310291140391,155.517245178968,130.923815760141,125.019159068771,12.668320126788,6.98518857030869
105.957891290139,137.304946600412,155.509819192278,130.920287852149,125.019862750162,12.6678003990712,6.98150372582722
105.948838941855,137.27720180533,155.435844251271,130.911771764597,125.082804302398,12.6536432772336,6.91040003405868
106.289248268615,137.621438101858,155.610603745462,131.216208231436,125.525517187471,12.5962079358236,6.70037066806099
106.404486046992,137.739550899845,155.69591931717,131.309473285938,125.623545116097,12.5873319657836,6.66630169963836
106.456396358606,137.792756300326,155.73435079316,131.351485706778,125.667703033696,12.583333673061,6.65095490284923
106.510525551629,137.84823594017,155.774425004186,131.395293928426,125.713748460333,12.579164475231,6.63495211458141
106.739735325756,138.070599880808,155.904847174573,131.539586215521,125.858777713263,12.5520643763707,6.53763856910721
106.740835488079,138.071617312639,155.905317292659,131.540115200893,125.85927555801,12.5518968082557,6.53705419001951
106.741333354688,138.072077740455,155.905530039535,131.540354587524,125.859500852288,12.5518209771103,6.53678973555832
106.889586894589,138.154175330228,155.853100622197,131.507724467272,125.815227585398,12.5209627817244,6.38985396139097
106.877125385793,138.081593890765,155.724573026558,131.397237221912,125.704190011769,12.5175080673234,6.32544309867509
106.810088148182,137.862551253936,155.407810069487,131.140774725417,125.464208084119,12.5324322984146,6.20135705079153
106.801019030585,137.824821585258,155.357656729537,131.105824304402,125.435151419985,12.5393040993626,6.18152311300447
106.489500481243,137.43006093685,155.073689077658,131.068633755969,125.378842322645,12.5744093551017,5.97176877570652
106.487213668092,137.442105505756,155.125614426371,131.147913326966,125.429644314975,12.5740673112895,5.95737558441062
106.490567020608,137.453082575455,155.161553387548,131.199809922225,125.461611910402,12.5740622396959,5.94974961662217
106.49109915264,137.454824489067,155.167256418268,131.208045215269,125.466684738685,12.5740614349021,5.9485394778998
106.496988111456,137.474101767867,155.230370290495,131.299182938087,125.522824333905,12.5740525284702,5.93514720553462
106.386089167701,137.382423306713,155.23387461665,131.35881545038,125.498542499223,12.5646981561119,5.9028429860325
106.269849805797,137.270261742916,155.226016764505,131.409975600591,125.452148162936,12.5595598864352,5.87224964305531
106.255973439622,137.255466766161,155.225918083944,131.418026373734,125.446036506388,12.5594830255292,5.86845824703953
106.192274976298,137.180081923573,155.231292436236,131.46653735885,125.416524352273,12.5632558449998,5.850022160389
106.127948626539,136.93448713707,155.407850716705,131.786398044141,125.366531135878,12.7009252538301,5.80967092376502
106.03711351344,136.812320141911,155.375621791054,131.762501633805,125.279928663364,12.7355547872598,5.80001944841096
105.819465102839,136.495012098178,155.506210690301,131.865753079575,125.104641862983,12.9532351022491,5.75840524230696
105.823885978972,136.48304049861,155.570602436746,131.926009389777,125.113881556669,12.996345421209,5.74772328669179
105.835544943953,136.482117371232,155.619141926615,131.974088654573,125.126597530461,13.0255365674236,5.73925818140206
105.786209444427,136.398372969383,155.664110242463,132.02532841845,125.080315137704,13.0932357142125,5.70721838920604
105.65051210187,136.203398814009,155.629559567687,132.018070372769,124.935291768346,13.1720772328864,5.65149552402478
105.643156394418,136.191136853084,155.627925618508,132.018946424209,124.926395915112,13.177617401983,5.64756771252321
105.574500679948,136.010269107477,155.630288344656,132.082208250929,124.806790196417,13.2851266157038,5.57590903224098
105.609584355324,135.917687881388,155.691474287125,132.214772260929,124.771362777527,13.395551421631,5.51102927784383
105.414711805155,135.454789366388,155.627275796795,132.321322743914,124.457307782793,13.6642476392192,5.27928674632811
105.397051982796,135.410073573586,155.645371315159,132.362462523658,124.429494906118,13.7094395047371,5.22754184556964
105.399265462003,135.389865085624,155.69124029196,132.433570504811,124.423654031547,13.7605118983624,5.16257974486671
105.189677033495,135.171466296586,155.674770971109,132.520785930255,124.275697315154,13.8906968330687,4.88675560236018
105.183570009592,135.165441427888,155.672701662891,132.520894174458,124.271737499276,13.8928631246052,4.88154749106621
105.147191908173,135.128393966752,155.663340499158,132.526762508255,124.250732996269,13.9086440826617,4.84800549710826
105.136844723604,135.116592897555,155.663911152298,132.534127452414,124.247575314087,13.9162696865486,4.83571880874123
105.133891874195,135.113225142784,155.664074003629,132.536229238737,124.246674183939,13.9184458591858,4.83221246938482
105.026798915809,134.962796407824,155.730005021627,132.717961918871,124.265645632992,14.0609698768006,4.66094417942255
105.021646144932,134.939543965371,155.76635385239,132.784804742833,124.294885175709,14.1035981818941,4.63004676541152
105.021246302268,134.937739631595,155.769174434494,132.789991585685,124.297154094109,14.106906036148,4.62764920017532
104.980467851035,134.864794404728,155.810263415281,132.887641778016,124.324713037465,14.1839385007021,4.57012796727594
104.896449483697,134.762637896039,155.788060889212,132.901901309931,124.293153222818,14.2298328191355,4.53265549812752
104.779445133353,134.618607176409,155.762415151259,132.930246375388,124.252658952636,14.2983515623909,4.47828939788993
104.649068771612,134.449908893256,155.75833002799,133.001246938538,124.223587358948,14.3960927148509,4.40757742420187
104.510736573314,134.253098590791,155.801039057963,133.160053120223,124.21985130502,14.5423946824424,4.29925955915556
104.437273360484,134.113931060187,155.891394714273,133.377640281003,124.253599632766,14.6863943406008,4.17612635788487
104.432592966818,134.085737798766,155.92423757448,133.450635465044,124.269401521794,14.7249001735317,4.1353977318761
104.423201768676,134.029168090504,155.990136691034,133.597100118569,124.301107972456,14.8021620306393,4.05367584603809
104.346015076799,133.916048378776,155.958383358046,133.621750433058,124.249258124922,14.8393886174276,3.98893858161944
104.297035529889,133.845539475463,155.936160523901,133.633128494686,124.215226446182,14.8608493704502,3.95005374286332
104.247010958731,133.773526199032,155.913463544892,133.644749317856,124.180468669881,14.8827680086252,3.91033925985841
104.082729069751,133.455962235352,155.814941761504,133.717389709797,124.056981367219,14.9741737674838,3.72564263963533
104.045069698608,133.3339949411,155.777445485885,133.753998046637,124.028670956388,15.0110988341209,3.65592443367843
104.023051973356,133.247435363336,155.750249331803,133.781244626525,124.013348814602,15.0386136242997,3.60766248686543
104.019567624506,133.172440382738,155.724748890247,133.809042259171,124.015866395427,15.06678743024,3.56987712513384
104.016743721777,133.111660438063,155.70408196808,133.831570947903,124.017906777624,15.089620989935,3.53925384638604
104.018251806233,133.03269849287,155.675032771116,133.86189529198,124.027366008654,15.1220687559856,3.5014435988171
104.02886881413,132.98273849592,155.652546808934,133.883053506217,124.046059558905,15.1477947257842,3.48120499346469
104.020533449947,132.777113606218,155.527967543485,133.907177492515,124.07738147413,15.2329611122601,3.41751988509193
103.824481695567,132.188849315423,154.917026758024,133.722822919249,124.103960701199,15.4771014998654,3.31799539421054
103.819654561355,132.106990076741,154.747494525849,133.698578216728,124.17855062751,15.5652778045812,3.29756305189012
103.837587900899,132.106148195679,154.677128899705,133.700164582553,124.230966312376,15.6090163744775,3.28659879317442
103.865459485582,132.104839763456,154.567768258698,133.702630075905,124.312429566666,15.6769938558515,3.26955839394802
103.922800058621,132.146878606291,154.45617448607,133.721010685782,124.418668478523,15.7557256581759,3.24349798541461
103.989201926169,132.20803102448,154.218086744385,133.712822513638,124.556522645769,15.8897087337277,3.18029920215904
104.149849140062,132.140050000754,153.480170207585,133.567935075638,124.664047215494,16.2909205972276,2.86435673829702
104.172498419877,132.124255824428,153.463019583084,133.570725860587,124.669973487028,16.3126691433768,2.84894889206495
104.172839867601,132.124017720364,153.462761029976,133.570767932881,124.670062828144,16.3129970121499,2.84871661209528
104.452728636453,131.818632237818,153.324239766282,133.614216781301,124.728659247703,16.5666233547606,2.69882440111376
104.451336750415,131.776492608348,153.30732606899,133.602680960186,124.717225030783,16.5780561943785,2.6933165709101
104.435509286251,131.297312950799,153.114996431125,133.471504419692,124.587203855541,16.7080617079946,2.63068573566117
104.424413284984,130.663124140275,152.905775542425,133.324269560016,124.460032117307,16.8600495180506,2.58722857589587
104.423433801033,130.454176305786,152.837747808748,133.279207988244,124.431643251059,16.9059892804844,2.58129899261482
104.427329795576,129.548036698243,152.505573584976,133.081794429539,124.361744487533,17.090455117106,2.58030071113747
104.426124837427,128.916855336141,152.129596363098,132.900851405471,124.384341342102,17.1918563638188,2.60262617174629
104.253995286879,128.501429398484,151.696705609788,132.634978157342,124.287706473658,17.1995708959451,2.60691154340718
103.98689856,127.988657501618,150.852392548153,132.1632520751,124.171846200158,17.1633898960061,2.60620475274815
103.84765805843,127.751225484677,150.124183949264,131.78469454998,124.10743711313,17.1112437050272,2.59719419478226
103.816850353301,127.6928461374,149.890051902073,131.664420142959,124.087138523748,17.0946303275207,2.59348498934905
103.799903229493,127.591451604854,149.430487759465,131.41909322472,124.02542747255,17.0739260236573,2.58619547383902
103.748035576834,127.457643091323,149.041262354659,131.178299099248,123.911560958217,17.0614588371617,2.57813645317073
103.695966944588,127.353317026539,148.811727601229,131.019668865984,123.81360665532,17.0561573086466,2.57240952295342
103.589553513225,127.093456780206,148.258053562917,130.62617947313,123.558292045406,17.0529379417018,2.56056132168688
103.555305521007,126.972599837305,148.01237414013,130.444243679797,123.432134048742,17.0579787943582,2.55663320771594
103.570740535707,126.119724622735,146.138155902018,128.918267411442,122.248076968034,17.2036827669394,2.5488926547252
103.573834090153,125.843812624066,145.338275051851,128.196885230091,121.633455569787,17.2722346267042,2.5411019142232
103.552045851193,125.780689576856,145.165151133487,128.036831102609,121.493603911692,17.2822980586766,2.53763817054436
103.512279572064,125.674456326078,144.813016742699,127.711375233829,121.211472690067,17.3009239929122,2.52991033769255
103.483590988415,125.612255274564,144.500795858208,127.422945419871,120.964680236863,17.3147778529888,2.52207301303393
103.475815412623,125.595396687318,144.416173446,127.344771191872,120.897791140898,17.3185327173054,2.51994883316378
103.465125285333,125.572218925515,144.299831662147,127.237294592006,120.805829726164,17.3236950330717,2.51702843809506
103.431451695284,125.642974341584,142.680513075679,125.786982522707,119.664408261429,17.3565201750761,2.47290548908945
103.391112500308,125.701384722619,141.915320532465,125.120384847871,119.189252309085,17.3479570937274,2.45715950684635
103.321702938237,125.664031202902,141.590909113798,124.832175918632,118.976293534644,17.3381474946795,2.45023216039687
103.218815091492,125.578954486392,141.008082292272,124.314565173327,118.60744008365,17.3211193776325,2.44596688762324
103.1238166155,125.366697796747,139.892516071849,123.313335269396,117.92242785145,17.2959744935455,2.46668367499271
103.135171562849,125.263845423507,139.406136194582,122.867835344948,117.623164282129,17.2890040138474,2.48829583035543
103.152869915656,125.228511089965,139.223405831933,122.696987941313,117.507571776701,17.2871533652618,2.49911306872153
103.096133683266,124.938893950191,138.213406342574,121.726851572045,116.795483072619,17.2623863952954,2.54493051089276
103.049860129603,124.818906634053,137.765796468993,121.284799353706,116.456197488955,17.2482443549092,2.5640838210773
103.029868849668,124.762882935931,137.520097289622,121.040415549435,116.268306368083,17.2406279092574,2.57531947864921
103.009194432433,124.704094594346,137.250472499456,120.771950736923,116.06196961851,17.2323524003444,2.58780667585407
103.006795251627,124.685315381414,137.000781305041,120.519576568433,115.868909678724,17.2257835622575,2.60145729260184
103.005934259843,124.678576102739,136.911174858387,120.429007285368,115.799626437735,17.2234262094442,2.60635607673508
103.003567439795,124.660050188578,136.664851561925,120.180037203464,115.609170539224,17.2169459735061,2.61982257051321
103.032185076196,124.692709195313,136.047991098298,119.551052816055,115.132690400491,17.2047476153349,2.65850216943303
103.076489014047,124.76977487865,135.581704636319,119.072746908188,114.774158839311,17.1991528361119,2.69174165665545
103.049540318174,124.882444386971,134.521503128105,117.980491730791,113.928008798798,17.182898881592,2.75942598246655
103.006089063707,124.897710284608,134.100865940472,117.546628507606,113.583775673628,17.1759004410577,2.78603855299537
102.975114414975,124.916373359348,133.735237626569,117.169378348214,113.285090705279,17.1710887475555,2.81141009230987
102.963264447956,124.926973501587,133.50180247557,116.929315465059,113.095609659976,17.1687110245348,2.8296798893976
102.956102907192,124.948457764345,132.953047163286,116.367048395506,112.653351247145,17.1649344138562,2.87803676902509
102.956261714384,124.948789887017,132.935134865406,116.348777944306,112.639007635898,17.164809363152,2.87969591788335
103.049312946674,124.576727486572,131.305687209817,114.745327340231,111.376765231583,17.1271522385961,3.0461740064645
103.023014550052,124.447704898595,131.074282992225,114.522929332555,111.194389546135,17.1142748936409,3.06328411389394
102.981458652462,124.078061474924,130.519419616551,114.002239713235,110.775411137206,17.076138805304,3.10420017879281
102.957907901358,123.392498717977,129.64342196165,113.206636836196,110.159032705985,17.0022184307979,3.16843482784497
102.970775174683,122.911039040251,129.109734348875,112.744134158159,109.826851261826,16.9472117119821,3.20763766488909
102.978557792387,122.725424267545,128.911989665189,112.575619253857,109.709576667848,16.9256217098647,3.22219987933402
102.602515079053,120.552370476958,126.860903605213,110.911269119165,108.666040163553,16.6447713560523,3.35283014818353
102.472897529555,120.244972802308,126.581432685074,110.702878064416,108.566274561873,16.5954887407337,3.38136160982469
102.4466308941,120.183522136507,126.52554539689,110.661347392498,108.546662038902,16.5855605981881,3.38718570152598
102.367057094705,120.00292971027,126.360501485564,110.539385596519,108.490464073641,16.5557962674817,3.40528485815249
102.132725583894,119.634347695679,125.997564551732,110.290952258315,108.417235765176,16.4769434587581,3.47243862798914
102.078935526113,119.578769570517,125.932483741382,110.249315690938,108.412905559517,16.4597026755158,3.49131312128679
102.032326953123,119.530611654163,125.876091838776,110.213238001683,108.409153477536,16.4447637009671,3.50766769004576
101.102120290702,118.803842852714,124.916792060626,109.415930351722,107.982421223428,16.2092305813286,3.71529347011956
100.975028352091,118.651803583756,124.666044888913,109.183367042709,107.861804047054,16.1401330219428,3.77127050446055
100.955383616737,118.6144328852,124.60311376213,109.123864523392,107.832169913294,16.1225114888447,3.78472306044522
100.957250216359,118.43783483481,124.31931917708,108.850022758483,107.705517810658,16.042291521556,3.83637350171322
100.927536960787,118.198564624837,124.022778708111,108.555239262822,107.530178298549,15.9714830293397,3.86026980772587
100.886862767721,117.980007075701,123.771345471611,108.303372578785,107.369261730892,15.9148269071997,3.87274651398349
100.895514423308,117.66823430624,123.436652863748,107.966643585823,107.167859851417,15.8320954714518,3.88438247796287
100.898260260636,117.61371048176,123.378549519467,107.908174917439,107.133244771996,15.8174270590833,3.8864081826888
101.031969023315,116.805537948294,122.675025664369,107.210760252327,106.775963906686,15.4048804271846,3.967995220032
100.943126760549,116.839514427744,122.724440003646,107.275317773534,106.807197705092,15.3289982243786,3.99420380419334
100.905394858014,116.902826992074,122.788660794925,107.352718801614,106.857347069783,15.2853803025523,4.01113175798769
100.900211211324,117.173594497353,123.031474444961,107.640472821467,107.075108307578,15.180402703814,4.05170157431663
100.903873246088,117.200644222262,123.055026174434,107.668330622777,107.097275516434,15.1712072297653,4.05506600761795
100.827112087358,117.203532879551,123.052582807189,107.681138641419,107.093877250554,15.1171499380376,4.0583203786469
100.786131494702,117.200759521331,123.0475584541,107.683457564295,107.08857010304,15.0901592621343,4.05949910740798
100.766317131057,117.19312952648,123.074577005028,107.715356069354,107.110418063493,14.9850535957643,4.05480990542737
100.781176599145,117.193947131992,123.088643874239,107.725986050101,107.120354733272,14.9661233927001,4.05350891840451
100.794992817644,117.195052295466,123.101518936827,107.735532497988,107.129196833215,14.9501652076133,4.05246887571964
101.00413647558,117.257292590192,123.289343273881,107.855719039297,107.224791633909,14.8733238552398,4.05702792646163
101.073787225059,117.260841855699,123.375455837404,107.890629609635,107.229399171796,14.8340660476821,4.06338583243068
101.047338017951,117.191558409697,123.416045990558,107.860267688181,107.140713174608,14.7803865577115,4.07304605250957
101.042999582722,117.275406390364,123.626063765855,107.961921123299,107.058041476396,14.682296747188,4.13218245417735
101.051778254734,117.33495489817,123.674523340958,108.004270491763,107.060519976308,14.6632205839156,4.15072273823531
101.052404488495,117.339202839767,123.677980244454,108.007291518663,107.060696782131,14.6618597701779,4.15204532459016
101.017488488113,117.548985848065,123.676696559249,108.055810437108,107.024713605657,14.5912956845868,4.22396029890764
100.789588026529,117.565735520711,123.338018592773,107.820603423705,106.80811903365,14.5226985166116,4.28221108409304
100.699566243261,117.584940757307,123.137060488303,107.677998893329,106.709877581389,14.4992045833166,4.31452143516154
100.594723875825,117.623163364651,122.830818714693,107.451240716009,106.577102695225,14.4770524555887,4.3662395582984
100.57435811321,117.6355898129,122.751671864078,107.389032955429,106.545348242422,14.4745836632168,4.38109379741505
100.556287083783,117.64661609835,122.681442966023,107.333834518067,106.517171755153,14.4723930445571,4.39427431990619
99.9331148463053,117.590638174049,121.101563975063,105.742298552243,105.581835688319,14.5208182607135,4.75302711783259
99.8455667545393,117.725395776668,120.777360168785,105.303096889536,105.334425298312,14.5623847119566,4.92995796430587
99.8639774783345,117.82646405532,120.721892418786,105.205831204497,105.289695766393,14.5709392350747,4.99561818125337
99.8208343965171,117.872996358729,120.614021380488,105.059592453513,105.189138618035,14.563908465901,5.05426109328119
99.7824691016043,117.881344074942,120.545821684215,104.973163703876,105.123657094648,14.5561391307941,5.08163849788386
99.7164109186779,118.450607827784,120.065604829329,104.370880300421,104.718544570265,14.3087612684749,5.32055079756185
99.7045474968716,118.607674681409,120.002533185494,104.277214869725,104.660393517865,14.2310245103784,5.35061045704351
99.5658376115978,118.688881308472,119.851135017843,104.077162295024,104.497072655005,14.1268617886532,5.37247478369392
99.4493128762083,118.815170844129,119.766470669665,103.927753620962,104.373373495861,14.0237007860724,5.39077786397917
99.3389152005462,119.035463657697,119.746320894351,103.808460769438,104.269225177703,13.8927750021601,5.41250907133626
99.3336714646755,119.047765045419,119.746460572587,103.803200993407,104.264516511329,13.8859501657892,5.41362144587491
99.3193178501419,119.081437484678,119.746842912129,103.788803472336,104.251627536031,13.8672686240526,5.41666633519401
99.3117551641139,119.724853970623,120.086810065102,103.885313675682,104.282184002382,13.6148891065725,5.45082979936865
99.2234642204871,119.8880866306,120.196957881369,103.873379134202,104.206048334562,13.4874438231726,5.44872045441522
99.1678319915945,120.047091650982,120.332911914287,103.877219789583,104.130319634989,13.354301406376,5.44092578837167
99.1714845769047,120.269098367608,120.56028677974,103.907904355471,104.038758332545,13.1683310741413,5.42372761564858
99.172057542459,120.27329028277,120.564788879546,103.908594735714,104.037085140242,13.1648059129338,5.42336524024412
99.1754100556908,120.297817849811,120.591131386626,103.912634261097,104.027295024076,13.1441796300724,5.42124492370986
99.2589964215073,120.490491937762,120.814561270504,103.938047234496,103.944417349225,12.9754117611614,5.40091120637256
99.3489219719245,120.668500267704,121.044233930618,103.870316592511,103.754300083334,12.7396567803109,5.36705092578223
99.3026766389544,120.66457953954,121.069740857424,103.745625572871,103.578900935063,12.6178612283498,5.34458309434633
99.280676088028,120.695358706102,121.120344096327,103.652128575617,103.444658603154,12.5040237618775,5.32531729669476
99.2702084117371,120.724693240088,121.161991864661,103.598024084212,103.363513524078,12.4281704813913,5.31297331946997
99.2726571413871,120.743398318812,121.182830912903,103.593938746194,103.352431901269,12.4081639360268,5.31033073172184
99.2766815544403,120.774139549463,121.217079257859,103.587224616832,103.33421958964,12.3752837843482,5.3059877187529
99.3476772957263,121.082177846376,121.545236204518,103.655414163693,103.319730101105,12.159213849164,5.28381666214407
99.5181827291714,121.631602012947,122.116855654005,104.017887208729,103.579289433625,11.96185686818,5.28072172344314
99.5357689897394,122.020138305969,122.549823354997,104.337264155646,103.80295140569,11.8211474613976,5.28161041116235
99.6273710086135,122.854005291547,123.505148199104,105.145304384808,104.407599205059,11.6081099510547,5.3066519887478
99.984363058891,124.525668747759,125.527370489311,106.932386862093,105.773191328399,11.3501167630275,5.4252058465356
100.001590645162,125.648080384683,127.150783604783,108.168998731159,106.575633561229,11.1565512888866,5.57616281937105
99.9981240348208,125.761444812445,127.328645269634,108.289720027346,106.644684252956,11.1370343400292,5.59580074856977
100.000857939933,125.901739028458,127.552699953186,108.433526818388,106.722725855986,11.1153837565877,5.6221371068072
100.082261610168,126.725691879545,128.863698225789,109.268975869991,107.179680429275,11.0067083817896,5.77467795404731
99.9835259920081,127.623801913263,130.550361380913,110.391616986259,107.78111966767,10.8412737649094,5.93818107496395
99.9450181455576,128.198467855837,131.758858919192,111.39654564231,108.489168322988,10.7351423022179,6.01967815410661
99.7988544589194,128.809751885362,133.490660956165,112.965154567983,109.697322664035,10.5874997403005,6.12196399914496
99.6152223245984,128.872536113693,134.077162906151,113.502101206982,110.105596579772,10.5246840789908,6.15490119306126
99.243755652883,128.91773248339,135.446912676352,114.7553863476,111.065802499316,10.408337786429,6.2387628676961
99.2078709355035,128.920285835755,135.642229811193,114.931298846699,111.197812832379,10.3972926238666,6.25174763982068
99.0881346930494,128.940337347846,136.42673209244,115.634097601852,111.718988969438,10.3587643959982,6.304237114628
98.6834563876936,128.845176031002,138.411899041357,117.33126890564,112.790715814373,10.2720406459514,6.420745114539
98.6678436437151,128.878208897235,138.712278301256,117.590600583169,112.951468618066,10.2629409284199,6.43458734078246
98.7796769626583,129.304224314981,140.310536484909,119.026751428355,113.932962863249,10.2111641125243,6.49346880312812
98.6275652734456,129.42364520575,141.170609650464,119.830429143489,114.499865597003,10.1252470344394,6.5015112529938
98.5316400561801,129.494461558313,141.73504535142,120.388463763169,114.940124339682,10.0610639264606,6.50565717450576
98.0316244944997,129.37880881326,143.396728618222,122.182843992157,116.555147003487,9.86096682035253,6.53950556661643
97.6089396052549,129.225166329302,144.0245959042,122.927099287874,117.347107466189,9.83019937178086,6.58384751822846
97.5917174516967,129.233161866698,144.062825507958,122.971343764633,117.396646440641,9.83186866210887,6.58759027165317
96.734264652503,130.317777555361,145.164392247231,124.160360227893,118.69404083952,9.99387227828762,6.70830146691797
96.2282078990944,132.145989647007,146.314503546604,125.260093288161,119.55147971738,10.2104359785812,6.79264605432211
95.680466553517,134.008535455726,147.541837366352,126.284309167077,119.94243880926,10.4828048193661,6.82359401435359
95.6929414802485,134.077478304127,147.599068076102,126.329330859317,119.960321019442,10.4963990868693,6.82432946173317
95.9872678916172,134.849892142396,148.306125050004,126.871000644967,120.185977016167,10.6770911967522,6.8322884868673
96.6623080808443,135.553657204692,149.375783393812,127.671935982856,120.403276037381,11.1796207052203,6.87769311126921
96.6725476140787,135.579514063253,149.409289475085,127.703611354808,120.418168757014,11.1930540965144,6.88081193779457
96.4922882972376,135.708119712105,149.604832794312,127.892178443482,120.405912419022,11.3179095107485,6.90376009754031
96.2955709318776,135.861063525926,149.788656875317,128.076747886945,120.411771175509,11.4223523579245,6.92519337329026
96.2216169973424,135.924924755326,149.860959935723,128.148758744448,120.418376670578,11.4609352913114,6.93318315773118
96.0352679930422,136.101455121755,150.051054742277,128.336687558483,120.44580576623,11.5565385930337,6.95315337940288
95.7107186893845,136.532953458015,150.51675583365,128.751177387083,120.569287276338,11.7663179325478,6.99136979395371
95.674946610529,136.563867871329,150.554676797671,128.778693933544,120.573177207466,11.786966448408,6.99379341368371
95.5081265641381,136.541011885768,150.567317210168,128.745522311518,120.493430577148,11.8367173660888,6.99151306472642
95.3929325833212,136.509197471083,150.573327051037,128.703650434772,120.424041634636,11.8786239782536,6.98897993637259
95.2758525935967,136.421461765501,150.582915756976,128.599198295411,120.300561166181,11.9564217528188,6.98488655509488
95.3828256493861,136.304625358048,150.742555636974,128.524689557317,120.189528059383,12.1219688878237,7.00747079238928
95.2594978801031,136.123588447092,150.691449386422,128.411290446399,120.013035796266,12.1916742454755,7.02260517792752
95.1394583497614,136.032160844477,150.673709252879,128.386230460245,119.915146888257,12.2615337125243,7.04684837944746
95.0482394781986,136.019728606175,150.680789281201,128.425532251476,119.903887124103,12.3206179044175,7.07186639294445
95.0208599984646,136.033335716275,150.687447423103,128.455878879589,119.926800195862,12.3408682673936,7.08135863789843
94.8081976235259,136.077057753482,150.638360559815,128.604182919141,120.145071434824,12.4462651838827,7.1289802826294
94.7198818530792,136.029348012886,150.568582154337,128.577745210767,120.15937878799,12.4574814608042,7.13168778385668
94.3870034090863,135.569663544321,150.363704871348,128.671973428189,120.963942336327,12.5374879747808,7.1601190684572
94.2215547343772,135.151255323086,150.625221791869,128.912100163175,121.339505859054,12.5558259418888,7.17390390913646
94.260475627176,134.810898672146,151.844222669084,130.049935181704,122.20487156045,12.5616086123949,7.20698460375717
94.2944363400321,134.364209051601,153.266637646018,131.586989661376,123.165225862963,12.3966261383645,7.14724027356908
94.3499679652849,134.260907298875,153.594117871201,131.988834097523,123.445419491628,12.3284083553826,7.11878420413137
94.4217697460458,133.973501146417,154.151064429678,132.717270658051,123.975984682724,12.1777972837084,7.05636086761267
94.3706312356475,133.828135729942,154.215765943947,132.823809650937,124.041354077158,12.1355392642194,7.03676135679392
94.2802718072496,133.44555137412,154.458444035966,133.172641916109,124.291476963674,12.0296600964178,6.99430607732744
94.2510308090265,132.541089596665,155.253963432862,134.200429985399,125.305282350038,11.8337579526679,6.90141955327836
94.2816847699434,132.341577405154,155.494060793433,134.518079662582,125.701368912833,11.7931486470605,6.86447879592039
94.0822155584682,131.910214247749,155.691626814375,134.817117150122,126.094289920936,11.743829218543,6.79931323698594
93.6426000155778,131.296326672689,155.931464327369,135.144344993802,126.436707860078,11.7193731466404,6.73133152805605
92.9949021582189,130.526175955181,156.031599908463,135.37083341253,126.608898721626,11.7147223944564,6.66023344977808
92.5894480811152,130.083914306017,156.187973893657,135.756011133679,126.949873354723,11.7210932372818,6.60167884884347
91.9526425218704,129.376944725192,156.047906856191,135.898748641095,127.07291997924,11.6847150514509,6.49380732812257
91.9311864812489,129.337683008745,156.059462035253,135.931101260047,127.105918908676,11.6811458188045,6.48446293307556
91.6927285430026,128.407420780661,156.01017479278,136.163586080066,127.512348501079,11.5401223779088,6.27766061506684
91.7202095329316,128.265142191527,156.049079866004,136.30002207407,127.713855077411,11.5135543791125,6.24514194974454
91.6518730015844,128.14332593202,155.99205791368,136.287758396871,127.727143587499,11.4997956237282,6.22994070576616
91.4579725712266,127.827272857719,155.840052591143,136.260954009114,127.763227893568,11.4672233956022,6.19396017350681
91.1763842136829,127.354361356931,155.711828829781,136.434156698559,128.038708761298,11.4320782229793,6.15125630402593
91.1461405330586,127.217519372919,155.758916409248,136.633397185564,128.277331240762,11.4278153889723,6.14248720377688
90.9595089151105,126.780527473052,155.58612431114,136.659875025006,128.374374469172,11.3986880925158,6.10664675091625
90.9561272115303,126.767588552442,155.581519837627,136.661418311147,128.378381543972,11.3978039188853,6.10552569515976
91.1342160224998,126.4954604182,155.562477770132,136.833970820422,128.665994633778,11.3798181383266,6.07862269597234
91.1919278792345,126.248345374969,155.46557100276,136.858066729618,128.790259319526,11.3630101285373,6.05678578759054
91.1723567624495,126.176660757466,155.434592024901,136.857064169459,128.812775525889,11.358795301822,6.05124943511528
91.1605978976291,126.135149804822,155.417938487848,136.858494396193,128.828153059781,11.3564744815058,6.04811402673392
91.0568193806971,125.901059793295,155.480082519303,137.08234839213,129.140832483804,11.3569356233829,6.0389030114129
91.0561906558656,125.900258653628,155.481549327275,137.084796611591,129.143620360881,11.357046825488,6.03894148224802
91.0055296232428,125.852881549122,155.645295107863,137.326849128095,129.40295026538,11.3706648429242,6.04591839955004
90.9083371923593,125.778098361361,155.808370034309,137.559525981306,129.637788250327,11.3850376421033,6.05317672161854
90.8870706243754,125.760015788182,155.818826326996,137.576768190431,129.654218426345,11.3859971314551,6.05333570691426
90.8660793659291,125.742167305659,155.829147256182,137.593787187958,129.67043590306,11.3869441995938,6.05349263404205
90.7144812847742,125.612928346983,155.910215848938,137.723446603421,129.792791307592,11.3944644864118,6.05511693079521
90.4291627855343,125.341881581046,156.304925081012,138.222715274348,130.222922354769,11.4330354037468,6.0758008713797
90.3406459062688,125.183510572932,156.73108597716,138.710785358969,130.620167383131,11.4712417979379,6.10160136221979
90.3615791923953,125.117683714774,157.018289293967,139.024111509384,130.863742582162,11.4905623918874,6.11721669439815
90.3398754610148,125.009047443089,157.214345688867,139.237904042774,131.012285798417,11.4970863008038,6.12321802879304
90.2705947216494,124.632119691177,157.823004275168,139.877115369438,131.393403501747,11.4637221452518,6.10932254627437
90.3161037910891,124.571084575125,158.176182069427,140.235449585161,131.622962544655,11.432945673302,6.09573774381026
90.4394042334122,124.601924190429,158.784330863382,140.843728007253,132.037055985527,11.3743070499373,6.06957557852371
90.5775942153199,124.701417738334,159.481915057971,141.532574953661,132.520085394318,11.2996143211661,6.03512716813551
90.6167147615946,124.718522329191,160.772962181745,142.753239396086,133.339911403333,11.0902902626456,5.92868136394822
90.6752102183879,124.72462695725,161.143001613686,143.089305660155,133.582778882114,11.0327098423584,5.9040795218369
90.7270005441364,124.710545068374,161.339266365622,143.261131386701,133.71099787851,11.0004275507265,5.89265446645922
90.7964031307553,124.655402568237,161.494402633343,143.387081689969,133.806237255427,10.9672870615328,5.88392347901821
90.7379191857105,123.70715007387,160.876248067979,142.673184570725,133.174274411387,10.8413959801109,5.85591231910005
90.0077774973203,120.619055841945,156.883543732644,138.769270465584,129.764280707031,10.466424597586,5.77900484823114
89.6356411319227,119.883912674844,155.883322421106,137.832554857161,128.918691289307,10.3380560865737,5.7413627595012
89.6063149735111,119.826745153037,155.805455057256,137.759758328545,128.852951932576,10.3279312614282,5.73840612614962
89.2157076715375,119.190641477652,154.941997085739,136.976425902102,128.156368212616,10.2009876444309,5.71092903173747
89.1495815995241,119.09964519306,154.821082653857,136.871326214367,128.0672686062,10.1827078663242,5.70986205456544
88.539425057264,118.454059383562,154.063153573836,136.257070041407,127.626039438211,10.1258024145241,5.76761677250746
88.0270947869213,118.177854281669,154.004196949691,136.498784586413,128.229121483557,10.6152382899363,6.19693567444047
87.6754630532653,117.87676496879,153.723527793652,136.490396217169,128.416828651191,10.974326369868,6.48821429933578
87.189574624067,117.442551913278,153.171158449639,136.319074170521,128.518747500248,11.3778557183558,6.85082186757993
86.8359705513646,117.136507205641,152.799982846253,136.063612191908,128.418734418064,11.5417593517107,7.01573402442184
86.5013529608305,116.872275460199,152.512542644498,135.810834680229,128.296702236163,11.715917394975,7.19225552978913
86.2719660631407,116.738000798241,152.398685749793,135.692498821777,128.25645544083,11.9538135358715,7.42222905741762
85.7012169829567,116.429323494653,152.168973647075,135.477429714875,127.780963876015,12.6814438110061,8.0683166851001
85.6839083759199,116.424659961983,152.162585960167,135.478311228095,127.749787604229,12.725299502351,8.10445939514227
85.5457952630409,116.374676152237,151.992034446778,135.404685932997,127.337325739494,13.1105361288955,8.38948117208255
85.4563988252051,116.333473913569,151.779283793235,135.22638680445,127.047911450609,13.2342861431745,8.44285336740587
85.467795231297,116.377209419348,151.751677687521,135.205841209348,127.006712164145,13.26930854472,8.45053332004585
85.4955763679188,116.458270141404,151.744790128642,135.206633537699,126.987320260615,13.3112009536964,8.45852042734831
85.5046437989729,116.483698086656,151.744975351123,135.208941451082,126.984255267006,13.3231226780912,8.46069494242225
85.4071194393322,116.458912275963,151.625910108381,135.092770204619,126.852752731908,13.3527906515938,8.45916644257077
85.3654650537169,116.444337864759,151.576932492926,135.044616174613,126.799222903179,13.3629305829882,8.45816307822619
85.1477763528828,116.655784920359,151.319993958615,134.829330874284,126.449676613277,13.5471123515665,8.46740663577188
85.1240015444718,116.753447714697,151.258967768323,134.785981760325,126.358217626702,13.6021327365941,8.45615403650252
85.1011003970608,116.751952802554,151.225696614375,134.755302199886,126.319614390134,13.6095457729885,8.45086192204607
84.9688716263459,116.778741575804,150.991397591242,134.544857636906,126.05016065919,13.6641206039271,8.39596716140652
84.8079332100251,117.193664281034,150.101741901434,133.939497526314,125.273498500457,13.8856084530192,8.0018296969501
84.8177056793303,117.217496475255,150.091989800947,133.937145590572,125.26822222155,13.8944919945736,7.99528513885686
84.7344366120236,117.39940320835,149.548820514825,133.467884280246,124.80329777862,14.0247368611581,7.82673039322917
84.7774308682042,117.479737174854,149.511241428219,133.437326501786,124.778616993156,14.0471268338619,7.79801802797355
84.8909505795106,117.788247100196,148.939096071994,132.922658183881,124.306261149905,14.1900942919673,7.54891354865859
84.907298499861,117.807308276631,148.925603533699,132.912371998243,124.295652743744,14.1973673830499,7.54010810658885
85.0396223788274,117.918161504951,148.584526513901,132.607117940318,123.963523952304,14.2953062730858,7.41342687823057
85.0647717567306,117.926873852118,148.491703776712,132.522464996522,123.865801583148,14.3174139490853,7.38358781089985
85.0931903943386,117.942207596217,148.441993054885,132.47939366526,123.811398582381,14.3332521483966,7.36450599352729
85.1141872978475,117.953536821414,148.405264649957,132.447570725716,123.771203321319,14.3449540866557,7.35040753167721
85.3016288056078,118.084408954632,148.293039050268,132.3812488567,123.631281493339,14.4206253632646,7.27614224415143
85.2933029801016,118.026696183755,147.643114734173,131.915926752814,122.882131469349,14.5934638303224,7.02914367728505
85.3105091204328,118.043988074664,147.637277352399,131.918319269926,122.872708978992,14.6019514205151,7.01866479148107
85.304518477044,118.030735554601,147.375881796594,131.715769712722,122.576433878922,14.6626404853415,6.90021842157671
85.5360003984008,118.127408465314,147.058055526746,131.44632910288,122.217810926405,14.7579347681738,6.71219981103852
85.6565384781111,118.08767524034,146.714330921977,131.129759598993,121.858407533211,14.8133205832642,6.55971467762746
85.6626451104563,118.054798253215,146.604496617879,131.028252923572,121.747363510077,14.8244912312807,6.51710188301273
85.7542073487595,118.069941829734,146.391420662846,130.859502933657,121.549995877175,14.8624391706053,6.37493481833749
85.7932429475672,118.110160496452,146.231304902272,130.747023411816,121.419728313882,14.8861452275101,6.23498648540559
85.725471736737,118.053286218328,145.825580916551,130.407041384525,121.055941802517,14.9123605935372,6.00196023706113
85.8371510941645,118.111515637545,145.723959446044,130.335253642134,120.964730023891,14.9406021536476,5.91051963701099
85.8932524468126,117.98501101453,145.290122664216,129.94192680535,120.543292852577,14.9746737452867,5.734528754551
85.9593258316597,117.954511906217,145.127226253867,129.797533821817,120.394831398056,14.9890903300625,5.65617941063774
86.1428515438238,118.01874428949,145.009485778627,129.710849420477,120.318668258109,15.0107162603905,5.54194303579754
86.3292729104338,118.087659195675,144.497533151363,129.325501864514,120.017812544767,15.0764802777288,5.15624299026543
86.3542881499821,118.089278699077,144.452714205247,129.29893923518,119.98285290502,15.0940502982957,5.13262116445732
86.1871837906311,117.627239671194,143.620971077941,128.675003886382,119.209195909246,15.2345948488403,4.89959617708144
86.3086041558868,117.711725037661,143.693045548663,128.880366458771,119.318333483591,15.2930505305778,4.78079632568287
86.6578990312841,118.633200785962,145.183679475558,130.573171254554,120.774448610305,15.3634731376262,4.5156107250662
88.3924846025947,122.478120916987,151.305518661695,137.015565117413,126.378212468589,15.7035946210305,4.03147692846748
88.341808354481,122.484052074347,151.104901097284,136.981288531951,126.620015021743,15.4032566245836,3.61238980999892
88.4733141087205,122.392364602277,150.685960609316,136.619250552576,126.547961208529,15.0834855910762,3.23883066709313
88.6245914249374,122.364323980913,150.513463542047,136.431050302279,126.46668628175,14.939874269559,3.07604767842518
88.6978547125535,122.324348613817,150.392666727475,136.293720049624,126.385984934983,14.8553815624979,2.98144408214312
88.7251279498928,122.269561665988,150.290983654879,136.172587357561,126.293664078792,14.801008251295,2.92199209585867
89.1642057096591,121.968794121911,149.715018949935,135.361874330985,125.607619331384,14.4078267879035,2.50379290227456
89.4305469370589,121.967283578635,149.674267639968,135.212158674042,125.453111683328,14.2932130842685,2.39628789313028
89.4602201258228,121.970299507616,149.67471515996,135.201245006766,125.440778472947,14.2820647501456,2.38644890495369
89.5712776826793,121.98158719587,149.676390088712,135.16039852971,125.394619085626,14.2403399877495,2.34962461897864
91.166234916048,122.546765993211,150.369291524191,135.620705375383,126.083155447054,13.2145551133065,1.91113332924628
91.2348142187147,122.555783936181,150.382459820164,135.637164746731,126.142094067265,13.1574369093027,1.89580234264716
92.7292291688948,123.328747714954,150.736987667446,135.484083012848,127.034767229414,12.8617786874509,2.23120448721428
93.2295912911893,123.767705933754,150.91381319757,135.403256661053,127.251068468084,12.862965315187,2.41128932927123
93.8984842909245,124.298036485266,151.041459784027,135.138696175843,127.276325798403,12.7763275294062,2.5964387894259
93.9709401946372,124.353714465126,151.063357847693,135.127831661201,127.28182796799,12.7646152995984,2.61007738747145
94.3900333160978,124.711278316092,151.256295826915,135.168110440356,127.408083080064,12.7141561738472,2.69555991384058
94.6450148713787,125.011441477839,151.348315318215,135.086174173386,127.4864901792,12.6678818632566,2.84226247078518
94.648670688874,125.017934204427,151.349413021861,135.08286850626,127.487909277742,12.6671889438429,2.84659511009245
94.6520227991452,125.023887547424,151.350419533721,135.079837457597,127.489210484599,12.6665535887446,2.85056781516912
94.6879578850874,125.08770820812,151.361209480136,135.047344196527,127.503159602165,12.6597424941763,2.89315576329921
NaN,NaN,NaN,NaN,NaN,NaN,NaN
NaN,NaN,NaN,NaN,NaN,NaN,NaN
NaN,NaN,NaN,NaN,NaN,NaN,NaN
NaN,NaN,NaN,NaN,NaN,NaN,NaN
NaN,NaN,NaN,NaN,NaN,NaN,NaN
NaN,NaN,NaN,NaN,NaN,NaN,NaN
NaN,NaN,NaN,NaN,NaN,NaN,NaN
NaN,NaN,NaN,NaN,NaN,NaN,NaN
NaN,NaN,NaN,NaN,NaN,NaN,NaN
NaN,NaN,NaN,NaN,NaN,NaN,NaN
NaN,NaN,NaN,NaN,NaN,NaN,NaN
NaN,NaN,NaN,NaN,NaN,NaN,NaN
NaN,NaN,NaN,NaN,NaN,NaN,NaN
NaN,NaN,NaN,NaN,NaN,NaN,NaN
NaN,NaN,NaN,NaN,NaN,NaN,NaN
NaN,NaN,NaN,NaN,NaN,NaN,NaN
NaN,NaN,NaN,NaN,NaN,NaN,NaN
NaN,NaN,NaN,NaN,NaN,NaN,NaN
NaN,NaN,NaN,NaN,NaN,NaN,NaN
NaN,NaN,NaN,NaN,NaN,NaN,NaN
NaN,NaN,NaN,NaN,NaN,NaN,NaN
NaN,NaN,NaN,NaN,NaN,NaN,NaN
NaN,NaN,NaN,NaN,NaN,NaN,NaN
NaN,NaN,NaN,NaN,NaN,NaN,NaN
NaN,NaN,NaN,NaN,NaN,NaN,NaN
NaN,NaN,NaN,NaN,NaN,NaN,NaN
NaN,NaN,NaN,NaN,NaN,NaN,NaN
NaN,NaN,NaN,NaN,NaN,NaN,NaN
NaN,NaN,NaN,NaN,NaN,NaN,NaN
NaN,NaN,NaN,NaN,NaN,NaN,NaN
NaN,NaN,NaN,NaN,NaN,NaN,NaN
NaN,NaN,NaN,NaN,NaN,NaN,NaN
NaN,NaN,NaN,NaN,NaN,NaN,NaN
NaN,NaN,NaN,NaN,NaN,NaN,NaN
NaN,NaN,NaN,NaN,NaN,NaN,NaN
NaN,NaN,NaN,NaN,NaN,NaN,NaN
NaN,NaN,NaN,NaN,NaN,NaN,NaN
NaN,NaN,NaN,NaN,NaN,NaN,NaN
NaN,NaN,NaN,NaN,NaN,NaN,NaN
NaN,NaN,NaN,NaN,NaN,NaN,NaN
NaN,NaN,NaN,NaN,NaN,NaN,NaN
NaN,NaN,NaN,NaN,NaN,NaN,NaN
NaN,NaN,NaN,NaN,NaN,NaN,NaN
NaN,NaN,NaN,NaN,NaN,NaN,NaN
NaN,NaN,NaN,NaN,NaN,NaN,NaN
NaN,NaN,NaN,NaN,NaN,NaN,NaN
NaN,NaN,NaN,NaN,NaN,NaN,NaN
NaN,NaN,NaN,NaN,NaN,NaN,NaN
NaN,NaN,NaN,NaN,NaN,NaN,NaN
NaN,NaN,NaN,NaN,NaN,NaN,NaN
NaN,NaN,NaN,NaN,NaN,NaN,NaN
NaN,NaN,NaN,NaN,NaN,NaN,NaN
NaN,NaN,NaN,NaN,NaN,NaN,NaN
NaN,NaN,NaN,NaN,NaN,NaN,NaN
NaN,NaN,NaN,NaN,NaN,NaN,NaN
NaN,NaN,NaN,NaN,NaN,NaN,NaN
NaN,NaN,NaN,NaN,NaN,NaN,NaN
NaN,NaN,NaN,NaN,NaN,NaN,NaN
NaN,NaN,NaN,NaN,NaN,NaN,NaN
NaN,NaN,NaN,NaN,NaN,NaN,NaN
NaN,NaN,NaN,NaN,NaN,NaN,NaN
NaN,NaN,NaN,NaN,NaN,NaN,NaN
NaN,NaN,NaN,NaN,NaN,NaN,NaN
NaN,NaN,NaN,NaN,NaN,NaN,NaN
NaN,NaN,NaN,NaN,NaN,NaN,NaN
NaN,NaN,NaN,NaN,NaN,NaN,NaN
NaN,NaN,NaN,NaN,NaN,NaN,NaN
NaN,NaN,NaN,NaN,NaN,NaN,NaN
NaN,NaN,NaN,NaN,NaN,NaN,NaN
NaN,NaN,NaN,NaN,NaN,NaN,NaN
NaN,NaN,NaN,NaN,NaN,NaN,NaN
NaN,NaN,NaN,NaN,NaN,NaN,NaN
NaN,NaN,NaN,NaN,NaN,NaN,NaN
NaN,NaN,NaN,NaN,NaN,NaN,NaN
NaN,NaN,NaN,NaN,NaN,NaN,NaN
NaN,NaN,NaN,NaN,NaN,NaN,NaN
NaN,NaN,NaN,NaN,NaN,NaN,NaN
NaN,NaN,NaN,NaN,NaN,NaN,NaN
NaN,NaN,NaN,NaN,NaN,NaN,NaN
NaN,NaN,NaN,NaN,NaN,NaN,NaN
NaN,NaN,NaN,NaN,NaN,NaN,NaN
NaN,NaN,NaN,NaN,NaN,NaN,NaN
NaN,NaN,NaN,NaN,NaN,NaN,NaN
NaN,NaN,NaN,NaN,NaN,NaN,NaN
NaN,NaN,NaN,NaN,NaN,NaN,NaN
NaN,NaN,NaN,NaN,NaN,NaN,NaN
NaN,NaN,NaN,NaN,NaN,NaN,NaN
NaN,NaN,NaN,NaN,NaN,NaN,NaN
NaN,NaN,NaN,NaN,NaN,NaN,NaN
