104.802958922004,88.3951525348271,101.593624155381,84.812570925424,84.6675103444656,6.76868731758925,4.13695335991556
108.027977674597,90.9866011276534,103.972195805115,87.3182294328668,87.050972797153,6.91227277460981,4.32145132379175
109.372009685077,92.2304865843288,105.112998354577,88.5254349888135,88.133184544119,6.96903484282598,4.3979157998948
109.054365337565,92.106294495209,104.998362517231,88.4091103154707,87.9697423855492,6.95232004992721,4.37931966051824
108.749352312495,91.9870409807398,104.888285244318,88.2974113641612,87.8127996047327,6.93626993102728,4.36146300803795
108.028686623673,91.7052762392835,104.62820155219,88.0334960717965,87.4419850232335,6.8983477144594,4.31927242697391
107.712538959807,91.5816693211896,104.514105858512,87.9177194996163,87.2793129750329,6.88171167869063,4.3007639092972
107.409908825168,91.463347465486,104.404888555695,87.8068931876379,87.123596297431,6.86578695009076,4.28304676051944
91.6543715168913,82.5652878775952,96.2459660789261,79.3667099236222,77.6174671617864,6.05615949041655,3.34460305973761
86.1989366939495,79.3002292848249,93.2686297430871,76.2985582396498,74.2933631294097,5.75463729850085,3.0024993740581
82.8692635807993,77.3563758599114,91.5511835732319,74.5963431817056,72.5101765890011,5.50327530777942,2.74782268621489
83.4619929373782,77.7656052711977,91.9578115463925,75.0567829368057,73.0314899218012,5.49727812959864,2.7591896808541
83.4800607494444,77.7780795649255,91.9702065420484,75.0708182446078,73.0473808022175,5.49709532122734,2.75953617410708
98.1102008441351,87.9372198851172,101.717154151654,85.6774345965049,84.2607968185124,5.92780859760353,3.45755277306693
98.3108897951245,88.2888390585638,102.112394597118,86.1595166601824,84.6511933219804,5.91268197028423,3.46091667777834
92.3053919914049,85.7841895821871,100.274995176191,84.6440527060738,81.9384934701723,5.50408110978311,3.0719081329944
90.9162726202111,85.1559502014048,99.8156558483043,84.260307701375,81.2288360717196,5.40530167309513,2.97409254982561
90.1651207397787,84.9267330179729,99.7382089322298,84.2856927974682,80.9355909374205,5.32877482207858,2.90520095701661
90.4331932693264,85.2499104842538,100.127886435447,84.7649516737018,81.255280953971,5.30960744257366,2.89865892007002
90.8657945050891,85.6863250545808,100.627499494695,85.3630197392102,81.6991590692584,5.29562937165564,2.89960937220465
90.9443237141035,85.7496679924089,100.693951348456,85.4386082277812,81.766622272259,5.29630267322275,2.90197389903766
91.7434047911893,86.3942197919337,101.370138203564,86.2077657377148,82.4531002031324,5.3031539142858,2.92603435593301
95.7620837157184,89.6817718984848,104.793295078469,90.0573842061912,86.14090629032,5.34642434122436,3.05905820137741
96.0332513051665,89.9373286746616,105.069871108114,90.3709254599361,86.4504407056245,5.34498776088302,3.06607755276221
96.3369657341231,90.320120626862,105.513820564848,90.8831864265431,86.9585628623726,5.32993063857613,3.06749053941558
96.5918610551334,90.641382536846,105.886409511891,91.3131064799727,87.38500937893,5.3172938006192,3.0686764023587
96.2664701266446,90.8328517418929,106.261551172727,91.7870719755979,87.8364822676732,5.24674302997341,3.02562126764362
95.9992478143035,90.7919683836717,106.293751402498,91.8440846171502,87.87967836483,5.21669863360453,3.00382108637342
95.4855916606978,90.6592801713929,106.280556312554,91.8632150996307,87.873283613613,5.16652730808381,2.96561205184598
94.8932279577372,90.4885600568144,106.245583719283,91.8605765427733,87.8382633412534,5.11048698617365,2.9226889230102
94.0056609775809,90.1820311208058,106.136560373088,91.7858284262792,87.7065546692992,5.0317318815629,2.86164447077752
92.8359706317301,89.754645886539,105.999801725689,91.6904649256039,87.5131056670773,4.924754885109,2.78066771163604
92.2755174088768,89.5753040397293,106.005998740279,91.7254571147392,87.479440105064,4.86467099958615,2.73881174146781
91.8250003769756,89.4676232699798,106.099924931343,91.854527369269,87.5304520218078,4.80587348286938,2.70142067192702
91.800258607292,89.6691479018418,106.552399138293,92.3751794445246,87.9515505767217,4.75207784584834,2.67983224855593
92.0269893520572,89.9449746687964,106.960616010171,92.8359153637913,88.3625090066848,4.73138264328557,2.67831078721808
92.0669571171316,89.9900063638552,107.024863141377,92.9082745331606,88.4277254467467,4.72860479306949,2.67838001247406
92.1542351474596,90.0883425515239,107.165160279717,93.0662860148371,88.5701392750655,4.72253877224111,2.678531180396
92.2295462162657,90.1731955594093,107.286220842143,93.2026320520238,88.6930263015387,4.71730448234859,2.67866162121517
93.0879803987223,91.1014880402854,108.481258160273,94.5571206210246,89.9676424033869,4.68427991276385,2.68516271091096
93.4681495729889,91.6506321124879,109.185941075804,95.3748071693983,90.7539352025027,4.65645420955837,2.67505962403341
93.2794158682465,92.3608242433353,110.187919429672,96.6046855718252,91.9718981179499,4.56067754909645,2.59466578584961
92.7471270164257,92.5599911623394,110.541737624121,97.0685396711486,92.4498340399929,4.489936855861,2.52660989574411
92.3110955878286,92.7066336136679,110.806060207748,97.4087329748387,92.805421772947,4.43382876052252,2.47380825858523
92.0095938655067,92.7998690477649,110.980148380357,97.6281744734554,93.035662386848,4.39462620776952,2.43771403647787
91.5156425048973,93.035756303086,111.376759958085,98.1074287294681,93.5351689312685,4.31944332332626,2.37256344706533
91.3072864789111,93.8757559989628,112.525122461404,99.4096427401103,94.86158117608,4.19732975204135,2.29322994848414
91.4744676244804,94.6100282886235,113.469001430155,100.474549325175,95.9287967560675,4.12471237467203,2.26274011781732
91.4780306641369,94.7795315926392,113.695062867913,100.734336994097,96.1868909642367,4.10421382951602,2.25343396215557
91.478519989779,94.802810119146,113.72610873573,100.770014612137,96.2223360129394,4.10139868718275,2.25215591278358
91.4198948030309,95.1003716082293,114.135559432267,101.248728615486,96.6969369717285,4.0604548085744,2.23260545696176
91.4023362896873,95.1569338888853,114.214636238358,101.341965764229,96.7892795577526,4.0521816664317,2.22857146174326
91.3813007724581,95.2246968484238,114.309372135663,101.45366608933,96.8999081754082,4.04227024507864,2.22373863938179
91.2228890973252,95.4819920053685,114.683537521446,101.903135034303,97.3459308958536,4.00050686218974,2.20277131929136
91.1784328920326,95.5489200898398,114.781464200267,102.021100416978,97.4630256206426,3.98947240862474,2.19720896799576
91.0807550991163,95.6768731669418,114.970599998697,102.249807642017,97.6912397879783,3.9692028479892,2.18739495517746
90.9719327805994,95.8145699954383,115.174699478938,102.496860474379,97.9381042523113,3.94763108120504,2.17707317926941
90.7817353286438,96.0908567989387,115.577961721488,102.980875199381,98.4242521467859,3.9101973728235,2.1610868011234
90.7340128768403,96.1643809467904,115.684632864338,103.108477730162,98.5526803004339,3.90083660115643,2.15731786354726
90.1993057618085,96.7746213140193,116.604150176242,104.196376457947,99.6470372271393,3.82177064020983,2.12627905434189
90.1354122701683,96.8564448730982,116.725803372122,104.338008762527,99.7897025889944,3.81237371722394,2.12314321134804
90.046419791436,96.9944797767646,116.926418985682,104.568761839622,100.022463853431,3.79815231754691,2.11919882377642
90.0421801489644,97.0010558228359,116.935976405453,104.579755021968,100.033552706742,3.79747480354871,2.11901091134481
90.0033807332659,97.0612370166239,117.023441871041,104.680359979707,100.135033204712,3.791274481839,2.11729121620599
89.8065239769747,97.4555196632806,117.580568092919,105.315816331761,100.777725358769,3.75410818190852,2.10886003638848
89.6727632861325,97.8445152276244,118.112365943348,105.918459339031,101.390645980095,3.71989962350096,2.10279350482516
89.3322890190302,98.1502564390833,118.583610540461,106.460045667867,101.941076180666,3.67255175653436,2.08518565881093
88.9328209346893,98.7866151430996,119.535261316067,107.536688102517,103.056504848804,3.59956383500965,2.07240844778213
88.5052059061544,99.4518752305501,120.641312078775,108.759700803364,104.364582148135,3.52960388778746,2.09096418491547
88.331054771588,99.6731333473023,121.026405775558,109.177325594805,104.832247174403,3.50754762008618,2.10962775449953
88.1772523719084,100.150201353836,121.720459003998,109.928072823295,105.725735009333,3.47943308880584,2.16353110967326
88.0052278199658,100.356378234881,122.006987580935,110.244268876384,106.151325564418,3.46364951803799,2.19184119709428
87.8578970950982,100.465773174631,122.161139476319,110.417275553217,106.40260886058,3.454145517927,2.20742721421602
87.4028179618023,100.974834920413,122.903775017078,111.242441273507,107.544710178969,3.43406391588905,2.26487248787488
87.3088658411028,101.120534576333,123.157051882614,111.519687889765,107.900318007467,3.43242933991599,2.27962365184643
86.8740325313819,101.287500963651,123.671163674121,112.087314040173,108.639238884084,3.42283744380398,2.30608538043361
86.7119345131421,101.312099457928,123.856187494768,112.294077185945,108.900531441322,3.41931358551643,2.31612338717868
86.5855367715288,101.315540684195,124.04015767344,112.505441443967,109.163245318439,3.41580436663874,2.3286413291914
86.5702455652048,101.315247203373,124.064203913104,112.533272647749,109.197686818889,3.41534549427297,2.33036723982655
86.4639837352129,101.270466235561,124.308001424656,112.831724964856,109.572743357,3.40909238499558,2.35388866701491
86.4608629362664,101.228901623268,124.372811224689,112.923886223139,109.697318879683,3.40590344608009,2.36451876358087
86.4782874874557,101.161549782908,124.435823772228,113.025455291504,109.842658119508,3.40131878416046,2.37885585472964
86.4795945661116,101.156497477571,124.440550571503,113.033074354969,109.853560541968,3.40097487207489,2.3799313318323
86.3273525291439,100.683834659178,124.216399802418,112.920795490622,109.889334875382,3.37644151510711,2.40357763207963
86.0838076047129,99.9842206414068,123.929359228652,112.912973060933,110.44511291184,3.33064589499084,2.46426626868367
86.0242097826487,99.9532389333603,123.938733875959,112.93475585378,110.505168715031,3.32691437065662,2.46603161077255
85.6727104140107,99.8175675622054,124.091011417071,113.157868759164,110.954874424088,3.3028781559362,2.47743469768215
85.6176828595337,99.8090618564949,124.141097177045,113.218408965293,111.051121787669,3.29856638906323,2.47948814053974
85.5410566667989,99.8271287287415,124.299598532799,113.392848624678,111.28284409435,3.28887509958639,2.48411889150383
85.5091284268209,99.84894462863,124.408039218201,113.50858980617,111.426064889418,3.28307571879188,2.48689453129493
85.4891259742158,99.8626118869525,124.475975304615,113.581099518539,111.515790072121,3.27944251384348,2.48863341835569
85.5293799053387,99.9844425977699,124.857733722894,113.967393794799,111.926971136499,3.26145651363809,2.49727121385721
85.5319294872181,99.9897588433028,124.873580087346,113.983306611136,111.943503386,3.26072392401815,2.49762323368076
85.5512016060655,100.021065347225,124.964801145966,114.074368723131,112.036443693488,3.25648448200729,2.49967160162874
85.6649357941728,100.100382115278,125.163970648008,114.264747512344,112.204607064761,3.24688167751535,2.50448597102761
85.8142515167742,100.195428986371,125.415562490457,114.502802539377,112.409378505404,3.23364397652616,2.51035482213637
85.8500668524366,100.199480401422,125.455505129277,114.535379129372,112.42547296105,3.22916720159049,2.51083039248993
85.9277761610452,100.208270844305,125.542169536836,114.606061261439,112.460393449649,3.21945384616291,2.51186224777444
86.4120833593249,100.199231033742,125.780643832446,114.761173636681,112.451372481765,3.18122873600479,2.52132127264864
86.8239807220582,100.123179680775,125.762461917516,114.680549106848,112.29669948752,3.16281664649321,2.5340549194834
87.2400791201523,99.9670841166486,125.587816039797,114.444835528796,112.060133986276,3.15072070446515,2.55286966921613
87.504350019118,99.7819308999138,125.34236161965,114.162125476516,111.85183495372,3.14627545071435,2.57055585790469
87.5910836764941,99.7046423934902,125.241290608065,114.047874479089,111.769168010444,3.14457216120881,2.57684981878183
87.6366542876206,98.7832669871583,124.087868861543,112.859643757823,111.03138494639,3.1324918261526,2.60850255469528
87.5448065032623,97.6785894531092,122.715637031781,111.559392114828,110.417915485987,3.1169690318161,2.63898217621471
87.5351040150715,97.55413631721,122.562003852909,111.418875954862,110.357930715256,3.11463559909571,2.64185131538745
87.5152323670222,96.794966088704,121.62120255587,110.577200256977,109.998587876769,3.09521180143364,2.6549486445633
87.3026375919199,95.0438642041919,119.396315199855,108.546091700699,108.771228853836,3.02630736120812,2.63780047182985
87.3025655911312,95.0361685746373,119.385531519323,108.535881124675,108.764116329963,3.02599827021758,2.63765862823648
87.3503485984511,93.8111656555116,117.499910982808,106.644620454121,107.373024224838,2.99527417241894,2.61394843637792
87.360538281402,93.6562393376673,117.236511924046,106.362748541966,107.158392452648,2.99523474062326,2.61103515205526
87.2506114114777,93.2975438904038,116.671156007618,105.728474741763,106.660444218508,3.00079663071466,2.60144391284719
87.1841076702157,93.0755541505818,116.322759059109,105.334954428243,106.35451999093,3.00524350896596,2.59577296922297
87.0492136549865,92.5507793969621,115.520277724861,104.397605150863,105.662822117424,3.02754376522521,2.58560033430986
86.9889894057504,92.0553088053151,114.819769465664,103.560550891131,105.091871660355,3.0564213709223,2.57963552646096
87.0076823522178,91.8376212633323,114.546311481239,103.230700465441,104.885416413042,3.06997821901507,2.57825925819319
87.2848803216555,90.5576756389897,113.102126553545,101.494415705997,103.819776729556,3.13846129396948,2.56976133046316
87.5238649577389,89.5805899263897,112.123379487925,100.328686846081,103.031899641255,3.17004976351631,2.55566472573288
87.9788236037322,88.5390127790874,111.063197874154,99.019545042346,102.052704955517,3.20500065399238,2.53989840311671
88.5295035611015,87.7569030637613,110.077795119722,97.6482199569695,100.809834284586,3.25643411846959,2.52469167468913
88.5976372344917,87.6763979734934,109.958127526849,97.470494565604,100.636887101779,3.2644025095761,2.52276780141207
88.6299509625748,87.5757475891472,109.778185377613,97.1917862731854,100.342552948258,3.27738447891407,2.51774596317706
88.6304655710968,87.5669023502508,109.76103805554,97.1648079216214,100.31325144665,3.27865814413153,2.51718956685758
88.6366683432547,87.4602873230956,109.554354863617,96.8396275937317,99.9600693080655,3.29401011521295,2.51048311049103
88.6334410772879,87.370130071152,109.345953815227,96.4969820612836,99.5780412218107,3.31228626326858,2.50303912579526
88.3643231282699,87.8239420302342,109.013585337838,95.3884907735414,98.0400208002309,3.45171640477962,2.45807858458101
88.3619440846594,87.8312638298668,109.015459114656,95.385052778275,98.0330507387133,3.45284850910242,2.45771060919587
88.2819501740534,88.2461424833071,109.232958856464,95.3903510913969,97.8960058599709,3.50347477780017,2.43762512202242
88.2335095917349,88.3859248820195,109.322250754857,95.4123043844514,97.8767773871084,3.5194946933442,2.42749941599376
88.0695512500706,88.6363437587968,109.515086300735,95.4791908052962,97.8840211762848,3.54728615400502,2.39750021975263
87.992935616396,88.8226065434358,109.723439477461,95.6104926231718,98.0237035085491,3.56153721451415,2.36724003167485
87.9976003299066,88.8736895047838,109.816446788402,95.6737439396714,98.1320757973184,3.56194215527332,2.35044597915957
88.0359840015297,88.9091450420034,109.932521498515,95.7393272231357,98.3043187920146,3.55708746380795,2.32276644909424
88.0932867646835,88.8783645703038,109.965224056347,95.7342834391776,98.4052563814919,3.54797173725871,2.30434893336108
88.1133978994929,88.8560028762848,109.958794366696,95.7131788005195,98.4205332946976,3.54432535942094,2.29940371465177
88.1525327389649,88.158372621628,109.325563166144,94.7921746980549,97.9846280443236,3.48099099493068,2.25058345737518
88.1464396274365,88.1185237569751,109.279913490961,94.7281426214398,97.9387661556614,3.47830166249433,2.24949262389363
88.1177011692852,87.9305746403603,109.064604568132,94.4261322043387,97.722456317591,3.46561729469366,2.24434765449446
88.0428677381079,87.4088510743494,108.423165337308,93.5071557096536,97.0152048983975,3.43450315599812,2.2365319047872
88.0324929570539,87.332649209657,108.324559667688,93.3638709206075,96.8999035186707,3.43041898208445,2.23611696454553
88.0132143062576,87.1861737691046,108.133569235234,93.0854085303602,96.6740908078277,3.42276416055305,2.23553013377428
87.996002702688,86.9447487771287,107.786951665422,92.5597392657553,96.2101851732404,3.41444306364673,2.23918736223878
87.9949226635033,86.5730190254795,107.231687291122,91.698692924406,95.4190324328165,3.40623648912827,2.24810753945884
88.0047444813632,86.310364570939,106.825589108814,91.0569880757128,94.7967682397649,3.40525023803799,2.25648030305636
87.9962108579195,86.2605667109994,106.753131598635,90.9458802815882,94.6822394351259,3.40577157709078,2.25734994576078
87.9570819260537,86.0322302860938,106.420894654078,90.4364215112646,94.1570944222334,3.40816205522825,2.26133748872574
87.963842867479,85.6741836781824,105.894945725268,89.6131226329339,93.2718520733244,3.42013631638675,2.2687536071253
88.3147579889924,85.1186431268092,105.08304527144,88.320799119698,91.7918012665342,3.46968747100702,2.2778718610309
88.5166596286398,84.9490069275374,104.841610734302,87.9518038279805,91.3662222415206,3.49165058353711,2.27772608474864
88.7564018213567,84.7533248570379,104.568933554194,87.5538095662608,90.9183763241627,3.51706830402461,2.2755046213865
88.9164197078822,84.2722651950653,103.959986809336,86.7732219201053,90.1072900442961,3.55094572815752,2.26172102833098
88.9757025140227,84.0547943957716,103.680128559725,86.4224077658353,89.7577449905646,3.56565363541868,2.25675347103408
89.1071127739484,83.4415327508371,102.878053879024,85.4181835644148,88.7741563453028,3.60669084710239,2.24866840960985
89.1752549167813,82.8905596331555,102.141278707603,84.483454928018,87.8604138430908,3.64448817302694,2.25317248910171
89.1793771166286,82.8347872299492,102.066134614522,84.3857030021424,87.7616698970918,3.64862842483156,2.25499006245518
89.1845246977659,82.7651416568654,101.972298718529,84.2636356622703,87.6383637759223,3.65379854828093,2.25725975015998
89.2030302927807,82.5147652692609,101.634957928212,83.8248026072984,87.1950772923614,3.67238518308634,2.26541929545992
89.2057758349642,82.4776187233984,101.584909098692,83.7596960996183,87.1293100614761,3.6751427485614,2.26662986857587
89.1018213178878,81.9722021699666,100.941701147918,82.9354851158962,86.2665363116254,3.7044124915695,2.28258291255604
89.0687699570893,81.8404622064054,100.775636133459,82.7232465281066,86.042999863745,3.71169417904387,2.286719342002
88.9850726866506,81.3698249450949,100.188012944371,81.9590627642853,85.1950266742706,3.74228941977016,2.31119761817378
88.9819517372996,81.3515759066676,100.165248167968,81.9294098126543,85.1619675906261,3.74349233797295,2.31218187904585
88.9642508355514,81.2372106817699,100.022708105706,81.7435000153142,84.9535233869623,3.75117134436698,2.31856951850109
89.0622767941332,80.4751227500725,99.0849183518899,80.5015143045082,83.4428662328016,3.8166568207442,2.38142931341937
89.1016174165014,80.3490536126888,98.930644372169,80.2967279786996,83.184347317088,3.82867490576776,2.39309979336564
89.2440323330515,80.1069322520735,98.636732614785,79.9121580160326,82.6830023657678,3.85374190501628,2.41556851157059
89.317458934182,79.9880876673673,98.492592163882,79.7238529631626,82.4366631912865,3.86615059352966,2.42660011847289
89.8126663879569,78.1596516457945,96.4302137905499,77.3074501795065,79.5797640876894,3.98162708274276,2.46251143825895
89.8845023793801,77.5862475180219,95.8085166215888,76.6081657161613,78.8600349286185,4.01208957454561,2.44709862418467
89.8912983023294,77.3283412996384,95.5321236380528,76.2970686263144,78.5530702490858,4.02528222913075,2.43695299548337
89.7436660132785,76.8085799618642,94.984119049138,75.6849318048691,77.9634252506238,4.0445832818232,2.41075519570721
89.742623578799,76.8057251915872,94.9811220915182,75.6815909391221,77.9602282509282,4.04467883350978,2.41060305000775
88.947802947709,74.3875918468116,92.3440084192699,72.6453904243501,74.9481579500143,4.16308784913607,2.25073669711268
89.7918216524967,72.1686089704947,89.3502034728312,68.9187695492204,70.675613017199,4.37840860388347,1.99960164098413
89.8120469238852,71.8745258400827,88.9170234769825,68.3875691086581,70.1052610036721,4.40411914850168,1.93146428915777
89.7947694373616,71.7798014096467,88.7455508042469,68.1915613868429,69.8979506008567,4.41277742463047,1.89155281209365
89.7817316853258,71.7445422222865,88.6698719602295,68.1092523921547,69.8105915975782,4.41615652569901,1.87042670390511
89.7723767543782,71.7367457345395,88.6258911500965,68.068493909629,69.7616077177394,4.41733336080633,1.85246879071249
89.7613130751318,71.7458534652824,88.5846843743441,68.0394539803512,69.7180210636245,4.41741855323867,1.8282993446989
89.789350431688,72.4619454006099,88.726888713065,68.5290379265324,69.5206924365244,4.33938459448811,1.56966157869652
89.9106059707754,72.6859218181283,88.897917932148,68.727817958156,69.530103388159,4.32355842306459,1.53407851225815
90.1757541347735,73.1453009877014,89.2903771098705,69.1367881767017,69.5539596995925,4.29422922286102,1.46721227458704
90.2162383794794,73.2130133711772,89.3519288778131,69.1971696970333,69.5578430888516,4.29018072736632,1.4578848278371
90.3760293515537,73.6178790058008,89.7592022209245,69.5433799351625,69.466558057755,4.25693448997132,1.38192862517478
90.6406182294307,74.3902123911875,90.7074743532731,70.1991060298984,69.2530981483292,4.19468671344193,1.23581649389575
90.7633244304923,74.7095769394366,91.1380772160363,70.4697141300749,69.1814532984111,4.1712853681568,1.18075686821196
90.9706831592023,75.4334970037944,92.1507765157168,71.0558073175278,68.8995707967273,4.10874166544379,1.03969985767868
90.976460702379,75.5226666049648,92.2772753192039,71.1234701191868,68.8390099369768,4.09883105837139,1.01807468496547
91.1929428603101,76.4210491814689,93.3915512304592,71.8602238229366,68.5612565863532,4.02883662278286,0.8574153109382
91.3999850136414,77.0144681284337,94.0646811938245,72.3832306628589,68.5638781223084,3.99932829484985,0.78090505558584
91.407931627985,77.0367240117715,94.0897677384165,72.4030274334803,68.5647681362123,3.99828946584306,0.778152211010356
91.4283590950288,77.1321007478674,94.1996397103667,72.4877117060912,68.5592199036289,3.99289575407585,0.764232466545148
91.4419673777246,77.4712458196315,94.6005698907151,72.7881688177383,68.4989372527886,3.96963682242679,0.705542012470841
91.4647358955881,77.6948441928584,94.8716631759851,72.9958305613946,68.4859247351678,3.95495736659888,0.670212705141696
91.8191588893277,79.3230706679836,97.0401906319108,74.657386733023,68.6013655471939,3.81927589009681,0.436721498384191
91.8125356569744,79.3616413634207,97.1051623673428,74.7024806959716,68.5923662054437,3.81198533886421,0.428075231440223
91.7920757928914,79.4854391851837,97.3125563929026,74.8482743241843,68.5702156531676,3.78847247028309,0.401425393383183
91.7524852848287,79.7596148994951,97.7543493713968,75.1747528264518,68.5774316595162,3.7382627952158,0.35206069109311
91.7517447383523,79.7652823366173,97.76283764654,75.1813765848329,68.578693683173,3.73736635746699,0.351248093231123
91.7383019360407,79.8681607369339,97.9169214324464,75.3016146486415,68.6016026228174,3.72109373201184,0.336497374989591
91.6730820755258,80.3304668469037,98.5478095239481,75.8222544902382,68.7833270716951,3.66418983350154,0.285394209476845
91.551847839635,80.8362503030732,99.1588192385847,76.363794471204,69.0697659391521,3.62355311075069,0.24478185944921
91.2563055013303,81.2316153793575,99.6247414016209,76.7836584507938,69.2888336927489,3.58962678159914,0.203804386674158
90.9542543215821,81.705381936914,100.155345039626,77.2814369800883,69.5982340962151,3.56080075189082,0.164033650463467
90.8347820021366,81.9357290804149,100.407744852451,77.5249302218089,69.7645411075304,3.55051761424366,0.14796079436546
90.7687575276188,82.0630267605547,100.547229589062,77.6594928837533,69.8564480285786,3.54483480200146,0.139078386433674
90.6565227822245,82.2794195879739,100.784339146,77.8882354252609,70.0126802433619,3.53517461174952,0.123979216012503
90.3424810441907,83.0929323338104,101.682157506529,78.769739040362,70.6427556281029,3.50763409236589,0.076403891548061
89.7251240421162,84.4363896509122,103.279836574261,80.3361899195602,71.7173896143225,3.46355793126763,-0.00728929779768515
89.4740378382676,85.2637910072257,104.364207904467,81.3609934041785,72.3758236679206,3.45040498831578,-0.0464877411620583
89.4673587801449,85.3263095955235,104.448235568531,81.4373847322092,72.4216009902377,3.45059074985219,-0.0482875221917299
89.4485583100426,85.5022893262773,104.684759874349,81.6524139851849,72.5504567605829,3.45111363858099,-0.0533536151672889
89.4269093501027,85.7049320325832,104.957120362872,81.9000226704084,72.6988356785073,3.4517157510325,-0.0591872801386284
89.4232741102206,85.7469142884968,105.013410442651,81.9508204118737,72.7285852805469,3.4519608827078,-0.0602806141959859
89.4107635137854,86.3487667423046,105.81374906127,82.6515188694897,73.0974526613462,3.46202225173717,-0.0699160995120458
89.3767735340891,86.4444053946865,105.944391513351,82.7582440993361,73.1296580076577,3.46429873913355,-0.072073063700164
89.2834145714511,86.7070923822709,106.303222083764,83.0513821604588,73.2181151868002,3.47055147901997,-0.0779975138130978
89.2008325149042,86.9639609652757,106.637937923385,83.3202632772103,73.2783081325522,3.47731954693275,-0.0816593975881136
89.0319531297293,87.5606849482951,107.362591704562,83.8907672653126,73.3397918873004,3.49324109943511,-0.0842733028719972
88.8989359315875,88.0841149161444,107.942285842443,84.3394049642478,73.3211681442575,3.50427441324173,-0.0819801293392362
87.1730457439785,91.8888512657431,111.343562817747,86.6548127397676,71.8154252904283,3.3996381970726,-0.0556967841472544
87.0396282091511,92.3180415946846,111.77770104281,86.9545270038735,71.8152800785146,3.37883739848227,-0.0570595064068273
87.0338680342582,92.3365714780336,111.796444546857,86.9674668815394,71.8152738091287,3.3779393438304,-0.0571183406414411
86.8962295977845,92.6929193207334,112.172087122061,87.2257898070777,71.8271962139156,3.3590426808119,-0.0603816387079244
86.5223801853743,93.4451684199839,113.069627566333,87.8616316795298,71.9933765022162,3.31306019842893,-0.0781167479962918
86.3420448622843,94.0157811145313,113.823735593529,88.4526119085566,72.3081703803344,3.28133083856324,-0.0929571962019157
86.2934572637654,95.353470589116,115.801984877647,90.2373768357658,73.580563663682,3.20573926758732,-0.12686938199852
86.3128190920719,95.4966088244162,116.025838618554,90.4555965426703,73.7447728625672,3.19660544029842,-0.130203705504157
86.2643895212485,95.8657267678319,116.724546156975,91.1801001673398,74.2491944209563,3.1489712064193,-0.148186561881717
86.2615485343714,95.9042795301468,116.808723880117,91.2734375992198,74.3044693764948,3.14052229765314,-0.150188366757005
86.25480716613,96.1074843830962,117.262278129339,91.7776789906168,74.5703340175575,3.08924718857114,-0.1598043863399
86.2607979311443,96.1758342136502,117.424733856068,91.9595991317373,74.6342017517507,3.0652372115108,-0.162100805415563
86.2461056652465,96.3094097742091,117.697582584377,92.1538435805902,74.3320002656967,2.98770216455371,-0.156219620700082
86.2395135258743,96.306873871661,117.694968333975,92.1478719910949,74.3192841649155,2.98678508207563,-0.156245693704683
85.6205935973849,96.3148984559341,117.668898133724,91.7641627258506,73.3289271398664,2.93643704112951,-0.157707114126304
85.238864044249,96.9323091017167,118.436067997154,92.5898837768742,73.7429267755528,2.94363703877435,-0.174442564236676
84.9075856187911,98.2552116680845,120.26333407098,95.1161937424992,75.7070528964602,2.94376750948159,-0.224467838161382
84.8993154155124,98.4710664542475,120.551029236447,95.4940575683453,76.0037294561222,2.94170356716395,-0.230133972651836
84.8962702045977,98.5990644067243,120.720400226628,95.7124809391794,76.1744488371877,2.94025039449916,-0.233252351037479
84.8917666286212,98.7883611483784,120.970883737901,96.0355082345381,76.4269264897407,2.93810129097694,-0.23786413471233
84.804136745008,99.1244344034648,121.432097276731,96.6176812277387,76.8707329130989,2.93055345245826,-0.249204582870374
84.750446681635,99.2502645987322,121.609110747745,96.837929614476,77.0357364615927,2.92674880869601,-0.254277262282792
84.6466822897076,99.4942449442879,121.949769369153,97.246023654931,77.3403857630458,2.9191459783123,-0.263240267052887
84.479532144493,99.8894954902942,122.494454691339,97.8540159453392,77.7910882096718,2.90619675940311,-0.275315066308251
84.2611676789681,100.417275484212,123.208991563243,98.5703646753325,78.3239163361385,2.88836233319469,-0.28585305847428
84.0202019906468,101.032084673296,124.030306238951,99.3268473318082,78.8994447406239,2.86707706839342,-0.291778828659959
83.9519805277697,101.220394236845,124.28027285439,99.5505223623076,79.0745227089268,2.8603382940944,-0.292396179927943
83.4311481135553,102.066230006745,125.457440608526,100.604275101268,79.9039317535238,2.81864919812673,-0.301036027020065
82.7917013962368,103.629995449942,127.590224027584,102.780487472936,81.677907135967,2.73357542982425,-0.325400510564314
82.7144513255892,104.241360814297,128.370206379232,103.646342222155,82.3716188735083,2.70331576246397,-0.338363824525851
82.6029029843324,104.727473999787,128.991138993001,104.350234209085,82.9240236555674,2.6751692225133,-0.354432898924042
82.4877115399876,105.040909359901,129.395760297876,104.815412486897,83.2828497862117,2.65404600072865,-0.368427142265205
82.1635675420497,106.034463297959,130.630519374799,106.188797588724,84.3354005265879,2.59251193592585,-0.413578829501988
81.6219245969805,107.619121226559,132.526019993483,108.118129407399,85.8156404652523,2.51181937126587,-0.471068477905478
80.6747398015407,109.165321385588,134.374289062892,109.795653392243,87.0457022192547,2.43996572719674,-0.505313574294086
80.2898122269427,109.940386654715,135.275059593148,110.581506217888,87.5758258076771,2.41541123395653,-0.501984357532551
80.1590698388115,110.318837895923,135.704714575794,110.95929074832,87.8169053045878,2.40646538025271,-0.495544352132056
79.9808124721392,111.537821160348,137.045239403544,112.164125559968,88.5235259192542,2.38785274886672,-0.457866630634432
79.8981526569841,112.454377275413,138.029748732711,113.06776618517,88.9616203246966,2.37394521555025,-0.418656648816099
79.3878930215686,117.075537449121,142.911039708961,117.927845724177,90.9576071059448,2.21767533183741,-0.167729254863825
78.4143178811725,118.759449009409,144.655459718284,120.197634995065,91.6468978775447,2.09460074368578,-0.0552581657459495
78.3754475159696,118.845101667391,144.739263099829,120.318624792386,91.6776160750864,2.08903310148337,-0.0489017458334448
78.1705335514838,119.094648709218,144.959936985211,120.717790283619,91.6919791501462,2.06714295347669,-0.0243241885574133
78.026953241824,119.259809788518,145.103949328882,120.986027224168,91.6949614180487,2.05216286840018,-0.00753165433840139
77.6963579629315,119.931873414454,145.575514191746,122.045615822364,91.5793605435058,2.01288225678859,0.0764732150758103
77.6415454957294,120.258947970588,145.736886998806,122.507277015262,91.4681147235042,2.00734806707244,0.12700708437087
77.6316213760767,120.392484120047,145.774846176467,122.667959886158,91.4036749849767,2.00933842105327,0.151785962847498
76.9948591889207,120.311416995545,144.956191182723,122.194413055191,90.4886629159912,2.03244881282406,0.26822617555927
76.818335631888,120.198852675604,144.632539695604,121.869976991641,90.2604386715897,2.03819740489509,0.28887091079216
76.4300482277358,119.906631751238,143.772679527471,121.01978676647,89.7344401488493,2.04746377003334,0.332711566582837
76.3896539388221,119.870627970779,143.691631037744,120.943469070196,89.6845990444852,2.04724045770555,0.335008799784092
75.7955118314655,119.198764053446,141.643269823881,119.365380293853,88.7949243705858,2.06139039742523,0.410168180439571
75.761364475597,119.113934145524,141.265919863408,119.179206902475,88.8019274593985,2.07431928780833,0.430012739298627
75.6567315915825,118.979861498183,140.959715526465,119.003371354427,88.7870475178685,2.08062381342705,0.439869428726164
75.4150722172185,118.62594522192,140.2161704223,118.610757022207,88.9601057667723,2.09559200495703,0.47011193470054
75.3816477520752,118.569969293888,140.103971255833,118.55542037679,89.0114429946162,2.09744344172164,0.475600643384062
75.2510077052689,118.166074695558,139.329664063444,118.234105123111,89.6243798823732,2.08025168865001,0.52372017191577
75.1938762432968,118.010362425337,139.077144570108,118.112626508674,89.7355281668345,2.06325710051413,0.53197987240475
75.1902852596895,117.982008986284,139.026531884923,118.09243496262,89.7619580730925,2.05908896085969,0.533612010518407
75.1872845562671,117.958316240532,138.984238832584,118.075562470852,89.7840434733161,2.05560597338491,0.53497586035989
75.2148433622892,117.864500596059,138.783826463091,118.021362441451,89.9182482051273,2.03775854982201,0.541263552742066
75.6236363051323,117.903631888816,138.493549151667,118.191558092756,90.4315242013104,2.01891368068847,0.548178451540346
75.7373504115949,117.946461955212,138.470283040373,118.262692983478,90.5484159723275,2.02219410396746,0.547803821620978
75.7625829840213,117.944657368419,138.441963566629,118.273496787926,90.5766620399413,2.02557130692235,0.545884612086217
76.4580577705903,118.10727395839,138.17800566426,118.675029088078,91.2240137177037,2.18438415514267,0.516462919339357
77.5270651288914,118.262874373695,138.045735300328,119.058782219289,91.7203779570522,2.60215404411874,0.561447712100836
77.7080588999041,118.281010267228,138.033551069906,119.09586949342,91.754298312131,2.67443769183223,0.577827857653353
78.3833090561464,118.499996964252,138.134495269488,119.320424050905,91.9619381433306,2.90920691634916,0.641624257336542
79.8228765121205,119.512320434564,138.317042964478,119.989268774135,93.3335760308088,3.61551866757544,0.807749188373698
79.9445375622822,119.624171959081,138.298394613868,120.096236218435,93.7300669726502,3.71877127779306,0.828847891387839
81.6317276010347,120.192916156505,139.148505512894,122.004271605802,98.5492799923713,4.42433499113977,0.991498948374635
81.8508259460798,120.180172604451,139.266291899265,122.248815882921,99.1728369674136,4.50172065390423,1.00744625816299
81.882206412728,120.179564144978,139.283462667438,122.282836798671,99.2567174205695,4.51204060175372,1.00956060952509
83.860072722526,120.538940938296,140.076400588306,124.135392791251,103.763424140381,5.18409101232198,1.15794961002741
84.455998744901,121.100621537392,140.016805508737,124.673037356011,105.253296442934,5.70590575263964,1.31597261897075
84.5206568841901,121.209985048379,140.022527373771,124.839700629636,105.669979485464,5.91921671621097,1.38849349572919
84.7486787405879,121.267042021007,140.168787160116,125.203949309396,106.432026673227,6.25349713575268,1.50665074868111
85.3088788779144,121.330570867524,140.277398522195,125.540156936111,107.297125060969,6.61018979829941,1.63424265295118
85.6259732871205,121.241569548291,140.044535672911,125.420524528785,107.607868690121,6.83678104378014,1.70987682048249
85.7054758970187,121.256377817032,140.009758866475,125.391665666275,107.656146265127,6.87697384408193,1.72327709598837
87.1468966419361,122.104973404974,140.017426871975,124.94300586652,108.447086592726,7.55968546733525,1.92579412338761
87.3065661636562,122.24581857985,140.108898851976,124.945359799188,108.56919822609,7.63499555024872,1.94505678938042
87.7982134176154,122.659584563423,140.421179936784,125.106216137404,109.0137192079,7.8377344178546,1.99764405433637
87.9444948643099,122.776805837025,140.508666679943,125.167379489486,109.150850128911,7.89537142048674,2.01273191750369
88.094633880706,122.859513476078,140.525948202541,125.177665682606,109.292772461966,7.98680770016968,2.03334524453099
88.1172844139143,122.869870617324,140.52446657258,125.17625771375,109.31424965931,8.00242226874593,2.03674417947243
88.3479357325298,122.969691563868,140.484892725185,125.187661347717,109.516115081144,8.1450247092201,2.06849924073803
88.7365719945385,123.151267397332,140.407473240702,125.271961390951,109.809395592627,8.33882165016251,2.11386510934875
88.9467363969559,123.262273046369,140.381392446836,125.338454591866,109.954175640935,8.42811099534695,2.13560792272243
89.0397137835343,123.313949153542,140.374946070426,125.370356992019,110.017133613925,8.46575707248399,2.14486621281161
90.6624114333282,124.192344920202,140.379723900252,125.684258259052,110.968513585,9.13761924711342,2.2955271072979
91.0205859746709,124.402718242263,140.517742193441,125.786806072607,111.228731736828,9.25027264783501,2.32386004494368
91.1971669449005,124.489277474939,140.566179461845,125.814214630378,111.353805893741,9.31195332405942,2.33851485860302
91.2694597620803,124.508732562925,140.567680726831,125.803836850053,111.401973428842,9.34295161730661,2.34515610386366
91.7750741489706,124.639691452013,140.583070805278,125.757157975956,111.749836854967,9.54524579489895,2.38999623177029
92.2801319018051,124.771179576743,140.609746210969,125.776519101529,112.114961025838,9.72017616127331,2.43196006515253
92.354339634325,124.792279031215,140.61551130335,125.788212610554,112.169984679686,9.74351802928483,2.43791304393153
93.9832049670838,125.080459958943,140.496994414058,125.977861986173,113.352454653697,10.2986518206985,2.57182883887972
94.0914976268962,125.096331367616,140.483778318516,125.993489862401,113.433617073886,10.3365737234539,2.58044215703908
94.7275071924028,125.243207822096,140.478504961118,126.134220373143,113.941034102002,10.5469744487065,2.62929938763025
95.794399904589,125.496755225947,140.51811777601,126.332860657934,114.950769197349,10.9208853948083,2.70976128569271
95.9162523344921,125.515837136633,140.516418881113,126.342828692068,115.08574097998,10.9678974958348,2.71845003831076
96.2428983353743,125.587322870557,140.541358790458,126.394013624979,115.457826085822,11.0872284703011,2.74081745736644
97.2686367114007,125.959124825258,140.832554044114,126.738009426005,116.68768080551,11.4210285133124,2.80766842458235
97.3514406407513,125.994342770813,140.863647324241,126.772260391278,116.788806156931,11.4469352698834,2.81310140975207
97.6133977170888,126.062084181142,140.922122628907,126.835298010979,117.141278460361,11.5493187701394,2.83128478801284
98.7261821313901,126.381109148696,141.262707060406,127.029946741215,118.676015151674,12.0161751892908,2.91986940350726
98.943859112766,126.469784414339,141.365401478643,127.064797930227,118.96071442076,12.1053696515452,2.9400292616183
99.2134061362301,126.588581676968,141.507600709713,127.098346767483,119.301813692241,12.2167331419122,2.96695884136557
99.3318235842866,126.642760417663,141.573396776643,127.110960643519,119.449135115984,12.2658597358448,2.97922434068648
99.6535890430629,126.746851358236,141.731535695792,127.046338924649,119.862708509703,12.431697230846,3.01865817034701
100.47225215812,126.997697829867,142.255382131087,126.705778957939,120.796259061592,12.9064445966298,3.13780814439238
100.882706056466,127.210418190324,142.634394442185,126.70657447732,121.175397603245,13.1034203554186,3.19397278882908
101.863543383169,127.777064869101,143.792376369358,127.043396708324,122.023421326964,13.6102916622351,3.3417948245215
101.948722536322,127.830432733748,143.911602267893,127.102060454343,122.100807121207,13.6579304129859,3.35577941468091
102.198717604829,128.004566591738,144.271129559255,127.330429152187,122.34968662505,13.7905176838337,3.39642229215896
102.794510475569,128.465303722496,145.141804746931,128.016186210946,123.02020526349,14.0915328574838,3.49493852479934
102.946698965468,128.592734886369,145.362018892516,128.217458782731,123.216150829729,14.1677574425745,3.52204930044586
103.39938404327,128.964699223178,146.082134840362,128.885439341786,123.887204628549,14.4581703494537,3.62460518213713
104.727261193241,130.197758985781,147.964237614114,130.607600675846,125.691165852735,15.4149342038362,4.01096197469579
104.746215336438,130.217536990737,147.989087103876,130.62448397057,125.703379089401,15.4351291630544,4.01945835117291
105.577245864604,131.160823192712,148.963642207384,131.264047448074,125.965500024715,16.2097092383659,4.35053648688808
105.602864063218,131.192707888541,148.992426883457,131.282920746492,125.973789084269,16.2343617298816,4.36121970295581
105.885925431831,131.772976742054,149.452678770477,131.419765414292,125.962047078296,16.9982189476251,4.69029497539788
105.936170140901,131.978063934075,149.59270726643,131.439184330794,126.028105713901,17.2803011129328,4.82150104172332
105.966681740755,132.55824391488,149.884345465538,131.316676875991,126.141331841614,18.0689515532537,5.24490441865919
106.005552815668,132.755816191294,149.970192157769,131.275884365403,126.159293565052,18.2660013050764,5.37158523835875
106.00642120568,132.758050303016,149.971298250309,131.275822019129,126.159838057456,18.2678081994752,5.37281707145273
106.024631084964,132.804898958773,149.994492680626,131.274514636364,126.171255900599,18.3056982355167,5.39864824363294
105.970103237056,133.589343231498,150.067214191861,130.724276981798,126.477591891096,19.4603591859966,6.32351852912679
106.000938763023,133.624978617327,150.079653629685,130.712780419281,126.458336400672,19.5515545939652,6.40014086246577
106.000940727661,133.624980120097,150.07965445513,130.712780468933,126.458335792303,19.5515580896359,6.40014373128934
105.951259794068,133.551970908409,149.97793376584,130.564885452542,126.266309412621,19.7409213841205,6.5565781878406
105.830483771165,133.417259341059,149.831569229057,130.393290483643,126.025407534309,19.923842536449,6.70592659976733
105.821601984453,133.412190632109,149.823693358889,130.385679640224,125.977437979169,20.0095866786146,6.7760829249144
105.792596837652,133.423649963158,149.841293098943,130.435102641528,125.902969035013,20.2088225372754,6.94623155034072
105.754148418586,133.395112194095,149.81598122877,130.41608109492,125.864692314031,20.2321300930422,6.96760830233639
105.734646293198,133.379427491586,149.802516579193,130.407228948634,125.844150311271,20.2459243268326,6.98036406556453
105.690641697082,133.339181223105,149.769623058455,130.390450733372,125.793275487374,20.2849655252573,7.01682477171826
105.59836890738,133.15072330826,149.620424188518,130.319887737824,125.603377944027,20.4463780144404,7.16686560961857
105.437655660258,132.309899834638,148.894223760611,129.751232976615,124.970219299559,20.7200381683984,7.42255587407043
105.250231904938,131.54624853431,148.208439972548,129.152518345263,124.418956446676,20.8370549975355,7.54134342059431
105.090145201448,130.525445387458,147.287557591219,128.347070073581,123.728174937047,20.9523832338508,7.67767154500854
104.356533708389,127.734841971807,144.719346164719,126.029972113709,121.746192462762,20.8356107961914,7.82672284734951
104.041355906623,126.68383730457,143.743203147581,125.131315303837,120.915990017052,20.6499294327851,7.83459781441231
103.655635560189,125.873803646375,142.980646285536,124.402520510335,120.205891142114,20.5212237202426,7.82944909278641
103.433437181713,125.356226324584,142.492332832546,123.934932166007,119.748609905096,20.4469864782782,7.83085211878365
103.387803376915,125.236924402845,142.379505871383,123.826869831993,119.643267685913,20.4315147074354,7.83212960981751
103.366497855694,125.181224694338,142.32682919395,123.776417664773,119.594085486528,20.4242912435258,7.83272604512357
102.974958549696,123.852271632442,141.061224496028,122.565361917455,118.437858091702,20.2760103730531,7.86105728697919
102.722586397731,123.145439021607,140.37943614648,121.905928300901,117.822223029082,20.2043393934681,7.8679292103284
102.182734360481,121.439335679521,138.721121293456,120.300248649421,116.385416533501,20.0148617003737,7.87040031230334
102.023190486864,120.652783423482,137.952494118571,119.55474572431,115.766832037392,19.9122338075858,7.86894283286917
100.523479815965,115.841465908634,133.234516950141,114.927624505385,112.17984537983,19.2361890981091,7.81515873738696
100.354632861599,115.279063944541,132.67098648466,114.384338701231,111.747324598663,19.1581575343341,7.80688276065935
100.02458965076,113.659714843447,131.047805528768,112.834380679038,110.463406937292,18.9175570653236,7.78135416438076
99.8410278681098,113.153126320892,130.553378598712,112.355541116406,110.033512810293,18.8329176122416,7.76506037517625
99.7961404952278,113.040916733989,130.444286291007,112.249572902294,109.937439677394,18.8140146881896,7.7611441398733
99.5127222409821,112.380270072262,129.819862283898,111.63705174293,109.378578089974,18.6817572206972,7.73500918219824
99.4132132385733,112.190385407339,129.656443530009,111.471082135148,109.229648833708,18.6233155027408,7.72524295856851
99.395912965428,112.157767838202,129.628555482573,111.442687563145,109.204206324024,18.6130415847786,7.72354019144948
99.2324384168163,111.923360559457,129.462925178159,111.261019432825,109.054187495403,18.4927860595821,7.70723102967154
97.2345703593585,106.356259869063,124.559841006358,105.830059249396,104.016609573584,16.3657098485616,7.28124666120602
96.6246638652583,105.297876283599,123.765561101597,104.576410926963,102.839359803945,15.5878435616933,6.92768283265587
96.595576611386,105.146175613692,123.626730454539,104.41136819523,102.663899009659,15.5201904711353,6.89392856620021
95.9437989601377,103.882370713914,121.657358815106,101.824757985987,100.207356196211,14.3352553355835,6.19575100272877
95.4846685411379,103.77761091191,120.765363194134,100.809678462723,99.5307793609779,13.9103571498615,5.99301854493487
94.9668966280258,103.584235228282,119.266775403506,99.2033888671696,98.2718680687079,13.3629858030631,5.75190983280592
94.7573140698604,103.528078822763,118.765044695965,98.5981685165952,97.7452692138204,13.1410786343833,5.64580317437069
94.3976449651968,103.367570403737,118.328334768895,97.8568366454542,97.0611350108483,12.7549495256763,5.45181431224893
93.7142065415146,102.746907562683,118.007170730458,97.2409905591401,96.4751349537495,12.3824340774989,5.26142352637668
93.4229761465938,102.444117503781,117.929942001091,97.0614773511698,96.320750257788,12.2151857199568,5.18012552224037
91.929282883994,101.123687110587,117.276619202376,96.2494389299261,95.6458701981412,11.3723295805537,4.79058364337436
91.8903029911832,101.102645002938,117.260681358644,96.2274639606724,95.6229726988215,11.3381808645661,4.77542814590809
91.5934624781512,100.963440983262,117.168426746405,96.0536309279858,95.421927233357,11.0278700860752,4.63895117563984
90.40521128366,99.8958414352208,116.648961021793,95.1137692424512,94.3738353541459,10.0947256728943,4.22352626875191
NaN,NaN,NaN,NaN,NaN,NaN,NaN
NaN,NaN,NaN,NaN,NaN,NaN,NaN
NaN,NaN,NaN,NaN,NaN,NaN,NaN
NaN,NaN,NaN,NaN,NaN,NaN,NaN
NaN,NaN,NaN,NaN,NaN,NaN,NaN
NaN,NaN,NaN,NaN,NaN,NaN,NaN
NaN,NaN,NaN,NaN,NaN,NaN,NaN
NaN,NaN,NaN,NaN,NaN,NaN,NaN
NaN,NaN,NaN,NaN,NaN,NaN,NaN
NaN,NaN,NaN,NaN,NaN,NaN,NaN
NaN,NaN,NaN,NaN,NaN,NaN,NaN
NaN,NaN,NaN,NaN,NaN,NaN,NaN
NaN,NaN,NaN,NaN,NaN,NaN,NaN
NaN,NaN,NaN,NaN,NaN,NaN,NaN
NaN,NaN,NaN,NaN,NaN,NaN,NaN
NaN,NaN,NaN,NaN,NaN,NaN,NaN
NaN,NaN,NaN,NaN,NaN,NaN,NaN
NaN,NaN,NaN,NaN,NaN,NaN,NaN
NaN,NaN,NaN,NaN,NaN,NaN,NaN
NaN,NaN,NaN,NaN,NaN,NaN,NaN
NaN,NaN,NaN,NaN,NaN,NaN,NaN
NaN,NaN,NaN,NaN,NaN,NaN,NaN
NaN,NaN,NaN,NaN,NaN,NaN,NaN
NaN,NaN,NaN,NaN,NaN,NaN,NaN
NaN,NaN,NaN,NaN,NaN,NaN,NaN
NaN,NaN,NaN,NaN,NaN,NaN,NaN
NaN,NaN,NaN,NaN,NaN,NaN,NaN
NaN,NaN,NaN,NaN,NaN,NaN,NaN
NaN,NaN,NaN,NaN,NaN,NaN,NaN
NaN,NaN,NaN,NaN,NaN,NaN,NaN
NaN,NaN,NaN,NaN,NaN,NaN,NaN
NaN,NaN,NaN,NaN,NaN,NaN,NaN
NaN,NaN,NaN,NaN,NaN,NaN,NaN
NaN,NaN,NaN,NaN,NaN,NaN,NaN
NaN,NaN,NaN,NaN,NaN,NaN,NaN
NaN,NaN,NaN,NaN,NaN,NaN,NaN
NaN,NaN,NaN,NaN,NaN,NaN,NaN
NaN,NaN,NaN,NaN,NaN,NaN,NaN
NaN,NaN,NaN,NaN,NaN,NaN,NaN
NaN,NaN,NaN,NaN,NaN,NaN,NaN
NaN,NaN,NaN,NaN,NaN,NaN,NaN
NaN,NaN,NaN,NaN,NaN,NaN,NaN
NaN,NaN,NaN,NaN,NaN,NaN,NaN
NaN,NaN,NaN,NaN,NaN,NaN,NaN
NaN,NaN,NaN,NaN,NaN,NaN,NaN
NaN,NaN,NaN,NaN,NaN,NaN,NaN
NaN,NaN,NaN,NaN,NaN,NaN,NaN
NaN,NaN,NaN,NaN,NaN,NaN,NaN
NaN,NaN,NaN,NaN,NaN,NaN,NaN
NaN,NaN,NaN,NaN,NaN,NaN,NaN
NaN,NaN,NaN,NaN,NaN,NaN,NaN
NaN,NaN,NaN,NaN,NaN,NaN,NaN
NaN,NaN,NaN,NaN,NaN,NaN,NaN
NaN,NaN,NaN,NaN,NaN,NaN,NaN
NaN,NaN,NaN,NaN,NaN,NaN,NaN
NaN,NaN,NaN,NaN,NaN,NaN,NaN
NaN,NaN,NaN,NaN,NaN,NaN,NaN
NaN,NaN,NaN,NaN,NaN,NaN,NaN
NaN,NaN,NaN,NaN,NaN,NaN,NaN
NaN,NaN,NaN,NaN,NaN,NaN,NaN
NaN,NaN,NaN,NaN,NaN,NaN,NaN
NaN,NaN,NaN,NaN,NaN,NaN,NaN
NaN,NaN,NaN,NaN,NaN,NaN,NaN
NaN,NaN,NaN,NaN,NaN,NaN,NaN
NaN,NaN,NaN,NaN,NaN,NaN,NaN
NaN,NaN,NaN,NaN,NaN,NaN,NaN
NaN,NaN,NaN,NaN,NaN,NaN,NaN
NaN,NaN,NaN,NaN,NaN,NaN,NaN
NaN,NaN,NaN,NaN,NaN,NaN,NaN
NaN,NaN,NaN,NaN,NaN,NaN,NaN
NaN,NaN,NaN,NaN,NaN,NaN,NaN
NaN,NaN,NaN,NaN,NaN,NaN,NaN
NaN,NaN,NaN,NaN,NaN,NaN,NaN
NaN,NaN,NaN,NaN,NaN,NaN,NaN
NaN,NaN,NaN,NaN,NaN,NaN,NaN
NaN,NaN,NaN,NaN,NaN,NaN,NaN
NaN,NaN,NaN,NaN,NaN,NaN,NaN
NaN,NaN,NaN,NaN,NaN,NaN,NaN
NaN,NaN,NaN,NaN,NaN,NaN,NaN
NaN,NaN,NaN,NaN,NaN,NaN,NaN
NaN,NaN,NaN,NaN,NaN,NaN,NaN
NaN,NaN,NaN,NaN,NaN,NaN,NaN
NaN,NaN,NaN,NaN,NaN,NaN,NaN
NaN,NaN,NaN,NaN,NaN,NaN,NaN
NaN,NaN,NaN,NaN,NaN,NaN,NaN
NaN,NaN,NaN,NaN,NaN,NaN,NaN
NaN,NaN,NaN,NaN,NaN,NaN,NaN
NaN,NaN,NaN,NaN,NaN,NaN,NaN
NaN,NaN,NaN,NaN,NaN,NaN,NaN
NaN,NaN,NaN,NaN,NaN,NaN,NaN
