149.915717911249,181.515918663442,221.902817985607,199.054447882787,193.504424344701,18.7265208473418,5.05819083929907
156.885272008462,187.883038076319,228.573172363973,206.202259040414,200.845032984428,19.4288520718242,5.46565904690612
155.965458679798,186.872144985106,227.395998669286,205.57581086856,200.61780249622,19.517659612122,5.49992973610992
154.440977809011,185.435793087634,225.860814958022,204.096973148557,199.206000736247,19.4107510453551,5.43283377036014
153.933461127945,184.960309723055,225.354400658373,203.600057045936,198.724758128053,19.3723309971742,5.40905466605592
134.130049850997,166.429733283057,205.63129054839,184.212481550701,179.898321265821,17.8551167221014,4.46621665252849
133.409406520272,165.756107936905,204.914709236842,183.507037647929,179.211754977849,17.7993535303303,4.43144919565729
121.910975981082,154.985982629729,193.428240412059,172.429432205207,168.515420865204,16.952067072088,3.88164178381044
119.459805354545,152.646324327281,190.890465904051,170.323381540411,166.62354943379,16.8547479054513,3.7904577325582
120.48217720538,153.546149731575,191.795908251072,171.637742825932,168.075764011645,17.0431134168694,3.87836910962073
135.778252514791,167.577813480002,206.513963010999,188.132314126161,184.874753688591,18.8840521363794,4.9377640249865
136.67393496994,168.399859224968,207.377777073887,189.103219552926,185.859263480689,18.9987763871614,5.00643221680328
138.530040079437,170.090410360732,209.153842157713,191.272563858576,188.071664636604,19.3326029055787,5.2157392648822
138.45380604399,169.987494612145,209.045292000689,191.604768721096,188.446572058174,19.5665916419949,5.37550240624701
135.046507510736,166.807616554319,205.710127716366,188.653852068043,185.523400755212,19.550460510825,5.391726630368
133.576336384259,165.443546867569,204.283829551918,187.323751215504,184.197035453692,19.5064718554122,5.37141797105012
131.323311175855,163.355453892425,202.102341471723,185.274572931971,182.151472605453,19.431222048174,5.33407830744993
130.066070962269,162.191593094533,200.888278382245,184.135031662683,181.013786741408,19.3901807446883,5.31313497469937
127.115829202233,159.470969804448,198.064804362186,181.491819809607,178.373662592909,19.3012928548549,5.26315397620424
125.462949609124,157.961326414394,196.525374069646,180.123689237343,177.010438762511,19.3022203211759,5.25853856153525
125.564795232533,158.169450017817,196.953851154699,181.147035359643,178.085742695695,19.7503785453675,5.47541067601111
126.526500036404,159.100401828696,197.999551141049,182.363630929646,179.329059389933,19.9554226864031,5.57810852716653
126.558082971182,159.130830049382,198.033360263248,182.40182180331,179.368237239215,19.9614629358708,5.58114748760392
127.318213776706,159.863169461922,198.847070435281,183.320990961171,180.311160699081,20.1068382699167,5.65428848800435
130.527461612575,162.985214869854,202.342894791052,187.294655756846,184.436529543208,20.7929478692875,5.99765969946449
131.146551642648,163.660992469977,203.179243329642,188.358552317577,185.630292150896,21.1277104885966,6.16100943432241
131.012485368182,163.556987271791,203.093289204128,188.305564964902,185.604295647666,21.1748855854526,6.18342346309576
130.541840583499,163.190359974349,202.788245478093,188.113349593777,185.504764118747,21.3364044596186,6.26017868291174
129.068843446522,161.903768265406,201.530207579502,186.941496354621,184.432761270173,21.4656972164004,6.32291140469054
128.612976990067,161.498240115944,201.129076000587,186.553535785273,184.062816038849,21.493665265632,6.33877541480563
126.392768649139,159.505410215879,199.160520623083,184.614760247033,182.177683605708,21.6243649969386,6.42626150277493
125.469468061019,158.663496340883,198.348324272243,183.792523530447,181.346037534412,21.7061334006705,6.49406804404341
124.98262896885,158.208954527998,197.943343362987,183.369710627768,180.884771139022,21.8043803917589,6.57961936265416
125.097382488023,158.273731363306,198.148876259501,183.544151276386,180.931536682351,22.0317668991376,6.78019808020128
126.997363877194,159.878156682487,200.130145352757,185.498553500965,182.511909913411,22.5773839429114,7.27092893485961
127.368019864317,160.185989485705,200.512938230431,185.877618720496,182.809281624126,22.6832509809215,7.36999422333032
127.848467318264,160.572296963888,201.011608375182,186.367765330882,183.166846034731,22.8403033920475,7.52305799393702
128.503173255208,161.048038234918,201.722430659299,187.063504162486,183.549574461392,23.1746859655791,7.85966853285761
128.323998565956,160.785558906577,201.630595253737,186.973553046434,183.162542049488,23.4421068102367,8.1334028245917
128.289838903286,160.750439524749,201.602719555423,186.946931460474,183.119958940238,23.4553148594187,8.14613434929176
128.179209640098,160.636702121286,201.512441498665,186.860714963897,182.982049557289,23.4980903623056,8.18736658306529
128.137757226852,160.594085098322,201.478614614097,186.828409932284,182.930375374819,23.5141181995282,8.20281616253587
127.753454630327,160.210876472212,201.163862034488,186.533592345646,182.47208288834,23.6494185588472,8.32474554847008
127.399157847865,159.872839762392,200.872215338137,186.267796631379,182.076220082388,23.7571055319267,8.40983184008824
127.373135825567,159.84801199303,200.850794774329,186.248274743668,182.047145161944,23.7650148129404,8.41608116971069
127.336294975848,159.813504092884,200.820219215682,186.220465540559,182.006491250009,23.7754703378813,8.42347571886216
127.301754681059,159.781965851469,200.791236720919,186.194175990369,181.969021939616,23.784331403846,8.42856498839302
126.559659479904,159.116988918789,200.189664857392,185.681648927349,181.160233844766,24.0303034986022,8.53871492888971
126.518592113968,159.085464784671,200.17135976716,185.691377702822,181.109718580162,24.0872644537869,8.5494776255564
126.518646101604,159.085551748174,200.171533379071,185.691746925472,181.109721562196,24.087629700051,8.54951797476686
126.530297146889,159.104319299138,200.209000480511,185.771428684576,181.110365113647,24.1664533173228,8.558225718103
127.132500067554,159.639792981622,200.858447191279,186.652416710872,181.6877411743,24.5101122572094,8.55678747230556
127.322123282587,159.757549652019,201.047564586362,186.980264856499,181.868017469207,24.6727826203855,8.53767926145375
127.303056917935,159.68033171045,201.033785721771,187.088625395742,181.864016803957,24.7927536372605,8.52318490599073
127.155317979004,159.488640750081,200.90869393267,187.092352978094,181.76738079528,24.9011152825043,8.51541924408373
126.921807997869,159.221665441201,200.724802481005,187.069666543607,181.637561350045,25.0234540836585,8.51455801723508
126.74196611578,159.028997039883,200.598783064194,187.072412571953,181.566746663973,25.1146834496909,8.51923374663896
126.68564500974,158.970519889019,200.562424221442,187.078649378116,181.550467037363,25.1439991252114,8.52156417565993
126.495368549007,158.778340137577,200.435620734345,187.078515439798,181.486826854478,25.2275193282481,8.52719325212075
126.327447320516,158.615154620694,200.318984188831,187.053115372067,181.420361397913,25.2827219727544,8.52948537058395
126.123259424222,158.418362857872,200.183231553689,187.034508021982,181.352119458025,25.3519335096923,8.53162775282451
125.92705752022,158.231362145512,200.060556760756,187.032331096744,181.302632694706,25.4211065445298,8.53286175616933
125.804611584755,158.112891683878,199.991239045607,187.050042694449,181.287392946109,25.4705621740116,8.53241998112645
125.679971885283,157.99121894419,199.925104748333,187.079725801588,181.281440544978,25.5247453867168,8.53122967762548
125.652306309414,157.964211927763,199.910425288847,187.086314394597,181.280119323844,25.5367721309106,8.53096547262536
125.500319005812,157.804735066152,199.847279064068,187.175656802694,181.30966459962,25.6244980896248,8.52621640358941
125.432008008827,157.731490921155,199.821366448822,187.223309365672,181.328135732386,25.6669814884417,8.52361672853583
125.091705672941,157.331445002987,199.653322906524,187.373860688651,181.312824465074,25.8491416814443,8.49106278751259
125.026201208589,157.258689945915,199.606378988669,187.360816457336,181.278779913175,25.8666675503638,8.48462784580436
124.719135015306,156.913761063678,199.405305182616,187.339365944487,181.118010896186,25.9627496804385,8.44579721288289
124.01574211378,156.377576282366,199.249307835467,187.72422042313,180.883428007982,26.2332295774188,8.30652974425182
123.64475678492,156.162836263283,199.092718073788,187.697288771644,180.667153042706,26.2662774977204,8.25170990499084
123.499829667007,156.07848087259,199.029840495595,187.683335724693,180.581188862972,26.2781495257326,8.23057089975134
122.427171005879,155.626614730602,198.714106194969,187.783474789903,180.090845408181,26.3504859478794,8.05571324095029
121.811360175193,155.452946320469,198.64951742251,188.047483968349,179.941968770843,26.4101452909833,7.94253195538222
121.740814980066,155.435104808447,198.647286056743,188.088624285557,179.931356708177,26.4188711080255,7.92913345105685
121.557356784016,155.371402746202,198.619453682213,188.160005525613,179.883802331877,26.4368518156507,7.89725402158536
121.42430612502,155.297126432219,198.56352347204,188.153997380746,179.816932071465,26.4422472869539,7.87894393564739
121.164500011673,155.152088139321,198.454309352895,188.142265362445,179.686355473143,26.4527829463752,7.84319009347552
121.057191692399,155.092182638096,198.409200392928,188.137419659819,179.632423119043,26.4571345141284,7.82842260143464
120.775935362836,154.929225133433,198.299726873833,188.154924632498,179.504967565372,26.4780156468607,7.78989435548125
120.658617837724,154.86106947555,198.25433276248,188.163155613893,179.452231062454,26.4870171060896,7.77382893089909
119.984114692746,154.487490522847,198.075026096525,188.407020056723,179.245865373694,26.59865728708,7.68611965759273
119.960434895604,154.475605780865,198.071706469044,188.422131438541,179.241957726965,26.6045578079528,7.6832571230781
119.75919766341,154.397606523887,198.073759528398,188.606660113257,179.239925289446,26.6716263587893,7.66241229946668
119.409693737003,154.223809302309,197.974773489949,188.711194468829,179.124350117299,26.7431861680968,7.63679931965458
118.893010466552,153.971639739441,197.782280020784,188.749383591054,178.898150814798,26.8238420289374,7.60745755852468
118.494505751721,153.843166965687,197.690520784774,188.858076503995,178.774920495592,26.9051570238295,7.59046085352025
117.918473861331,153.783788031258,197.697115038438,189.220462812436,178.721136212465,27.0735585207892,7.57568451682349
117.432262606167,153.65713135867,197.637218006888,189.397752819546,178.597819434869,27.1873703856423,7.56202151919803
116.716260064142,153.337549094814,197.470157473843,189.521249995682,178.322990667914,27.3241718859524,7.53612300509671
116.672625715045,153.316261564685,197.466717920219,189.539931455828,178.311428935869,27.3353822977368,7.53445757652116
116.565580673437,153.264038382821,197.458279908232,189.585761351769,178.283065361909,27.3628840027175,7.53037189918542
116.293793894975,153.125164503317,197.458783539563,189.738335644949,178.22867651647,27.4413654208879,7.51928372284006
116.002178405818,152.960885359486,197.511588142493,189.987636477132,178.212756538576,27.5453316492053,7.50525584497395
115.744879307287,152.790980217115,197.551857951007,190.194828641028,178.190924446827,27.6314738751391,7.48989956442079
115.667073211012,152.728967957358,197.530328111908,190.201136071163,178.154458461707,27.6431881212345,7.48455680171117
115.419719287438,152.531824333724,197.461882444668,190.221188067938,178.038529184594,27.6804289657456,7.46757158612766
114.804850136009,152.050426092547,197.337524025112,190.336960929963,177.79211981988,27.7825540710643,7.42164451273445
114.413240432598,151.768321257392,197.30965098584,190.486073116863,177.683888728771,27.8604909338434,7.38987169977365
114.094226896024,151.570937954835,197.330871206896,190.673502697513,177.639004900344,27.9371660074245,7.36326387270409
113.979775997383,151.512240710352,197.350806352308,190.759689374594,177.635518844676,27.9690600065469,7.35398511447039
113.856006544467,151.452702903761,197.376369822565,190.859050807396,177.6358499317,28.0049763371471,7.34403773430788
113.569742658779,151.289570698453,197.345602600454,190.946750662195,177.55615699461,28.0573471685434,7.323052548313
113.24600849768,151.08689467712,197.246501612862,190.944267589187,177.408474843861,28.0946116075101,7.30076694081497
113.139291445344,151.024124402566,197.217228701909,190.948992284757,177.363242882664,28.1086466281149,7.29396464513141
113.012672540173,150.953435764142,197.185679279272,190.95979437887,177.312810151003,28.1269404889933,7.28640375052077
112.90684145074,150.894352520571,197.15930952221,190.968823025789,177.270657275587,28.1422309325814,7.28008417515671
112.227306212203,150.556376730019,197.043589333482,191.115966105169,177.04904906796,28.2665624062576,7.24539527323937
111.425414634669,150.220308910443,197.02047078592,191.480192825834,176.873893026469,28.4652944283939,7.21328050216852
111.424793564838,150.219936277025,197.020268273831,191.480176577367,176.873579951511,28.4653711159966,7.21324740303706
111.32887988728,150.162389380183,196.988993724406,191.477667277784,176.825230846384,28.4772142125731,7.2081358048533
111.238978063269,150.108449513378,196.959679458599,191.475315260687,176.77991225522,28.4883149858026,7.20334460080363
110.474333961146,149.675703387208,196.781157448353,191.557405901991,176.441219974912,28.5954655402869,7.15642129402781
110.362161333588,149.620130777543,196.771986937169,191.593856593761,176.403321123966,28.6139047410898,7.14781199117825
109.733582699584,149.369875557743,196.814126432841,191.930984371187,176.260588188305,28.7276836870147,7.0879805995461
109.719246394907,149.366886162083,196.81864792165,191.943699481457,176.260091267602,28.7305543146454,7.08614358506171
109.655188707978,149.353528900527,196.838850904294,192.00051332375,176.25787091922,28.7433808951486,7.07793540998592
109.52708115967,149.326816009195,196.879254401502,192.114134067722,176.253430493705,28.7690324892069,7.06152006257889
108.606496192043,148.934992800893,196.73036338824,192.257008488546,175.885243776335,28.8156224092199,6.95744601666162
108.465568187796,148.881229157568,196.710780859125,192.282929591253,175.83310092233,28.8214369187662,6.94137355082845
107.941560206047,148.737208357084,196.694159179391,192.461949213495,175.696677585479,28.846794677671,6.88298791247144
107.779300352671,148.710543564696,196.709015009542,192.547416507287,175.674862285714,28.8565095434603,6.86596293942202
107.713324819069,148.699701548821,196.715055452085,192.582167865655,175.665992093779,28.8604596484369,6.85904051432352
107.348298216396,148.656016406741,196.771039512152,192.809055741167,175.639605539517,28.8845015106913,6.82210094115178
106.988389727247,148.566786351111,196.767590334741,192.946713551982,175.565024246257,28.8962721719001,6.78896388972692
106.836908115333,148.502778343596,196.731879997263,192.953858684383,175.503862648934,28.8950971583641,6.77601658936027
106.677844691107,148.435566668696,196.694382320234,192.961361438097,175.439639850018,28.8938633341779,6.76242126313702
106.619297338712,148.410827696588,196.680580343307,192.964123018062,175.416001009987,28.8934091937004,6.75741715638401
106.600109681101,148.402720021227,196.676057037012,192.965028067543,175.408253879669,28.8932603587552,6.75577716613513
104.547981920718,147.573317414838,196.693850745841,193.850990578984,175.00186142639,28.8883352458512,6.44591778611586
104.358496369714,147.428371335358,196.681891097068,193.918126453342,174.951147794671,28.8757158355688,6.38874544671477
104.168585920719,147.201512279006,196.875807236779,194.299532802751,175.1069981128,28.8717565744388,6.2356923946662
104.188378215106,147.205971891533,196.92727570761,194.366760944597,175.165019470475,28.876103413182,6.22167544518562
104.177195945555,147.187407495861,196.938629797829,194.385597941,175.180674826242,28.8761230188243,6.21071536646166
104.168781985348,147.178787788653,196.933693992395,194.380829694066,175.176307326914,28.8753125197394,6.2087623980315
104.073300656223,147.080971649675,196.877682643206,194.326719792939,175.126745095739,28.8661150041833,6.18660017989932
103.944840667672,146.984148750692,196.818568187026,194.270671587839,175.086506334233,28.855128395035,6.15753700721459
103.937920482382,146.98003305552,196.815897502295,194.268182155109,175.08517513123,28.8545804405319,6.15599520776029
103.790611090017,146.992567113055,196.810079842977,194.276540519208,175.12471984842,28.8425020820174,6.116856895924
103.712732544832,147.285470111603,196.951235711586,194.460638775277,175.321543363002,28.826494160805,6.06183522055159
103.668578931571,147.509543886244,197.047506983486,194.587330414612,175.444010905923,28.8105202840131,6.01918888016736
103.595813651717,147.561766418953,197.034321451074,194.582508543738,175.433937759065,28.7943138761704,5.99290788536822
103.528665518961,147.609957610771,197.02215378151,194.578058899262,175.424642213115,28.7793585289568,5.96865566327447
103.480203560103,147.644738020283,197.013372165737,194.574847514541,175.417933458203,28.7685649984201,5.95115241871513
103.326166345361,147.90140235449,197.035097334387,194.629392742857,175.447100078832,28.7188633511422,5.85367026474389
103.318824018789,147.946378565838,197.046212724778,194.645258633007,175.460039175134,28.7128494112834,5.83899083817218
103.318756515491,147.947337163726,197.046482241787,194.645624774127,175.460350511441,28.7127333489603,5.83868854411499
103.309045691846,148.085238204311,197.08525415686,194.698296746434,175.505138426421,28.6960369684241,5.79520142030713
103.373615082238,148.441131909707,197.20745492738,194.852264452169,175.659365436469,28.6630389866955,5.68883616300138
103.486056412389,148.634442392019,197.284774239334,194.945175275704,175.780039556111,28.6520076371075,5.63269898520137
103.490805478175,148.640339670089,197.287236418535,194.948103897838,175.784386117983,28.6517700723545,5.63097945048401
103.573356317552,148.742849358664,197.33003535393,194.999010797494,175.859940415839,28.6476405928636,5.60108956462982
103.628422671069,148.765796436709,197.289187520054,194.961544311505,175.880832515772,28.6354238503788,5.56166798527773
103.675023163126,148.669842936871,197.11734821818,194.790250109379,175.844635539275,28.6111271067026,5.50343846497231
103.726734515402,148.578200929834,197.004462330142,194.682638583194,175.843903025652,28.6015085676068,5.48001411748533
104.232314229011,147.511780478095,195.976418111137,193.799844845962,176.237509268166,28.4846578255741,5.40340249079643
103.934269253294,146.42608727082,194.835784426351,192.487321569866,176.134711333643,28.0411305517761,5.22401024520361
103.982047048397,146.604532952966,194.649364359705,191.904242896619,175.88332519121,27.7293938950272,5.07301457286256
103.89671289119,146.748505790803,194.275044096488,191.121178457318,175.244682479691,27.4644185053111,4.94340053632237
104.175476110064,147.70726758068,192.928772521232,188.695271017474,173.20383952087,26.7891853528327,4.66154384332789
104.429054714595,148.244730932001,192.124792929866,187.475781788281,172.219595592287,26.4920668959618,4.5671406114284
104.467892891802,148.323244764047,192.002781073166,187.297200377058,172.077233814288,26.4494656231681,4.5547116687444
104.613836108725,148.837253574522,190.521732807802,185.289927011582,170.443806881597,26.006474827233,4.43583031491147
104.80686912572,149.721649294533,188.076610389359,181.932786524435,167.631238693123,25.1885847577632,4.28376144369992
104.974403145389,150.541900084893,187.252989916497,180.278629118024,166.018993851711,24.5823324172702,4.21667374681939
104.882399399842,150.703671795043,187.157947877572,179.844595140148,165.493238686548,24.3717172462509,4.19299419638029
104.67883823042,151.223542013515,187.409804941966,179.167259678318,164.466946743518,23.8398544389898,4.14435003720372
104.660971819932,151.305046812573,187.49642490346,179.13486057597,164.384631499489,23.7743937811665,4.13975765783282
104.455420493475,152.704109595322,188.648085235773,178.748562574562,163.71710395855,22.7597636114576,4.06709790965376
104.42365325118,152.751098434542,188.647681835086,178.689529367714,163.675876763717,22.706977048545,4.0611220448756
104.143095143587,153.421635055079,188.233131779192,177.744442680686,163.263743150645,22.0772008297758,3.97899684064842
104.074608045607,153.986082043723,187.667059256291,176.929190994884,163.021141530157,21.6764778239903,3.91496420052844
104.092552062241,154.393996797703,187.256661277494,176.370283987577,162.861071852545,21.4445186725402,3.87163733301275
104.102849744824,154.532262485722,187.118985320544,176.183383536444,162.807323698949,21.3696026552456,3.85715127518948
104.070359800484,154.676257796692,186.872864851013,175.853097808295,162.660071215822,21.2630239248561,3.83199744655384
103.91317021094,155.113367307378,185.989996407307,174.627344408005,162.029925919997,20.9094693622335,3.73874972683938
103.901978528743,155.800818914881,185.201242454645,173.321555871132,161.345402808411,20.5317854709083,3.64102475645398
103.932021594285,155.979643461773,185.081022888908,173.076322452243,161.223066734545,20.4548991896975,3.62426342250329
103.996810467492,156.313509672122,184.876663981083,172.644966713495,161.015101786961,20.3154600899642,3.59616896158788
104.111050723526,156.784422573445,184.642633069744,172.10687095903,160.777733140827,20.1282665544273,3.56605282724903
103.990767177016,157.498975428325,183.699486492554,170.491103700821,159.94901295108,19.6208916553933,3.49228570289635
103.972731789119,157.855973023967,183.330026170482,169.894074723563,159.722401862003,19.4048799162199,3.47290754146021
103.963287439679,158.466027069947,182.822230048766,169.085119411311,159.493512234937,19.0787670097859,3.45232133887171
103.961313298071,158.621100604321,182.72141714807,168.921006257277,159.462513153691,19.0045009592598,3.44918388542139
103.917744035321,158.915385366624,182.483607869489,168.546105558922,159.364875671995,18.8445496661405,3.4404217811971
103.897198465238,158.934735545502,182.447327853649,168.493278774786,159.341224577272,18.8255896373807,3.43859888125994
103.638010073664,159.1842936876,182.012145826972,167.848845681377,159.055077358884,18.5901536931837,3.41677552963218
103.588749220001,159.236031638347,181.947219744615,167.743747659351,159.010349538239,18.5483713150686,3.41355496314572
103.182832655156,159.751377193227,181.506293069092,166.929552580804,158.688151272676,18.1932310268968,3.39483268702276
103.106190889062,159.919933423983,181.457990575662,166.772954131405,158.643334466265,18.1067803663279,3.39619400563647
102.943271739333,160.470654063845,181.366143367453,166.340902351379,158.547840537028,17.8484911408027,3.40936661971907
102.759956394142,160.677899081103,181.173119801201,165.905894199067,158.336237987872,17.6670433627006,3.41382286730323
102.757493807901,160.679976153564,181.170415438204,165.900241016068,158.333283560629,17.664825235776,3.41385752604765
102.660287164841,160.806510248008,181.026463008114,165.595747937141,158.18292336266,17.5444575357557,3.41739865114623
103.340938808055,162.077578743527,180.145727559041,163.709608152512,157.467116625547,16.7969292673163,3.44554003709723
103.662016506528,162.27783577466,179.708617074695,162.99627449106,157.060660095205,16.5915335561057,3.41859565544616
103.669064572514,162.281849157914,179.701757844678,162.984749745358,157.054079526473,16.5881497052509,3.41802566576835
103.877400065626,162.400481727603,179.499004199818,162.64408699,156.859562898165,16.4881256365396,3.40117720253981
103.909231097232,162.41861688404,179.468167683412,162.592236804887,156.829967008175,16.472886433409,3.39860737866472
104.171057095024,162.573810040062,179.303418879842,162.290468422882,156.664200596054,16.3746492516793,3.3802354051868
104.58476632214,162.841192291603,179.100311473151,161.887255726686,156.457223355041,16.2278213474909,3.35604372210852
104.958156322338,163.120824923382,178.970752744992,161.588214689628,156.328918757123,16.0950063383112,3.34241686098047
105.106022803341,163.240646660037,178.927741220506,161.479024784843,156.288383262496,16.0408792422571,3.33895135260833
105.285354694988,163.397317068702,178.651879456705,161.015530740334,156.022481766649,15.8658784330338,3.3293156276819
105.360346156902,163.496963702507,178.465638625573,160.714172355457,155.860098666404,15.7460685423109,3.33204531892256
105.466504583091,163.690702128873,178.216872822512,160.307836193529,155.677266275872,15.5657068503543,3.35216888259542
105.769462652183,164.374815895625,177.784866429078,159.587262294698,155.533018255295,15.1711700812008,3.47236040874543
105.894570310117,164.698097948017,177.5797293909,159.273922237652,155.487695527838,15.0061890327069,3.54394511863221
105.894627888625,164.882049659829,177.250540450108,158.837147088241,155.310296546358,14.8413688116844,3.61046767761752
105.935849300699,165.045688228228,177.031433728678,158.549715297192,155.211563621905,14.7318193107341,3.66562311030474
105.987745452413,165.20178446813,176.844147213283,158.303761791515,155.133786707705,14.6368482920385,3.7165348196737
106.032801978921,165.29651136003,176.753921645668,158.184954849318,155.104282989399,14.5894936291155,3.74559523727355
106.051775359869,165.336401017432,176.715927503679,158.134925041243,155.091858922782,14.5695524989623,3.75783262919852
106.108926386321,165.456555399589,176.601482733941,157.98422681343,155.054435536738,14.5094864485342,3.79469371955937
106.655490814226,166.265794693833,176.021176199211,157.201310464302,154.949574507914,14.1744885335082,4.03673570106921
106.733161468279,166.40636819174,175.647452468809,156.730111601395,154.751821761864,14.0234410376495,4.12914317251906
106.824998991992,166.540191013507,175.383737734172,156.390712260518,154.635577625065,13.9045362914825,4.21010456791964
106.874002468985,166.604818688017,175.296225588177,156.274364457361,154.608599938881,13.8588983449232,4.2447797498398
106.910132656634,166.652468572285,175.231703018548,156.18858140239,154.588709332662,13.8252495576472,4.27034570773555
106.960114922838,166.717197289351,175.157419469648,156.088084701009,154.570698788388,13.783961064323,4.30318108500549
106.983301582754,166.746289012595,175.134738388867,156.055758954148,154.569820091395,13.7689451581443,4.31642163641466
107.070114696164,166.855211258336,175.04981821299,155.934728208952,154.566530164257,13.7127241426655,4.3659955506938
107.162751350288,166.970837967028,174.968822604184,155.817266071252,154.568508475741,13.6565827561988,4.41708889814434
107.496685078397,167.428798755519,174.303348517486,154.912318782313,154.343234052638,13.3359367833629,4.71853130970413
107.544755159909,167.494198136926,174.170795792791,154.735924347878,154.283119599285,13.2828175677219,4.77256871559044
108.571366116348,168.517554448847,173.172997863582,153.277135565381,153.907637391228,12.856364452567,5.34722382239567
108.716659486252,168.627469204767,172.971328989382,152.981106232268,153.777254203001,12.7850037691533,5.4393453638842
108.818325824414,168.705358751177,172.861743021922,152.813597058073,153.710163632246,12.7424903493537,5.49623622887398
109.002414668262,168.847914401012,172.712271951318,152.571827359482,153.626171265858,12.6770325133908,5.58749525881078
109.430592390187,169.198113404356,172.522934638037,152.211444300528,153.562748299489,12.5598365626462,5.75951702565188
109.611458367947,169.352416457071,172.47376367441,152.099090111133,153.563182928061,12.5169602357807,5.82342978028546
109.796998792323,169.489442958337,172.243917923629,151.739654174794,153.409499381776,12.4238975673006,5.9278721863803
109.888043114395,169.553463326133,172.074196155142,151.486029317369,153.284618538169,12.3631743534638,5.98949865343523
109.891115708954,169.555891191901,172.069678724866,151.479125859477,153.2814244968,12.3614743419077,5.99124734114919
110.016391003654,169.654879715688,171.88549483784,151.197659266534,153.151197593763,12.2921617643445,6.0625445346163
110.033472750903,169.669363307879,171.864632248942,151.165108482364,153.136960589605,12.283943766966,6.07110392015893
110.059755594856,169.693611299585,171.840994242185,151.126624579611,153.12206078396,12.2737533347374,6.08196050578889
110.903302321338,170.555937292562,171.357536201115,150.267568196668,152.865188771805,12.0251793527239,6.35372075196387
111.909609149865,171.98031430158,170.313474043447,148.644939095831,152.081846611752,11.6283351665164,6.69696569163542
112.298347127886,172.523373402524,170.176269857169,148.397818492728,152.045669651197,11.5357845213689,6.79234094421908
112.309214016106,172.542037134495,170.153730804099,148.367630453647,152.028421580306,11.5282087204577,6.79736076487654
112.340909370379,172.596473472201,170.087991352504,148.279581273955,151.978114288431,11.506112450675,6.8120020302434
112.561204070519,172.91683674147,169.732968764667,147.800704263912,151.713407328305,11.3761456528632,6.89507194290375
112.591643308867,172.955672311185,169.693455449997,147.746999801176,151.684786632745,11.3603985752274,6.90479962197333
112.793450745949,173.156507207361,169.521265625579,147.5042387444,151.56562668543,11.2765056392557,6.951468695672
112.925172600268,173.272330184643,169.431332580527,147.373715873581,151.505096397553,11.2266656422231,6.97718250310038
112.960173494059,173.297431866447,169.415148856459,147.348465200548,151.494773985043,11.2150277747586,6.98227061460581
113.05786578798,173.367494102325,169.369977863459,147.277987109721,151.465962716309,11.182544890872,6.99647223150316
113.471456011567,173.630370394059,169.213642333175,147.020639872696,151.369055702181,11.0496518867219,7.04632409805162
113.675374040068,173.693453356619,169.038343802559,146.768410632956,151.218780114495,10.9462054845863,7.06653093953857
113.693674799705,173.686847185171,168.998136557415,146.714803026225,151.180605300149,10.9281360039723,7.06814320119766
113.745322533501,173.668203489983,168.884665142293,146.563513601265,151.072869736811,10.8771409773679,7.07269326702162
113.776215131077,173.657361876479,168.817556422999,146.473942000463,151.00923405022,10.846742707292,7.07533488957321
113.783823011415,173.655901071434,168.804006806903,146.455475319841,150.996704320735,10.8396619750103,7.07567350753023
113.912820723239,173.63113195049,168.574262200656,146.14235794163,150.784252709829,10.7196024811936,7.08141504652652
114.092435246144,173.655177177564,168.319522816031,145.786066028031,150.563854854355,10.5618547966716,7.08814206713789
114.134315840558,173.664263654069,168.263998857248,145.70772722623,150.516948432631,10.5256329890598,7.08963525287769
114.398992268568,173.904165027919,168.050702798054,145.374826244045,150.37548713209,10.3122696615397,7.1040000624869
114.524250068669,174.285616416549,167.814830534407,144.99601336101,150.183439426111,10.0600932786275,7.11681240706507
114.517073260072,174.316844125688,167.779663372144,144.944400704002,150.148291170327,10.0327856435664,7.11703364146629
114.509466678783,174.863631582674,167.664547462002,144.66890959233,149.943252470443,9.80980408232297,7.12217403996227
114.509774827957,174.866646843296,167.664819176842,144.668495761795,149.942811688376,9.80902478763204,7.12220206617432
114.586936293064,175.463743036028,167.74135649823,144.613358105204,149.870888785698,9.66582586640813,7.12763664614151
114.603672241036,175.541028635898,167.760767349806,144.617431398077,149.868002819733,9.65194053262415,7.12829186515276
115.072856082683,177.391417561481,168.245084062188,144.723150356143,149.711713491346,9.34702654530777,7.13313072313453
115.232391044642,177.982672750092,168.337290891064,144.68511656215,149.552047720285,9.23967387542815,7.12652470200026
116.162228317551,179.584575261616,168.65542943943,145.000740897488,149.856854052859,9.01087006079075,7.17646724767754
116.376669879981,179.777678990608,168.694217242207,145.206262799526,150.227484803183,8.97078943418154,7.21552746652187
116.436506855501,179.776937290687,168.706934017755,145.362334080998,150.52141350101,8.95195125569552,7.24234209032963
116.489668515006,179.742000328967,168.794302302261,145.614388387826,150.922985884298,8.94744948428511,7.27216771875453
116.51272769763,179.725688204267,168.851057030929,145.741208718805,151.110779252917,8.94825099651135,7.28465870175621
116.724294959587,179.602947127457,169.800390684794,147.210956250443,152.961061500987,9.01822154337848,7.37085793686508
116.932320018093,179.491208377572,171.218852270419,149.038289613966,154.982681120109,9.1352878687052,7.41068947925627
117.15068942993,179.199107891982,173.345700549389,151.697925254978,157.842998787393,9.32509830778628,7.36792140235114
117.161063612938,179.196763297742,173.394814148545,151.760350660968,157.911871802638,9.32986922438972,7.36626819788854
117.173397539053,179.193975796103,173.45320559034,151.834568586815,157.993755328379,9.33554139470377,7.36430269355147
119.028191586145,179.001819108947,172.875691212658,153.488935737403,162.248523010145,9.79121102312147,7.24203282250648
119.051930738027,179.001588527804,172.846273532408,153.481323560709,162.269584310991,9.79665681767191,7.2425183308448
119.837399637409,178.909300123479,172.153238396581,153.296835627573,162.69469116902,10.0229280269189,7.28064362598641
119.988383071276,178.863853659716,172.111575865371,153.307687450438,162.742451146399,10.0771330340005,7.29186996867981
120.476352488079,178.80208926798,172.243847326735,153.52465257541,162.947428756418,10.2370694280797,7.33586352641247
120.509978704419,178.801539804988,172.264033219976,153.547371145393,162.964184563135,10.2473486952206,7.33924007053974
121.596914424875,178.986543911128,173.395202355281,154.699017875741,163.792202606458,10.5136753737364,7.48392146053125
122.13767555502,178.747953307085,174.197833697615,155.694682335164,164.581053940812,10.6611212614788,7.65596072187897
122.145467265643,178.746247910065,174.207442027784,155.709281292671,164.595102031413,10.6628484129107,7.65861195367304
122.415558164933,178.715209860764,174.514130090094,156.201368365964,165.084964642883,10.7221942295585,7.74688340820506
122.876146561347,178.648585811779,174.986924020256,157.06066413875,165.935282050107,10.853978676298,7.89762526604404
122.892144102925,178.603460908426,175.009218321979,157.122242342957,165.98679462001,10.869095809246,7.91055958839556
123.322826353313,178.310479803027,175.509439504006,157.936147827381,166.534584693584,11.0871776762954,8.04935122772498
125.324113929753,177.9476533064,176.44516805376,159.234907069221,167.193865826936,11.5795882351952,8.39019266067259
125.700354685484,177.936695395854,176.484432865896,159.359591132601,167.296320724202,11.6386956651117,8.44016350564224
125.795538625298,177.934224598368,176.494319859061,159.391154713907,167.322428492211,11.6536023936893,8.45276837829
126.421069023886,177.963638664526,176.571969218724,159.627601998482,167.535098342205,11.7512893721525,8.53093133758379
127.041029604657,177.586046859277,176.409931615759,159.800354850707,167.586988534485,11.9322581797552,8.64237655176737
127.149556861135,177.533236351344,176.432105127311,159.903349348639,167.646640774915,11.9799515039361,8.6730528417609
127.253428758295,177.497121187876,176.492562974843,160.053439336408,167.744449780528,12.0351059147679,8.71322744342994
127.351633649545,177.481749940623,176.601929426452,160.2646957502,167.892738418749,12.1002184588027,8.76693555894201
127.360569721443,177.484316696461,176.62350077275,160.299759280903,167.919472038908,12.1091875850606,8.77598870915969
127.391699311863,177.493258215604,176.69864645004,160.421906166243,168.012600950084,12.1404323232449,8.80752615217928
127.086471010086,177.220762776448,176.821968583085,160.743660106299,168.19623715712,12.2663516025034,8.97189657975633
126.786133896541,177.068760693998,176.949703582031,161.011415814945,168.402268952974,12.3650337353492,9.14262850725493
126.761106855853,177.071040033567,176.990626494406,161.077118354622,168.463894539866,12.386970633498,9.17891708016041
126.60634347369,176.979878431835,177.217960771749,161.48689832046,168.828599538311,12.6206764863383,9.46853714454827
126.689912725752,176.901929565143,177.293900091522,161.605298594157,168.896874065112,12.7734577603693,9.55587226364179
126.708444747319,176.899243690485,177.307151047914,161.622038891704,168.907866675958,12.7906300390586,9.56387037148943
126.74774334502,176.907453240958,177.33448999444,161.651371614457,168.930238355322,12.8118296312241,9.57072483370935
127.1239538204,177.018896518757,177.603038442344,161.925511291082,169.151164020466,12.9803924449643,9.61424595609204
127.415368947522,176.795943112332,177.817798640006,162.041141433345,169.150130760909,13.2250367837377,9.5994213530025
127.423089267283,176.794619203905,177.824916754108,162.045413031765,169.15230172559,13.2294358642912,9.59896579436612
127.466640139534,176.789126597615,177.865166559661,162.069983669493,169.16537952825,13.2534679457473,9.59657544840173
127.579952717476,176.823059421354,177.972233983313,162.145488536712,169.219695570405,13.2968725933295,9.59473737394414
127.859436099647,176.941672840956,178.232040737688,162.331225002541,169.349408958567,13.3927649616204,9.59281856481456
127.855213314732,176.906083468156,178.230373489892,162.310101386322,169.309356689175,13.4080927972676,9.58732052657147
127.848484822309,176.849376145851,178.227716933996,162.276443481758,169.245538285791,13.4325158327951,9.57856007359991
128.099336021726,176.895449788018,178.421601890488,162.327112346984,169.120066988362,13.581353370608,9.54363667984344
128.200206188076,176.877347136628,178.598100730332,162.357711710061,168.988889529095,13.7555992127487,9.46927419435534
128.211049188968,176.890829122148,178.619702826939,162.374522031599,169.003467873531,13.763470977353,9.46667046516206
128.278320850917,176.972268971272,178.720668498387,162.462716764978,169.086825159352,13.7930219721265,9.46044266879081
128.263396381298,176.96846857003,178.737713389694,162.46818701035,169.083164885004,13.8111989679424,9.45092960507387
128.101114465625,176.84066570685,178.615015912513,162.327203078813,168.829609336138,13.9276242439015,9.39017001645954
128.224422677686,176.934920217985,178.6871625536,162.441489803575,168.978501216766,13.9712680186139,9.44646966215842
128.164265997881,176.86918045216,178.626162218605,162.381522577216,168.923619460181,13.9684642058931,9.45453697675068
128.090332772678,176.788752171981,178.548253762722,162.305148042987,168.854749137484,13.9643535158645,9.46663978506157
128.049777974035,176.746706976449,178.460178943669,162.224164773476,168.799050177358,13.9549721415695,9.51070508452515
128.140402876688,176.846909660967,178.504432023575,162.273333866176,168.861764828016,13.952472474862,9.53881214989788
128.170519856961,176.880044787755,178.523039609644,162.293057567452,168.884211694415,13.9521567884416,9.54497373584047
128.070882623798,176.795161344794,178.383145690275,162.139318653062,168.718689311534,13.919856333069,9.55320796080567
128.068739665237,176.793283710281,178.380411036735,162.136329078065,168.71540217872,13.919156528105,9.55315142886779
128.036775943414,176.768070556465,178.330594822492,162.082321320764,168.656222911174,13.9021726789238,9.55260103898224
128.087466986603,176.828178131842,178.335397532172,162.090986837517,168.668891817906,13.8777263535665,9.55794442799486
128.156646319922,176.89818415891,178.374254552075,162.136344431266,168.722962958684,13.8690978057411,9.56513504710038
128.204561105687,176.940976562844,178.386082192811,162.154533608188,168.751150425447,13.8554930923174,9.57235975182637
128.11461874851,176.825139237146,178.254166551876,162.021080396211,168.622478371952,13.8231697791253,9.57353113136134
128.122722117904,176.784738010749,178.183383385396,161.949093733417,168.564294884026,13.7915125049925,9.58999764725455
128.238245859305,176.849534479991,178.215320205123,161.97684276313,168.606914179334,13.7732271638894,9.61633863913133
128.239522742807,176.850305315929,178.215761697933,161.977237649298,168.607457013792,13.7730608149959,9.61661223211677
128.344035221628,176.927273393856,178.273531377482,162.030745406684,168.668566754831,13.7670805766813,9.63487735894673
128.357783528733,176.828815041087,178.127968002867,161.856249056772,168.479455192911,13.6639976806112,9.68448982021198
128.365296604957,176.836229325792,178.131520431896,161.861395106925,168.485360813108,13.6613778011053,9.6862835359296
128.445455055522,176.925877049017,178.184065551352,161.933971699824,168.5713627145,13.64545109622,9.70183579155115
128.257140901254,176.750881700341,177.951203044019,161.740600529496,168.40203201068,13.5616997761735,9.71543199770368
128.30705043093,176.775275895872,177.926005423665,161.721790399562,168.41452265319,13.5167063402199,9.74532548872123
128.349207860141,176.804894093492,177.941560451104,161.73429430146,168.43637459757,13.5066557829939,9.75646391237116
128.437833420081,176.817110150078,177.927780968464,161.673820399277,168.392548599752,13.4642669499241,9.79129060176124
128.436537516398,176.814692140642,177.925426504488,161.670642437821,168.389320009879,13.4635330224063,9.79150025298797
128.70298633939,177.002104709796,177.885581826105,161.59457115873,168.346455000745,13.3475883198605,9.85513384195309
128.666840334767,177.083295442434,177.737125731654,161.520208302698,168.319733707046,13.2803209158496,9.85371033582618
128.717262229799,177.335309454304,177.706618088751,161.561814144829,168.453493714694,13.2363682192314,9.8403685741996
128.868513375548,177.606034341205,177.838362745752,161.68058532522,168.641533669737,13.2414723613153,9.83206545655864
128.895355880344,177.649772524475,177.863803223464,161.700823444974,168.672337442763,13.2436187234699,9.83077087688246
128.848318780502,177.700567842511,177.859436146759,161.597447559646,168.627866080053,13.2492551298531,9.79427718119668
128.833129564901,177.76781573669,177.915499942312,161.499334747255,168.59403556099,13.2723877905445,9.75273365168096
128.888391718077,177.938422799405,178.08344349174,161.469620726018,168.658443233393,13.3226831615147,9.70895821882926
128.894079392089,177.955717161214,178.100222364585,161.471051849433,168.66860948681,13.3277768745889,9.7057722061477
128.171157353636,177.885349886636,178.10867604003,161.18399897926,168.698646426524,13.5219331323994,9.60655089489781
128.13269728913,177.879957643006,178.109039855659,161.178413505935,168.706619050677,13.5324925248452,9.6046256539098
127.846832811143,177.886903610747,178.196474828092,161.218200262035,168.856291662067,13.6502391152658,9.60772670766971
127.826482807108,177.889856472422,178.208692311328,161.225367372795,168.87155050872,13.6615253553733,9.60906009070027
127.159871049342,177.717944199988,178.31665659564,161.186426152534,168.984444375342,13.9079809726535,9.62774849178128
127.042202546687,177.669350246374,178.32624109657,161.16344633627,168.979309097225,13.9487233225105,9.63110779018896
126.662534604315,177.518945961024,178.383637131457,161.100217992083,168.973993218341,14.0937125591843,9.64581694236448
126.303499861005,177.405159519616,178.52872492513,161.075791455264,169.009698832416,14.277603488982,9.67160957916766
126.017540473842,177.353150441458,178.744559483369,161.095177866865,169.087337568376,14.4757867385555,9.70426692761964
125.907764372065,177.353582480851,178.871118434076,161.120653354966,169.142084989439,14.5739807968485,9.72165491705445
125.826138488026,177.354037255321,178.965509571902,161.139714133655,169.182956641596,14.6471394159203,9.73461580839566
125.439838701738,177.174657773096,179.047118957005,161.024016234491,169.117041615918,14.8140754093081,9.75082308261262
125.00003899146,176.972511386484,179.122899063909,160.896010585286,169.053765450122,14.9899118887173,9.7652694945447
124.841350801632,176.911385674019,179.164393888394,160.8646962843,169.052108586523,15.0575095914592,9.77148242689904
123.259736542014,176.471670411349,179.727291983164,160.820988872835,169.384310635607,15.7280489420187,9.83689411713404
123.000744676819,176.368552509006,179.771035131452,160.783274283653,169.391675258781,15.8139728291437,9.8419028052349
122.676017217072,176.257542011991,179.863159397736,160.752802335052,169.419870699866,15.9398057389904,9.85196429663412
122.144445610212,176.145451228188,180.149722945532,160.755587024771,169.524959753061,16.2156406501117,9.88237100635917
121.895205262717,176.134777633266,180.361181961624,160.776610396,169.593268292782,16.3888072316073,9.9046388224353
121.766635857391,176.071100237482,180.367173456295,160.727395980814,169.552390300583,16.431262992621,9.90564672183569
121.190965967394,175.80680283455,180.423697168241,160.535606726397,169.403951784336,16.6312446330877,9.91294636210228
120.512641867502,175.603338129682,180.649437293048,160.481822706866,169.442425767435,16.9118230700869,9.9364103459332
119.643045434695,175.431844433004,181.083742888081,160.643634817342,169.784543196739,17.2815176952676,9.97846300298554
118.903335544116,175.124811680024,181.209708726888,160.612092882069,169.86928408451,17.4905951675595,9.98842397892571
118.730590960011,175.056769847317,181.247543919608,160.610344427631,169.896514349956,17.5426035909945,9.99131123052373
118.234412456705,174.908860358078,181.442281221808,160.612664291328,169.98968983276,17.7441795453894,10.0036713466963
117.909015923783,174.927852098236,181.690461240167,160.469755521636,169.887112719483,18.0108501855865,10.0090714213667
117.883946668604,174.914588606503,181.674234879569,160.422332070843,169.833954631484,18.021971275965,10.0056509953291
118.09254797554,175.713020617196,180.804459012085,158.051429544658,166.929956447919,18.4104086662287,9.79508594362962
118.029371355173,175.914923764764,180.433337035162,157.329240626452,166.044975684843,18.4890930612339,9.72278748321591
118.328706128441,175.88250016993,180.254996407369,154.426259014396,161.951973043321,19.3289630655366,9.74297672254436
118.192392713144,175.70026428282,180.29349748922,153.578622415545,160.69043198696,19.6637918108214,9.81747571873263
118.13554599713,175.67633399865,180.293849903857,153.403452746413,160.432774451883,19.7374001146009,9.83202178740272
117.841804609377,176.058155814314,180.620502421075,152.339298799481,158.743941443404,20.4442555105632,9.96585983142069
117.401310921967,176.009339262501,180.659605349963,151.352745073154,157.285558922802,20.9308287075331,10.0418717756008
117.22685757935,176.124437685871,180.996990576475,150.546890358897,155.973247714462,21.4985735567856,10.1814960604299
116.720830315018,176.015864735781,181.105693565615,149.566793918758,154.495602139523,22.0455594749095,10.2964383834908
116.710516221929,176.02376683202,181.116958256755,149.534165523578,154.443481283849,22.0690037162196,10.3009694404493
116.635946353381,176.31692460251,181.368852448173,148.697850552256,153.148849900888,22.6297113698115,10.3743559339474
116.625274347074,176.314620244945,181.363868794942,148.654173096877,153.08927240559,22.6466959352583,10.3742721651389
116.722762478349,176.457805715099,181.322983280267,147.422795108402,151.45487332649,23.1372444693079,10.3576864125885
116.75329224069,176.479132261722,181.329084295502,147.359361293314,151.374327765044,23.1647897487853,10.3571105859325
116.801444247976,176.512768816662,181.33870690988,147.259312511666,151.247290075782,23.2082345841312,10.356202383339
117.002682234024,176.651740343176,181.38269924877,146.874945344956,150.763038318066,23.3782035217132,10.3540440898574
117.263728146694,176.806694207628,181.413184550256,146.319354816143,150.091259882804,23.6037454791267,10.3502694911998
117.379194605481,176.785470126483,181.268134572112,145.414947838953,149.047859381692,23.86759670963,10.3248444174966
117.419410625735,176.788817271256,181.235373366708,145.163319098995,148.75864291613,23.9450144813309,10.3183288689014
117.482707389378,176.817846791887,181.220038803821,144.892702241497,148.444605308554,24.0400525728616,10.3118897127152
117.755742892093,177.000578129519,181.232171115176,144.017235269444,147.405145173891,24.3886815065988,10.2890058380967
117.901313895389,177.125216383651,181.258488255124,143.624555513266,146.918250324565,24.5650864500984,10.2721594805953
117.830095149668,177.069409481716,180.899338590109,142.323106804937,145.339170472993,24.9321561787401,10.1436184917951
117.844287278021,177.0909798583,180.854572659271,142.14539256169,145.121849802844,24.9894014386512,10.1226880301328
117.880415054833,177.135677951243,180.813411381252,141.961345634466,144.898462939654,25.0550635777759,10.1009477915031
118.123999847754,177.413984544088,180.619822352123,141.093683740956,143.873095044732,25.381007440329,10.0041399341237
118.1276908153,177.427972257429,180.137771878194,139.820350859955,142.451014984958,25.7121523174441,9.86606405312537
118.373200891363,177.636169137083,180.019946232024,138.990942810804,141.479511883204,26.0164177568217,9.77747957822325
118.378942579233,177.640882130278,180.020518639254,138.980008698995,141.465834229731,26.0214280581897,9.77633367504225
118.493613749683,177.717679830313,179.959986197803,138.489427608893,140.863704028787,26.1941333325123,9.72187535099237
118.479652675805,177.692589480366,179.90198796128,138.301897920316,140.638201699789,26.2390893789316,9.69982689004411
118.472146493282,177.679099633676,179.870805163085,138.201072433458,140.516960192477,26.2632600331987,9.6879725174035
118.600656823664,177.799170431215,179.536395032116,136.89528698043,138.956965523926,26.6693122558859,9.54910486462887
118.741917827935,178.06588317634,178.882700002033,135.196028671421,137.099439153413,27.1857497672826,9.41738633513981
118.768437291281,178.191396463108,178.432981356622,133.782115699523,135.488691748168,27.5736150190623,9.24437267897686
118.802799645832,178.217391378414,178.489546812154,133.679064264838,135.31472550463,27.623736195566,9.21378145579282
118.709315917634,178.08574048105,178.602879749244,133.369391405643,134.767015404872,27.7156136264857,9.1087008432964
118.474211230114,177.779472749723,178.957907979714,133.289743305428,134.314753407804,27.7757398897877,8.99515265516535
118.355396474024,177.581517121956,179.703032275328,133.659017272527,134.232437434987,27.9017197317178,8.98026356217136
118.367940768069,177.564659651413,180.0107875931,133.857181412793,134.271072654289,27.9959574920262,9.03120364018696
118.37451689854,177.557071114756,180.159010498102,133.952919828652,134.290139158472,28.0418142947391,9.0562903492445
118.252966345373,177.399362225599,180.309409875859,134.000009962778,134.173764475784,28.1557678810244,9.13441165599061
118.095291237234,177.159863379192,180.441523127389,133.982984951618,133.923049076672,28.3709738147045,9.30115166853785
118.032551117988,176.889186299646,180.444082028833,133.795066844454,133.454679346559,28.7238045486892,9.60222176472438
118.058737830386,176.817680139758,180.394716021695,133.695835894712,133.285693942552,28.8231008844626,9.69245547430757
118.107194100327,176.685364111184,180.303368450782,133.512217515508,132.973000916099,29.0068402549198,9.8594252306806
118.354009851283,175.426573485996,179.050543374867,131.84703187039,130.671290213954,29.766230656839,10.6204882576429
118.373206245816,175.307158306892,178.928350215065,131.700922240377,130.48222222212,29.8101002491134,10.6691235926518
118.578656956299,174.439896362414,178.034529433118,130.657537024132,129.147343188368,30.1141305601724,11.0150677921036
119.026137404302,173.350968665693,176.890761470122,129.396513590245,127.583561972162,30.4750747734305,11.4466397255311
119.093153333067,173.208540977974,176.740091954687,129.233709329902,127.384138443373,30.5220592410068,11.5035690293795
119.744099902067,172.054166747566,175.489172894537,127.97586405053,125.936497574794,30.8996613421057,11.9768662641127
123.27229969224,168.522288590082,171.408234788191,124.848223525016,122.936439931781,32.7520146262305,14.4960421331347
123.37174728888,168.493692949236,171.378087350441,124.858103029222,122.928680136488,32.7941857884248,14.5571323348667
125.259236668429,167.863874512936,170.7519298611,125.163721366005,122.604301378902,33.4824947556449,15.5595115869903
126.344231724469,167.372539838454,170.37867832887,125.383883207009,122.321755848408,33.8716455812337,16.1401468689078
129.799881368945,168.191449333051,172.361185703026,127.075065271741,121.903713825473,35.4386838830554,18.1905315225075
130.535959499064,168.173235480068,172.413715040668,127.102086943191,121.234689693863,35.8638308048837,18.6325371412257
131.075695788467,168.124366366531,172.384865885764,127.160621928996,120.803558349347,36.1887947601766,18.9387227662101
131.180739968998,168.112248727052,172.37654586069,127.177760704701,120.726579410825,36.2538484834972,18.9978630288282
132.031669510458,167.962977570912,172.37129637322,127.526560176416,120.299643318988,36.8478004675714,19.5112716069344
132.208107850802,167.918007503319,172.397777891379,127.660433431877,120.264481272202,36.9906972126688,19.6307942868522
132.439846749545,167.643340637115,172.398811015078,127.950460601027,120.161095030198,37.3111234646345,19.9015818746301
132.941327777168,165.720821007956,173.909238250462,131.128378778355,121.496343050873,38.8745789349714,21.2987196461488
132.933464968469,165.558388477632,173.996478169871,131.314264114319,121.575240100194,38.9501061136787,21.3729706393196
133.523111172213,164.300451081061,175.033630648091,134.067163273801,122.842077285218,40.1676326082757,22.4730402655575
133.894042551907,164.061163708492,175.183803241073,136.040641607931,124.291947122024,41.0915378922952,23.2308977927386
135.737941974618,163.475228061868,174.918651618857,138.134737156981,127.051731055824,42.200593073809,24.2864665251765
135.741613666517,163.467902863423,174.906934895926,138.135901764315,127.057923539752,42.2086560938339,24.2944388160077
135.774068783428,163.40315337505,174.803367488045,138.14619605595,127.112660646062,42.2799273945679,24.3649081358911
135.944775463801,163.248924586859,174.263686466857,138.16761122337,127.314150040494,42.6851556123319,24.7558885429055
135.968286493273,163.257312953259,174.207509566866,138.16787076201,127.325731159644,42.7321137991615,24.8004244338535
136.241526268181,163.460005135086,173.878610693068,138.181554273545,127.338272022582,43.034957404443,25.092232777526
136.280307712004,163.490407774549,173.855595349754,138.184527452491,127.332444193387,43.0588176505226,25.1162005678951
136.30935724,163.513181097024,173.838355536224,138.186754534222,127.328078814725,43.0766903447322,25.1341538189522
137.387306876514,163.549050373754,173.254835410098,138.267157696934,126.609034127402,43.3900087089448,25.6314456789079
137.097088122688,163.467187896337,175.254329335414,141.802983119402,129.272688491092,43.9825720310642,26.404097561993
136.699726676356,163.279533858044,176.240548112319,143.647405731179,130.65761327104,44.1584496180944,26.7064163225018
136.699383246122,163.279337536145,176.242526901923,143.650898877034,130.66019582679,44.1587748003272,26.7069709834605
136.667989781973,163.261391461826,176.423410977686,143.970212490723,130.896271056191,44.1885001877542,26.7576733596138
136.722487124048,163.225968277023,177.36115925461,145.499124234035,132.012873446779,44.3760055792968,27.024495497926
136.447175491911,162.545857305442,177.968704471288,146.54170187529,132.708811233268,44.6468602234605,27.3380508068298
136.433485876503,162.327566435629,178.347164827973,147.018447318654,133.113908586229,44.7895402317969,27.4758515123818
136.459998396237,162.276582783529,178.563843208023,147.275908003396,133.347140798806,44.8407455587296,27.5264354306433
136.347649364855,161.996891473417,178.971212925279,147.801233855208,133.81467816323,44.9102042191815,27.6121767940886
136.236523839262,161.497060781003,180.899183637503,150.401331009576,135.917280008766,44.8890624303099,27.7192032833851
136.254791419645,161.494782878939,181.07387996161,150.641320028682,136.096748172837,44.8814030937063,27.7212397313111
136.241532901893,161.477449040112,181.109910698998,150.699033982954,136.134077441026,44.8752366097084,27.7188008857502
135.943529864425,161.063899142907,182.772960869969,153.238947888848,137.77238585473,44.6192709158007,27.5969300548333
135.868734693806,160.954067615981,184.59265351455,155.859455291741,139.554848792375,44.255356031413,27.3864795526475
136.303258406501,161.270991274096,186.966848642231,159.212514740185,142.014607481107,43.7578017353475,27.1062666302196
136.843364335456,161.767185020937,187.352043407428,160.228068966431,142.421801534641,43.2485308965816,26.6602774792525
136.800359008898,161.761884263967,187.31494451214,160.239182357829,142.402080565806,43.1413243605305,26.5607890069228
136.383805306668,162.02696171431,187.968842462611,161.493632527774,143.559918099302,41.9477975348796,25.4361798187448
136.401884483471,162.381195263719,188.60293374753,162.335449002291,144.408525074904,41.6040755803397,25.097894840876
136.411850943158,162.510740205683,188.831269084075,162.635180351342,144.711008551476,41.4871969333203,24.9824068430754
136.297824461842,162.749837724145,189.319823643708,163.285005660212,145.373765431372,41.2064548363268,24.7080304697958
136.234743511699,162.87929657533,189.585030499433,163.637831058694,145.733672150423,41.053788878012,24.5588497070705
136.072732786024,164.081725102483,191.46376258725,165.868745374109,147.93345542379,40.2939074092784,23.8085074972256
136.033874519476,165.598112940403,193.474414059217,168.015549245326,149.923804580115,39.6227350851234,23.1642362539115
136.017947719099,166.463380003636,194.549994933541,169.097628470763,150.875385195164,39.2684285732015,22.8364721606376
135.947130059448,166.66461333433,194.804785851517,169.34329343309,151.0735789327,39.1505564351206,22.7332316851765
133.922651755695,171.256903325797,200.598067028931,174.677960673329,154.689628482329,35.3863814094573,19.445470122486
133.399630176204,172.383659375863,202.007955586892,175.630172421512,155.313157825431,34.1776931438321,18.2751974771173
132.620308871489,173.14217737664,202.89060122127,176.042756094971,155.597275513348,33.2222663764007,17.3549255159345
132.259013961686,173.890971744378,203.67914114651,176.764797283789,156.287142799145,32.3641220758916,16.5139244985446
132.213085526806,173.966774453534,203.75705599829,176.872591935962,156.400742650766,32.2300795906136,16.3824933665481
131.646925959422,173.610591558264,203.150682516433,177.129690628822,157.07800917916,30.5337502857659,14.7857952518837
131.418859605142,173.138192890958,202.021511104216,175.99499147207,156.464605624605,29.2773278902527,13.7500209798527
131.242000786602,172.954169197987,201.487132088569,175.226728872147,155.912614348763,28.7966604658852,13.3894703755205
131.070134967567,172.850163135416,200.893122332774,174.202443474273,155.151949186326,28.2348267529189,12.9873827753243
130.824494325202,172.897477382556,199.824473883705,172.037175037781,153.542252225549,27.1411357937549,12.2340687574096
130.444673160905,172.728789630348,198.970341286811,170.538433351042,152.4247137205,26.4757735215741,11.7796137814972
130.051508247066,172.607474792,197.384595634545,167.519037971729,150.462466498956,24.9569431274672,10.7304090369274
129.932692132757,172.515576770208,197.177094823478,167.074541993818,150.150945084395,24.737341697395,10.5776125266799
129.773733692944,172.391958010772,196.928575145171,166.522698949751,149.753095731721,24.4684524173037,10.3906532873016
129.380221710547,172.181223892063,196.600007077488,164.826642510869,148.327333555031,23.6084349196506,9.7938027850414
127.672146255481,172.495162980868,197.843486328313,160.656549152785,142.434484431944,20.6570652785538,7.63087740658925
127.012199035103,173.269559344123,199.742476497837,161.449852803113,140.939197795176,18.6065778923349,6.07844496353713
127.097210457295,173.43275949978,200.374118906283,161.850359250136,140.868920750871,18.1532690444715,5.72509049758384
127.397495128671,172.867497516607,203.248819322648,162.670599845684,140.508430938093,15.7020361956082,3.75634386324183
127.152776219663,172.150231482442,203.070745949291,162.11702234301,140.365611252754,15.1203185645468,3.23887066271297
127.093214675617,171.589133143409,202.511145710281,161.497893637361,140.215231404248,14.7157363511869,2.80634991301154
126.75338656559,170.391731121106,200.984906613051,160.088950844599,139.382593298856,14.1925306816996,2.17945273960353
126.721113106983,170.175156739736,200.699140239416,159.832976431747,139.222635085428,14.1109334928438,2.07315982646676
126.689302773709,168.491012092944,198.491124626911,157.89564118005,138.165836837496,13.5650832893677,1.3236855969625
126.65975365507,168.392812907245,198.372553069738,157.793368816968,138.115214675809,13.5436244661405,1.29649479706565
126.177891208862,166.878987804934,196.522051884248,156.248627848724,137.470541579187,13.2337073461363,0.906789006246497
125.216736892726,165.183982332209,194.29154462803,154.850093240013,137.693257154107,12.9347960217691,0.571719082774459
124.963374840718,164.927769189454,193.998856912831,154.696362164285,137.725540745542,12.8927507426074,0.533935992163488
123.990013048754,163.956611669537,193.276217763434,154.60920800192,138.111066306797,12.7966199982641,0.429054119201126
123.653865089487,163.498855935609,193.109194950888,154.717093500762,138.32689093481,12.8011700355078,0.41294646988171
NaN,NaN,NaN,NaN,NaN,NaN,NaN
NaN,NaN,NaN,NaN,NaN,NaN,NaN
NaN,NaN,NaN,NaN,NaN,NaN,NaN
NaN,NaN,NaN,NaN,NaN,NaN,NaN
NaN,NaN,NaN,NaN,NaN,NaN,NaN
NaN,NaN,NaN,NaN,NaN,NaN,NaN
NaN,NaN,NaN,NaN,NaN,NaN,NaN
NaN,NaN,NaN,NaN,NaN,NaN,NaN
NaN,NaN,NaN,NaN,NaN,NaN,NaN
NaN,NaN,NaN,NaN,NaN,NaN,NaN
NaN,NaN,NaN,NaN,NaN,NaN,NaN
NaN,NaN,NaN,NaN,NaN,NaN,NaN
NaN,NaN,NaN,NaN,NaN,NaN,NaN
NaN,NaN,NaN,NaN,NaN,NaN,NaN
NaN,NaN,NaN,NaN,NaN,NaN,NaN
NaN,NaN,NaN,NaN,NaN,NaN,NaN
NaN,NaN,NaN,NaN,NaN,NaN,NaN
NaN,NaN,NaN,NaN,NaN,NaN,NaN
NaN,NaN,NaN,NaN,NaN,NaN,NaN
NaN,NaN,NaN,NaN,NaN,NaN,NaN
NaN,NaN,NaN,NaN,NaN,NaN,NaN
NaN,NaN,NaN,NaN,NaN,NaN,NaN
NaN,NaN,NaN,NaN,NaN,NaN,NaN
NaN,NaN,NaN,NaN,NaN,NaN,NaN
NaN,NaN,NaN,NaN,NaN,NaN,NaN
NaN,NaN,NaN,NaN,NaN,NaN,NaN
NaN,NaN,NaN,NaN,NaN,NaN,NaN
NaN,NaN,NaN,NaN,NaN,NaN,NaN
NaN,NaN,NaN,NaN,NaN,NaN,NaN
NaN,NaN,NaN,NaN,NaN,NaN,NaN
NaN,NaN,NaN,NaN,NaN,NaN,NaN
NaN,NaN,NaN,NaN,NaN,NaN,NaN
NaN,NaN,NaN,NaN,NaN,NaN,NaN
NaN,NaN,NaN,NaN,NaN,NaN,NaN
NaN,NaN,NaN,NaN,NaN,NaN,NaN
NaN,NaN,NaN,NaN,NaN,NaN,NaN
NaN,NaN,NaN,NaN,NaN,NaN,NaN
NaN,NaN,NaN,NaN,NaN,NaN,NaN
NaN,NaN,NaN,NaN,NaN,NaN,NaN
NaN,NaN,NaN,NaN,NaN,NaN,NaN
NaN,NaN,NaN,NaN,NaN,NaN,NaN
NaN,NaN,NaN,NaN,NaN,NaN,NaN
NaN,NaN,NaN,NaN,NaN,NaN,NaN
NaN,NaN,NaN,NaN,NaN,NaN,NaN
NaN,NaN,NaN,NaN,NaN,NaN,NaN
NaN,NaN,NaN,NaN,NaN,NaN,NaN
NaN,NaN,NaN,NaN,NaN,NaN,NaN
NaN,NaN,NaN,NaN,NaN,NaN,NaN
NaN,NaN,NaN,NaN,NaN,NaN,NaN
NaN,NaN,NaN,NaN,NaN,NaN,NaN
NaN,NaN,NaN,NaN,NaN,NaN,NaN
NaN,NaN,NaN,NaN,NaN,NaN,NaN
NaN,NaN,NaN,NaN,NaN,NaN,NaN
NaN,NaN,NaN,NaN,NaN,NaN,NaN
NaN,NaN,NaN,NaN,NaN,NaN,NaN
NaN,NaN,NaN,NaN,NaN,NaN,NaN
NaN,NaN,NaN,NaN,NaN,NaN,NaN
NaN,NaN,NaN,NaN,NaN,NaN,NaN
NaN,NaN,NaN,NaN,NaN,NaN,NaN
NaN,NaN,NaN,NaN,NaN,NaN,NaN
NaN,NaN,NaN,NaN,NaN,NaN,NaN
NaN,NaN,NaN,NaN,NaN,NaN,NaN
NaN,NaN,NaN,NaN,NaN,NaN,NaN
NaN,NaN,NaN,NaN,NaN,NaN,NaN
NaN,NaN,NaN,NaN,NaN,NaN,NaN
NaN,NaN,NaN,NaN,NaN,NaN,NaN
NaN,NaN,NaN,NaN,NaN,NaN,NaN
NaN,NaN,NaN,NaN,NaN,NaN,NaN
NaN,NaN,NaN,NaN,NaN,NaN,NaN
NaN,NaN,NaN,NaN,NaN,NaN,NaN
NaN,NaN,NaN,NaN,NaN,NaN,NaN
NaN,NaN,NaN,NaN,NaN,NaN,NaN
NaN,NaN,NaN,NaN,NaN,NaN,NaN
NaN,NaN,NaN,NaN,NaN,NaN,NaN
NaN,NaN,NaN,NaN,NaN,NaN,NaN
NaN,NaN,NaN,NaN,NaN,NaN,NaN
NaN,NaN,NaN,NaN,NaN,NaN,NaN
NaN,NaN,NaN,NaN,NaN,NaN,NaN
NaN,NaN,NaN,NaN,NaN,NaN,NaN
NaN,NaN,NaN,NaN,NaN,NaN,NaN
NaN,NaN,NaN,NaN,NaN,NaN,NaN
NaN,NaN,NaN,NaN,NaN,NaN,NaN
NaN,NaN,NaN,NaN,NaN,NaN,NaN
NaN,NaN,NaN,NaN,NaN,NaN,NaN
NaN,NaN,NaN,NaN,NaN,NaN,NaN
NaN,NaN,NaN,NaN,NaN,NaN,NaN
NaN,NaN,NaN,NaN,NaN,NaN,NaN
NaN,NaN,NaN,NaN,NaN,NaN,NaN
NaN,NaN,NaN,NaN,NaN,NaN,NaN
NaN,NaN,NaN,NaN,NaN,NaN,NaN
NaN,NaN,NaN,NaN,NaN,NaN,NaN
NaN,NaN,NaN,NaN,NaN,NaN,NaN
NaN,NaN,NaN,NaN,NaN,NaN,NaN
NaN,NaN,NaN,NaN,NaN,NaN,NaN
NaN,NaN,NaN,NaN,NaN,NaN,NaN
NaN,NaN,NaN,NaN,NaN,NaN,NaN
NaN,NaN,NaN,NaN,NaN,NaN,NaN
NaN,NaN,NaN,NaN,NaN,NaN,NaN
NaN,NaN,NaN,NaN,NaN,NaN,NaN
NaN,NaN,NaN,NaN,NaN,NaN,NaN
NaN,NaN,NaN,NaN,NaN,NaN,NaN
