NaN,NaN,NaN,NaN,NaN,NaN,NaN
120.64758401659,148.064023266772,136.143595004509,98.8801436254737,93.7285132142598,6.87753872669349,46.076398367355
120.839410023626,148.244836195793,136.286965843074,99.0063539337502,93.8543614287999,6.8850242608379,46.1346365903107
122.784764196357,150.891592719289,139.644618691605,101.145919354001,95.8070593058191,6.88550849541407,46.9434990403452
112.959683903051,142.225429316119,133.653589865037,95.2004324590428,89.6760267013592,6.45529040616726,44.1194820277569
108.178876536789,137.99104442259,130.689166183188,92.2599451258827,86.6303497616599,6.24995145396747,42.7400416746489
107.974271045186,137.809824319707,130.562296949965,92.1341003029772,86.5000031110277,6.24116350790705,42.6810053968905
97.0884213131049,128.286675812212,124.033122828131,85.3171600177218,79.2601568660865,5.77813811973849,39.5702003911166
95.1091310074126,126.746758079136,123.274433588172,84.0233492858361,77.6724243433726,5.69710584767861,39.0451972282805
95.2908462657219,126.971744317015,123.536405325215,84.1247543816317,77.7092615784548,5.70577960820424,39.1104556811454
108.117799181415,139.531575186211,134.959381868021,92.1889812352327,84.8728467155631,6.27987028699905,42.953375316046
111.436858813794,142.759992464489,138.492424213183,94.3926706971764,86.8038867524858,6.44273736654144,43.8485485537283
111.041517314569,142.430269395826,138.753969629904,94.2004287109242,86.5121849119021,6.43922456205177,43.6662682993862
110.589678309832,142.036304167382,138.842019942299,93.9566728881444,86.1936773484688,6.43054759338556,43.4809491125167
107.052982703105,138.778901176521,137.442528819979,91.8002367900167,83.830572024561,6.31821276945102,42.2544781409448
106.750028772218,138.497537931547,137.303413830638,91.611379592161,83.6262318908118,6.30849562260807,42.1507974802387
105.847270524848,137.659116759182,136.888871581284,91.0486128624477,83.0173282846751,6.27953995126993,41.8418443292727
105.830659413013,137.64368947519,136.881243838547,91.0382577301502,83.0061242154487,6.27900715536776,41.8361594680628
103.650217220139,135.60354482979,135.86412172612,89.6497446317468,81.4951303623221,6.21196522683743,41.0828686879565
101.672203237249,133.735482512181,134.968473963224,88.3561087226031,80.0656562121311,6.15760706103318,40.3829748767214
101.49982578845,133.569550564183,134.913088163522,88.2370288703986,79.9255277676657,6.15527170777142,40.3156801948723
100.946682145407,132.982511660695,135.423141144986,87.7536213769006,79.146934091515,6.21259854888834,39.9376349796483
103.019142378406,134.907743068244,137.421298824805,89.083212243294,80.3422911903245,6.36376045033342,40.4590845159692
103.984484517893,135.817587001382,138.315585485613,89.7368852991013,80.9621228600786,6.43046358657462,40.7184011600408
104.545754889239,136.346589539789,138.835542696295,90.1169446622691,81.3225061244415,6.4692462031379,40.8691733507086
106.969424165235,138.69892386713,141.564755775086,92.0995332638161,83.3172485319436,6.68759285242897,41.5172949357095
106.677887720027,138.491049094374,142.126146311494,92.331172829389,83.6102406098921,6.75110748817874,41.388610109501
105.946754948412,137.832657651272,142.095989788453,92.1256964934009,83.4352072752651,6.76473809372932,41.1408843802343
104.746021164476,136.725869754704,141.972005754171,91.7204596472043,83.046272462273,6.77872179084103,40.7321493530267
104.23983610731,136.25450337457,141.909921538409,91.5387255199218,82.8651137238207,6.78350074881215,40.5592587089392
103.598351431553,135.634856610983,141.862601916437,91.2913107281669,82.5895125792477,6.79290257262693,40.3332156148704
103.492153856779,135.532274295308,141.854768168754,91.2503512916588,82.5438869014028,6.79445904143331,40.295794255808
103.432072149278,135.474237935266,141.850336194314,91.2271783247722,82.5180739896047,6.79533961995648,40.2746229705479
102.90398414621,134.956364591663,141.889318781742,91.0416163085505,82.2890516887743,6.8105519331476,40.0814560867153
102.744994903134,134.793460520444,141.971233798852,91.0020631113126,82.2181741373741,6.82186042178196,40.0169232228261
102.425534054065,134.421729452093,142.885665675333,91.1250866500032,82.1010252384621,6.91667683692416,39.8292794390315
102.503343694909,134.487889933579,143.154976575219,91.2313825777385,82.150677750553,6.94092911515735,39.8387832126572
103.243223835779,135.196456054476,144.723781925318,91.9878520630676,82.6063066752691,7.07643305048966,40.0145096045279
103.307527882898,135.261835599205,144.846349282563,92.0518094303226,82.6478051140746,7.08692686027463,40.0321092503718
103.792184524969,135.760944769101,145.796591605407,92.5451602712192,82.9654491470379,7.16889271010424,40.1667066341447
104.052430767796,136.069303948547,146.475066302584,92.8819673878419,83.1669928402003,7.23118238400267,40.2513776990874
104.12426475978,136.154418225639,146.662341036806,92.974933954631,83.2226235685505,7.2483757770248,40.2747488745335
104.296685062184,136.458299023115,147.602987915055,93.408106917888,83.4596637327163,7.34128097786541,40.3556514662768
104.319848559587,136.551750581113,147.991572195337,93.5784449244391,83.5471701382736,7.38132502435916,40.3795327207661
104.251809888224,136.537666243348,148.160570945298,93.6385932550708,83.5702047090679,7.4014196523979,40.3733081224986
104.236889343848,136.534577617682,148.197631535958,93.6517834867198,83.5752560766042,7.4058263050173,40.3719430988611
104.064937043036,136.498982650355,148.62473752301,93.8037947420092,83.6334707266988,7.45661091700336,40.3562118393836
103.03085285918,135.997958277675,149.768901920028,94.1636413305197,83.8081685999736,7.61358658396104,40.185319697997
102.507160916073,135.737343572983,150.296553929271,94.3601448053969,83.9671063060873,7.6904297389994,40.0888963463057
102.148407738244,135.714018850532,151.178830745087,94.821588877662,84.3942425903865,7.8004982651718,40.0274312378956
102.126200461605,135.779102427984,151.445957101356,94.9810050501517,84.542828832674,7.83017570930938,40.0248027690618
102.125054806027,135.782460037509,151.459737935685,94.9892292025461,84.5504942776611,7.8317067448339,40.0246671684642
102.112111188004,135.820394313727,151.615433817513,95.0821456855919,84.6370984837885,7.84900438592002,40.0231351527595
102.159049197411,136.200435429926,152.641050585284,95.7238302689483,85.2236092208204,7.95524287477136,40.0290052482808
102.175776960693,136.284380857188,152.847092305877,95.8544082337829,85.3421387712088,7.97612170849906,40.0308491262979
102.210073345316,136.438314521338,153.180885054516,96.068392629651,85.5302261193474,8.00850962515126,40.0289951523018
102.235298479054,136.551533372474,153.426391011428,96.2257790440841,85.6685651473112,8.03233107274874,40.0276315467057
102.232688233882,137.019318453788,154.553202793052,96.9283194857094,86.2653974081844,8.14453445535548,39.9695388744524
101.301436042231,137.825812210771,157.637316167112,98.6476729698581,87.5598682935631,8.48258300986612,39.3303577224679
101.183606542126,137.954046998739,158.12573403335,98.9022449458285,87.7480539373758,8.53976633333323,39.2077218933701
101.124125859599,138.024248461614,158.3874243267,99.0385076473563,87.8490778949905,8.57045312209285,39.1424911572492
101.067090658769,138.090219952111,158.63747042246,99.1662170538755,87.9429488216446,8.6003387660725,39.0776572959302
100.972633750918,139.138440082793,161.345808154661,100.425682799942,88.8439992000222,8.94864964261304,38.369182108534
101.220772177312,140.536498740586,163.536084148266,101.626821552018,89.728302392988,9.19859239934926,37.9141016528915
101.218881116213,140.762740743246,163.870090826576,101.853681813997,89.9032938783063,9.23285990514521,37.8391492499499
101.221692670018,141.077298758478,164.329930857201,102.18521075564,90.1662312138471,9.27828532541533,37.7421087164495
101.239320344565,141.507666294379,164.94754420454,102.679605621311,90.5757091023071,9.3348149053618,37.6275029163607
101.27270119281,141.861120362919,165.458753396672,103.134068494769,90.9688645250913,9.37779336632922,37.5458471735342
101.386316781587,142.641052754112,166.606825913031,104.224923067408,91.9379873796442,9.4684306289455,37.3805119674879
101.39996369201,142.718474588671,166.722137847069,104.338233491546,92.0399589309504,9.47722098963654,37.3648234036722
101.419972073719,142.832368599245,166.891843130337,104.505033009863,92.1900691386925,9.49015756295293,37.3416934366677
101.399193586409,142.96263758521,167.132457351777,104.767357279269,92.4275505474524,9.50833453265295,37.2823294281023
101.357531706105,143.493683457139,168.09770187129,105.8290444599,93.393323729728,9.57890028371009,37.0525665418343
101.43466189019,144.099386927272,169.117825225789,106.941137496392,94.4088952452655,9.6473789037574,36.8396438810571
101.541913328621,144.511892100763,169.741893189162,107.583438658901,94.9903800442333,9.68642017687573,36.7324082244128
101.577602811976,144.641860632143,169.935607926414,107.780910202452,95.1688643698082,9.6984231601431,36.7001618515279
101.796470804557,145.621871100684,171.323046759669,109.121157265497,96.3699352921712,9.78055170008441,36.484589712016
101.79511869267,146.173939614826,172.1247965774,109.897331537193,97.0749950050232,9.82656342248734,36.3439043638189
101.885890159642,147.465836545488,174.004798356983,111.881439729619,99.0468130175903,9.93562425814691,36.2283534663007
101.988544091592,148.129000349456,175.122948541163,113.278447792099,100.571238727297,10.0055367942656,36.2759137489885
101.870454923038,148.413468896198,176.141134688242,115.007528907409,102.624697333224,10.0804975691743,36.3440859083292
101.890260763016,148.46542146495,176.45783129384,115.630002260606,103.389492072016,10.1068576241243,36.3950052176738
101.898740009614,148.480418157921,176.555622623004,115.824919331537,103.629678121238,10.115105529248,36.4117708916864
101.901468543343,148.485243938385,176.587090859823,115.887641626046,103.706967504072,10.1177596196864,36.4171659119277
101.916613461381,148.498987979845,176.676607474251,116.069082248911,103.931462880331,10.1255094457114,36.4348212521894
101.922312445898,148.501825280441,176.695050056696,116.107517046092,103.979332517018,10.1271758914939,36.4392649185507
102.047987664002,148.562674879239,177.064482641024,116.876065251558,104.936904741928,10.1606495878399,36.5315272808611
102.051581219302,148.564211716985,177.070643587869,116.888705495337,104.952701204305,10.1612198237896,36.5334884717998
102.138544829006,148.601403007148,177.219737766756,117.194597887292,105.334973709929,10.1750194657662,36.5809490586233
102.200433258932,148.536890918266,177.356097221387,117.659591490361,105.956405356599,10.1927674775516,36.6510248345911
102.225325463728,148.486259423519,177.356801287932,117.79775619256,106.167901580577,10.1949567918763,36.6978946605874
102.261745305185,148.472354857083,177.352265380078,117.864887792351,106.282134467306,10.1939659446464,36.7450351379834
102.561891330769,148.648807300265,177.397878182206,117.953067358091,106.526610996098,10.1683079050756,37.0624054179637
102.599951944833,148.67597362812,177.410417762301,117.962436502649,106.553958935423,10.1646373561004,37.102469927155
102.666935414491,148.672441046873,177.36179870438,117.930713358488,106.627095533322,10.1383477590092,37.2705989295993
102.904554615528,148.457972864491,177.151057062801,117.841149183825,106.954657581939,10.0393016508505,37.7887326348693
103.037678436937,148.42706682555,177.138769718287,117.836547361424,107.050863482571,10.0161176510407,37.9082809534735
103.094785071714,148.413808943831,177.13349876912,117.83457330007,107.092133295687,10.0061723219794,37.9595640528953
103.606748981114,148.104252384578,176.876848412503,117.315702096944,106.876884668293,9.8879013274054,38.2287338942543
103.609001049345,148.102274469864,176.874887572065,117.311106313846,106.873286346943,9.88721520813706,38.2292701378628
103.930773936417,148.081468686936,176.847918694252,116.857463241111,106.470403908806,9.81651945487188,38.2691624634759
103.984340898893,148.102672480812,176.870427673824,116.807346851632,106.423191972309,9.8069401678302,38.27529721476
104.132834644277,148.303537066797,177.306511504982,116.904388925423,106.624667669382,9.72806270406978,38.3540966000064
104.118611838279,148.329582821253,177.412096445451,117.020151201217,106.779446872395,9.71521212752826,38.3780951026127
104.110770527794,148.348788319282,177.486086845704,117.104961758243,106.891461986275,9.7068512624121,38.3954101334295
104.115047542948,148.391054462883,177.617465850984,117.287133901163,107.120764339576,9.69752315349061,38.4304165199426
104.115259349775,148.393147571617,177.623972016912,117.296155450586,107.132119876596,9.6970612058278,38.4321501101664
104.241410924564,148.693830681456,178.456937509747,118.551294700041,108.681404319086,9.65178884898693,38.6563664558014
104.51183457296,148.933769367258,179.47366809913,120.762470998159,111.389724880533,9.54242515588427,38.7714909781367
104.592317075571,148.988568134552,179.520802792075,120.873183945012,111.506110451765,9.52951969881484,38.7315897338654
104.737771951275,149.103364765336,179.567808607131,120.951297106931,111.558529795779,9.51057074594549,38.6403386287796
104.790353791595,149.146305637053,179.561035712615,120.936620602026,111.519902899216,9.50150812397337,38.5829702265048
104.708543075091,149.067588596813,179.319002604642,120.611607129241,111.098705782301,9.47468193293752,38.3620794216888
104.632513865952,149.023102595861,179.069318054991,120.146184424367,110.47029277684,9.45363936364237,38.0686744259429
104.624162576185,149.020720879922,179.036155972633,120.072328729604,110.367770257688,9.45116267311797,38.019917700744
104.623682348074,149.020653687042,179.033865184757,120.066918921033,110.360163645605,9.45099318693896,38.0161775994956
104.629158286668,149.027114121466,179.028655863131,120.033692201352,110.307228479953,9.45071647901032,37.9823930928769
104.642673124894,149.04305873527,179.01579904638,119.9516873115,110.176582347255,9.45003355263579,37.899011562273
104.71132346916,148.914734458529,178.990197515697,119.908588510752,110.00565840184,9.45327971182376,37.4315191728358
104.721175286174,148.885490707852,178.982277574013,119.930042932619,110.026214970025,9.45371862819354,37.3829470842864
104.912544310983,148.820682847369,178.956900063841,120.113960451846,110.23988046435,9.46019406679613,37.1398092387169
104.957983577797,148.823961203078,178.949533505604,120.141343498079,110.275691415147,9.46155162981186,37.1038354370866
105.033829910135,148.829433370083,178.937237391177,120.18705074141,110.335466351363,9.4638176473531,37.0437886734562
105.11279321847,148.844032779636,178.916404793558,120.218050122672,110.382142641807,9.46605395589613,36.986965605641
105.303047052487,148.899875159017,178.847566661263,120.254235291742,110.458493339801,9.47115695312847,36.8632687640987
105.394777050935,148.801956778433,178.33178873027,119.917815344818,110.223063322847,9.46649641402662,36.5620597805683
105.401172821974,148.797978174353,178.277747792173,119.872651707812,110.188432926054,9.46621094366155,36.536602054297
105.418065034598,148.787470070534,178.135017383081,119.75336761296,110.096968734733,9.46545697262727,36.4693642931994
105.454151599901,148.790301861088,177.845360952827,119.488065117348,109.893513601293,9.46515661300891,36.3456715216868
105.531241510006,148.888640886954,177.298975534612,118.908189396191,109.458488799446,9.4695268989973,36.1596673141985
105.479335184577,149.141519911096,176.390331874024,117.835326919288,108.727328726009,9.47969735727174,36.0060070546865
105.46539197326,149.142534495547,176.353185100497,117.793947234474,108.699058237566,9.47949425620756,36.0015777551433
105.43847940721,149.147920709016,176.28695425624,117.720088460775,108.650598813828,9.47920848369149,35.9961883865214
105.373290288752,149.178500433487,176.154494788103,117.571925664676,108.564453633894,9.47905968313268,35.9992959366637
105.070872158232,149.545790943983,175.712772224634,117.113155279929,108.384962038609,9.48078617018719,36.1513810192153
105.021793197562,149.727823741607,175.700903477349,117.129249977066,108.423543640909,9.48004727933818,36.2361787800247
105.002396740903,149.81778705332,175.703178521724,117.147024508405,108.445450302253,9.4794342747502,36.2776872602486
104.713442969824,149.944497034471,175.51589367291,117.072949133675,108.289967557183,9.45324204550577,36.3569875521303
104.517256860674,150.05718214644,175.388446835419,117.009214540585,108.064864220494,9.42306256832681,36.39744928315
104.501428822991,150.074226545992,175.37738624528,117.000020678652,108.02894995416,9.41880809727601,36.4007781338442
104.406496158329,150.176454649031,175.311047554677,116.944878163242,107.813545046056,9.39329082964737,36.4207437589585
104.359926504002,150.313025017952,175.263270110617,116.853577455281,107.503519778431,9.36044273312642,36.4351541366874
104.359892284771,150.313131685342,175.263233890517,116.853505672247,107.503277037926,9.3604171106497,36.4351650627457
104.347007659691,150.358555715082,175.24855354669,116.822017998835,107.39908361556,9.34952428785058,36.4396863934515
104.354830695501,150.475317328957,175.228866069323,116.718781669497,107.111288708302,9.32197192725573,36.4481179084756
104.359482020215,150.544740017732,175.217160530417,116.657400678569,106.94017514097,9.30559018251006,36.4531310153006
104.032409142325,150.741285110974,174.620006625575,115.206388961707,104.520773120466,9.12871396037171,36.3811807875083
104.032506629649,150.835564318999,174.578082752307,115.005954002999,104.207541027557,9.11218627067225,36.3971554646755
103.830994230075,151.384863277905,174.144417228866,113.939931693732,102.750508143711,9.04207039279525,36.4860037817929
103.795763935612,151.488964621514,174.069123416992,113.808759791578,102.580902142842,9.02998791759042,36.4962640927108
103.78287957114,151.835769018979,173.930300175391,113.596793129119,102.298991091319,8.99396307325955,36.5273899062795
103.879042113181,152.219373160647,173.866126984408,113.560697000257,102.232868140689,8.95133637718665,36.5570679983102
103.944896284676,152.479300776891,173.724817824451,113.572136984904,102.251596079684,8.89350829254368,36.5432803043346
103.940819195134,152.504653785682,173.675546743736,113.56672301879,102.250975492349,8.87997098714207,36.5324374304599
104.351513760988,152.746219336531,173.279039957741,114.05818610144,102.980393338787,8.75602641743126,36.454277025359
104.639691763008,152.741230128975,173.133164739784,114.37765771544,103.512316004893,8.74166162999202,36.4596753817377
104.70803762994,152.550514811298,172.850960041387,114.490107903036,103.837318379887,8.72231242187337,36.4192888045037
105.555543572998,151.751125154098,171.635985215162,115.25111140802,106.228007546435,8.38887050469283,36.2128716114422
105.879880617313,151.347278411567,171.146985753285,115.531676825203,107.050489236213,8.2484515583175,36.1460786834294
105.906642466182,151.321282868604,171.115887637334,115.555355132058,107.10928145845,8.24034761805447,36.1439501439811
106.089562064232,151.194241569562,170.964031499,115.722631317051,107.446841559234,8.2143460249748,36.1588331188906
106.32041762172,151.059159920112,170.801167674458,115.93705339787,107.841513991659,8.1969816298456,36.194322699311
106.487510686811,150.980219699967,170.70387270088,116.095077614714,108.104222071853,8.19641022259203,36.2336782977899
106.988123471454,150.224809922017,169.838539726918,116.648713578897,109.178958458847,8.18508323987986,36.3906663701891
107.041457677853,150.175538337192,169.777925987647,116.702182816223,109.287031111914,8.17627305571583,36.4072516449392
107.139199447256,150.085241842554,169.666843541193,116.800172047108,109.485088101003,8.16012726397917,36.4376462867566
107.461283871447,149.889170564157,169.406776393387,117.081182687711,110.109170070456,8.07253486263165,36.5195443268545
107.998247905883,149.508495945281,168.894538664275,117.341573362629,111.243726561717,7.76605006168107,36.5881416100698
108.039879832563,149.429541375614,168.797654271566,117.330314389211,111.364040698189,7.71917625789054,36.5864344939125
108.138225248169,149.275741669414,168.606850872909,117.271985040019,111.592201795572,7.63182551937885,36.5939183642757
108.173602488051,149.220416171356,168.538214245943,117.251002553282,111.674276896117,7.60040333247523,36.596610494615
108.211171538523,149.161662960652,168.465325210189,117.228720088459,111.761436991284,7.56703437182031,36.5994694169316
108.271629109138,149.08099586404,168.363901180972,117.171021881974,111.853315913126,7.54254081824948,36.6235931505771
108.458569230105,148.832024820632,168.05027910593,116.979476170064,112.109554704533,7.4865390954645,36.7144115761089
108.566657818124,148.688457356566,167.867974917653,116.83533993024,112.187041645099,7.50452038518125,36.8085962594046
108.762614964889,148.405889240516,167.508595725126,116.526078671431,112.243437129059,7.60154108630492,37.0443344937419
108.876748249417,148.229324721011,167.283753079355,116.320168440004,112.231072350511,7.69268972412837,37.2165821376972
108.900085688511,147.847025832454,166.828928099407,115.895083491292,112.01105732994,7.88252970538751,37.4947252250437
108.898542412682,147.53053937829,166.455384749298,115.545111386138,111.810901924687,8.03898820638948,37.7161472945506
109.035346720202,145.231232290082,163.676908056688,112.9215191687,109.769348591746,9.57791480875785,40.2931957527972
109.074459858873,143.457841220298,161.563563203583,111.059903425943,108.297684203215,10.280383092521,42.5280919883043
109.085318416352,143.235680320522,161.306214384708,110.844257138984,108.143527870033,10.3119058351683,42.8151546565574
109.429816740611,142.46254371111,160.47992994018,110.277756829017,107.880295404177,10.1149017991886,44.087623701306
109.483383000276,142.339195348716,160.381390761618,110.247289631026,107.880251887966,10.0316605147135,44.2222057544338
109.483103936445,142.331960054552,160.375734052457,110.245068419716,107.878744009166,10.0278134494214,44.2255534133455
109.476879782645,142.170586280174,160.249568552187,110.195527206233,107.845112744478,9.94200968908528,44.3002185674683
109.746954699067,141.247898961869,159.653567526963,110.155333897043,107.823991919661,9.69228221332189,44.4479773679027
109.836037199383,141.059764542127,159.514472553368,110.124739606759,107.828412380702,9.68725977623975,44.4905301864588
109.807644927486,140.728286437982,159.223808913806,109.959493024078,107.726528259529,9.67666664482172,44.514981461556
109.793383529483,140.561785455261,159.077808978899,109.876489899396,107.675352009615,9.67134572989813,44.5272633024425
109.793190115297,140.559527356017,159.075828916456,109.87536420458,107.674657953343,9.67127356723717,44.5274298697214
109.783091290661,140.21365213419,158.767255227401,109.696627475417,107.582477830069,9.65426454631292,44.5705114684404
109.792727921297,139.770302297552,158.369412995282,109.46926264596,107.483459468619,9.62408523262089,44.6411942934479
110.05937911684,138.201289270044,157.025776338269,109.273814929275,107.709322643826,9.30092512890509,44.820455226728
110.095754136236,138.177818524848,157.012518352931,109.408873759926,107.823676677873,9.28227160407672,44.8007465740809
110.100510174304,138.178850313321,157.013617011322,109.422477947276,107.835800034419,9.28148229033031,44.8002823248743
110.313334351277,138.239163817842,157.061555544503,109.975482186587,108.356745413116,9.25874310734733,44.8170112034323
110.359447154629,138.104783835198,156.880610067128,110.385296833918,108.816102340342,9.23518051178912,44.8559065500783
110.366435738299,138.078201160295,156.844573883468,110.440907721758,108.891009236624,9.23075635892256,44.871715371257
110.375441834519,138.043944415396,156.798134525681,110.512572744378,108.987540772533,9.22505501108267,44.8920879920041
110.477485039195,137.86626247167,156.549623806636,110.958634854627,109.611464533948,9.18745612556121,45.0554383879112
110.704968445547,137.742122543506,156.364112152044,111.513115129973,110.400359535723,9.13724737332173,45.3183104054264
110.866521354919,137.68962830902,156.286768378158,111.853573812234,110.871504876204,9.10482255530816,45.4884328546519
110.899391949984,137.397087317366,155.971724933091,112.190773963908,111.351979591048,9.0351814902186,45.6809923124556
111.088710042738,137.191670128314,155.729482237619,112.579468288073,111.775517985848,8.95914570908983,45.9461399421689
111.156066287462,137.165992321877,155.691337400533,112.653838718276,111.840629352177,8.94441541265403,46.0144202591288
111.355170458562,137.110205057402,155.598241464446,112.812499565214,111.972748172357,8.91083096537414,46.210036786843
111.370235667279,137.106336453283,155.591541904626,112.823432489169,111.981687299606,8.90846431758838,46.2247291106118
111.407345109364,137.044589196633,155.516764941348,112.839941721674,111.991464616571,8.89484096706605,46.2910017482085
111.417925610739,136.858919053005,155.307887283576,112.811107347589,111.954850924647,8.86587247042687,46.4067160925472
111.463213398229,136.633181843639,155.063366275648,112.812762932137,111.974464167817,8.83145821581998,46.5860842039651
111.509792461562,136.490508350219,154.916967205089,112.845920257864,112.035602109268,8.8099916318728,46.721023615312
111.668667507933,136.207727462164,154.665354729223,113.061796624646,112.372617245613,8.76842606214055,47.0687252584367
111.838470454743,136.009361388871,154.532872352516,113.380109306824,112.839055160438,8.74053833086284,47.3829075854637
111.982148358516,135.87626640678,154.470430954151,113.692055156918,113.285348994867,8.72276522829172,47.6292415568479
112.206252756455,134.837802988265,153.916747696768,115.213626734494,115.631845394766,8.63548947510761,48.6112536483018
112.375799469832,134.562056388212,153.767032521499,115.713210755608,116.434579762362,8.61090089741596,48.9485875208368
112.413288863205,134.506271075993,153.733936763583,115.808830149892,116.592405664741,8.60579982060353,49.0183405071913
112.478402728275,134.423153152001,153.672427538869,115.923107081501,116.799793873909,8.59773762863608,49.1255127101422
112.627582623026,134.232724843995,153.531506098263,116.18492260438,117.274933096298,8.57926664787231,49.3710508599543
112.842012536492,132.577700257381,151.844941132725,115.970986638346,117.980887947934,8.43762244368945,50.4398131585862
112.917718861088,132.321723817529,151.582768775794,115.905839300278,118.027270119173,8.41367474050451,50.6406909650319
112.983268992538,132.157284989798,151.435514123361,115.90449184104,118.078923271458,8.39722480100831,50.7871099439396
113.069775271579,130.924270294678,150.604907136928,116.196547337548,118.415119974702,8.27641309189886,51.5332494313044
113.108080311347,130.786869793338,150.577412187898,116.377370927703,118.551357378827,8.25860919490021,51.6277184463676
113.252012653005,130.417131986166,150.539249731865,116.966528000498,118.99526999882,8.20702106504777,51.8978943232242
113.570844846149,129.990897963198,150.592367979602,117.964175186663,119.753893160005,8.13561346065279,52.2540652965947
113.671727575524,129.879040898288,150.611222095394,118.251173681222,119.973806686734,8.1158453893896,52.3499511285719
113.792577435361,129.471370600451,150.487483124111,118.779339542341,120.360067582816,8.06343345528196,52.5093357064367
113.816577637982,129.374358141476,150.454327150152,118.895043739852,120.443980656061,8.0513395949855,52.5435998719392
114.727269324543,126.999172887034,148.959756531667,120.658700149379,122.186937107075,7.82561406162262,53.1962687517039
114.770243759425,126.888935314587,148.869052352246,120.701105194538,122.261639839272,7.81806778250262,53.2218171643919
114.789986831422,126.634127931222,148.644965970269,120.718871198016,122.367513207399,7.80416746902517,53.2528077611068
114.78517021968,126.497984230248,148.522450849687,120.712870634912,122.411185691447,7.79742441932958,53.2639482955479
114.712767046037,125.288474618455,147.433729956077,120.652207332245,122.906326301093,7.74724797678549,53.3978886201557
114.656180754766,124.72440978522,146.947431358185,120.678677024977,123.320437559728,7.73284293955643,53.5337625588461
114.633575084622,124.511167788387,146.770260958252,120.708760783443,123.513192561377,7.72803729018261,53.6026206507041
114.322506609774,123.161266960281,145.812106305992,121.388107557798,125.409045035066,7.69393851429738,54.469958091599
114.154823105458,122.828847879407,145.591189944354,121.618731873631,125.890183588616,7.67791793265572,54.753469767945
114.143003066529,122.806093575871,145.576495823668,121.637845484701,125.926508661032,7.67666221641304,54.7757978948623
114.095291091827,122.714245083559,145.517182523714,121.714998202501,126.073136006905,7.67159347662575,54.8659261112815
113.826873336369,122.20618241042,145.191052457759,122.322053191638,127.057397899082,7.63156257008332,55.5165748055254
113.756214239,122.069010968947,145.096485593574,122.578113323202,127.410174280594,7.61349222453991,55.7632184080973
113.713896164635,121.986858330757,145.039849042302,122.73146897156,127.62145375773,7.60266980739932,55.9109344518042
113.640534732917,121.832702622848,144.923082374281,123.076083634229,128.073759883055,7.57713963264985,56.216214675161
113.609207467836,121.764833837746,144.869989964932,123.236932864434,128.281860917821,7.56506108988826,56.3551295756708
113.471484166041,121.558890263685,144.690226435976,123.484379082906,128.623748011264,7.53799622482437,56.5750111847847
112.811091008544,120.439443295662,143.818424149454,124.787689333424,130.640508624358,7.4217817354488,57.3278147211008
112.509871763296,119.689043009664,143.555487042492,126.092352175606,132.811561070306,7.35930354973064,57.6975204616355
111.966866703854,119.017482070527,143.309035322422,126.912421984819,134.248195709871,7.26494980627849,57.9775187334167
109.772518880443,118.830866293118,141.995347604855,125.33770439042,131.199679315706,6.95073490949954,58.9225353625985
109.429381395937,118.884967675368,141.756501018121,124.874503685491,130.329527573167,6.9319058316725,59.0693792515475
107.72918737022,119.219527515085,141.110032520105,123.109216878241,126.380356588666,6.95857678182254,60.2589507405956
107.647324084338,119.249050365363,141.186262174379,123.15282520585,126.322562422544,6.94692694796265,60.3750201604353
107.616293826995,119.260240994126,141.215157005118,123.169354931153,126.300655558821,6.94251108145082,60.4190162440088
106.97067424797,119.59282887187,142.263352297781,124.126515206054,126.327729993683,6.52920466474352,60.9768671935319
106.862824717378,119.624970931329,142.316148614267,124.148018607803,126.15354205506,6.50258660970367,60.9867621244032
106.510546944624,119.78662345254,142.464493474709,124.181948629964,125.335363567511,6.51824120893608,61.043281862799
106.137675464755,119.853516322984,142.499310888726,124.162194521045,124.501352682413,6.61116064512943,61.0776698737534
105.296000758819,120.111357676208,142.873217444376,124.69641190003,123.124069934529,6.69853475616867,60.9840945673408
105.092635091686,120.882439942159,143.896216146325,126.045261406517,123.54190266189,6.12079245043035,60.4094618268515
105.059048361026,120.946649677395,143.98503276479,126.164264002443,123.597544581037,6.04466258177704,60.3260423846653
104.965887191624,121.253118637939,144.376220610257,126.655240470662,123.888472977813,5.71138343093537,59.9478121258346
104.781559101493,122.433510913387,145.762976801028,128.265243370011,124.964205655615,4.61577055558387,58.5486699753106
104.663245472379,123.443991523818,146.879554373373,129.480042014799,125.742022336572,3.88488164234301,57.3572633087763
104.554979325552,123.660632556866,147.123186541812,129.745236352064,125.865482121973,3.72517843181067,57.0031943032232
104.487587145348,123.753017286097,147.228775027419,129.860897997316,125.909180982063,3.65346709598826,56.8269301075476
104.35457878192,123.935352114907,147.437169408263,130.089173237849,125.995427099144,3.51193424472774,56.479046834938
103.699460065887,124.667610226693,148.255070999377,131.011219442186,126.143413359869,3.19734977721653,55.0042614464051
103.39756392167,124.941866911549,148.480583555029,131.325176039193,126.060571594926,3.26936477131144,54.4998017155572
102.638981596293,124.891312244222,147.994584324548,130.917900007832,125.46995617993,3.38694484454066,54.3150135937263
102.637268777224,124.891853181608,147.99317575817,130.91637694099,125.468675026811,3.38688503146974,54.315408449321
102.627399027824,124.894970216288,147.985059199095,130.907600597757,125.461292659075,3.38654037158627,54.3176837192769
102.196702471301,125.501902926909,147.877816366478,130.629506501122,125.257520833526,3.26484155887391,54.3978879651913
101.88559614909,125.718177523867,147.834320711595,130.482291535307,125.08695553854,3.20463365524625,54.3132648918995
101.806026906247,125.796479349696,147.842083481772,130.457476502573,125.044571379333,3.19189024863403,54.2808192035225
101.592081695793,126.007016738355,147.862955962642,130.390754020231,124.930609155523,3.15762586817611,54.1935794689211
101.221487107007,126.595665311169,148.018521643103,130.331933173239,124.675623097409,3.12824802703803,53.9445696532771
101.000384326669,126.966847102461,147.490291901722,129.392846644292,123.499508161151,3.10056724900599,53.4632746769937
101.034443641639,126.979668263704,147.447167243332,129.321168069344,123.437670173461,3.0931943302315,53.4477939686325
101.213326881815,127.088180958044,147.109105298868,128.711455389097,122.906444035999,3.0256097053382,53.2206188911021
101.255585311435,127.05634899245,146.381139842857,127.527104888376,121.723753636565,2.92542371755448,52.3348598503776
101.294388083167,127.008532948871,146.251796808907,127.372063662016,121.552885639606,2.91387416314115,52.2011327565097
101.124268144614,126.429331186432,145.373115484639,126.496888235293,120.591016155567,2.85226959375677,51.742695513817
101.112969046476,126.314671249776,145.138258727218,126.26454996341,120.329572433121,2.8363986128896,51.6639421378827
101.110529672288,126.122985477048,144.563762933517,125.664121367537,119.640431385477,2.80011409157287,51.4966000769923
100.733905754556,126.342147247696,143.163408740282,123.677605760863,117.270787174661,2.76664723029745,50.9875283549952
100.458903696139,126.661112117568,142.71288031029,122.764482217489,116.180792558667,2.79120026435876,50.6738570644689
100.270891201212,126.966499160542,142.423430409853,122.023855672125,115.315099904439,2.83067594242519,50.3491730965364
99.4823496835666,126.6815489005,140.821388693575,118.704576547264,111.767392797624,3.06414957502087,48.2574163441837
99.4332297746337,124.778095911629,137.602354483943,114.504633790553,107.561404791034,3.71550416604023,44.3605259138205
99.3488401315887,123.900963628399,136.539065251464,113.527290310532,107.187912505181,3.91094971281445,43.4214003733712
99.3474432113238,123.812940478046,136.433527470329,113.431949770343,107.163111659867,3.93012678266034,43.3300025637514
99.4401876441165,123.223310118239,135.620685576255,112.665352632626,107.003858137469,4.07368700990648,42.5938308993665
99.431860594691,122.946330121041,135.200193234638,112.245096344165,106.851334061685,4.13326061484366,42.2226505973879
99.5574400556647,122.171791969218,133.562323684297,110.503262514356,106.010244156315,4.36841726228653,40.5108361706067
99.8584930235288,122.119768776306,133.279738894748,110.194520929415,105.862786501226,4.44028805418222,40.0106916770322
100.951545507573,121.76839718193,132.303266229515,109.07029227022,104.970844148299,4.63547479386085,38.3288139249073
102.682466488063,122.024136118911,130.942705814276,106.795478247864,102.816310668794,4.85268322826432,34.925356161247
103.82529937724,122.324772095645,130.846652353962,105.922878398279,101.946030606612,4.97634925406906,32.9278190034039
103.997354734659,122.338793361875,130.816732058721,105.739051700125,101.707051081068,4.99838932377308,32.6824607707809
104.774250344245,122.358073234287,130.420055782222,104.533287816862,100.050389549984,5.11172734690627,31.7665521591781
105.07537862103,122.061526962554,129.581792411229,103.032082237661,98.091397070624,5.19945163144261,31.100584342251
106.248881587634,121.448507029596,127.946251149384,100.496930900771,95.0828649426825,5.39994074039658,29.6165564643053
108.444405423692,120.799122603707,128.127311040744,101.329390765456,97.0782838571981,5.57704973911231,27.5388409049575
109.409450588878,120.946999861847,128.709194095634,102.218705290895,98.4502950693654,5.62705778939977,26.7540465245303
110.024891229119,121.19300513179,128.869396645257,102.259934029389,98.7015244444144,5.66933575752991,25.587695817494
110.69113178812,122.086506668173,128.695082442116,101.202444653361,97.5490876264551,5.72513061006459,24.3078566364767
110.982408777696,122.527853746358,128.436050976462,100.285489686609,96.7733615641677,5.76309604009821,23.508969881142
111.279007084188,122.808312985904,128.418277187848,99.9388765400963,96.6408161644745,5.79091544417102,23.104711774642
111.501037803986,122.980523326014,128.464880706307,99.8253294804598,96.6815495933006,5.80889783708932,22.9058077980512
111.99470549696,123.326129277165,128.627447627266,99.7182206422932,96.8904918059844,5.84578719707395,22.5801908096791
113.071649869204,124.134017441803,128.682186252451,98.648000475091,96.5786405233262,5.92527437420116,21.5914437615661
113.329807891977,124.424057504807,128.678182697388,98.2809308509021,96.3153763866647,5.93426014307004,21.3756630063684
113.536906086916,124.672020631129,128.669389755818,97.9617091882913,96.0802781140419,5.93972990991922,21.1935457163972
113.552599136242,124.701023973719,128.645994974302,97.8721431273429,96.0111490632475,5.93970784165808,21.1477373836323
113.655890413587,124.882017840915,128.508905549976,97.333225795695,95.6016000825655,5.9400227044701,20.8686287832471
113.708934152139,124.955990054541,128.470867792743,97.1534087503477,95.4783577641043,5.94106578098029,20.7682068068842
113.829934329965,125.108950113311,128.404599082623,96.8085962485366,95.2533668560272,5.94483402075528,20.5671752645061
113.836777412353,125.115951058771,128.402994280116,96.7959294143292,95.2465112802137,5.94519230864037,20.5587376603656
113.886713621665,125.167039246525,128.391283511584,96.7034953841057,95.1964839022932,5.94780685246844,20.4971657045508
114.737095738968,125.666828633292,128.359613265212,95.8129039487739,94.8785711803585,6.0884714996215,19.5280276196396
114.799581321802,125.645354096242,128.360622609053,95.7509751387963,94.8350983733211,6.13162308388861,19.36425702539
114.925746461161,125.664994995272,128.523315330496,95.810731223971,94.7853247913655,6.24003196691296,19.0329052784691
114.942263170728,125.674201826611,128.55647888161,95.8300362029194,94.7808907686289,6.25511895051787,18.9887929530902
115.029624485579,125.789116845861,128.918731036604,96.0433370271986,94.7160913994507,6.38445089454028,18.575284319562
115.12989550977,126.038376327131,129.954950930981,96.4950239467849,94.3006825391324,6.72450729766403,17.1803467780765
115.12972367546,125.968172675834,129.973251871051,96.4742492108974,94.2006838763823,6.7741076995338,16.993728530958
115.213466575643,125.769124986717,130.084717456536,96.6083364513244,94.0495252726509,7.00820035676898,16.4084754462025
115.21922832262,125.762337907943,130.1052555887,96.6399617103951,94.0553475904352,7.03109434395511,16.3645888839472
113.888820724189,126.21776739018,129.724584684708,96.1632190066765,92.8043090344592,7.77525570830642,14.5371639464139
113.900080469274,126.279781010802,129.723728436187,96.144332760716,92.7826363502589,7.77952931489185,14.5183375895337
113.661117028375,127.521851908858,129.770818886304,95.7532439535653,92.270754266112,7.86041333820435,13.7289067970882
113.649289042606,127.595048995837,129.797695957658,95.7570727233965,92.2658614282286,7.86470697005206,13.6628286704318
113.627763969472,127.860033330229,129.952759481389,95.8406584407627,92.3180252571583,7.87898555825295,13.3423035625386
113.975977778072,126.655057436735,129.963023933821,96.8116809095462,93.5583046555217,7.68582810721515,11.5073813997811
113.983556876589,126.652525951763,129.957741733627,96.8170319608071,93.5669498759894,7.68346884800031,11.5027155129327
114.189263944602,126.538014507859,129.545237038831,96.9481623413764,93.8610600105896,7.55127785719967,11.2835161621107
NaN,NaN,NaN,NaN,NaN,NaN,NaN
NaN,NaN,NaN,NaN,NaN,NaN,NaN
NaN,NaN,NaN,NaN,NaN,NaN,NaN
NaN,NaN,NaN,NaN,NaN,NaN,NaN
NaN,NaN,NaN,NaN,NaN,NaN,NaN
NaN,NaN,NaN,NaN,NaN,NaN,NaN
NaN,NaN,NaN,NaN,NaN,NaN,NaN
NaN,NaN,NaN,NaN,NaN,NaN,NaN
NaN,NaN,NaN,NaN,NaN,NaN,NaN
NaN,NaN,NaN,NaN,NaN,NaN,NaN
NaN,NaN,NaN,NaN,NaN,NaN,NaN
NaN,NaN,NaN,NaN,NaN,NaN,NaN
NaN,NaN,NaN,NaN,NaN,NaN,NaN
NaN,NaN,NaN,NaN,NaN,NaN,NaN
NaN,NaN,NaN,NaN,NaN,NaN,NaN
NaN,NaN,NaN,NaN,NaN,NaN,NaN
NaN,NaN,NaN,NaN,NaN,NaN,NaN
NaN,NaN,NaN,NaN,NaN,NaN,NaN
NaN,NaN,NaN,NaN,NaN,NaN,NaN
NaN,NaN,NaN,NaN,NaN,NaN,NaN
NaN,NaN,NaN,NaN,NaN,NaN,NaN
NaN,NaN,NaN,NaN,NaN,NaN,NaN
NaN,NaN,NaN,NaN,NaN,NaN,NaN
NaN,NaN,NaN,NaN,NaN,NaN,NaN
NaN,NaN,NaN,NaN,NaN,NaN,NaN
NaN,NaN,NaN,NaN,NaN,NaN,NaN
NaN,NaN,NaN,NaN,NaN,NaN,NaN
NaN,NaN,NaN,NaN,NaN,NaN,NaN
NaN,NaN,NaN,NaN,NaN,NaN,NaN
NaN,NaN,NaN,NaN,NaN,NaN,NaN
NaN,NaN,NaN,NaN,NaN,NaN,NaN
NaN,NaN,NaN,NaN,NaN,NaN,NaN
NaN,NaN,NaN,NaN,NaN,NaN,NaN
NaN,NaN,NaN,NaN,NaN,NaN,NaN
NaN,NaN,NaN,NaN,NaN,NaN,NaN
NaN,NaN,NaN,NaN,NaN,NaN,NaN
NaN,NaN,NaN,NaN,NaN,NaN,NaN
NaN,NaN,NaN,NaN,NaN,NaN,NaN
NaN,NaN,NaN,NaN,NaN,NaN,NaN
NaN,NaN,NaN,NaN,NaN,NaN,NaN
NaN,NaN,NaN,NaN,NaN,NaN,NaN
NaN,NaN,NaN,NaN,NaN,NaN,NaN
NaN,NaN,NaN,NaN,NaN,NaN,NaN
NaN,NaN,NaN,NaN,NaN,NaN,NaN
NaN,NaN,NaN,NaN,NaN,NaN,NaN
NaN,NaN,NaN,NaN,NaN,NaN,NaN
NaN,NaN,NaN,NaN,NaN,NaN,NaN
NaN,NaN,NaN,NaN,NaN,NaN,NaN
NaN,NaN,NaN,NaN,NaN,NaN,NaN
NaN,NaN,NaN,NaN,NaN,NaN,NaN
NaN,NaN,NaN,NaN,NaN,NaN,NaN
NaN,NaN,NaN,NaN,NaN,NaN,NaN
NaN,NaN,NaN,NaN,NaN,NaN,NaN
NaN,NaN,NaN,NaN,NaN,NaN,NaN
NaN,NaN,NaN,NaN,NaN,NaN,NaN
NaN,NaN,NaN,NaN,NaN,NaN,NaN
NaN,NaN,NaN,NaN,NaN,NaN,NaN
NaN,NaN,NaN,NaN,NaN,NaN,NaN
NaN,NaN,NaN,NaN,NaN,NaN,NaN
NaN,NaN,NaN,NaN,NaN,NaN,NaN
NaN,NaN,NaN,NaN,NaN,NaN,NaN
NaN,NaN,NaN,NaN,NaN,NaN,NaN
NaN,NaN,NaN,NaN,NaN,NaN,NaN
NaN,NaN,NaN,NaN,NaN,NaN,NaN
NaN,NaN,NaN,NaN,NaN,NaN,NaN
NaN,NaN,NaN,NaN,NaN,NaN,NaN
NaN,NaN,NaN,NaN,NaN,NaN,NaN
NaN,NaN,NaN,NaN,NaN,NaN,NaN
