NaN,NaN,NaN,NaN,NaN,NaN,NaN
91.0721036650117,130.854478219756,151.445149307354,132.318586324686,136.02406794998,6.48106358312652,9.34662099313653
97.2384776231246,137.574609091708,157.967288710478,138.682853484877,142.831577071643,6.68023269815296,9.9377730724848
97.1030614969054,137.446216002076,157.828581984191,138.531172460233,142.676019177684,6.66780321968181,9.9229654208404
95.95393529482,136.356686508203,156.651532115521,137.244024137176,141.355972172348,6.56232804631638,9.79730933414676
95.5831110216208,136.005094157458,156.271696844793,136.828659975667,140.929991570345,6.52829109334044,9.75675997852622
95.1680670895383,135.611575495681,155.846567381325,136.363764910002,140.453214086171,6.49019533796455,9.71137523643543
91.5668040916318,132.022136512701,152.132332694474,132.468153225738,136.398574302225,6.23748144692834,9.34408249700537
86.8428303734408,127.292722240346,147.265743540435,127.389984120839,131.104594426761,5.91776556797457,8.87105678465479
75.9868218565254,116.519210856845,136.218120938876,115.86246535798,119.109440805526,5.17685895208244,7.8466345209416
75.4162461171967,115.959512340913,135.643665898315,115.260734255159,118.485293161147,5.13659040354471,7.79502773128555
74.8391534363225,115.393421119754,135.062649608016,114.652130363762,117.85401669331,5.09586191996445,7.74283150466548
72.7442211814748,114.162240552085,133.610274969529,112.624553942544,116.057295653553,4.7441426465608,7.78443704999814
74.461639161055,116.189606443562,135.606751762253,114.466967773978,118.106273100808,4.77948300066209,8.03486259514948
74.7607978843414,116.542755297795,135.954520014061,114.787899647366,118.463186493152,4.78563897162497,8.07848446661963
77.1959831115809,119.343256098282,138.726675164469,117.343819042252,121.288128895491,4.85477974779956,8.4143234306116
77.5944808874963,119.798063283565,139.177567081547,117.759429465834,121.746645460905,4.86698475876428,8.4683798041046
81.3387277057793,124.091815746091,143.436140504732,121.581297220603,125.9833232766,4.97988317727149,8.98462400101928
82.5809337000547,126.40199076918,145.675936618038,121.610507436713,126.273720835035,4.86262704550998,9.4490254166123
81.368150885893,125.303727441882,144.568407861168,120.027347103669,124.526048879255,4.77742921679376,9.3749702768671
79.7411363696018,123.8130640828,143.066044362156,117.934262297538,122.181580215272,4.66794742587022,9.26906089368481
79.0368245104808,123.186287670559,142.430239093007,117.016023854228,121.097860653085,4.62173635292226,9.22755403532522
77.7279742863337,122.022042359728,141.249093817877,115.308986578716,119.082346180644,4.53584537586986,9.15057689780971
76.8495605957764,121.494258571487,140.646116112935,113.840278376529,116.941811931529,4.47061319612998,9.17702252410372
76.8777093896988,121.548591475454,140.692410359919,113.837334046705,116.892727187153,4.47154356223868,9.18801767234308
76.8987786699426,121.589259476482,140.72706145247,113.835130225456,116.855987416425,4.47223993823004,9.19624750486148
77.0879995892451,121.954494380167,141.038259154117,113.815337945985,116.526031522747,4.47849401543352,9.27015873755777
80.5873036315886,126.038331011781,144.679154539807,116.690156980985,118.249699743066,4.6922938262641,9.83646530840266
82.1691683722784,127.472619136944,145.301930717764,117.154130973663,117.657214542828,4.85578303419917,10.1397864998325
82.0297794336653,127.274403308258,145.052978663165,116.907344168801,117.359890465795,4.85218138587487,10.1277911349388
81.8495803473384,127.018154056487,144.731138686304,116.588303381231,116.975516156344,4.84752525071977,10.1122837796528
81.842047185205,127.007441642792,144.71768427443,116.574965988523,116.959447517751,4.84733060255726,10.1116354998862
81.4156647990866,126.401255265947,143.962660871197,115.825805797082,116.062432175329,4.83542768821659,10.0740566700925
79.4312787811613,123.340272615068,140.536200512891,112.346545960172,112.215426336261,4.71713333418534,9.84694659732881
79.3234988437276,123.116327095374,140.297117654961,112.09493687609,111.943887950193,4.70610366271466,9.83240258083596
79.8921852449504,122.931140593951,140.154786916677,111.833340898588,111.646082070057,4.68236514802605,9.89156915687924
80.0699278932391,123.010613353921,140.249235828565,111.91347036576,111.728584361656,4.68447635435841,9.91530784466364
80.3940868451351,123.169831877214,140.435663203619,112.077455891696,111.898621762295,4.68965274804044,9.96017868094989
80.6751632515643,123.281198553159,140.573167386977,112.199856479063,112.03014451135,4.69379493415151,10.0047952924322
80.707858107417,123.288528132041,140.584073570052,112.209923675322,112.04208930499,4.69420379094258,10.0111882503229
80.8524027998606,122.835115331178,140.175515629643,111.849548453632,111.757986514887,4.68410191664477,10.1182583263526
80.8492721061013,122.829428485352,140.169787691209,111.844412095077,111.753412422091,4.68393044752227,10.1184263267012
79.8468985554521,121.305553412288,138.622541222951,110.456923347806,110.543072219906,4.63412350956176,10.1197897116402
78.5003337864882,119.374648615354,136.72034132993,108.759415793325,109.214763830264,4.56708032916044,10.0950266604942
78.3594652029655,119.155362717604,136.514665987209,108.576457437429,109.089182398238,4.55995443381395,10.0949387177008
78.1894916555291,118.845267696604,136.240798068495,108.332358681367,108.944758368654,4.55216768447547,10.1023745934802
78.005187560242,118.434293871185,135.900980283309,108.028335213763,108.795388064997,4.54548200466786,10.1228710707656
77.993151397364,118.37116038263,135.857447405511,107.988558234601,108.785569415196,4.54624123745762,10.1302853921812
77.9435789353765,118.084450732937,135.662213070787,107.809843728049,108.743213676235,4.55049235874897,10.1652605009014
77.951107898322,117.569463913911,135.36181259618,107.527990672932,108.664690937289,4.58121172011099,10.2505511306601
77.9087387582825,117.308607435856,135.188220432666,107.37025791211,108.570149306428,4.5955929600266,10.279881585375
77.8915726649372,117.241846861186,135.139882605849,107.328084732736,108.538896076848,4.5990794020053,10.2853684198104
77.8380212261217,117.033580206809,134.989087656571,107.196521051386,108.441398330681,4.60995572549662,10.3024851785651
77.7197089469283,116.647832440989,134.696431829114,106.950354000693,108.248291104349,4.62851695792984,10.3273087078954
77.70176021199,116.596436674625,134.655913296512,106.917271335621,108.221131216914,4.63080904692934,10.3298300454032
76.9279086162739,114.633069235052,133.028591334624,105.705572894145,107.243355762333,4.69710048777158,10.3671222023083
76.8468176444644,114.459751337147,132.880326222235,105.600773349187,107.161968623106,4.69946569435156,10.3635222382242
76.5502074164148,113.824745606588,132.341144579195,105.216804307504,106.866684283696,4.70571983410121,10.3456871704463
76.2339752216554,113.13031140134,131.763712322273,104.790805680966,106.537951810656,4.70904038489211,10.317898537708
76.1982780733768,113.048922770146,131.697362393383,104.739774626914,106.49773376469,4.70932146159238,10.3141606939139
76.1777658033813,113.002155292683,131.659236444359,104.710451198871,106.474623699676,4.70948297368629,10.3120128567672
76.172232767048,112.989540104209,131.648952245622,104.702541416443,106.468389926944,4.70952654040436,10.3114334932461
76.0444779220389,112.692769472491,131.408507077032,104.514340807684,106.317597859601,4.71086993846287,10.2976634614878
75.9362400726585,112.40865647825,131.18701370612,104.321763784867,106.149041649809,4.71401592188554,10.2836598012645
75.3621441569189,110.841756191018,129.973895375299,103.044568113809,104.736727721244,4.77579151276466,10.1959119470577
75.3579226475461,110.830018630331,129.964558336203,103.033531750872,104.722027513217,4.77681706248519,10.195125001716
75.3161947958588,110.713997760003,129.872265616183,102.924441926559,104.576722115038,4.78695419185219,10.1873463766785
75.299847580946,110.668545669254,129.836109215408,102.881705127736,104.519797579602,4.7909254922106,10.1842990389874
75.2307470753832,110.441421136321,129.647194631379,102.660881693412,104.184138106996,4.82415332062946,10.1657620680158
75.0555313315871,109.876091508721,129.037952893999,102.131683804017,103.030208811581,5.01636961535021,10.052929963216
75.0482520761541,109.868808386841,129.027801662224,102.126417469765,103.016853134128,5.01873854846508,10.0501766260145
74.7760645905709,109.648207292935,128.687036076312,101.995580722754,102.591948832985,5.10587880659879,9.93760218386185
74.7133396179103,109.613627174477,128.620704266011,101.986196885242,102.517441010216,5.12550773319794,9.90863616523395
74.666451747172,109.598164813505,128.579979530798,101.991713688525,102.473225311162,5.14028027636308,9.88429910641079
74.6503657296291,109.597024900214,128.569560262953,101.998631094934,102.462659224591,5.14538830014183,9.87487327131206
74.6292595831378,109.595529242457,128.555889347025,102.007707287511,102.448795670705,5.15209043744007,9.86250581890412
74.4034202382878,109.648753006218,128.475674552215,102.18297493358,102.338957146055,5.2290414853604,9.70510036344349
74.2825459506791,109.782495512477,128.565781509122,102.386569486842,102.262564708127,5.2800294855906,9.56961420872586
74.1041990594703,109.751382616489,128.5830534465,102.40692628701,101.985029599809,5.30731513470446,9.45363714590249
74.0962267608416,109.749392595013,128.587858428891,102.408145497683,101.961381617409,5.30909991952685,9.44628963578309
74.0379191008838,109.734838010321,128.623001026078,102.417062539638,101.788425412339,5.32215344792181,9.39255154322846
74.0124323094873,109.703748076506,128.690819895792,102.422913398794,101.492123479737,5.34054759368133,9.32959676075499
74.0118474210542,109.702682934765,128.693122276108,102.423075444888,101.482185042101,5.34115016199448,9.32759077510176
74.0151892149206,109.67231915806,128.740442314302,102.42425019159,101.250535326985,5.35453340193248,9.28843640860546
74.0994983816087,109.542528415976,128.841727600083,102.420231104446,100.523458011913,5.39397629362731,9.2011662158171
74.0028802287722,109.10366731396,128.679848523749,102.270111797005,99.4311005748265,5.4326953326998,9.09267528230235
73.9840515784137,109.040560562978,128.652784037258,102.257830924286,99.2863609477886,5.43779807290147,9.07800896212496
73.9577847262511,108.95336230682,128.616465692419,102.244866577286,99.0841892301075,5.44511649555461,9.05720254590141
73.9394481927112,108.898227851575,128.600949637897,102.264332023214,98.941324068483,5.45159273033733,9.04030927243092
73.8853736602094,108.811794871056,128.750512616914,102.74326629796,98.4276053269137,5.49807179554852,8.94920855030102
74.5721026778116,107.884468534825,128.126394146827,102.416851731135,97.9816296333561,5.62773592225386,9.12392940920862
74.5902034152423,107.818762261675,128.064758871316,102.361775838239,97.9265223038109,5.63185970284102,9.12959833230449
74.6132769212064,107.735004674935,127.986190696813,102.291569088482,97.8562754808962,5.63711639894725,9.13682466390355
74.6577298825408,107.574852158803,127.834185412411,102.155097540331,97.7180799001818,5.64713268563309,9.15043574772045
74.9988827556586,106.40418284907,126.641500262148,101.048285089035,96.5261135761678,5.71968986083642,9.24244080022602
75.0730821518189,106.156932536649,126.379716842687,100.799843784531,96.2515606410496,5.73513541818614,9.26138706820435
75.475720504214,104.409915560507,124.202336354528,98.3786737451729,93.4438285404887,5.84339061975313,9.3754413424812
75.394446084036,103.992166379858,123.421312840526,97.1137695760181,91.9573520921898,5.87095031288164,9.38865551806826
75.3511885030879,104.02201456633,123.078889993417,96.1475853654435,90.8137873034659,5.89340296596149,9.39369144962858
75.2106290206315,104.00000846686,122.633557640829,94.8855028898951,89.3550551229964,5.92085576154413,9.37877494731332
75.1795290650131,103.952923459326,122.495925995212,94.5696549228073,88.9937974112297,5.92766605762629,9.37450772377192
75.1756550513604,103.900459461044,122.353332498997,94.267608764199,88.6469802495468,5.9347387713986,9.37238579700781
75.1905057059133,103.818131672725,122.132958319892,93.8196639326043,88.131590957229,5.94552098110578,9.37069400914039
75.2019629058012,103.802234021644,122.08737366113,93.7349785454796,88.0337417344147,5.9475115606404,9.37086825808873
75.4025467978626,103.526176281993,121.265167065993,92.3418234145867,86.436166808576,5.9723166351913,9.36743061099558
75.6481198872233,103.182550600326,118.309124275777,88.4134682340575,82.1706669436808,6.01977306509635,9.19520143469142
75.6422036534096,103.097366478572,116.842941601521,86.870104748574,80.449254692556,6.04587647609276,9.06873338265883
75.6568857564694,103.096833425159,116.628999095183,86.6542725112255,80.1990756735484,6.04789009567507,9.05022726511639
75.7538636980483,103.122318494199,115.75582070888,85.7842364048693,79.1712704108517,6.04751919680317,8.97218842473997
75.7494652611424,103.111974711767,115.688437976788,85.7184144250795,79.0947460717984,6.04610744128739,8.96548134232481
75.7064078059365,102.965106416932,114.609446372384,84.6641162145683,77.8723905232445,6.02157640375594,8.85506917062149
75.7399661998924,102.913414364546,113.935268386881,84.0045382748625,77.1183239025438,6.00523300773576,8.77929453605517
75.8112418768896,102.898418034895,113.38647535277,83.4674526660992,76.5151972683614,5.99492709390299,8.71241916636997
76.1154882862908,102.946697690165,112.193739518354,82.3071189346779,75.25592459685,5.99717177619558,8.54720688726497
76.1489007909881,102.901967863275,111.848046447662,81.9786994168296,74.9120693391751,6.0029031530531,8.49636299021575
76.1988513549282,102.814519472667,111.241789818584,81.4056911455708,74.3132754381735,6.01467250190434,8.40652408348097
76.2223107107231,102.789878162401,111.036784759113,81.2151389279955,74.1134696757276,6.02114124476979,8.37523365303295
76.2674186656783,102.742497529992,110.642598359918,80.8487426414932,73.7292805525913,6.03357942782743,8.31506800571018
76.3132546106357,102.712110161921,110.298936668485,80.5351174765607,73.3938590372932,6.0461248294138,8.26218015685438
76.2885004909224,102.419976039789,106.323669732048,77.4195535998634,69.6290252017167,6.05740558807621,7.71569290426114
75.7809591690751,102.063250550804,103.809053678955,76.3779865504601,68.2683492421951,5.87628420467305,7.45831997566457
75.3787694429131,101.759918125954,102.059299497242,76.0277553454177,68.1617181641669,5.7507717739522,7.21194833222757
75.3648761194761,101.794116862156,101.863701114623,76.0192573083382,68.2187665844344,5.73884902623987,7.16803687810246
75.1658228760049,102.851441704714,101.264971625795,75.8585772274768,68.2955352280523,5.70407642359242,6.77960760530547
75.1644688405805,103.007685217639,101.293373482904,75.8551155751483,68.2692012573953,5.70484834272159,6.7538798764234
75.1645828694839,103.837149975502,101.445345211467,75.8164536106702,68.0626441891013,5.70855844406265,6.62840242029286
75.1580231888191,103.854184858122,101.443320970041,75.809327020238,68.0492085328044,5.70817520785164,6.62433661552179
75.1392383415655,103.902967365131,101.437524183896,75.7889187230131,68.010733069716,5.70707774075626,6.61269343874375
74.9688253113295,104.444252146603,101.356620988341,75.5700822642396,67.5941781808281,5.69111269874281,6.48470935115637
74.960810189104,104.474768717612,101.351371473271,75.5580539900911,67.5711473221549,5.69005626328659,6.47753968371771
75.0076705503582,105.534276447957,101.061201462585,75.1528541025575,66.9100057374383,5.631436256339,6.22537861324859
75.0098241372347,105.545065664546,101.057854301415,75.1485483237678,66.9038172631677,5.63076327244851,6.22282277306398
75.0456502926265,105.861866184213,100.908481522256,74.9652998498056,66.6612710907145,5.60547889541563,6.13354491021316
75.1132860953476,106.780369060343,100.350466344009,74.2319203194973,65.7378741684258,5.52218690292486,5.85106066067119
75.2416800670649,107.330451778207,100.151281370127,73.891131831462,65.274333365768,5.49420869517506,5.73304668435852
75.2601883842252,107.395828549877,100.132850487142,73.8543858904614,65.2219151979647,5.49206029122715,5.72137994473225
75.275596410394,107.450254189982,100.117506924305,73.8237951881503,65.1782774920496,5.49027176210462,5.7116674772017
75.4978310464412,108.162860400036,99.9416360638865,73.4400434824149,64.6123260686953,5.47650906878393,5.60084129028819
75.5283862020233,108.254284783134,99.9215677680701,73.3924826856096,64.540255900484,5.47570602150099,5.588252065164
75.5421415405191,108.295442267438,99.9125334104721,73.3710717372206,64.5078113083911,5.47534450518747,5.58258464015228
75.6894170512153,109.053295430591,99.5494456412624,72.7269354167974,63.5859968222414,5.47331959492806,5.45615477695132
75.8036523218281,109.539130541649,99.2898790846749,72.2908550699997,62.9612131253527,5.48095836951281,5.38307648297681
75.8614649601734,109.728757821601,99.1845890392466,72.12260939192,62.7232235881366,5.48532107315751,5.35590368001939
76.1785554120885,110.54874687589,98.694852307979,71.3877526124896,61.7236620666512,5.50212507197103,5.23306647064039
76.5386670944092,111.350951345849,97.9166905510475,70.3564669840815,60.4792734732712,5.49489665798139,5.05298824254432
76.8360686967641,111.881137507947,97.3760589902516,69.5971898386003,59.6038723073719,5.4749823680914,4.92812966288609
76.8791160280728,111.947846103128,97.3229999381066,69.5149587531514,59.5079962751514,5.47279992026099,4.91563918928069
77.2324546230469,112.464802205859,96.9833312617674,68.9429382341172,58.8268683754746,5.46011912308545,4.8366126251613
77.2380555901382,112.472586858287,96.9792310296432,68.9352499312632,58.8174892977856,5.45998821847386,4.83567471461533
77.435784221816,112.746657176899,96.8374237112363,68.6670356885968,58.4893198192273,5.45564262472815,4.80340020490277
77.4529558252507,112.769309419287,96.8296274112918,68.6486630248344,58.4653309608148,5.45568874463259,4.80188189780417
77.5188970948611,112.856297080528,96.7996885696129,68.5781095218245,58.3732105140412,5.45586585127639,4.79605139408209
78.0773860889164,113.628109984509,96.4507107317344,67.8293192500596,57.3909954701883,5.45867668941839,4.74224201744763
78.127255962073,113.702489820505,96.4046916058005,67.7389057998113,57.2718336011672,5.45913180423147,4.73674762382919
78.959080337239,114.921571002831,95.7019885164928,66.512961841792,55.5507613274604,5.49535539620284,4.67854242743294
79.1622719170234,115.217685294865,95.4822912421176,66.2318559676868,55.1617886177028,5.50401939775085,4.65630675644953
79.4703083512181,115.71780766876,94.7118817265285,65.4695382337468,54.2470198078919,5.49267629543985,4.55943454119481
80.0147553209519,116.331860855115,92.5985210397154,63.2390877399578,52.1903775937187,5.26819452472598,4.41124002993191
80.1333600197132,116.380613185899,92.2667231557956,62.7191172854299,51.7365913789882,5.20725939612936,4.44320246785117
80.6566218516079,116.374934406212,90.7586397963412,59.785643650865,49.0303897763665,4.97759341263796,4.73687113466203
80.8812434057174,116.388698244924,90.0980374555475,58.6055776475964,47.9560045823745,4.94986233952225,4.82094078606662
80.8708159198596,116.261663101176,89.4520772950587,57.7010539989283,47.181036190087,4.95351457657472,4.83153351032068
80.8666202428378,116.173838497676,88.8861775023128,56.9879608359878,46.6308941844758,4.98018779460332,4.82344533267881
80.8667270072297,116.13399345791,88.6005171107884,56.6400411899906,46.3747591024266,4.99783607266653,4.81720115109233
80.8756663333281,116.123648291066,88.4465433774158,56.4743761895316,46.2827031132328,5.01703785098643,4.81153097357955
80.8827621943742,116.115436501317,88.3243220595279,56.3428745740255,46.2096308815456,5.03227984454367,4.80703009831277
80.9444614243384,116.103764150702,87.787520181519,55.7992409837216,45.9842722420304,5.12332692125853,4.79014140321395
81.1313455697136,116.177029978142,87.2948734355713,55.4096695823514,46.131356583285,5.30475313287809,4.79789455975016
81.3109525979731,116.104013442853,86.9452087693909,55.2788856051533,46.7748869844953,5.61042884551864,4.88344157582237
81.3953085355982,116.050865678806,86.9005874515658,55.3135250100115,47.0893430264963,5.73733113869718,4.93800766974884
81.8541798690259,114.931046423896,86.6571882900543,55.2566022117637,47.9603338059415,6.53287833641992,5.27810756794718
81.824473026771,114.811529919127,86.5810116018349,55.1771505107923,47.875535178104,6.56901242748082,5.27103043293801
81.6908360521788,114.339746240912,86.2656438357194,54.8441312950519,47.4982956555172,6.71390304179577,5.22263929615035
81.4185593180137,113.911626569365,85.9308957137508,54.4554763786287,46.8956051008108,6.92707984504852,4.96675491201295
81.4062713993808,113.912794852486,85.9329853611699,54.4548765773007,46.8827332002898,6.93679149771208,4.94787375298592
81.3953037120403,113.913837613622,85.9348504939259,54.4543412194726,46.8712442748982,6.94545971672911,4.93102121228955
81.0383241326775,114.088491897598,86.2544022349307,54.7996360102488,47.1426491316031,7.03825690955255,4.61403793762216
80.9758787432609,114.219740456491,86.4706458504967,55.0540122545003,47.4149275318249,7.05703118716484,4.52616165707935
80.9289073725469,114.544796622002,87.058279497204,55.7990850450343,48.2651838737169,7.08829723048437,4.35255063118546
80.9668742659226,114.761612789334,87.7509566178548,56.8945524750466,49.6143517160956,7.11048773708575,4.16022883175958
80.9363096807907,114.703487798665,87.8028832852152,57.0576732928875,49.8401619067374,7.10994987882955,4.12456251436788
80.9213520633873,114.675042741478,87.8282950230175,57.1375009356727,49.9506683122006,7.10968666315105,4.10710822446244
80.8395788428671,114.371739727854,87.8726519586405,57.6004813060216,50.6341774788862,7.10503142020311,4.00166302510498
80.8122913890382,114.196485536914,87.8422129598588,57.7755216149381,50.9125344707695,7.10219235719004,3.95995370477408
80.8020277338468,114.076221221224,87.798594851287,57.8599499907163,51.0592287812037,7.10033884799853,3.9387498678149
80.7953701913762,113.046429100479,87.2814402561443,58.4123527944379,52.132469138423,7.08759677721623,3.80579642997431
80.7901919453514,112.604456513791,87.0024062594629,58.5692126322554,52.5098943700308,7.08187154733637,3.7689461908373
80.6802001698968,110.770044204123,85.9964690148551,59.5212245009274,54.5441844220936,7.02414053002895,3.64029023787545
80.5758893283633,109.271725279565,85.7726917223017,60.7180655667765,56.4140205277571,6.91698921318542,3.50416715711066
80.5608475471051,109.000792972921,85.749813313854,60.9009765368737,56.676433167629,6.89986158458804,3.48742417812587
80.5591102148472,108.969500174018,85.7471708477574,60.9221028332367,56.7067419413258,6.89788333605788,3.48549035679277
80.5599367118086,108.923026307018,85.7466093321693,60.9553506184046,56.7524546384846,6.8956412087684,3.48435498109533
80.5937082653188,108.344913211106,85.7682775500074,61.3910401784797,57.3395817107895,6.8735240021829,3.48399635498202
80.6379770762832,108.014551985328,85.818491929162,61.671916457158,57.7065177546816,6.86879031059172,3.50192214415714
80.6437019263648,106.740761150685,86.9174936230421,63.5628316386801,59.9917368538529,7.00333464089097,3.85950702265612
80.8804005984686,107.212315371168,90.6805398025841,67.3201463871177,63.6879084899939,7.12220682766345,4.32743808298026
80.9210457426652,107.270506337625,90.9013361314177,67.5211218184715,63.8758100081018,7.11869418702993,4.35061431371653
81.0997275482598,107.50706519269,92.6878967090017,69.0775860313336,65.3685590411519,7.02974872456338,4.57706051241959
81.2581891229127,107.610992872735,93.349921701554,69.6659231938473,65.9639229613247,6.99718451267683,4.67102762249315
81.48720290202,107.711682150115,94.0704664546925,70.3366892995008,66.6678274039595,6.96913307149389,4.77355431124099
81.7156694857096,107.682957674925,94.8468036645676,71.1185863409285,67.5304226284558,6.94579959460239,4.88075502102067
82.0182152235694,107.36304459431,95.7966532233715,72.2336184385844,68.8398871817682,6.94265545620744,4.99393468337249
82.7766790936717,106.515060595958,97.0364774747069,74.0105336314398,71.0190457039701,6.9922259542195,5.11263442258394
82.8008438564994,106.458661128138,97.0764900974826,74.0756822625368,71.1014963193355,6.99342925074829,5.11669121689591
83.0539343640173,105.999048021466,97.4491896069271,74.6407646809607,71.7957973446102,6.99617294915878,5.15833781421075
83.6295340036104,105.308581820831,98.3138903843514,75.7444053580722,73.0371076085146,6.9645726576187,5.25218806062284
83.9073704036851,104.80244219898,98.9153744019481,76.4478206103585,73.7709416968967,6.9127941597017,5.30374981875204
83.9092059175049,104.796338256594,98.9211268389932,76.4545409367519,73.7778483749695,6.91214893826663,5.30418077335314
84.501781175134,103.619197134774,100.392849630774,78.1005453263747,75.3951697691692,6.73052935400802,5.37299728972428
84.5524943074279,103.562626659354,100.482274965764,78.2024167700113,75.4948916535319,6.71899835475936,5.37573281650162
84.7750946468486,103.297536540328,100.877439857524,78.6561828236506,75.9396039806405,6.66628212894857,5.38709989804264
85.1487565047114,102.328957006036,101.666890501204,79.6561605979048,76.9197652142564,6.52543493785195,5.4091398706704
85.9195732773868,101.084996803131,103.463147945723,81.7765913946723,78.8369940823856,6.38507157672847,5.57024947825084
86.5859261228993,99.9659271805367,105.547341447257,84.1216178033494,80.8878303976981,6.24285251444754,5.71139135691541
86.6332672160971,99.691982971267,105.864039800047,84.4951036427718,81.2173789747887,6.20682593353445,5.72339658983394
86.7155687162156,99.3494101321592,106.297581405328,85.0115246805775,81.6799689087589,6.15630025587892,5.73780793363606
87.0595576469018,98.2576538895875,108.405920722744,87.541609577321,83.9816197012002,5.95339562802921,5.82406047849367
86.8819341984046,97.5172282308437,109.892941639364,89.3536216582321,85.6366213661289,5.81975792414438,5.87558490379598
86.4714194024713,96.2483232305064,112.0840347277,92.0421187359588,88.1918718089676,5.56746300164153,5.9523091704097
86.4459285208283,96.0069851769612,112.531763218575,92.5733257003634,88.6983773707131,5.51668562335469,5.99007759038032
86.567322229911,95.2400287652239,114.529491466644,94.8510613170231,90.7959675663111,5.36988118023079,6.24535767859996
86.5680303739277,95.2297647942316,114.555090860567,94.8804411135596,90.8226181613212,5.36856561474834,6.24890570538769
86.6718715501028,93.8879735698805,117.065908963474,98.1939404298654,94.0512068204906,5.2657813192561,6.46888325450026
86.6678733843309,93.8656365330049,117.078714721563,98.2211714784955,94.0816883541706,5.26479735492026,6.46816815465596
86.6049189442351,93.4917913456125,117.28282459326,98.6725186102874,94.5914903534735,5.24873471131909,6.45451177836146
86.5618750959643,92.9637659869835,117.561570491844,99.3439847563202,95.3610304900294,5.22671894346712,6.43832542698192
86.5599060667788,92.9293054633919,117.579840185949,99.3886230239945,95.4122729715554,5.22527740114165,6.43738170906754
86.5904279972838,92.5119797858511,117.842054866415,100.00963450163,96.1149985351706,5.20509373365874,6.44118223522882
86.6337527651541,92.2985038597003,118.012694357597,100.378898658738,96.5208452178171,5.19073060649492,6.45481081309662
86.664725497061,90.6468569680852,119.097537580561,102.594890505405,98.8104436026562,4.91988565969127,6.64298074983327
86.6839524413793,90.4602827013513,119.246413574707,102.821707946944,99.01788351615,4.8355535191969,6.66868847203643
86.3710721297206,89.5332833128451,119.141101502006,102.606557529876,98.7113434783131,4.21702757114204,6.55895366789124
86.3450479107629,89.487845716252,119.102390666852,102.544187185633,98.6458920102396,4.17611244989104,6.54237682734778
86.0858554447242,88.7860036205945,118.375090185232,101.294440197342,97.2678704212749,3.21052735515535,6.17577177883714
86.1211521524555,88.7494341996218,118.419127581781,101.332009921902,97.2570397506526,3.09294001060924,6.17866792292025
86.2744141889394,88.8028488660393,118.686936706078,101.649023078635,97.4550848356593,2.9037894612696,6.24641914720062
85.9459788327969,88.8264123001879,119.099090531627,102.141583106228,97.6162748771888,2.61267974651128,6.46053692847671
85.7654405899509,89.0240242744329,119.423187639502,102.390816610583,97.6436171427656,2.56631738162924,6.56619657898486
85.6535038339248,89.0563674097939,119.515429178318,102.447276737311,97.6131861891304,2.56176966643648,6.59634689156269
85.5966641947174,89.0668482877217,119.554567335481,102.469507836025,97.594956028635,2.56010888173408,6.60963509862659
85.5569748574588,89.0741667560413,119.581896283043,102.485031114969,97.582226479358,2.55894920786762,6.61891383682896
85.4325729573534,89.9317014867237,120.92431018181,103.673157543823,97.9663897503723,2.62961813000801,6.81273846628513
85.3975870712704,89.9940429278704,121.018059827924,103.780285584561,97.9876990348455,2.6331381581495,6.81604478320688
85.296400691856,90.1487847574917,121.241739097521,104.056763286513,98.0367143127945,2.64156181154458,6.81940919914929
85.2393936791199,90.2389467829306,121.361050376439,104.220794850111,98.067135958662,2.64655923555088,6.81833966449042
84.9840889883094,90.6376547045075,121.879777344266,105.085782159408,98.2996103605091,2.711423700247,6.83397454654906
84.9532878950506,90.6867342384171,121.948809156293,105.203696809966,98.33850179184,2.72379049044013,6.83959119720166
84.8132468915141,90.7046637298399,122.011512853228,105.351597166288,98.3497648094284,2.7465245571066,6.84679166823173
84.2893623436468,91.0001219906699,122.488518900817,106.183456420669,98.5552555202179,2.86947344083384,6.885436024244
85.0777981724099,92.6002408450389,122.564199484543,106.490727492604,98.3339840114194,2.6957817180293,6.31963210423937
85.3003300294733,92.2219952860185,121.549642901195,105.872070800722,97.6040737574673,2.74988525252501,6.07836727024526
85.4382893700812,91.4443077172312,119.569679742391,105.024015729963,96.6541832482873,3.23468117212112,5.52481154013855
85.4728067187707,91.5010604776701,119.507573848213,105.067601661624,96.7041756070109,3.31016602069123,5.45188354746207
85.4956177857336,91.5468295490355,119.534326272983,105.117459765936,96.7496371153049,3.33555499789995,5.43697312821976
85.5439381676113,91.6458563123721,119.608047816934,105.228464282,96.8490492871678,3.38328172324384,5.4137636783938
85.4675040754385,92.7420390762525,121.337512004364,106.671211691513,97.6350806054157,3.84038703396278,5.75331179551027
85.3407080222202,93.3796798112794,122.162657161464,107.329684277419,97.8326971000138,4.12943850614503,5.97650200985382
NaN,NaN,NaN,NaN,NaN,NaN,NaN
NaN,NaN,NaN,NaN,NaN,NaN,NaN
NaN,NaN,NaN,NaN,NaN,NaN,NaN
NaN,NaN,NaN,NaN,NaN,NaN,NaN
NaN,NaN,NaN,NaN,NaN,NaN,NaN
NaN,NaN,NaN,NaN,NaN,NaN,NaN
NaN,NaN,NaN,NaN,NaN,NaN,NaN
NaN,NaN,NaN,NaN,NaN,NaN,NaN
NaN,NaN,NaN,NaN,NaN,NaN,NaN
NaN,NaN,NaN,NaN,NaN,NaN,NaN
NaN,NaN,NaN,NaN,NaN,NaN,NaN
NaN,NaN,NaN,NaN,NaN,NaN,NaN
NaN,NaN,NaN,NaN,NaN,NaN,NaN
NaN,NaN,NaN,NaN,NaN,NaN,NaN
NaN,NaN,NaN,NaN,NaN,NaN,NaN
NaN,NaN,NaN,NaN,NaN,NaN,NaN
NaN,NaN,NaN,NaN,NaN,NaN,NaN
NaN,NaN,NaN,NaN,NaN,NaN,NaN
NaN,NaN,NaN,NaN,NaN,NaN,NaN
NaN,NaN,NaN,NaN,NaN,NaN,NaN
NaN,NaN,NaN,NaN,NaN,NaN,NaN
NaN,NaN,NaN,NaN,NaN,NaN,NaN
NaN,NaN,NaN,NaN,NaN,NaN,NaN
NaN,NaN,NaN,NaN,NaN,NaN,NaN
NaN,NaN,NaN,NaN,NaN,NaN,NaN
NaN,NaN,NaN,NaN,NaN,NaN,NaN
NaN,NaN,NaN,NaN,NaN,NaN,NaN
NaN,NaN,NaN,NaN,NaN,NaN,NaN
NaN,NaN,NaN,NaN,NaN,NaN,NaN
NaN,NaN,NaN,NaN,NaN,NaN,NaN
NaN,NaN,NaN,NaN,NaN,NaN,NaN
NaN,NaN,NaN,NaN,NaN,NaN,NaN
NaN,NaN,NaN,NaN,NaN,NaN,NaN
NaN,NaN,NaN,NaN,NaN,NaN,NaN
NaN,NaN,NaN,NaN,NaN,NaN,NaN
NaN,NaN,NaN,NaN,NaN,NaN,NaN
NaN,NaN,NaN,NaN,NaN,NaN,NaN
NaN,NaN,NaN,NaN,NaN,NaN,NaN
NaN,NaN,NaN,NaN,NaN,NaN,NaN
NaN,NaN,NaN,NaN,NaN,NaN,NaN
NaN,NaN,NaN,NaN,NaN,NaN,NaN
NaN,NaN,NaN,NaN,NaN,NaN,NaN
NaN,NaN,NaN,NaN,NaN,NaN,NaN
NaN,NaN,NaN,NaN,NaN,NaN,NaN
NaN,NaN,NaN,NaN,NaN,NaN,NaN
NaN,NaN,NaN,NaN,NaN,NaN,NaN
NaN,NaN,NaN,NaN,NaN,NaN,NaN
NaN,NaN,NaN,NaN,NaN,NaN,NaN
NaN,NaN,NaN,NaN,NaN,NaN,NaN
NaN,NaN,NaN,NaN,NaN,NaN,NaN
NaN,NaN,NaN,NaN,NaN,NaN,NaN
NaN,NaN,NaN,NaN,NaN,NaN,NaN
NaN,NaN,NaN,NaN,NaN,NaN,NaN
NaN,NaN,NaN,NaN,NaN,NaN,NaN
NaN,NaN,NaN,NaN,NaN,NaN,NaN
NaN,NaN,NaN,NaN,NaN,NaN,NaN
NaN,NaN,NaN,NaN,NaN,NaN,NaN
NaN,NaN,NaN,NaN,NaN,NaN,NaN
NaN,NaN,NaN,NaN,NaN,NaN,NaN
NaN,NaN,NaN,NaN,NaN,NaN,NaN
NaN,NaN,NaN,NaN,NaN,NaN,NaN
NaN,NaN,NaN,NaN,NaN,NaN,NaN
NaN,NaN,NaN,NaN,NaN,NaN,NaN
NaN,NaN,NaN,NaN,NaN,NaN,NaN
