NaN,NaN,NaN,NaN,NaN,NaN,NaN
98.0056899684601,123.139117669334,137.927146920374,120.125416794677,111.951022455767,10.3194718996014,4.80775560448557
111.155534194842,135.941431420429,148.797621955036,131.696820873497,124.03228294893,10.9884085697175,5.6822163609267
110.679599895594,135.508294993486,148.352762610109,131.250185638414,123.620815385643,10.9462228857721,5.65230248064169
104.626459061975,129.998555472315,142.700474068471,125.573682341219,118.386962254199,10.4114683547926,5.27181789370558
103.842080660841,129.284031261753,141.971466742188,124.840545431753,117.708366011268,10.3432589089969,5.22249762176501
93.7663323110802,120.125507245516,132.587896260439,115.416226221714,109.010218553728,9.45978635421475,4.5902071832727
92.8072158227202,119.258003901893,131.690543443085,114.5176516309,108.186293094963,9.37411367684263,4.53029004314971
88.2949440451593,115.23542871653,127.402135975364,110.262603465428,104.363834032904,8.9458652454088,4.25205769495784
87.5491965443672,114.84445356254,126.372855928233,109.424271881028,103.983639597097,8.75407812727068,4.22315977641036
100.835017821065,127.981516899585,137.429444694585,121.281081174035,116.436106970716,9.41685678940882,5.12507005359744
101.425696696491,128.623761026051,137.850979330293,121.778593036988,117.043242530267,9.41882980750395,5.16927859677717
101.164530685435,128.458152144691,137.5275353804,121.501633845287,116.881948095235,9.36442258154289,5.15796308482726
100.844731948994,128.255363463315,137.131477079907,121.16249630134,116.684442469179,9.29780073421568,5.14410719902827
98.8070757003302,126.55322283548,135.095210030508,119.206492367106,115.050338920203,9.06390048916498,5.02727317811704
97.5891420199187,125.520499010759,133.901785705696,118.048306170092,114.057636722193,8.9334313850428,4.95637971948255
96.6950066590743,124.758234916088,133.03327916492,117.201744189347,113.324120123718,8.84067286699787,4.90405219658906
96.345093808862,124.45992885007,132.693395952133,116.870448807757,113.037064164531,8.80437254956056,4.8835742315269
92.615671010911,121.320712051,129.054942981173,113.33719949382,110.003690037874,8.41177863660663,4.66828657754186
92.3520211705248,121.10849935398,128.791273659295,113.085550545707,109.796462277652,8.38154315839697,4.65377352923996
91.5159510455652,120.487872692566,127.91823460715,112.276379793037,109.178935174422,8.2713802948524,4.61154824304865
91.2053416903404,120.257302981507,127.593890884085,111.975763853954,108.94951698372,8.23045356515141,4.59586107934489
91.0038474428852,120.107730955956,127.383487065603,111.78075239857,108.800691956687,8.20390413750801,4.58568471732608
91.0404912367264,120.2741620755,127.318606920538,111.783940076488,108.935402653308,8.16845232977641,4.59767500296856
93.2748535840548,122.924693763788,128.907161906689,113.712579368043,111.360570866842,8.16939595071696,4.78301071886801
94.1904030612793,123.919785253629,129.624786704558,114.523862013269,112.285179738259,8.19526274988245,4.85237031587945
95.3802980588984,125.253572714794,130.527086536067,115.568848311828,113.523316565364,8.21428681983621,4.94566410856136
95.9750354962098,126.03105166354,130.903594900584,116.07112448449,114.233591429705,8.18999683581044,5.00057046889571
95.4241907485544,125.968200466937,130.132346449445,115.498768709704,114.110066283548,8.02055841768212,4.99852184619712
94.5173818436213,125.364441995201,129.194850392479,114.645023432163,113.497300060712,7.89162345580424,4.95793218108664
93.0477475284718,124.353250156561,127.724689819093,113.286800102675,112.473884810923,7.70142853775978,4.88976373648101
93.018822574217,124.334130112719,127.695873979468,113.260412269381,112.45438756252,7.69764538000166,4.88848619668655
92.5168167078857,124.002292969991,127.195761847652,112.802439302632,112.116003861391,7.63198693950417,4.86631390677953
92.2015192398515,123.7938742683,126.881653787427,112.514797809717,111.903473428292,7.59074849702297,4.85238803989815
91.8462233060989,123.575705787377,126.52291660966,112.192854251154,111.677887234187,7.54099863733853,4.83802730307616
91.6761173516997,123.497410126138,126.343669253881,112.042145590303,111.591676394774,7.51203932386592,4.8332389625622
91.1985010857404,123.277574897593,125.840386149814,111.618992220407,111.349617265503,7.43072859483006,4.81979446366446
91.1652762438123,123.343279003486,125.778714045093,111.598666574458,111.401720574569,7.40755422221084,4.82540565653087
91.1601620595003,123.355430827438,125.768550149487,111.595767178363,111.411475525025,7.40354624260649,4.82643410415851
91.2198198930038,123.741737166575,125.710877423028,111.688775043481,111.749056024401,7.33450335725671,4.85723564746979
91.6684950608722,124.469273901761,126.002557094694,112.144939633036,112.42834294574,7.291307827948,4.9124831811927
92.1750192836478,125.221495400793,126.351279623867,112.655741505626,113.143504797916,7.25294387796418,4.96960124714923
92.2765317031662,125.394040364958,126.412629194723,112.762759006925,113.309434682006,7.23829819512629,4.98298587679191
92.4427260883064,125.676528008977,126.513069655657,112.937966217155,113.58109223084,7.21432053539016,5.00489896195281
92.2731793933068,126.038966266274,126.203807159956,112.880963428576,113.902355467463,7.06989063570323,5.03578103897564
92.174226679996,126.042175475661,126.091193874406,112.808477043393,113.896244708689,7.04084396007329,5.03661537022837
91.9612553324516,125.994327384307,125.871867460955,112.641790400438,113.826326372126,6.99621073340722,5.03343347988137
90.891971590405,125.715436204164,124.81478593192,111.794994839559,113.403221294608,6.80288125292722,5.0113577367294
90.5281633024238,125.637152569551,124.462171861762,111.507519780536,113.260062721369,6.74209485321153,5.00380639731744
89.6173104693566,125.889314545621,123.451785594062,110.854213856298,113.272186755766,6.49489826255092,5.01672449293
89.6172994900141,125.891198691117,123.451018462149,110.854506710306,113.27396050706,6.49435513131555,5.01687513755813
89.6166969258045,125.99460366662,123.408917012529,110.870579015501,113.371306868819,6.46454720395196,5.02514276026275
89.643792530268,126.179142585211,123.352163950651,110.923331632253,113.562689713881,6.40974069333533,5.04092054080045
89.7112837913667,126.357733120991,123.32416920793,111.009644614627,113.773769128365,6.35434136546979,5.05768866559774
89.7285171361588,126.403887677301,123.315869462751,111.032036261703,113.829229226346,6.33937239924622,5.06208705510519
89.7388534093203,126.480069536977,123.209885868392,111.076371036314,113.999564765777,6.25818714983805,5.07496898642728
89.6978082180057,126.486231059266,123.042859863296,111.102413619478,114.146657048515,6.15047489190969,5.08563528488451
89.5345501675211,126.38766876631,122.780100112336,111.121480863467,114.241025008938,5.99426067597541,5.09190617946505
89.4864553240775,126.374410368304,122.738499921537,111.141772947811,114.249895322471,5.96352857857683,5.09257504215719
89.4610057781937,126.367394643037,122.716487042636,111.152510571527,114.254589078291,5.94726658733518,5.09292897306859
89.1123075370948,127.987463862854,123.526276389571,112.5332018473,114.428830725316,6.0264330904815,5.12586216345757
89.1087236137172,127.990823467018,123.526690713399,112.534779336226,114.424034917194,6.02831202621911,5.12558649316503
89.078866879133,128.018811456515,123.530142337567,112.547920986646,114.384082285641,6.04396495171664,5.12328995557485
89.0077582352257,127.857715210577,123.528620816478,112.612180278256,114.121342815761,6.1564047537723,5.09515469924321
89.0134399343657,127.835608588335,123.533355361073,112.617431828157,114.117394395827,6.16011651708291,5.09383592488326
89.006379120672,127.782002037429,123.5273528032,112.611254400332,114.0942624965,6.16583188252137,5.09041805988795
88.7116566980775,127.320835552467,123.262210717747,112.337493322923,113.669878682734,6.19911006084093,5.0563150424821
88.7041523304679,127.308767792296,123.251969791593,112.328606047595,113.649838387457,6.20231213126138,5.05518795403963
88.6679574977111,127.248886320502,123.198444424415,112.283303578261,113.544959193842,6.21963774302336,5.04949080329107
88.6997261928095,127.230114126158,123.082205349899,112.225790781982,113.323725831813,6.27530567986696,5.04444404335998
88.6825740507947,127.133231241489,122.808875451556,112.044547322819,112.97946766137,6.33318186433141,5.03561872179433
88.6474152885998,126.965464773983,122.450582821713,111.790123926738,112.6129810144,6.39371833370119,5.02655298012552
88.6486419600773,126.945751158805,122.409764051795,111.761994301379,112.575840163805,6.40272298043865,5.02604864338587
88.50787639867,126.664249084584,122.3434298187,111.646236449001,112.489493935433,6.50497049674854,5.02974924220903
88.4895344818418,126.645522641776,122.344325303663,111.639699593553,112.485307077823,6.50706735714722,5.02936882091328
88.2307043039454,126.390857459492,122.522177215427,111.652382974851,112.496458804614,6.5428291441975,5.0290085869212
88.2265061065659,126.386354409181,122.530087900226,111.655687942498,112.498004120227,6.54374127595863,5.02916689970248
88.096562686423,126.239577592592,122.812404288016,111.780211271555,112.550156549775,6.57528665471814,5.03536537050568
88.0485423069394,126.148106156711,123.105279412858,111.938094415862,112.591178754631,6.60361736582646,5.04419030818573
88.0536256142755,126.132653503174,123.185205814393,111.986021326372,112.593546351877,6.61097968032787,5.04714408078803
88.0730200959009,126.045204456452,123.542873508961,112.194343354472,112.568287168393,6.6443241982525,5.06007003511881
88.0458654789136,125.959483864682,123.637027940398,112.226036792469,112.473470374645,6.65467197965596,5.06197482210771
88.0147778397541,125.861347668294,123.744819517466,112.262320646689,112.36492049999,6.66651851369185,5.06415549475775
88.0715848353589,125.665191397635,124.151434401259,112.413163769283,111.822965458022,6.71374096939799,5.07778202633732
88.085427146201,125.651801221612,124.20211659609,112.431941555285,111.75002824378,6.71975421568409,5.07969290538913
88.1261510201531,125.661793140461,124.341817815054,112.477129054306,111.538434627745,6.73665173299377,5.08504213169978
87.947112150506,125.739394747323,124.731436915445,112.394038124531,110.505708880193,6.79482036552592,5.08882133161779
87.8665344152201,125.735907859777,124.745196631795,112.342680374104,110.372708541422,6.7996339952298,5.08631224149525
87.2651511259506,125.71773270353,124.836082974372,111.985537634982,109.546422367603,6.83391817962465,5.06923035508001
86.9449971930579,125.671214452254,124.872524369585,111.813867497392,109.207410347933,6.85319917094514,5.06216241858846
86.6084674959629,125.56026298537,124.895817561246,111.637543872375,108.872370692577,6.87576769227397,5.05629905390932
85.378255854488,124.396098833005,124.489958878447,110.81109760917,107.631476151109,6.93152378545494,5.02600883945247
85.0329409622891,123.857986710878,124.344253532157,110.578435516642,107.244247869908,6.95930271938871,5.02322892041641
84.9071842734357,123.630020779309,124.291838041909,110.496421515654,107.096560866608,6.97218653308069,5.02345452008187
83.9484901305995,121.937883004606,123.836669137901,109.796526186333,105.958668146499,7.0602860600464,5.01799133078157
83.5703134955059,121.355590945781,123.652981994266,109.464576861752,105.475142380504,7.09403289234496,5.01288049458949
83.1356669305627,120.708669655127,123.432796225243,109.001921251692,104.808581798409,7.14192971097904,5.00577866128329
82.6174877176549,119.998875368498,123.06688890624,108.4117030916,104.02214003531,7.174114242259,4.98467493198792
82.4723531898634,119.789553009574,122.956485628677,108.259110533722,103.815433061115,7.18069631646189,4.97766769873946
82.4537354457004,119.762701300437,122.942323182237,108.239536079269,103.788916851493,7.1815406598131,4.9767688163171
82.3089191527218,119.553837920246,122.832161984672,108.087278109342,103.582663121308,7.18810830157746,4.96977694774854
82.2967674996336,119.536312023907,122.822918268865,108.07450201908,103.565356202827,7.18865939774686,4.96919025436249
82.2957054207435,119.534780225361,122.822110349535,108.073385363126,103.563843543385,7.18870756465911,4.969138976182
82.2246493775633,119.425768154466,122.771813925209,108.00812538816,103.46964399335,7.19223964590127,4.96585381654835
82.0269543840074,119.1078990387,122.640257065153,107.847636329984,103.223180728323,7.20275750629106,4.95703835057524
81.8671266330311,118.839255000698,122.550404827058,107.749284437673,103.050469763697,7.21211125207045,4.95051983479681
81.1339178754613,117.574374534069,122.369493058962,107.715102306505,102.662741803375,7.25579652195619,4.92646730540419
80.8504178498119,117.148220610221,122.318096210712,107.73864149234,102.581661407312,7.26500091296621,4.91585670458205
80.8417341178869,117.135312110305,122.318254437063,107.741986228857,102.5814685396,7.26533963314831,4.91556528251754
80.5933517547842,116.766087940204,122.322780214151,107.837656335587,102.575951909373,7.27502810810212,4.90722968422081
80.5434511666288,116.691909955024,122.32368945318,107.856876680119,102.574843605669,7.27697454500885,4.9055550433468
79.9949919946553,115.875910328662,122.504587047537,108.329461660111,102.753009265929,7.3064845104473,4.88765583376477
79.9468385021681,115.802936316034,122.537076278409,108.396844593713,102.785428154624,7.30997241416246,4.8859584071329
79.9208543732944,115.763558774539,122.554607807658,108.433205130409,102.802921726498,7.31185452353714,4.88504245794463
79.7728156348306,115.525522829321,122.709775020218,108.73050853992,102.949078537649,7.32600297931374,4.87825822576528
79.771211291337,115.522810158493,122.711993665778,108.734606216918,102.951114107049,7.32618958704162,4.8781694922944
79.7217917537178,115.439250161189,122.780335911805,108.860829375075,103.013816950257,7.33193777479835,4.87543618292539
79.7140679353977,115.42619050363,122.791017175073,108.880556891526,103.023616826833,7.33283616357415,4.87500899185894
79.6865599011063,115.383238439689,122.817290480611,108.933225067028,103.045258085521,7.33507174207154,4.87308943554266
79.62667019572,115.301963035895,122.834029734966,108.987408457514,103.046778860952,7.33662432568372,4.86754126224024
79.5100818306022,115.143742747591,122.866616342062,109.092888236927,103.049739381797,7.33964676808655,4.85674053362507
79.4363459031684,115.035859441892,122.897074315637,109.180374649077,103.050404617372,7.34174825345072,4.84781184763559
79.329814356499,114.823499960943,123.007343490796,109.442471771718,103.049542827399,7.34633299043005,4.82212978858921
79.3424542694228,114.735145448691,123.120450936991,109.660596551936,103.060251504455,7.3492194274174,4.80371399151027
79.4421147439221,114.590315136348,123.35573602571,110.074619289731,103.09142056458,7.352572594252,4.77046907993656
79.4176021536908,114.517765879522,123.363635962024,110.110236052967,103.060383471498,7.35079200232207,4.76179896891526
79.3643977647843,114.345483338383,123.397097601651,110.216148363622,103.003259157478,7.3471452907263,4.7415993386135
79.3511712895634,114.298034304211,123.410503873978,110.251398792584,102.992251995237,7.3463067262269,4.73614702868941
79.2997188444992,114.059056280587,123.519637682573,110.497125043606,102.974762131119,7.34404052212374,4.70822050011465
79.2965966053966,113.938700346537,123.626534005707,110.712004622567,103.004479844972,7.3454396916202,4.69211987227953
79.2671563064899,113.718713093215,123.774678332705,111.064283663741,103.005004521571,7.34685755319077,4.65953109211736
79.1493189722392,113.461895663219,123.779178366902,111.213736580148,102.877613743213,7.34055038670235,4.62482586360583
79.1297518970306,113.387256718474,123.797622890191,111.281588275192,102.852226062113,7.33873293501906,4.61366609399553
79.1278908501572,113.139972159631,123.943291918009,111.59964804002,102.860994420203,7.33384164565163,4.5780370288578
79.1284764984712,113.13436063277,123.947504085693,111.607736876014,102.862374416856,7.33374803739303,4.57727603105336
79.1426038494486,113.044972167691,124.025267469676,111.739674564849,102.911846793613,7.33277577224424,4.56786972622727
78.9988063285616,112.475879376791,124.190529700414,112.091647267247,103.009341303608,7.31917661844947,4.52438071123467
78.8771829386896,112.097152787742,124.267566808454,112.279087649219,103.095202668473,7.31021350575103,4.50173403900295
78.836655407225,111.955259836948,124.300378837246,112.360080449891,103.143983324594,7.30736524958096,4.49432787148882
78.7887977016199,111.782406271641,124.341535908549,112.461977623598,103.208394399255,7.30404855904487,4.48562947376948
78.7843920742765,111.766493925153,124.345324696925,112.471357951573,103.214323876821,7.30374323511989,4.4848287270903
78.7751753697677,111.733204819155,124.353250955818,112.490981878974,103.22672852169,7.30310448831347,4.48315354102642
78.7636067142737,111.691420882322,124.363199865257,112.515613509001,103.242298627346,7.30230274385649,4.48105087510684
78.6667352149554,111.283348246519,124.454604860557,112.775874795283,103.423425294351,7.29588765223396,4.46286761946145
78.6387990473782,111.160629974395,124.481665397811,112.855604477011,103.480051930902,7.29406347346642,4.45757397789287
78.2775436699428,109.869393780764,124.3597582816,113.297900081585,103.729285562574,7.2702489699543,4.40262921211124
78.1233720867937,109.219887331695,124.17686496319,113.399350349468,103.739271139005,7.25710314866398,4.37558020108461
78.0968067256681,109.057254235903,124.129161212957,113.425339731395,103.741561128439,7.25409907170619,4.36920502284716
78.0532500908452,108.680360950725,124.02294286114,113.48902255274,103.749942481995,7.2476482701367,4.35509627986797
78.0426543243225,108.460216663172,123.964472320555,113.529067332936,103.757372727656,7.24430161441896,4.34740389600393
78.0401163804609,108.407486750518,123.950467203583,113.538659032023,103.759152452259,7.24350000895537,4.34556138292414
77.9897853307866,107.236497841189,123.66241073317,113.672647740126,103.74321903007,7.22459107403437,4.30487505338462
77.8945243469762,106.52420818773,123.485414467758,113.661992844695,103.66614887464,7.20929182815662,4.27699267434203
77.8894079275308,106.479795180939,123.475949376388,113.662210484039,103.662478708025,7.20834924125222,4.27526478921571
77.8767427047182,106.369854893048,123.452519418697,113.662749230094,103.653393550244,7.20601595460676,4.27098756950123
77.8620026576035,105.175020329899,123.441224967768,113.870878796596,103.785625418358,7.18061373978597,4.21882213256405
77.7656186527473,104.791525295402,123.377003134908,113.852612177462,103.747785847347,7.16545333329846,4.19260354027402
77.6923594742179,104.270207419991,123.253491256746,113.848369133397,103.681698450833,7.14304987034049,4.15558135149664
77.7587984146509,103.778132049294,123.157725316683,113.936563416662,103.675034566196,7.12699431775218,4.12896097196212
77.8866404768425,102.105253012586,122.722369741163,114.077327502365,103.536371409615,7.08580151335522,4.06618850819992
77.8829808518539,101.720973405944,122.605058461225,114.077672110881,103.485587193518,7.07666273707215,4.0529148467689
77.8730037289368,101.036715745728,122.392245142035,114.07731982627,103.414137508963,7.06194581186348,4.03081141408719
77.8562021496688,100.701053196093,122.274084926318,114.064276645345,103.383886389694,7.05544010509784,4.02011855348405
77.6916446804042,99.9453440511539,121.881359252825,113.879649505172,103.247592199721,7.04065227115288,3.99190637488423
77.6365817608118,99.8715887376192,121.812159016028,113.816597302766,103.201543772526,7.03816562273676,3.98751558818338
77.3479282709547,99.5594194539676,121.451330950332,113.457111458681,102.953311063067,7.02756942735453,3.96687374901041
77.3160793813443,99.53284864663,121.411723336916,113.414386829138,102.925199467019,7.02665815849791,3.96484735190051
77.1173788752612,99.3861803592759,121.148782409238,113.112677718195,102.733033216493,7.02266582484366,3.95321573145234
76.7820735615115,99.0113241669675,120.496471944095,112.292583882169,102.227541418529,7.02618821260692,3.93538447339072
76.3496846932657,97.4403269088448,119.272284679316,110.855395220169,101.138560720671,7.02029546093261,3.89038764574916
76.2769276766438,97.0943443452294,118.979939935906,110.523604314756,100.922959342576,7.02223206662262,3.88165327627122
76.2561095742893,97.0469041389842,118.913719773169,110.447671216957,100.883000865454,7.02318316484835,3.88011537177271
75.2458212944885,97.2511896297834,117.511863664138,108.849294376739,100.154759216627,7.01921256424432,3.84371664518896
75.1750121095945,97.3517093638719,117.37230109463,108.702750554638,100.140146485339,7.02306838396634,3.84599619028661
74.753061006401,97.2434453140207,116.599924642575,107.917185726551,99.9022042193873,7.02758506909272,3.84320366554212
74.7442548999805,97.2339823786459,116.582698671642,107.899912336892,99.8965534201214,7.02764202970149,3.84311289047035
74.6668230485417,97.1507750482859,116.431231183232,107.748027896931,99.8468660976683,7.02814288276705,3.84231470776211
74.4437907454197,96.7931004645521,115.979777953701,107.284186703434,99.732133230627,7.03324455095698,3.84339981668304
74.3643358442362,96.6598169664608,115.834139545935,107.126523832908,99.7046487964424,7.03611232519375,3.84479555363572
73.4871245972505,95.9189648099644,114.860837105852,105.939582717617,99.3468444549271,7.04604316402208,3.84159850396072
73.2324800343524,95.8408379939961,114.65077992452,105.658294658886,99.2307711327461,7.04749034638491,3.83991947138743
72.8993269369698,95.8679012376646,114.3928948969,105.298638666562,99.0813742536915,7.05418839676167,3.84338934803371
72.7996108559145,95.9184799037432,114.313551006678,105.187618475604,99.034610598734,7.05835953646705,3.84698425415639
72.7376062224121,95.9504459541016,114.264049882263,105.118439382522,99.0054645515979,7.06098842374556,3.84926184368339
72.6579624475898,96.1002504050875,114.165846699691,104.998909853128,98.9537167302965,7.07179355080853,3.86109431918104
72.4605229962993,96.1789214964318,113.816114297506,104.67497541134,98.6949600451097,7.07889840030444,3.87114766966517
72.4269319920057,96.2051401488073,113.68027806032,104.573852360264,98.6113752503927,7.08162212249493,3.87610646852928
72.484106845994,96.4370930935985,113.115562258014,104.295654465075,98.6645743008692,7.09786855924516,3.90965869965912
72.1132887389083,96.4950071920282,112.432946993124,103.862317216415,98.9565543328733,7.09308314279205,3.91729572087629
72.0134385205745,96.4936417597608,112.168147583396,104.325278472107,100.932772429846,7.14339343812533,3.99674197909377
72.8905261635325,96.2280417443349,112.78812002833,105.47783140783,102.36127733111,7.21682589996339,4.09318323880417
73.2316550646703,96.2267149506136,113.042821377268,105.860716486229,102.768615627389,7.24186191989263,4.12531088721661
74.2848126262475,96.4257236990381,113.868074093306,107.000163985278,103.94427404621,7.31916952396153,4.22416185439398
74.9225010633906,96.7203531446574,114.417280170841,107.716663317322,104.67220670816,7.36800606382511,4.28684388601381
75.0640548083639,96.8236754522921,114.549389098963,107.883292800207,104.838167547455,7.37899557750683,4.30083355046909
75.6955132192109,97.4351772625499,115.184536356698,108.676536941174,105.601643298119,7.42857004702833,4.36332059262933
75.8770804840676,97.6346546308995,115.375570596234,108.916437772969,105.825212780904,7.44288938449385,4.38123253708373
76.2203875484103,98.0237709703831,115.747826869968,109.393352175373,106.250210276728,7.46993807354908,4.41479522043025
76.6506739317951,98.5187036721356,116.246315496982,110.065590548369,106.810978454181,7.50487737077269,4.45809390365487
77.0411988396991,98.9218540855599,116.730611205581,110.751447681315,107.340747918272,7.53756199456131,4.49835720957877
77.6729408510549,99.4313589535392,117.502620361983,111.803582620004,108.156528926282,7.59118309681074,4.56357766163014
78.3447186380482,99.8861404078324,118.304889282252,112.770810896218,108.976445181662,7.65296267734072,4.6381452864592
78.7024445359209,100.124934299192,118.739571313942,113.234306955809,109.406780622342,7.68968553646843,4.68242032774021
78.7830634047347,100.177486820052,118.845244389858,113.33198890696,109.506474543108,7.69952591411964,4.69429554448868
79.374922711783,100.647630109179,119.578373391608,113.89807436728,110.164244826034,7.77277761802638,4.782567193888
80.304544043777,101.635047530931,120.527222446801,114.370811471163,110.886147903801,7.88226133956695,4.9147094685733
80.5557420888254,101.919054511957,120.746440141717,114.460614291221,111.026874413599,7.90984273591142,4.94820854530048
80.7019929317252,102.08440715376,120.874071599414,114.512898687486,111.108807259344,7.92590099171097,4.96771215332725
81.0185684694141,102.455112246347,121.132488206506,114.57619686965,111.231321462074,7.96279885863013,5.01286660984977
81.0513699574773,102.49454137305,121.157840037323,114.578778703564,111.239643313916,7.96679244284569,5.01777937316059
82.2743776602982,103.840623097395,122.063832240913,114.786367550578,111.50108675938,8.11175756609287,5.1982198845015
82.4309628140494,103.988985023634,122.185636559314,114.837384071269,111.541977861775,8.13154664339817,5.22335800686509
82.4807503862131,104.036157951156,122.224365271117,114.853605204911,111.55497953315,8.13783874766723,5.23135088518882
82.6984039423156,104.242381210913,122.393673423348,114.924518231353,111.611818215719,8.16534558943543,5.26629290616015
83.2579083402202,104.730902696107,122.879621334163,115.128440733993,111.788146432788,8.2498448019032,5.37547710389273
83.4007433522931,104.837722946106,123.036833586211,115.131975576578,111.794934542102,8.28827208435427,5.42670575249983
83.458762444033,104.87539535679,123.127113457068,115.134017930648,111.814160533167,8.31062462669082,5.45689114290796
83.5264873476244,104.919230266445,123.233140960086,115.136416750193,111.83700483334,8.33688108146931,5.49235505610996
83.5770138907785,104.95217171538,123.335748850485,115.142684299615,111.877127097321,8.36144779651373,5.52577932723907
83.6046734258363,104.970217933585,123.393223577798,115.146363834345,111.900371917644,8.37517251888338,5.54446325108113
83.8052884092614,105.130759064421,123.80304204722,115.207950035897,112.120816267009,8.46572859693628,5.66783745258219
83.8689816603499,105.189534510934,123.970252410359,115.202338556747,112.193614172194,8.50658492131361,5.72397355826565
83.8610016687798,105.186278175711,124.043166078327,115.143014247944,112.188186808514,8.53266657320245,5.76048033934499
83.9675651515536,105.281940956007,124.314089375571,115.10404003751,112.225144431395,8.60122092258993,5.8536445825777
84.3166561534905,105.552270521142,124.86094901834,115.247464312079,112.394038104042,8.70552429952985,5.98983505089384
84.4392332079332,105.605855169138,125.249141350536,115.16976207643,112.342874427089,8.80107760316771,6.11378535148824
84.4577752230987,105.621631460746,125.284000086784,115.164451498874,112.343399283283,8.80931413386667,6.12445140892743
84.5724118879411,105.723445524823,125.477577313458,115.136836265333,112.350329217472,8.85487397364207,6.18354091830171
84.6288662432177,105.779034328311,125.544953998769,115.129884903295,112.358437275736,8.87047738314423,6.20390744536254
84.6644164538479,105.814039487133,125.587382175349,115.125507519417,112.363543049731,8.88030309971886,6.21673257326048
84.6916172134922,105.840823207808,125.619845516996,115.122158223742,112.367449663187,8.88782111297791,6.22654554525631
85.1152089633493,106.296742174795,125.879247940894,114.866035676524,112.241784083523,8.97979278848166,6.35112386254125
85.4084178157741,106.59404628014,125.910253348998,114.59564081289,112.056892634816,9.02338501500309,6.41347803151114
85.7774091913272,106.922069466167,125.955103014911,114.352597017273,111.899706741595,9.06547494776022,6.47434122733583
85.8532359838066,106.985548844874,125.965776584375,114.309001624943,111.872658729034,9.0734604516238,6.48592587019976
85.9158358066842,107.037955095139,125.974588292427,114.273010865622,111.850328880438,9.08005299116166,6.49548972708557
86.0965836901976,107.178685037338,126.007213596039,114.180866811127,111.797095266235,9.09839083427668,6.52216308121312
86.3130140103837,107.343242741569,126.048962974517,114.074930617988,111.737551751493,9.12008840947258,6.55375067215305
86.6570560576065,107.547341357723,125.99374941734,113.582647064152,111.380643143753,9.1624874726488,6.62069500624313
86.6921701879864,107.567730500666,125.991477498304,113.533268340642,111.345693303601,9.16695358254462,6.62779361618595
86.9064062672365,107.705401749031,126.007428771788,113.273012173116,111.167155912733,9.19420394492722,6.6708711327083
87.1606177744891,107.902337972702,126.083637754482,113.052779685211,111.026658717563,9.22626343006924,6.72100433613575
87.8688242974704,108.662909429434,126.345937555937,112.404863289812,110.529485277225,9.33014556645319,6.88817818435871
87.8910755536,108.68561829083,126.351534677884,112.387366082915,110.513706290699,9.33364849483028,6.8937212469672
87.9820388323116,108.778452262823,126.374415748539,112.315837388157,110.449201691911,9.34796848865065,6.91638132269663
88.5225847722188,109.099857356063,126.470128478803,111.983983154755,110.169276641175,9.43532379075304,7.04720840816447
88.7596575834873,108.853242444256,126.224183585743,111.250991160738,109.581495737361,9.51823423080918,7.16952123301371
89.230414460848,109.073286914642,126.27073534166,110.527384242276,109.072933994746,9.62766300721143,7.32651827012468
89.2588517812491,109.115498625076,126.268229211075,110.409410597855,108.978208549501,9.63872358265441,7.34317769937432
89.3604590002573,109.298204311398,126.32767448032,110.201634563791,108.80764268533,9.66459317446365,7.38183011268362
89.4747313802979,109.493121470388,126.422973782447,110.077631053958,108.701356892896,9.68741784006756,7.41542648828117
89.5454313378632,109.612649446226,126.48480759949,110.011985633465,108.644236538753,9.70090626079018,7.43521533497008
89.6265006891289,109.731448207747,126.563035971799,109.977468687025,108.609940232689,9.71447348811332,7.45470908897213
90.1077863841273,110.320796883437,127.040028738516,109.772106413571,108.359633060273,9.80303072378536,7.58035615725426
90.1373663981285,110.348778758024,127.072359446119,109.718949579528,108.295938869608,9.81295977527518,7.59460219904881
90.1992810603551,110.373227016326,127.121892748953,109.642180447048,108.19939591548,9.83112386326072,7.61984799192741
90.2579294426376,110.395162038572,127.168162542471,109.570698105655,108.109264743068,9.8482358164798,7.64359798322594
90.4482869176535,110.435941589862,127.26693903913,109.412821719671,107.908807580924,9.89485288099725,7.70678494376317
90.6432980543125,110.486744783134,127.336927683221,109.291518138948,107.758878587993,9.93619767861676,7.7621590265215
91.069177938793,110.591298755033,127.328445368736,108.829659803461,107.252102323259,10.0361549817473,7.89721704763499
91.2271831633587,110.635924492325,127.298311511858,108.627905196079,107.036974633717,10.0755448824613,7.95091982592073
91.2291891547541,110.636680751427,127.298588774543,108.626647873443,107.035550207625,10.0759601694487,7.95148436587098
91.3529599221917,110.683342352109,127.315696033992,108.549070378381,106.947662337856,10.1015836039544,7.98631678990397
91.7859934892289,110.818139535389,127.492756899016,108.480207288483,106.827487965781,10.1816930930306,8.09506879592921
91.9287100549787,110.845280550441,127.583229616709,108.509876537715,106.833293644505,10.2062319522044,8.12836417767171
92.1958163621604,110.576978089208,127.795494282558,108.526213608481,106.704909581966,10.2814194666142,8.23247990990271
92.6078236089887,110.173883205504,128.194862458578,108.711572733709,106.5795669305,10.3855655156811,8.37618928784823
92.8021687170566,110.082747219053,128.314824661928,108.681268295232,106.356966065248,10.4384728664346,8.45077570428757
92.8491691919537,110.054134666063,128.307317979805,108.576656730002,106.151303024659,10.4629291945258,8.48625761450311
92.89587469673,110.072266032668,128.306361218485,108.503338031587,106.009554451394,10.4810334132098,8.51241881751431
93.2932909774805,110.497529771393,128.481692890658,108.385116539043,105.688223232492,10.5647626901457,8.63173327930358
93.4397668332388,110.640879097652,128.576424446957,108.408774193031,105.67498773178,10.5887835942579,8.66577883433595
93.5184477039662,110.715038453227,128.626832863123,108.41646354228,105.660935823945,10.6026516607483,8.68557516555384
93.9738130134727,110.735652909585,128.921139975401,108.400045134367,105.479652586341,10.7018781302831,8.83275685973319
94.0783617124936,110.697448737544,128.972739779783,108.410086072907,105.457460042091,10.7172315726034,8.85606739353155
94.3778696718961,110.572209073193,129.07774799638,108.398999291349,105.343838727608,10.7563900880633,8.91698449840128
94.4426423433612,110.473656790331,129.053958274202,108.329062837812,105.226690595972,10.7660015054779,8.93377650815308
94.587344384399,110.035102013358,128.822551536181,107.923767964915,104.618758798249,10.7889721716125,8.98056486161817
95.0082062925933,109.584612711804,128.519985430005,107.331923012348,103.637666890389,10.8266288949071,9.05914095883602
95.0913733600509,109.543048228919,128.495831987549,107.262364800231,103.509482428941,10.8332501145862,9.07246804361278
95.2140117996448,109.385221627553,128.389061995678,107.045733244227,103.160791874027,10.8441040962899,9.09792928258461
95.6791313563981,108.539655844607,127.722124679369,105.635965685866,101.354228141188,10.895083746699,9.22852133892261
95.6588165021849,108.421673130285,127.554427201084,105.354515095475,101.0560850689,10.8942501815186,9.23613491169798
95.5673680485829,108.1743868517,127.163056752569,104.726504476371,100.393396618662,10.8870296357943,9.24501370053084
95.5206285116746,108.066508329265,126.95977153887,104.400572050358,100.047581326778,10.8821970133638,9.2483480570745
95.4167136853518,107.866955832072,126.418406877621,103.507193252258,99.0633638096041,10.8638352754567,9.25440979928026
95.2790496794696,107.701937648245,125.73535693291,102.29653559333,97.6374716453397,10.825096141886,9.2558197344702
95.1502606159512,107.58365222365,125.484972785469,101.874292599503,97.1412118024776,10.8054908700269,9.24834565215886
94.8535844794636,107.049797225709,124.484966734218,99.7810533029913,95.0875924797504,10.7439512058838,9.26774667423636
94.7422383641631,106.87118494838,124.218861493979,99.3096458377226,94.70404348336,10.7325911550717,9.26902412695886
94.578623201845,106.570194917895,123.648720650138,98.3050269000504,93.8948347253299,10.7097185350562,9.27600366444273
94.5234966714767,106.4417139267,123.25402513571,97.6026095370423,93.2755543483227,10.6882377157916,9.28154904148427
94.5225703244193,106.431596256131,123.168003743919,97.4468600985485,93.1159433545907,10.6809629257278,9.28227834323845
94.4405191542341,106.364027868128,122.826043158737,96.8949871010122,92.4533481893458,10.640346400493,9.27120156601318
94.4222639505941,106.350727454465,122.791413965752,96.8463200026451,92.3893184415072,10.6357074764918,9.26884422020469
94.3317662645815,106.292400465875,122.623515549668,96.6161385794585,92.0511147227582,10.6089925231539,9.25493663644936
94.1832886068376,106.217651313806,122.343957783496,96.2532027519728,91.3779761702078,10.5476188344899,9.22231146866
94.1732351657714,106.213124767613,122.323964545354,96.2279570724816,91.325331342225,10.5425307976523,9.21960722702108
93.9708638095358,105.978332312511,121.752056487213,95.4977151228954,90.0642941227587,10.4191695600422,9.15126277237542
93.5827780374666,105.330491961236,120.723571882813,94.1383971357028,88.6344771944244,10.2912653357557,9.06254491788303
93.550400083211,105.041448508591,120.077966452298,93.1729616052345,87.8035666986608,10.2038095711955,9.00311764499315
93.4092341037525,104.769794512673,119.523092243094,92.4131633832991,87.125483851946,10.1183197051694,8.93446047892578
93.3699920549666,104.658666397701,119.194543708052,91.9716695033953,86.7091672586859,10.0553026915234,8.88451606475349
93.3709334398298,104.652886276978,119.16452225046,91.9318999965181,86.6697674233693,10.0486418784236,8.87936667237587
93.3961321583267,104.624659767749,118.935068758452,91.6302368132651,86.3649407375291,9.99542437448077,8.83892033540971
93.5145905672565,104.596430020461,118.25090267382,90.7868342565525,85.4821146218647,9.84382442381248,8.72847833220551
93.4923077253013,104.528233855425,117.948884725581,90.4218349498291,85.1270013622059,9.79360073143997,8.69132082504658
93.4863465419581,104.495179357191,117.781948285785,90.2159887923883,84.9310870753642,9.76629815110342,8.67157192518167
93.5141093778127,104.472623803811,117.514380590928,89.8559537055605,84.6113517840216,9.72241161257985,8.64216868478403
93.5711796862528,104.488033896791,117.306456709635,89.5434759972563,84.3495989780146,9.68528669495195,8.61912272387864
93.6374975770148,104.524181402838,117.156829651686,89.2941733508778,84.1487893833221,9.65528012493835,8.60153610989937
93.7036804799123,104.571722336348,117.061644482839,89.1118279006646,84.0078717448305,9.6325512653062,8.5890085831669
93.7328212118575,104.59262041762,117.017458315552,89.0277146145748,83.9426852411529,9.62207681066707,8.58318145386834
93.69132716719,104.560025180282,116.715378838107,88.5296575058248,83.5274566283992,9.56060759506185,8.54063477225163
93.7426989219014,104.643156963397,116.311000774848,87.765239818023,82.8507065197523,9.4345270192601,8.46179883984968
93.803062129225,104.683991249706,116.16528067305,87.5172652274001,82.5938368043296,9.38226528817712,8.43247435573997
93.8152712835771,104.69031940742,116.136608211268,87.4715354861977,82.5446078795396,9.3723898634875,8.42704786056011
93.5400486666626,104.23185035026,115.224014077719,86.4350334669438,81.391376034733,9.21873632867291,8.3265312660625
93.5196810085264,104.181381550969,115.125257109863,86.326612813923,81.2668688370688,9.20407013800014,8.31747141789769
93.4961625712614,104.076977158356,114.899766537005,86.0717540609784,80.9680766993619,9.16985887802446,8.29729197914283
93.4889770572387,103.899270731151,114.445898115067,85.5174711893093,80.2985055369534,9.0925570660532,8.25213104174761
93.3975243113658,103.767626388714,114.194790331762,85.2007872257201,79.9207954023988,9.04771958858439,8.22091164310307
93.3762223692457,103.768858133483,113.969545432516,84.8105824309665,79.3912482595251,8.95139768865207,8.16050701307501
93.4724115598741,103.965425181919,114.041703757745,84.7932768777438,79.2828881689617,8.88246389283407,8.12177978874022
93.3411984968367,104.019839229521,114.003008862814,84.7151522874158,79.1107947788255,8.78328881942264,8.05428636358889
93.3057689883179,104.034618696789,113.999786341802,84.7090317820434,79.0808921549789,8.75745743553096,8.03653963803712
93.226666658448,104.117609256677,114.039979232615,84.7500882501594,79.0424667704525,8.67602696839355,7.98070032499681
93.1974252569282,104.429874042043,114.320757579917,85.0270724546502,79.1458747042846,8.52133981881428,7.87145824060274
93.1339865616732,104.451592608392,114.342957237721,85.0456179868484,79.1280044250796,8.48499250226668,7.84282716236673
93.0047801443956,104.813921725775,114.670143598394,85.3358450454577,79.2413166694127,8.29291725181146,7.70281246963247
93.0621010570146,105.060678126775,114.867120599576,85.5264788532069,79.384973906455,8.22102142966069,7.65828985986647
93.0829947347759,105.126544421419,114.917342618429,85.5771180434615,79.4262561416638,8.20345220817392,7.6480643165044
92.9160849547305,105.71477142483,115.413652236882,86.2191222993602,79.8543035767362,7.80999228021467,7.37311255560331
92.6023887288341,105.772466319347,115.740098122609,86.547701166058,80.0096708360311,7.6794976228513,7.2278164957469
91.4232732661882,106.887554920232,117.99931188173,88.9184936753268,82.0260244480032,7.32740704523649,6.70319410090815
91.2621319349338,107.059445119863,118.297634510861,89.2587199910388,82.3773960874634,7.2839032580601,6.63139753770773
91.2586484140492,107.064224232342,118.305565380635,89.2677150439117,82.3868946009031,7.28282525289135,6.62955667811289
90.9872060126381,107.467701265109,118.978555824117,90.0219885089412,83.1974426743183,7.19165067684531,6.46403095762601
90.8060326249112,107.52010809526,119.133013059536,90.2026949822244,83.40570618382,7.15351405051849,6.39082767151347
90.0369067268453,108.861085432278,120.537480882118,92.1256042743059,85.6704514691968,6.9589022718873,5.84571787577929
89.6075465572062,109.735082223598,121.121096671388,93.4280885422565,87.6769998560102,6.82020346299097,5.48507362894581
89.4056588432896,110.392154455482,121.832738270125,94.36250012643,88.6939074440716,6.76400621436331,5.27339380340953
89.0052869599753,110.818135230615,122.362814196376,94.8462427642499,88.9934290325414,6.73921823688508,5.13702891247109
88.7774850667021,111.593561779613,123.291402651404,95.4624972008958,89.3661447320368,6.74292512050923,5.01242152611418
88.7591350302801,111.943240740604,123.72494914223,95.70354239223,89.5428790623105,6.74930841371155,4.96606109059064
88.4912355356456,113.237555956079,125.836220825774,96.8331237902143,90.6279198910015,6.74397175165155,4.65454415056843
87.8547813595536,114.284885366587,127.597734927543,98.9770657899171,92.207816990598,6.7211713113694,4.36248270603056
87.7318541111721,114.538060741386,127.975938169223,99.48850678009,92.5575611075987,6.71907823861142,4.29877530483929
87.2835961942658,115.089812076365,128.845436199798,100.524141183048,93.1904262029237,6.69506722436457,4.09107071079194
87.2115034412797,115.562764642632,129.461747872631,101.040056904069,93.5061949421498,6.6823200481374,3.98152760187356
87.2013680427033,115.677421807515,129.607028727794,101.155702273251,93.5769691232609,6.67945286370839,3.95771629704362
86.9872533758178,115.951669593583,129.99892458741,101.439473138235,93.6987102904076,6.65728337965407,3.86013832562389
86.7968863449198,116.199509960999,130.348272473379,101.716866765085,93.82756752777,6.63939875132704,3.78069875742357
86.4691827285191,116.747032755361,131.117950112907,102.475628438863,94.268912808993,6.61815874005302,3.64047391665996
86.2179386588028,117.1652944144,131.752363165253,103.241130172171,94.7735876084038,6.61469884648819,3.538748898722
86.1933140727331,117.174152883968,131.774931498431,103.275831228159,94.7953204630976,6.61425686932869,3.53280900672329
85.4252373818904,117.615446147974,132.819568690869,104.871416232059,95.8691949656905,6.62320488594595,3.31407261280938
84.8034977871866,118.483214287331,134.322100419508,106.80140905993,97.0261755200521,6.65183044585672,3.06177504077426
84.5210363215139,119.12226030839,135.147384105473,107.879091199775,97.6143675351785,6.67040422293554,2.93856491397766
83.8372118169522,119.625465625656,135.885523001943,109.183408405736,98.3169401809692,6.69899479801766,2.78102775239203
83.1398375991297,120.28140861665,137.08386365492,111.089348490838,99.4898226298681,6.77824573096267,2.62199241757243
82.2937444081054,120.829234318298,138.38511103385,112.864067094932,100.386924305406,6.83950603822495,2.43748387613822
82.1174399657954,121.091735885841,138.84878543046,113.503100362264,100.711056413764,6.85782074474325,2.37897741890984
81.6131471928001,121.336616085873,139.385625193629,114.477550627728,101.136604446725,6.87587674929445,2.25909699920804
81.5791218878315,121.346254753641,139.410761869351,114.534115777786,101.161014835052,6.8768284710415,2.2515807405426
81.3771337514113,121.414611217016,139.576291602919,114.894633033152,101.324522340194,6.88391637893249,2.2056522596796
80.3877742870237,122.234061696032,141.300517245418,117.258024752417,102.715270181294,6.9754185504468,1.96035066533132
80.0916285811687,122.645746229426,142.132102094408,118.010576507278,103.243597447564,7.00998663080849,1.89287062513074
79.8614736983246,123.202527970823,143.116858500102,118.844106375877,103.871337978913,7.04761139710243,1.83386626046744
79.8605680561369,123.20522022858,143.121323320068,118.847879697252,103.874228610509,7.04777941581208,1.83362800894567
79.7049996271634,123.637221613521,143.841146092687,119.456155321677,104.338874081615,7.0747385566052,1.79443201941412
79.4544496509306,123.884967666925,144.307396876376,119.84916582905,104.618137741567,7.090179560495,1.75674679178449
79.1034911709964,124.257230600812,144.961360341802,120.421179132739,105.013709758285,7.11520356427184,1.70528970762211
78.4131227941152,125.150711119279,146.336503889209,121.712918306954,105.811491726995,7.19755882913301,1.60344814815476
78.3970966070113,125.176966661139,146.373528799789,121.748777217596,105.830110724351,7.20097218386442,1.60085927960488
77.1725541164973,126.206485490429,148.022061672373,123.265495507276,106.294230445065,7.4465356233239,1.43341260673192
76.4042068691444,126.783419839135,149.070290732655,124.207917134236,106.553242321611,7.68042212368769,1.3279409824643
76.3292003349933,126.815145413269,149.139326296674,124.275684918765,106.566923591012,7.69782343626994,1.31954423179612
75.0414057180786,127.719272417562,150.737315690553,125.86294313053,106.837981503719,8.01905791348629,1.18460731911963
74.9159082669459,127.781670286178,150.858903384867,125.972558702142,106.833485670854,8.04609881881857,1.17239006342416
74.8586464111977,127.810141125382,150.914381300552,126.022573989247,106.831434316579,8.05843701697688,1.16681558579965
74.2309373405581,128.321872841816,151.789494285115,126.793781076217,107.012518139677,8.25000355731927,1.09483945808142
74.1475744396409,128.532302642759,152.097763449264,127.082706237147,107.236157539947,8.32074777324863,1.07651691032296
73.8986808357721,128.57931663345,152.266513703262,127.373278130821,107.720409919806,8.44868796045096,1.03990434413733
74.024407400149,128.641320587354,152.338414489313,127.865790814615,108.503421689255,8.5796042229122,1.04393186671293
74.0406142046235,128.597377932158,152.282828646643,128.17952236989,108.810129694305,8.66267493967463,1.05309084817163
74.0274246275659,128.578636035351,152.260732706864,128.220334344537,108.829852899258,8.67605113935301,1.05427358479063
74.0460649111268,128.676827872257,152.271703467311,128.760365499514,108.813938983387,8.8328299641126,1.0727901092045
74.2389639167779,128.854716857431,152.303896922447,128.618182642294,108.23723806342,8.91525440873204,1.06103242678939
74.8077142152174,129.10426415121,152.563383736934,128.198365420946,107.66236464781,8.93314960878393,1.04594368246552
75.2073536797062,129.19349216042,152.798839797976,127.773085931328,107.05978925278,8.93236072894734,1.03056839107047
75.5207592662418,129.228371760161,153.115958431372,127.29289725186,106.23614962727,8.92988873049565,1.01244570124365
75.6259615339817,129.371884945859,153.889898466414,126.667617350283,104.860798503975,8.9391918106455,0.980298613831713
75.0966828243978,129.29813619903,154.321758099345,126.457592246077,104.592224957469,8.91220645532628,0.939380901595918
75.0006726754513,129.229487891512,154.307043277663,126.449495806682,104.599433410061,8.90345196189972,0.932158875952798
74.7076623562349,129.024439419172,154.325318383123,126.643028088578,104.759838983596,8.86654443596671,0.902908813262287
74.480304063409,129.01239172456,154.599413742005,127.476363515879,105.213511222813,8.81521421098853,0.859739193804028
73.3412510880937,128.938494171902,154.705022639498,128.578244828497,105.377347701544,8.67604156153699,0.771399679614107
72.3492034628916,128.424077863708,154.580474304836,127.964468962677,104.684572718518,8.61319988458134,0.818631222375515
72.2573825818557,128.348710533561,154.558265327652,127.887781757957,104.57166355751,8.60511848167941,0.829235039886926
71.9738395032611,128.25445338196,154.511099740135,127.832533287594,104.418460895794,8.58264484932768,0.847134116542337
71.9641698223226,127.818134647953,154.378133237301,127.415877647108,104.036979853324,8.63771315756565,0.921073521925993
72.1868467699573,127.512251553333,154.447885768903,127.12541567265,103.838428319127,8.85141644343382,1.02584228053642
72.2621490786344,127.48087263685,154.652316555987,127.023685469843,103.706909661907,8.95552492265221,1.07798537431658
72.7632944343013,127.118196635526,154.892597426555,126.528154906587,103.051835250981,9.23866407498952,1.21204542745011
73.1779439836549,127.087985539729,155.044238948504,126.518146094829,102.966198428645,9.38227224271997,1.28065099176533
73.5055447079616,126.967327342647,155.056827489944,126.472764965244,102.875082483187,9.52698665242087,1.34979008396268
74.3933367432518,126.306760570837,154.835078184018,126.530803593331,102.859642169413,10.1063363583952,1.62923521544862
77.1962528327298,125.737656344691,154.385989837903,126.440216147076,102.548048662097,11.5071824815173,2.31931963911202
77.8805380059365,125.750144743135,154.331165160008,126.395244772748,102.526895962324,11.8253416232801,2.47922075553899
NaN,NaN,NaN,NaN,NaN,NaN,NaN
NaN,NaN,NaN,NaN,NaN,NaN,NaN
NaN,NaN,NaN,NaN,NaN,NaN,NaN
NaN,NaN,NaN,NaN,NaN,NaN,NaN
NaN,NaN,NaN,NaN,NaN,NaN,NaN
NaN,NaN,NaN,NaN,NaN,NaN,NaN
NaN,NaN,NaN,NaN,NaN,NaN,NaN
NaN,NaN,NaN,NaN,NaN,NaN,NaN
NaN,NaN,NaN,NaN,NaN,NaN,NaN
NaN,NaN,NaN,NaN,NaN,NaN,NaN
NaN,NaN,NaN,NaN,NaN,NaN,NaN
NaN,NaN,NaN,NaN,NaN,NaN,NaN
NaN,NaN,NaN,NaN,NaN,NaN,NaN
NaN,NaN,NaN,NaN,NaN,NaN,NaN
NaN,NaN,NaN,NaN,NaN,NaN,NaN
NaN,NaN,NaN,NaN,NaN,NaN,NaN
NaN,NaN,NaN,NaN,NaN,NaN,NaN
NaN,NaN,NaN,NaN,NaN,NaN,NaN
NaN,NaN,NaN,NaN,NaN,NaN,NaN
NaN,NaN,NaN,NaN,NaN,NaN,NaN
NaN,NaN,NaN,NaN,NaN,NaN,NaN
NaN,NaN,NaN,NaN,NaN,NaN,NaN
NaN,NaN,NaN,NaN,NaN,NaN,NaN
NaN,NaN,NaN,NaN,NaN,NaN,NaN
NaN,NaN,NaN,NaN,NaN,NaN,NaN
NaN,NaN,NaN,NaN,NaN,NaN,NaN
NaN,NaN,NaN,NaN,NaN,NaN,NaN
NaN,NaN,NaN,NaN,NaN,NaN,NaN
NaN,NaN,NaN,NaN,NaN,NaN,NaN
NaN,NaN,NaN,NaN,NaN,NaN,NaN
NaN,NaN,NaN,NaN,NaN,NaN,NaN
NaN,NaN,NaN,NaN,NaN,NaN,NaN
NaN,NaN,NaN,NaN,NaN,NaN,NaN
NaN,NaN,NaN,NaN,NaN,NaN,NaN
NaN,NaN,NaN,NaN,NaN,NaN,NaN
NaN,NaN,NaN,NaN,NaN,NaN,NaN
NaN,NaN,NaN,NaN,NaN,NaN,NaN
NaN,NaN,NaN,NaN,NaN,NaN,NaN
NaN,NaN,NaN,NaN,NaN,NaN,NaN
NaN,NaN,NaN,NaN,NaN,NaN,NaN
NaN,NaN,NaN,NaN,NaN,NaN,NaN
NaN,NaN,NaN,NaN,NaN,NaN,NaN
NaN,NaN,NaN,NaN,NaN,NaN,NaN
NaN,NaN,NaN,NaN,NaN,NaN,NaN
NaN,NaN,NaN,NaN,NaN,NaN,NaN
NaN,NaN,NaN,NaN,NaN,NaN,NaN
NaN,NaN,NaN,NaN,NaN,NaN,NaN
NaN,NaN,NaN,NaN,NaN,NaN,NaN
NaN,NaN,NaN,NaN,NaN,NaN,NaN
NaN,NaN,NaN,NaN,NaN,NaN,NaN
NaN,NaN,NaN,NaN,NaN,NaN,NaN
NaN,NaN,NaN,NaN,NaN,NaN,NaN
NaN,NaN,NaN,NaN,NaN,NaN,NaN
NaN,NaN,NaN,NaN,NaN,NaN,NaN
NaN,NaN,NaN,NaN,NaN,NaN,NaN
NaN,NaN,NaN,NaN,NaN,NaN,NaN
NaN,NaN,NaN,NaN,NaN,NaN,NaN
NaN,NaN,NaN,NaN,NaN,NaN,NaN
NaN,NaN,NaN,NaN,NaN,NaN,NaN
NaN,NaN,NaN,NaN,NaN,NaN,NaN
NaN,NaN,NaN,NaN,NaN,NaN,NaN
NaN,NaN,NaN,NaN,NaN,NaN,NaN
NaN,NaN,NaN,NaN,NaN,NaN,NaN
NaN,NaN,NaN,NaN,NaN,NaN,NaN
NaN,NaN,NaN,NaN,NaN,NaN,NaN
NaN,NaN,NaN,NaN,NaN,NaN,NaN
NaN,NaN,NaN,NaN,NaN,NaN,NaN
NaN,NaN,NaN,NaN,NaN,NaN,NaN
NaN,NaN,NaN,NaN,NaN,NaN,NaN
NaN,NaN,NaN,NaN,NaN,NaN,NaN
NaN,NaN,NaN,NaN,NaN,NaN,NaN
NaN,NaN,NaN,NaN,NaN,NaN,NaN
NaN,NaN,NaN,NaN,NaN,NaN,NaN
NaN,NaN,NaN,NaN,NaN,NaN,NaN
NaN,NaN,NaN,NaN,NaN,NaN,NaN
NaN,NaN,NaN,NaN,NaN,NaN,NaN
NaN,NaN,NaN,NaN,NaN,NaN,NaN
NaN,NaN,NaN,NaN,NaN,NaN,NaN
NaN,NaN,NaN,NaN,NaN,NaN,NaN
NaN,NaN,NaN,NaN,NaN,NaN,NaN
NaN,NaN,NaN,NaN,NaN,NaN,NaN
NaN,NaN,NaN,NaN,NaN,NaN,NaN
NaN,NaN,NaN,NaN,NaN,NaN,NaN
NaN,NaN,NaN,NaN,NaN,NaN,NaN
NaN,NaN,NaN,NaN,NaN,NaN,NaN
NaN,NaN,NaN,NaN,NaN,NaN,NaN
NaN,NaN,NaN,NaN,NaN,NaN,NaN
NaN,NaN,NaN,NaN,NaN,NaN,NaN
NaN,NaN,NaN,NaN,NaN,NaN,NaN
NaN,NaN,NaN,NaN,NaN,NaN,NaN
NaN,NaN,NaN,NaN,NaN,NaN,NaN
NaN,NaN,NaN,NaN,NaN,NaN,NaN
NaN,NaN,NaN,NaN,NaN,NaN,NaN
NaN,NaN,NaN,NaN,NaN,NaN,NaN
NaN,NaN,NaN,NaN,NaN,NaN,NaN
NaN,NaN,NaN,NaN,NaN,NaN,NaN
NaN,NaN,NaN,NaN,NaN,NaN,NaN
NaN,NaN,NaN,NaN,NaN,NaN,NaN
NaN,NaN,NaN,NaN,NaN,NaN,NaN
NaN,NaN,NaN,NaN,NaN,NaN,NaN
NaN,NaN,NaN,NaN,NaN,NaN,NaN
NaN,NaN,NaN,NaN,NaN,NaN,NaN
NaN,NaN,NaN,NaN,NaN,NaN,NaN
NaN,NaN,NaN,NaN,NaN,NaN,NaN
NaN,NaN,NaN,NaN,NaN,NaN,NaN
NaN,NaN,NaN,NaN,NaN,NaN,NaN
NaN,NaN,NaN,NaN,NaN,NaN,NaN
NaN,NaN,NaN,NaN,NaN,NaN,NaN
NaN,NaN,NaN,NaN,NaN,NaN,NaN
NaN,NaN,NaN,NaN,NaN,NaN,NaN
NaN,NaN,NaN,NaN,NaN,NaN,NaN
NaN,NaN,NaN,NaN,NaN,NaN,NaN
NaN,NaN,NaN,NaN,NaN,NaN,NaN
NaN,NaN,NaN,NaN,NaN,NaN,NaN
NaN,NaN,NaN,NaN,NaN,NaN,NaN
NaN,NaN,NaN,NaN,NaN,NaN,NaN
