NaN,NaN,NaN,NaN,NaN,NaN,NaN
NaN,NaN,NaN,NaN,NaN,NaN,NaN
138.512157242211,174.983564095549,197.529912560181,167.034942761443,154.14931096777,13.2320249398002,11.5371899533531
138.980544105434,175.643616190632,198.294976130656,167.88488567891,154.471240942776,13.2347116285879,11.555474371886
138.436864944377,175.145272610021,197.823678486415,167.434007988865,153.978989720789,13.1936680450184,11.5047320847383
136.714566913671,173.532721002062,196.277692024817,165.937291661333,152.432946461937,13.0680853966181,11.3474660688972
131.938838671017,169.029818030211,191.941597740994,161.723484365766,148.158352274177,12.7239851312144,10.9146197769775
128.633371792707,165.913184111062,188.940418589217,158.806944784917,145.199739725903,12.4858199818764,10.6150300581653
122.99540888011,160.584193843719,183.800590389497,153.80325889733,140.148176364174,12.0792362520558,10.103805223702
115.404939795166,153.418078225074,176.895839778617,147.081451136164,133.33610254388,11.5292614863008,9.41351345854835
112.85504127842,151.01762232368,174.588609275842,144.835644468577,131.039233632986,11.3425078671632,9.18005611727193
105.889169303773,144.608738658335,168.543801751076,138.98712509806,124.591738585905,10.7928263123722,8.50969563301959
109.099364608185,147.856277639008,171.847886827088,142.256056694494,127.217337293428,10.969007720895,8.75331784430904
122.821716096873,161.423095314314,185.49399508268,155.601473871535,138.72529412573,11.8030707004106,9.84666343511346
124.017117057249,162.644247886421,186.773509413144,156.825626803409,139.653595371892,11.8641658861459,9.9268839540006
123.871048281364,162.528224076776,186.688497065933,156.725311728991,139.480085327834,11.8465787930609,9.90476347786542
123.573454330616,162.29184238819,186.515296735364,156.52093431065,139.126583772192,11.8107476410461,9.85969621523067
123.572357336719,162.290971035567,186.514658282516,156.520180932498,139.125280691104,11.8106155598832,9.85953008782135
123.412501426249,162.163995974575,186.421621792805,156.410397322293,138.935393386985,11.7913684568622,9.83532170494689
121.989514953642,160.875829755918,185.246847493017,155.187804117857,137.531990939514,11.6672005560397,9.67778534843925
120.84155931872,159.821029885051,184.2648675697,154.177257589585,136.428197269715,11.5716938797545,9.55642675326496
120.051053710343,159.091943743454,183.580901855349,153.474311178886,135.673317557481,11.506481441683,9.47365203640539
113.366017291019,153.111481050238,177.736486721399,147.116902628862,129.037130393585,10.8283446151416,8.64642988938106
116.793737541495,156.465238299165,180.860006346791,150.129299146323,131.866106243035,11.0008101103644,8.88887094238238
117.575161051024,157.221383268836,181.555934838935,150.81230374644,132.489206209366,11.0400156722966,8.94450845383396
118.806520318722,158.399419847525,182.603953917514,151.850701528734,133.373443043108,11.0931754149011,9.0247817814944
119.221322257928,158.788091273745,182.927106429855,152.176019249329,133.610965930437,11.1057205946519,9.04718914293491
119.199571664849,158.761399994518,182.886329568588,152.137496297978,133.549872444263,11.1006844107864,9.0421816981653
119.162213806709,158.715556232038,182.816293032433,152.07133097796,133.444940970376,11.0920344837834,9.03358113216415
119.041637000907,158.567590188987,182.590242015604,151.857774758735,133.106262508081,11.0641158444293,9.00582181114973
115.057267037583,154.232304423308,177.528414842651,146.725317400643,127.28768720674,10.6693556819351,8.54968911234729
114.992520309426,154.101333554609,177.284502492204,146.466010950545,126.990883720229,10.6528558903788,8.53350953771013
116.389272452408,154.981832558796,177.291337039241,146.483153379677,126.956665268138,10.6743264109372,8.59234462902893
116.725720172305,155.234516815818,177.397608561929,146.614709900697,127.106312983999,10.6867569248667,8.61286896535476
117.331180980836,155.664889470259,177.512499655787,146.809655206507,127.366394621984,10.7069828898256,8.64799187358951
118.145985464984,155.976355451312,176.847735429191,146.554070593153,127.459035875527,10.7061853758332,8.67178354913088
117.954077827955,155.520403852586,175.850702056804,145.832448348819,126.972745004857,10.66536785223,8.6320696503145
117.855001557308,155.347480013566,175.525969091831,145.584144054537,126.790614643337,10.6511009302937,8.61727525460524
117.810146712581,155.269192125878,175.378952590032,145.471729139317,126.708158682563,10.6446418602861,8.61057738115842
117.767942026264,155.195529720795,175.240622262965,145.36595603358,126.630574466621,10.6385644114571,8.60427523811174
117.076698422888,153.842049628699,172.617519349698,143.184413429334,124.912630605975,10.5359312435181,8.50185016574008
117.059571455565,153.591727231651,171.95389331906,142.607143788695,124.459385681442,10.5186513823305,8.48939251781334
117.135886862111,153.533235719089,171.666676028798,142.357348112688,124.271428234615,10.5152283752425,8.49060614448405
117.195074346451,153.487871805817,171.443920629343,142.163615571238,124.125655199466,10.5125736140666,8.49154738967711
117.289318055696,153.476158938219,171.257963736037,142.006741229651,124.014693205287,10.5124040623084,8.49578500411971
118.127876133054,153.547201805274,170.141125109487,141.167591418706,123.513913832495,10.5221176206355,8.54097726178905
118.183222835097,153.521613420792,169.99831233825,141.068478221451,123.457246209566,10.5208347758271,8.54269028062661
118.281673019937,153.476097046935,169.744278345135,140.892176613052,123.356446383275,10.5185528637374,8.54573738216957
118.337101202923,153.33821767826,169.349037641433,140.638727480061,123.221315265937,10.5089514305699,8.54131988220422
118.397200513895,152.511611826109,167.519573394689,139.626776477335,122.826016070984,10.4389765096005,8.48774977666562
118.412232157182,152.46996823696,167.432420010755,139.599413320887,122.840883642805,10.4339023936628,8.48369721474613
118.44497498976,152.380256841247,167.244587217706,139.540803820451,122.873527949899,10.4229418576985,8.47494707346478
118.680786574984,151.775011137267,166.172786983929,139.349737542634,123.323545103944,10.3363741428192,8.40424415367484
118.844777220471,151.6835662267,166.045216910165,139.481530709408,123.643811761472,10.3092989920667,8.38641450777694
118.84679268075,151.683380299609,166.045329238243,139.483980771329,123.647862549662,10.3090536343978,8.38629420297845
118.892394382261,151.67917352274,166.047870767619,139.539415747454,123.739515476723,10.3035021842904,8.38357219274159
118.899521406058,151.678516051684,166.04826797956,139.54807959948,123.753839779775,10.302634556204,8.38314677370921
119.071803035685,151.67512620309,166.081650898211,139.774774241391,124.109590717626,10.2823362882619,8.37399703041069
119.215758175344,151.705835759829,166.173342009805,140.01050751004,124.432306162359,10.2671860354843,8.3693936135436
119.163961847436,151.600377109941,166.150991888044,140.106808342059,124.597607028401,10.2445074505075,8.35326771434842
119.054361804889,151.451811288608,166.164982376149,140.325005360863,124.925670558679,10.2053086386571,8.3258769479589
119.050220018022,151.447552985229,166.167457162361,140.335742354637,124.940664606164,10.2037515050353,8.32481219886137
118.998278331368,151.436368982767,166.276514060972,140.602001097168,125.284760963286,10.1750589742121,8.30574553075994
118.998784020652,151.461966336836,166.330654855268,140.701936435851,125.407082248567,10.1665878114303,8.30020982047279
118.999101137954,151.478018414859,166.36460649933,140.764605798065,125.483789818028,10.1612755527664,8.29673838146367
119.005520427852,151.513091144684,166.425081365428,140.869230834566,125.60962030789,10.1527717816508,8.29119462340649
119.043955239303,151.612176319579,166.547340445218,141.050298906445,125.817036861651,10.1397478370688,8.28276824777485
119.037425753604,151.660373986598,166.608451906671,141.14799889048,125.930184937026,10.1273365507487,8.27284715019586
118.899722634877,152.426337050716,167.381635626191,141.640774535547,125.92124259831,10.0291810886755,8.19837837902179
118.900139695226,152.429751676502,167.385485971459,141.642776558549,125.920280452419,10.0291034933819,8.19842077850828
118.923078792069,152.617562461257,167.597262140124,141.75289155639,125.86736063448,10.0248356075621,8.20075282931912
118.828483619133,152.839504219165,167.892782864642,141.860068025187,125.660786611093,10.0126718735712,8.19840570339436
118.732865190326,152.940050552358,168.046284305595,141.898672397187,125.50475551885,10.0040743753534,8.19513000272948
118.445213939565,153.382354484806,168.761794587568,142.233322544247,125.11113504984,9.98444815939954,8.19610488646594
118.127613730578,154.529046328927,170.622719351753,143.538891492999,125.054022216059,9.95710855880608,8.20653654582536
118.029331269461,154.72761643548,170.988294837804,143.833462291316,125.10285010032,9.94568923130591,8.19930867554296
117.590227773236,155.874185338949,173.160524110844,145.89200712379,125.9195469977,9.85596740109792,8.11692197986565
117.589937651767,155.90245892092,173.210355105891,145.945346558827,125.949162338314,9.85411116802205,8.11517389572987
117.562812387102,156.293142404621,173.971141292277,146.838885008382,126.432426982844,9.820192222767,8.08576355987417
117.53174553446,156.291827198856,174.001869938901,146.886999908709,126.445831755513,9.8158742756372,8.08168642044928
117.460244234321,156.288800213047,174.072592847669,146.997737805758,126.47668324488,9.80593638983731,8.07230276085903
117.390202581026,156.266655725177,174.118107675442,147.092253439014,126.495678045793,9.7979286387833,8.06637229279631
117.289396127616,156.227344022859,174.174394929765,147.22286733804,126.518660601799,9.78707368347484,8.05910229310656
117.251517350781,156.203968039291,174.18646586691,147.269234957333,126.526427157046,9.78387840986333,8.05830051550265
117.251262326407,156.203776916706,174.186511532848,147.269536501277,126.52647603765,9.78386036193746,8.05830268550412
117.221203847413,156.18125022982,174.191893954193,147.305078015107,126.53223735607,9.78173314094824,8.05855845299339
117.19190074866,156.159289646568,174.197141113381,147.339726358084,126.537853890514,9.77965937777718,8.05880779295492
117.121327616715,156.099983582134,174.204472330728,147.424352351408,126.555616086428,9.77526697484634,8.06099631188172
117.069828999138,156.037460423832,174.193906879253,147.489643394983,126.581281626226,9.77386749457147,8.0673565486811
116.983462216534,155.894800280795,174.152551576488,147.619931063586,126.676686363076,9.77424418375841,8.0869992361614
116.804888997482,155.6523690035,173.985813709999,147.586455918895,126.682901461569,9.76919581981092,8.09578771251538
116.787630051027,155.630278602148,173.969219212274,147.579319426729,126.680279630689,9.76858774431867,8.09609537286861
116.776534132047,155.616076500978,173.95855047286,147.574731317073,126.678594033999,9.76819680757096,8.09629317024643
116.761155672845,155.596393008893,173.943764065884,147.568372397431,126.676257870588,9.76765498630894,8.09656730877525
116.617606661391,155.402148121017,173.801934707308,147.511127732989,126.680415216142,9.76278553233307,8.10035342759274
116.488683660634,155.216027473981,173.670330578822,147.46206015865,126.712969146192,9.75862104908756,8.10511597184322
116.405969002901,155.072758686882,173.582525830554,147.441399041127,126.79224645939,9.75593944915783,8.11059799034661
116.348084787016,154.965756125764,173.520127173371,147.429998003463,126.864226993937,9.75406009591381,8.11512007362477
116.309902533609,154.61567172549,173.455137752757,147.510696920406,127.458678432867,9.7466717252834,8.13661853931083
116.274237976851,154.543777959686,173.420851640592,147.480453130423,127.483805644375,9.74276509731602,8.13465105646774
116.240702271816,154.476175601966,173.388612099465,147.452014621377,127.507432988441,9.73909165973248,8.13280101456942
116.208310482236,154.393183654088,173.355076667096,147.42013658835,127.542114092044,9.7342988816598,8.13077324967682
116.186625574184,154.307348321649,173.328527448233,147.391251153523,127.585622696251,9.72896082773265,8.12900370776459
116.222507529927,154.043652533971,173.295573194014,147.347872094165,127.797930852714,9.71014441253375,8.12846538093739
116.239541283681,154.028938992591,173.299428183671,147.352591764171,127.822401172649,9.70876740955505,8.12921022711473
116.442111198158,153.909669336907,173.344803832618,147.423872483537,128.083099965182,9.6963361309101,8.13868481889824
116.495345395257,153.888708408143,173.356640897198,147.445428791208,128.145961343301,9.69380439642832,8.14128962018077
116.51703026103,153.748211680996,173.281614833047,147.403441448171,128.20203574712,9.68222978072757,8.13963697478652
116.614975310008,153.245099734889,172.971905069596,147.258360473354,128.453045209399,9.64195009275377,8.1349791971246
116.684864496897,153.126053099949,172.9009645354,147.246510792692,128.578462093032,9.63248533886627,8.13644728419021
116.737573626793,153.069689118218,172.870160736711,147.248807015133,128.666869422305,9.62813366989537,8.13808869898208
116.875235430829,152.951326866823,172.809301367729,147.26449977614,128.892431154636,9.61917341385254,8.14283672223731
116.908192852022,152.93063045301,172.800291195954,147.269830205907,128.945234311458,9.61767829904936,8.14404104660295
117.128606499049,152.506041475727,172.525831385689,147.122174253279,129.462040658227,9.59032481516926,8.14322494382055
117.146478460435,152.402364816045,172.451135469997,147.050880619632,129.543442678951,9.58357947784764,8.14064613735567
117.579124372912,151.646180148289,171.842524542117,146.35210610793,130.578532706139,9.50653377308832,8.11523739132281
117.584886368531,151.378584576832,171.526341545323,146.06931495062,130.721340298259,9.47300696702163,8.09608893202791
117.610078560661,151.311064758753,171.42749875359,146.000280157496,130.78174740515,9.46336507453606,8.09153963852312
117.786699708409,151.105506884871,171.057363874761,145.803684335278,131.068738445524,9.4322660675248,8.08049949016565
117.856561918925,151.070948566167,170.970192653113,145.776023026452,131.158313017909,9.4275347094038,8.08048726736829
117.999218896148,150.975042254234,170.751403848228,145.698800404982,131.342356380183,9.41864718078279,8.08105896392798
117.992116316877,150.88705428495,170.623089961325,145.618008360106,131.354302363822,9.41397987390074,8.07837911836924
117.985341226353,150.803123302378,170.500692425695,145.540941509198,131.365697536966,9.40952776918959,8.07582283626936
117.98032022048,150.693610091754,170.340165192677,145.4388506972,131.384603339819,9.40432476628777,8.07321444061504
117.999077272536,150.482226193788,170.024184056335,145.230367438062,131.451169870878,9.39879673399976,8.07359540752699
118.075095514553,150.217776449354,169.622871559118,144.942616192384,131.604238401039,9.39824172654457,8.08338296839337
118.180673708741,150.029654273688,169.332661384869,144.707372879181,131.790616669,9.40319245736849,8.09955094842099
118.197842484479,150.001817822432,169.289583274882,144.671624335979,131.820570881895,9.40408072738062,8.10222016151372
118.309876238936,149.860831489679,169.067775970563,144.472416327661,132.015180472611,9.41083572548273,8.12068132292523
118.406138138336,149.574276199734,168.662156468585,144.077633245147,132.263158133181,9.41789559584445,8.14745748773557
118.396400512362,149.114868944742,168.049668747437,143.463344693256,132.46313951543,9.42020452802515,8.17709129227092
118.40860787405,148.915170963545,167.769614847499,143.18492207816,132.572679714218,9.42245764580321,8.19395441333395
118.534414875984,148.55233547705,167.164098734767,142.642527487905,132.90138122539,9.43317335665853,8.24514441856153
118.631005366286,148.411337589869,166.882579129637,142.423593578859,133.087819339334,9.43991772507775,8.27340146166268
118.716229960582,148.335833356996,166.698467578332,142.308612755254,133.230008130787,9.44459412151164,8.29328019718231
118.785701265801,148.285343476266,166.562923359456,142.232566072283,133.340869150013,9.44811795416435,8.30834181030001
118.859347105165,148.164823480732,166.298507781197,142.082409551613,133.486994958979,9.45030769000518,8.32889732538998
118.857787166775,148.086982366924,166.159239412102,142.002143427918,133.518222916887,9.44840632926323,8.33396844301239
118.861990705589,147.826813138433,165.684880835515,141.74759766323,133.638469942136,9.44021445914487,8.34968078641355
119.002496623311,147.297445061458,164.649035670345,141.406716241915,134.13567731858,9.39583610348226,8.35777105624222
119.033797720907,147.23977358165,164.539347637984,141.388071275354,134.226901672152,9.38713018112263,8.35402410854839
119.137790527277,147.056604795636,164.200937724789,141.331892363899,134.531129016012,9.35797204596758,8.33891436056798
119.226276161247,146.587087644708,163.529944823187,141.105179581007,135.068461732842,9.2867911290815,8.27583281672191
119.224499994375,146.575601898391,163.515747889923,141.09767381964,135.075069026736,9.28532944353671,8.27429472456034
119.198052456895,146.404576466665,163.304352254532,140.985911288687,135.173453168225,9.26356460610779,8.25139217485222
119.181975861805,146.264658865191,163.135600263997,140.888499814835,135.259363266575,9.24631491274494,8.23076952492671
119.167148043872,146.089581158551,162.928430321375,140.760924312927,135.372018000152,9.22525966852627,8.20317088308887
119.155437034657,145.424177196421,162.147249381528,140.239502664023,135.834276758499,9.15351454730645,8.08770190048424
119.327249959325,144.653512248984,161.221159852477,139.535649216086,136.516107128545,9.12360149802067,7.90696012551185
119.315435506643,144.582951712297,161.140619006583,139.46953646605,136.536742706099,9.12495415677314,7.8912198361118
119.229368378675,144.266703698467,160.785335881988,139.173815522666,136.583480960778,9.132163570138,7.82355542397186
119.217379368343,144.222650866746,160.735845523103,139.132622078325,136.589991523306,9.13316782964284,7.8141298818935
119.073238013065,143.752201459583,160.223121419934,138.769776555749,136.727707181351,9.17316500043502,7.68878057669537
119.071835441556,143.74851761571,160.219632844118,138.768597926904,136.730630705838,9.17384773224104,7.68739899457852
119.033424559259,143.647631712529,160.124094560179,138.736319947819,136.810694470326,9.19254505418095,7.64956292864896
118.859980487868,143.360712432024,160.047932723446,139.085078687348,137.604747110646,9.29820466633465,7.45945753446985
118.331107004597,143.058822956175,160.39158426529,139.942075027422,138.838824741029,9.35906494482554,7.25740751659514
118.207973895187,143.032963343432,160.633422974133,140.321472364238,139.33840421059,9.36981655576067,7.20465146370521
118.177555238771,143.03475651025,160.727319509818,140.456678154358,139.513117303458,9.37292533727944,7.18888406396777
118.223624361127,143.406130642508,162.240885646734,142.291126051865,141.757168639326,9.41865406942811,7.05055069282907
118.224647297879,143.428312834496,162.349098308337,142.406155269138,141.889334197539,9.42220013960967,7.04056497985627
118.223946948852,143.432810815967,162.374726087747,142.433054430491,141.920030777744,9.42304379308643,7.03803472046194
118.2149343498,143.490694102674,162.704522933884,142.779212341255,142.31505662751,9.43390053769221,7.00547350808333
118.43236034006,143.921341983598,163.930514451975,143.959798704265,143.415711758573,9.4994487857225,6.90404905953807
118.93377667196,144.882790611094,165.924193704132,145.831275924527,144.666677378489,9.62912111558307,6.69274860904754
118.929337004244,145.293309897689,167.03589767141,146.918977221822,145.36135857015,9.67467117417542,6.51259572102462
118.961716054871,145.533493307386,167.62727877308,147.506337248432,145.810131416847,9.69071775720228,6.4337012134816
118.985107794802,145.622807744938,167.830016791125,147.705109946217,145.981872030784,9.69491738870034,6.41229849784702
119.253742151774,146.403219793959,169.485101660238,149.287748735222,147.475351384859,9.72367238776855,6.27501817542036
119.234570583733,146.700980626917,170.238592225843,149.915961667409,148.196835401883,9.72273267641751,6.21653221842724
119.242834006674,146.896473472467,170.637910784807,150.193427348777,148.577379436269,9.72194232637896,6.20110235457267
119.343216976829,147.792817706478,171.927706017487,150.70395591068,149.680782173451,9.72394729244789,6.2167613437414
119.358868563094,147.930718543836,172.040048865493,150.655149221336,149.735815824486,9.72529360234353,6.22788888866408
119.373473833924,148.11039386,172.183317584362,150.580465977659,149.800665109573,9.72678571782138,6.24239141306496
119.213184814722,148.17239026179,172.144018748219,150.237861500678,149.627201374899,9.71981540376025,6.24751252312386
119.167124158413,148.190205549259,172.132725833745,150.139410670156,149.577354832045,9.71781241414854,6.24898412543023
119.130287729283,148.207020525912,172.119741864119,150.049615296132,149.524114540837,9.71654683731229,6.2494304250241
119.121384505031,148.211473055642,172.116005716787,150.026238794703,149.509222949231,9.71629182783675,6.24942776541202
119.065522003649,148.239410063761,172.092563587333,149.879564982331,149.415786960971,9.71469179320023,6.24941107790875
118.972798832898,148.285781205582,172.053653253596,149.636108985683,149.260697574005,9.71203598149938,6.24938337921684
118.949929794834,148.601246805379,172.211646088819,149.223441410549,148.920632092275,9.72924525098915,6.22523393052428
119.214703420678,149.022368684349,172.889449795322,149.623586761687,149.036709228733,9.78139055926609,6.16898653522657
119.405808867984,149.368863732771,173.710621442728,150.357247648946,149.327911457385,9.8393714431112,6.11201877169646
119.636229457207,150.306221182506,175.626126811501,152.145535701828,150.195613451993,9.95975017149108,6.04409793324169
118.963192674301,150.474171886418,176.300161523174,152.722879231278,150.394323915632,9.976623411672,5.96883318956961
118.522544043461,150.53370847612,176.618213674003,153.042372701223,150.644561569198,9.96564151860701,5.91736002475683
118.136226924632,150.60542099356,177.03748141336,153.609204532149,151.334630731948,9.9329431988101,5.84489792777152
118.017409553451,150.601974012748,177.344886079295,154.163298260074,152.129121346369,9.89808416038252,5.78472719708899
117.969110075184,150.400363548031,177.5771489094,154.828494865957,153.201964499267,9.8487017881931,5.70613229502351
118.711148339711,150.267991790601,178.120782702967,156.190945091282,155.31410404966,9.82853138719177,5.65429980179689
118.885420216998,150.278193646652,178.185848803094,156.344785677646,155.561299805627,9.8380733483107,5.66236868562423
119.092168833251,150.291807026691,178.260106789922,156.520097866424,155.844465627678,9.85007653222361,5.67286255833215
119.333772282898,150.194984176286,178.211859333172,156.604678150289,156.111984321964,9.87611249577919,5.69753348760085
119.454807133287,150.091087755371,178.098398208366,156.548490153444,156.174474120414,9.89903554815266,5.72136692170303
119.458957523638,150.087693900881,178.092550398181,156.543030460177,156.172911492477,9.90017808163992,5.72267166802508
119.468375586103,150.079992568987,178.079280551985,156.530641328583,156.169365578413,9.9027707177153,5.72563239733541
119.585991554967,149.983815715669,177.913562197201,156.375921637443,156.125082996965,9.93514843925246,5.76260699244625
119.64633529133,149.947372734346,177.812048197481,156.25463532757,156.057405846135,9.95580093775235,5.78758823631454
119.776453782874,149.881707651539,177.58588377195,155.966678146324,155.88197662938,10.0027747144437,5.84530586577575
119.901334626872,149.867357631252,177.404035214128,155.69593869189,155.707577913197,10.0461824803784,5.90052387987771
120.126472775816,149.895434236012,177.184839611453,155.328019658157,155.496400656847,10.1104555711214,5.98356978471812
120.228567729756,149.848424332649,176.96593594771,154.988785687497,155.303015906208,10.1519153694036,6.03826806077384
120.239487880744,149.825350683712,176.906397663708,154.901756247727,155.252280508537,10.160176387726,6.04930706308644
120.318051416901,149.767083285585,176.734384740665,154.634877036766,155.128951660806,10.1885957425925,6.08789480083412
120.367434548677,149.754027612854,176.682340874267,154.545718298251,155.104304930472,10.1996743407535,6.10321713610689
120.421589747862,149.739710324099,176.625267824224,154.447943834184,155.077276499052,10.2118235032007,6.12002012305479
120.667752325159,149.773798126628,176.594520115274,154.318007587523,155.14714820237,10.240755744499,6.16098640014996
120.911939053063,149.844640861715,176.641717366197,154.288397566553,155.265039506148,10.261383083642,6.19044340496706
121.566886226231,150.109400164933,176.904570594796,154.358936798856,155.617072514282,10.3047960503249,6.2523185456784
121.650538742424,150.127401145847,176.926216527565,154.334439212218,155.63204458893,10.3104257745876,6.26054374303714
121.657777071635,150.127380977536,176.92668094746,154.329114340675,155.630831962919,10.3109499041451,6.26132728600359
121.944736010125,150.144122078102,176.949017218811,154.104101157578,155.534348679196,10.3340312983624,6.29528530777302
121.971980356606,150.147935190514,176.951635399827,154.080974366493,155.51905137393,10.3365145928387,6.29887634080629
122.079896481824,150.169239828069,176.962680477283,153.987030496004,155.445381287933,10.3474197600289,6.31440396410447
122.106611666665,150.176867359976,176.965670685715,153.962886996345,155.422180653541,10.3505250190227,6.31874259690597
122.2710346589,150.224705591578,176.984348293363,153.814928311122,155.278708337432,10.369789314677,6.34561480806962
122.626209794578,150.371841947799,177.042136606707,153.542038771487,154.953486112196,10.418632263529,6.41135272693171
122.641249086042,150.378640839196,177.045112283197,153.532258682409,154.940875385146,10.4207757801765,6.41418987515991
122.806895086851,150.41394020262,177.021621005055,153.308426074459,154.672428016044,10.4519799837045,6.45515998069343
122.823336136629,150.381765366194,176.968576266098,153.181556308181,154.529018692616,10.461922623859,6.4679881970557
122.836379263494,150.356240203322,176.926494448386,153.080907111244,154.415248220268,10.4698103876371,6.47816516602841
123.089769557661,150.303480493218,176.792789205774,152.604256280892,153.879411994002,10.5300290721346,6.55346505858105
123.131422860125,150.305839658343,176.787341637306,152.559195326563,153.828609208804,10.5376527471143,6.56289777343974
123.500102201583,150.430389595573,176.881802280166,152.403004254051,153.632239719857,10.585523898557,6.62183750152669
123.550501504263,150.453770994389,176.902756287519,152.392841401342,153.615414282583,10.5909442858607,6.62854420190216
123.630725395952,150.490988707857,176.936110162016,152.376664518892,153.588632125176,10.5995722735679,6.6392196989012
123.649713397066,150.499797679472,176.944004610824,152.372835651263,153.582293120374,10.6016144113493,6.64174645676152
123.841606170648,150.526237594473,176.956023711935,152.143841247659,153.287634147486,10.6281347369956,6.67441052370173
123.859674994444,150.520307309434,176.948038821275,152.096676251114,153.228864595502,10.631423337827,6.67844528336696
123.881143037155,150.517275566649,176.94257279565,152.048666746503,153.166243246045,10.6347424112514,6.68260647726365
124.247557904713,150.612722721297,177.001689689326,151.56613416732,152.404780387805,10.6689078227853,6.72988591701655
125.034699769733,150.788128568229,177.19270421192,150.854533759244,150.580082991558,10.692570520315,6.78182201369152
125.135411631685,150.810510542018,177.22813964152,150.815525846801,150.37261878113,10.6940242697318,6.78480643297353
125.81402424414,151.17294245057,177.661949030245,150.809749438401,149.416386028096,10.7123973009132,6.80621790265793
125.834262348702,151.179812360188,177.673966501944,150.776692727963,149.305843806685,10.7120646538618,6.80523118561112
126.361394173284,151.638687131329,178.202340898978,150.509876908343,148.104699544981,10.7067033481845,6.7997272814976
126.389780713839,151.666044189011,178.233124641478,150.505798727918,148.066592340049,10.7062681787966,6.7996700591413
126.48851380257,151.761577222452,178.34127375229,150.501120109849,147.950918269035,10.7043370783604,6.79938535919149
126.692732373061,151.960095815384,178.567571231857,150.51439233096,147.752384723243,10.6993348527239,6.7985896602599
126.785419357184,152.054634894061,178.685964331077,150.472116670938,147.537000585084,10.6901883060909,6.79178438477109
126.830859074109,152.106349256595,178.762969291487,150.392999350349,147.279954255995,10.6773911835438,6.78065744472439
126.841169656713,152.11808359921,178.780442243763,150.375047089099,147.22162868558,10.6744874288982,6.77813266591312
126.878533471571,152.161038665634,178.838852308784,150.34759092909,147.07710197225,10.6666335715133,6.77122827037293
126.952673962292,152.246566031863,178.951432164983,150.318557764125,146.835554078998,10.6528555687353,6.75904738575919
126.982999523777,152.28154914808,178.997480516133,150.306682376996,146.736754146368,10.6472199751977,6.75406505880523
127.08444622374,152.403456927658,179.145223342832,150.331925213914,146.516227665793,10.6340478035577,6.74195590028168
127.107715911792,152.431608203205,179.178869324986,150.340221503424,146.469886197117,10.631245504704,6.73935414081097
127.109764813587,152.434086929988,179.181831862046,150.340951993769,146.465805819324,10.6309987615961,6.73912505524531
127.174580731057,152.51250013211,179.275550144714,150.364060666949,146.336725240226,10.623193174739,6.73187805533903
127.282617914112,152.648385430101,179.431399591499,150.432140570467,146.167635502232,10.6130557350145,6.7219645644728
127.564318313388,153.01542498627,179.839742912243,150.668310808459,145.814909942086,10.5923381885678,6.70024682774183
127.811067921992,153.351449645192,180.204010695707,150.921071601168,145.56887190962,10.5786894411959,6.6841439027925
127.945006425703,153.686187565907,180.579402853476,151.142850007079,144.967772993967,10.5460094754037,6.63820911194576
128.215036395612,154.270923810193,181.242344276714,151.569802460123,144.26479303176,10.5067983288615,6.57444842696098
128.302384365444,154.436152939735,181.434489532821,151.691378647848,144.11487012739,10.497803753089,6.55910073769344
128.380095186613,154.566828729103,181.591447794298,151.786198425177,144.02495288002,10.491774708751,6.54867104057948
129.041956270345,155.746855193631,183.252869872413,152.411299778415,142.869512008569,10.4238423510592,6.43829918512783
129.155103588615,155.947825499456,183.550992189104,152.496165748449,142.69281845053,10.4241632794465,6.43627019946696
129.263467159834,156.139567518782,183.820414732244,152.589078640438,142.55422959862,10.4279701280708,6.4396484345762
129.577522194041,156.7059105752,184.539281461396,152.923289921979,142.28218089028,10.4547995278408,6.4746114181476
129.619803916452,156.785047580117,184.63369064284,152.974486136371,142.252669768294,10.4594451552241,6.48114660790679
129.76925543282,157.114010370752,185.023658885871,153.179384952612,142.086570597821,10.4795160735651,6.51072195007742
129.810206330148,157.386735508836,185.339143623355,153.32429112999,141.81194620815,10.498550875555,6.54283805224411
129.847356023155,157.600842630265,185.574075778102,153.452399074719,141.637790512726,10.5126670516933,6.56953610290751
130.054420972787,158.554681901819,186.555330411822,154.10412040687,141.125387213203,10.5645576357994,6.69573579744471
130.275197671931,159.321339654173,187.315498349643,154.678683696599,140.94105616167,10.5864292578449,6.80162894784745
130.308152125595,159.416889691624,187.410302624222,154.752300999219,140.933836008028,10.5870071202086,6.8153012847398
130.350695277163,159.5341696665,187.526788380193,154.843328439,140.930789015271,10.5868859758177,6.8322702870667
130.370291139603,159.588190164978,187.580443052356,154.885256719402,140.929385535541,10.5868301753249,6.84008640371698
130.545490897559,160.133528082715,188.123536013242,155.29834595522,140.890175010017,10.5795898875777,6.92364534459714
130.653352991762,160.742906620302,188.752431617037,155.698301023898,140.776336480445,10.5145182751776,7.05312240540932
130.840547137376,161.104039978201,189.147676960067,155.946129224946,140.872384965197,10.4556648362505,7.14037889911938
130.850089150835,161.119704905778,189.165049937058,155.957025344539,140.878246819169,10.4529432869821,7.1442647455919
130.930571263838,161.229823053477,189.288322950648,156.03554660387,140.931583805347,10.4334800674492,7.17220864288081
131.679952512268,161.871750794399,190.021547541609,156.523794711322,141.433113362548,10.3119006938658,7.35908441762648
131.847064174015,161.934785533353,190.103195225297,156.545792397668,141.470411186838,10.269579910421,7.41719489628801
132.306169572082,162.139533452708,190.291233600747,156.693017699919,141.566546979719,10.2162936896999,7.54558040093121
132.57714902979,162.30886605979,190.426323381413,156.846923600761,141.643098252454,10.2033166115668,7.61727414991609
132.839559068776,162.518836865196,190.597879158116,157.058070318373,141.761254347725,10.1940647733579,7.69284958161093
132.81685360626,162.505892682549,190.574203136378,157.055573054102,141.730994462509,10.1835419417344,7.71732109572446
132.76434718743,162.475850286248,190.532464610576,157.046108745563,141.68799964168,10.1664287653293,7.75343482687411
132.612486118849,162.469021029931,190.592854020329,157.199731107679,141.91333415622,10.1014319318165,7.88103948330926
132.621886610986,162.589351072785,190.858217811151,157.520798341497,142.429798919479,10.0425156385188,8.01625756570104
132.376848812824,162.453095401099,190.910478270228,157.634730237637,142.8267618937,9.95655283679079,8.20678316185826
132.36075073675,162.442508920281,190.910876853719,157.639611897773,142.849635062725,9.95112842384238,8.22111822109374
132.315870808391,162.415901017132,190.918325404872,157.672595785275,142.942583975465,9.93054814274358,8.29320690761402
132.330081120508,162.463095081536,190.977694452595,157.846312731514,143.090305706075,9.89811937499783,8.49286762553412
132.342263010725,162.478652202573,190.989306380927,157.87580760205,143.09586414379,9.89663119663326,8.51242209260803
132.329272722617,162.47593955903,190.980922967655,157.908646411714,143.066407364577,9.89259427188706,8.54418583666665
132.325737663464,162.473164602137,190.978054618982,157.908146619878,143.06184478112,9.89232113648208,8.54510709100328
132.109612286215,162.313614614167,190.847262754503,157.979294630101,142.784336771678,9.87485310169072,8.59628999025965
132.068812307664,162.287586263218,190.840619600727,158.033906535623,142.732531217711,9.87124406010251,8.60387084929797
132.129421955662,162.438748486648,191.382579928414,159.04712881139,143.002420722215,9.85069848201062,8.58403211358763
132.206009403484,162.544996450422,191.657055749027,159.464859413138,143.215641839554,9.84298982197594,8.57060754432197
132.441757246548,163.45791204793,194.515531718771,163.543642006361,145.897426472308,9.659508108356,8.42490382489374
132.460602480923,163.764264891054,195.06869967276,164.203376037925,146.510589792403,9.59440384377203,8.43622522113519
132.438574318627,163.803547299147,195.137968164271,164.283129573474,146.594684311458,9.57950909126542,8.43905526318614
132.343324203409,163.80548663601,195.153038590748,164.297193983366,146.636278171347,9.55325370823549,8.44235561929464
132.306225511939,163.806241982707,195.158908327503,164.302671889635,146.652478443352,9.54302757515167,8.44364106543538
131.851226425426,163.828801356151,195.051423249009,164.091426025468,146.713704962982,9.38454732050177,8.47677723336102
131.947171711093,164.050735054729,195.040612654573,163.943437418773,146.868687209616,9.21674607583319,8.51489180668874
132.072119789437,164.091916885327,195.078804121587,163.974303458168,146.952227135089,9.15561897239488,8.51539650681504
132.280208459829,164.116149425285,195.182665762917,164.10418765476,147.092732622908,9.08604918886128,8.50884164095792
132.666912131719,164.240818542258,195.477728130824,164.450989573363,147.390688143343,9.03034894839808,8.5089467547743
133.573209149942,164.723096307248,196.352280752168,165.300032906016,148.063812356831,8.965568836941,8.57657787819011
133.56000373614,164.72471595689,196.35481659091,165.274281997873,148.038021622209,8.96037266133583,8.5841921350658
133.534860503645,164.729141829828,196.348440951991,165.233448401366,148.003432599688,8.95549905468773,8.5921636557795
133.487762957943,164.738002854928,196.336434540258,165.157410211718,147.939608344438,8.94639990141164,8.60680542688379
133.402854836783,164.776454078815,196.312277825914,165.038055864458,147.86262966008,8.93117515069551,8.62176921796748
133.295800102688,164.860951367717,196.305155997322,164.906402564197,147.805141408581,8.90325936815713,8.63416023932135
133.204486309459,165.022823941119,196.369179681412,164.84257494923,147.852624346444,8.85348231795724,8.63149947365322
132.890775740859,165.101950532001,196.399641978478,164.776483657718,147.99494848229,8.71428178061265,8.55259561095735
132.794916226021,165.231157208218,196.626519395372,165.04490936945,148.430487687418,8.56529205421129,8.43972674864756
132.7947993471,165.239040502555,196.64045798766,165.062280718367,148.454895814352,8.55855276143881,8.43440861229965
132.803937138017,165.292634864394,196.733704540404,165.179795664373,148.614948147723,8.51731523758987,8.40164395220143
132.827880523972,165.337716148764,196.809660515698,165.277688830904,148.73994384528,8.49012339366631,8.3796332746647
132.929760834341,165.63242499539,197.375200519888,166.096641649511,149.865102098343,8.21099286536415,8.15310259077943
132.643964099353,165.602363242782,197.30659901853,166.191347103399,150.306965387802,8.01305049860048,8.01130734247468
132.576700017113,165.658912655691,197.298817601991,166.231061945674,150.481991755938,7.95677978433751,7.98058304488644
132.537671205515,165.695835487229,197.297244050825,166.259500709964,150.588311368524,7.92524364123773,7.96388602665667
132.324120813383,165.59542818355,197.153274678057,166.170850135782,150.605087432451,7.87451044640421,7.92752342839717
132.231872889726,165.561231977933,197.103497687509,166.157021444895,150.64426023792,7.84658177099967,7.90643602232187
132.087145077491,165.527042942964,197.050878443126,166.185919609142,150.772813385323,7.78968907031638,7.86178530902394
132.016223441548,165.5649438377,197.092551349072,166.335834957459,151.020667283346,7.72391841342029,7.80695655921528
131.909291733852,165.782496657306,197.349834725737,166.997165690282,151.976848670452,7.48649688224423,7.59296531338052
131.880985222764,165.779218766538,197.342868189301,167.016665516185,152.018579953005,7.46971573911513,7.57739251045629
131.71793939372,165.787862974565,197.315367308117,167.160343529354,152.315098134739,7.36257539045817,7.48079651044446
131.654017298038,165.847232503755,197.337396253109,167.291437505478,152.557443049659,7.29904365942176,7.42912958680548
131.646840822503,165.858323909133,197.342701299805,167.312432825625,152.595017376669,7.29020192327511,7.42224584283387
131.630208201681,165.958583260915,197.410719091028,167.480297638633,152.871797688591,7.2401297174971,7.38747413154891
131.629843909739,165.964197325083,197.414763629582,167.489439624133,152.886557079647,7.23767681974206,7.3858497957565
131.568863091127,165.969289028072,197.405940627734,167.536656677621,152.996009008503,7.21090879142891,7.36668187947108
131.366096464357,165.884358734656,197.304171735239,167.535883090193,153.107567346876,7.1642224911197,7.33108146304721
131.114433024377,165.977291549895,197.433234052574,168.051154580858,154.024376787494,7.04050167177279,7.25442843973469
131.140998509568,166.051355024828,197.517111173964,168.202316410215,154.246223949592,7.02324611574835,7.24659052387115
130.793220763824,165.987373256656,197.435553077266,168.538425750065,155.057609398254,6.90985711702752,7.18428711169569
130.807308467233,166.096038724675,197.522599072975,168.80761483817,155.527925650753,6.88038562268412,7.19046845022501
130.519666356689,165.980887019412,197.416080743494,169.015510502544,156.053206675061,6.82803530720413,7.19519396649082
130.430386952262,165.968505525082,197.431830940618,169.146649070573,156.29925878412,6.80565378965385,7.19359737676653
130.41392508175,166.001603413286,197.487232558584,169.261353063109,156.482038649432,6.79043238225127,7.18960343852192
130.40741547177,166.039551507422,197.545763243576,169.369556081113,156.650442889327,6.77650787489269,7.18523490840044
130.439960329761,166.154304314032,197.699129791966,169.590148564211,156.982017615904,6.74808970013107,7.17085397849044
129.906979170318,166.095610195863,197.964559468347,169.972426205122,158.590812213475,6.5366011092461,7.00120045375852
129.847749319868,166.054043419996,197.961083876115,169.972055027413,158.714766776661,6.5321212850638,7.00325578680242
129.80260156922,166.06680893048,198.094875337015,170.122006868497,159.263094711012,6.53396658136982,7.03475960406614
129.804188454884,166.07136497742,198.104659866975,170.132648932149,159.291745994315,6.53427907361958,7.03658442809061
129.805422721503,166.074908633261,198.11227019391,170.140926241736,159.314030726839,6.5345221275215,7.03800376120948
129.846137047037,166.143113704701,198.209433348954,170.243911720833,159.538298768518,6.53513985980663,7.04911794658369
129.730912394345,166.093175000165,198.189326242789,170.233943771198,159.731016898376,6.52222188508851,7.04523979382578
129.681597906419,166.063279448918,198.163884078886,170.210747980484,159.760083565291,6.51634353898785,7.04028611955143
129.584784493214,166.014157830995,198.120005801821,170.170030481592,159.843558261654,6.49807626208846,7.02247325366045
129.58443363229,166.013979809627,198.119846782814,170.169882917543,159.843860781813,6.49801005975717,7.02240869815744
129.572525607514,166.007937863331,198.114449766087,170.164874675714,159.854128147868,6.49576318942475,7.02021772026148
129.556028053674,166.00492981544,198.112772979501,170.163456778133,159.89585704751,6.48749495702394,7.0113450799505
129.529538493212,166.026982463592,198.14856644849,170.201059820665,160.155199949512,6.44138353793673,6.96083850700237
129.5533747835,166.050289903449,198.182848033738,170.237745599769,160.259427900866,6.42612508103829,6.94391819055858
129.378284122364,165.677743593769,197.996252810519,170.144494628824,160.609450110625,6.31308702447401,6.80916477586153
129.37681763356,165.653764551871,197.989026906176,170.147485967754,160.634174403694,6.30793187714857,6.80346901127552
129.493595106469,165.529288429452,198.026252331485,170.305398385598,160.945676233619,6.27311129699644,6.77326491985306
129.506703665243,165.526052471228,198.033172849325,170.321169710204,160.969078433199,6.27137960700571,6.77228847333558
129.407685323736,165.244478987263,197.861142632579,170.275612103573,161.014496479308,6.23904815969542,6.74572432184048
129.356848161524,165.137898761132,197.783551738037,170.244686746789,161.011065017988,6.22653417424707,6.73691596951503
129.338375609351,165.0646630822,197.730135899308,170.2414034865,161.044423270838,6.21098573578398,6.73050025482995
129.383891458889,165.088431042061,197.708157303546,170.218044773602,161.173908286507,6.17520927783671,6.73100778099898
129.31144987232,165.025110855433,197.623237380839,170.110350987559,161.121380033129,6.16300413688859,6.72672118968992
129.297579497944,164.947917341104,197.472479590848,169.823148772289,161.077402324951,6.10905853298357,6.71993545381445
129.378013449504,164.932563024145,197.443965960407,169.746931105738,161.080523188628,6.07706973453183,6.71159699098711
129.287540324524,164.782556100802,197.288831902408,169.569993715108,160.946692468996,6.04817387972569,6.69348448550121
129.215025656159,164.529953581109,197.049637716063,169.282827923025,160.715540210014,5.9581800674658,6.63975313792381
129.251940401436,164.522239651444,197.050886498575,169.266998142954,160.706361438608,5.93168588400332,6.62548671796015
129.306731897194,164.544390996752,197.080728247476,169.276730964793,160.724838620953,5.90912892429989,6.61416470286353
129.32834121044,164.537809490734,197.081549242041,169.249173504362,160.714624638952,5.88070578198101,6.59773753291433
129.325791692479,164.535063861488,197.078881194259,169.245688046856,160.711890647611,5.87992203021955,6.59714693646615
129.142599261483,164.338211961418,196.879986255577,168.961220522734,160.514832950208,5.81323702981594,6.54817750550963
129.136546309765,164.330398918453,196.870247057776,168.943378119932,160.506773867594,5.80871016404597,6.54507561384506
129.136268006273,164.329908712409,196.869515977838,168.941863485123,160.506252995677,5.80831508779451,6.54481324196208
129.134828556671,164.327373254126,196.865734664434,168.934029445918,160.503558926459,5.80627166265645,6.54345619430552
129.138142090412,164.292728934731,196.792559228025,168.765881160753,160.462969229575,5.76230226580048,6.51539101351018
129.138943558937,164.292706396984,196.791763584468,168.763646565822,160.462811421321,5.76171550826864,6.51504156192375
128.971865404341,163.999243971017,196.180581625783,167.781554255481,159.965235431575,5.68572934513763,6.48835137973442
128.992246455609,164.047019000144,196.211313976,167.777100650288,159.968902652053,5.69415752616013,6.50195698233391
128.729456154281,164.015593120686,196.114071493057,167.496017160728,159.693022830892,5.74149888303785,6.56094826438278
128.646119268894,164.000775975432,196.08734223062,167.420884968236,159.60640631223,5.75729218307585,6.57690015063018
128.638887609786,164.000150100173,196.085541805761,167.414004295873,159.597630397113,5.75916150898518,6.57860664616187
128.607229723875,163.997410218874,196.07766012274,167.383882917445,159.55921225331,5.76734481871917,6.58607713668775
128.567770846354,163.993995188543,196.067836271398,167.34633916656,159.511327286033,5.77754462225071,6.59538847135858
128.554278332638,163.992463303105,196.063687374633,167.331593232548,159.491439726012,5.78179930505135,6.59884638273252
127.854452464574,163.325539533786,195.548264972811,166.913171726068,158.772238238445,5.85603282639953,6.55592067665541
127.488700775819,163.329533193331,195.981836013951,167.623055768666,159.190143528661,5.93270941002858,6.56001855037721
127.063896137123,162.901554311361,195.746937230011,167.570366470993,158.981199738632,6.04084513896957,6.59620824177184
126.96632764796,162.636677386943,195.428680479501,167.260950104511,158.693479877597,6.03678213941928,6.58266651250467
126.863946002755,162.358733805653,195.094723789236,166.936269903705,158.391566493638,6.03251870783397,6.56845675551045
126.750502413316,161.912882861697,194.551050705039,166.409313819203,157.905373263791,6.02041371862498,6.54308762722038
126.720548515938,161.781993761239,194.390918045612,166.254209929342,157.762516013652,6.01651269862443,6.53547011939886
126.544187542805,160.658471190937,193.02276028171,164.93996677611,156.549071836078,5.97773272082706,6.46853826367705
126.174786219318,156.666344284298,188.507669119661,160.73520388541,152.488449194173,5.85310733602709,6.26170544631228
126.168790312492,156.624335490185,188.462687917365,160.693697330494,152.44665883317,5.85223390713361,6.2599002777562
126.126341565821,156.267163627426,188.078577545221,160.336959617914,152.084543808743,5.84655560663665,6.24551136769898
126.087422696048,155.816587282244,187.591160252136,159.880351602184,151.61606805429,5.84239019969967,6.22900475068515
126.078350873904,154.357574025055,185.868088381214,158.170304827705,149.86740110102,5.84787013357563,6.17392361257702
125.734777398043,152.770686896446,183.69899846449,155.819777024218,147.5423677965,5.84188925387,6.06909270645428
125.639321072875,152.273738248453,182.946699267871,154.971379562442,146.71223524136,5.83562694083792,6.02586149044508
125.514151254381,151.504373209318,181.744391374668,153.597947919198,145.365652709443,5.82249156684546,5.95257631945488
125.420912225733,150.822521031295,180.663347761652,152.350604680286,144.131094802947,5.80806244453334,5.88350160631637
124.886383037027,149.161372062981,178.25074763329,149.600926954983,141.343226806434,5.76594376605718,5.72638929204936
124.76758051408,148.84920340685,177.816569007974,149.107929778433,140.832766162863,5.75846703391143,5.69867077988455
124.750063964407,148.803176456952,177.752552594277,149.035241006197,140.757502532114,5.75736464528556,5.69458389112875
124.608376389648,148.425334938281,177.23456339683,148.446142927032,140.139113071958,5.75006617590986,5.6629863878012
124.522387833834,148.194573716823,176.92015598827,148.088328440734,139.761301060629,5.74606151573416,5.6441934494341
124.505929101922,148.150404617299,176.859976500435,148.019840574548,139.688985546679,5.74529499945062,5.64059636687478
124.328597256204,147.660829204217,176.1975244232,147.265006319859,138.88720595325,5.73927625349121,5.60316273775786
124.241916684192,147.416228570809,175.868275674903,146.889492282385,138.486537504719,5.73720092906473,5.58537672169262
123.872867805671,146.444836113168,174.574464605017,145.420124822892,136.935392344196,5.73341684737269,5.52121577003502
123.793017277724,146.296788742403,174.385814911832,145.210156936847,136.718696384902,5.73190859518874,5.51175005136311
123.58109136628,145.903866180806,173.885132459263,144.65289530355,136.143578225264,5.7279056445886,5.48662772457868
123.199707032839,145.13559278246,172.877220910552,143.524387715567,135.00514012402,5.71827543210411,5.43651414103062
123.119307482768,144.944123138447,172.616950895439,143.230809833327,134.716367336567,5.71481918932839,5.42316586497916
122.911161064431,144.448427321908,171.943137778341,142.470765969433,133.968763383951,5.70587132141077,5.3886085092646
121.770347197274,141.24100939505,167.605925868857,137.59376107435,129.296383651247,5.60718462199201,5.13590156467826
121.56812546934,140.635594028947,166.811962161625,136.705547273406,128.443690588787,5.59097380872464,5.08867224213552
121.213090288741,139.379178081885,165.160294827693,134.853655795622,126.660219874192,5.56977531657839,4.99410853218559
120.393379177573,136.736625840609,161.762984237537,131.053647745305,122.911893069668,5.56915795386061,4.8077831766257
120.262030530459,136.12872534673,160.973159636208,130.157249079133,121.999554161373,5.57241113066755,4.76370206545616
120.224971446936,135.957210560157,160.750316260868,129.904336591875,121.742144248543,5.57332899129004,4.75126489448775
120.12214869881,134.641896508386,159.028510449167,127.932342303771,119.691315114782,5.57843251709228,4.65250418272688
120.096499581792,134.142795829678,158.383309218902,127.196076112062,118.919324381904,5.57872814207084,4.61507565845152
119.613696706973,130.339397166893,153.749508450805,122.111483799849,113.670177829243,5.58108716745674,4.37569961003249
119.556097134929,129.359704060291,152.571649686873,120.874893779818,112.465292319822,5.60283228576065,4.33572293482862
119.239934793152,127.83828603091,150.775651884994,119.029773260894,110.717082209797,5.63364123311833,4.27993497031592
119.089007157411,127.184480170516,149.995433257497,118.233818485934,109.97965266657,5.64609973451594,4.25828841474576
119.06180338214,127.066457448271,149.854552223185,118.090102611046,109.84654407366,5.64834938390174,4.25438768278828
119.02681058229,126.914642288204,149.673333925831,117.905237797428,109.675323634455,5.65124315617799,4.24937008757239
118.732894232864,125.297175496453,147.691877680262,115.866664142353,107.788944139674,5.66935407963971,4.19097228408832
118.21497262838,121.795820558269,143.271239077714,111.223009656162,103.358649163194,5.58983588688602,3.97595383674269
118.19916556801,121.707347719357,143.160078032349,111.106293651474,103.245655177026,5.58620072311064,3.96877108145033
118.039117259059,120.758009300571,141.968619679062,109.862337281452,102.048164366814,5.54839683367958,3.88935222353117
117.997047693853,120.475326641376,141.614618850559,109.496856356376,101.700332157425,5.53784242191599,3.86433353143403
117.935216659345,120.059858566778,141.094332098471,108.959696925812,101.189111629326,5.52233025308886,3.82756273033794
117.876109942685,119.647125702101,140.582617174197,108.444641942524,100.714127936929,5.51216810117832,3.7904430062458
117.874008201296,119.632265962469,140.564252154694,108.426308968526,100.697399963701,5.51186177987825,3.78909986789239
117.418723325538,117.461949442119,137.95610338833,105.930924024483,98.5478057495379,5.52015842641114,3.60431534545648
116.199110757012,114.893214390336,135.14139272618,103.548245354704,96.8826883816322,5.71619167274889,3.44789067944307
116.047497289062,114.628630081956,134.868400217293,103.335508834603,96.7662731041353,5.75413380864659,3.43818247261545
114.112960970848,111.876245860094,132.161306313952,101.023630199183,95.2280705488223,6.08375327355895,3.3353498811771
113.815108300506,111.490341181439,131.802960598472,100.685650059977,94.9733163079294,6.11427734993063,3.31686344045701
112.666821559421,109.999318386475,130.455419714194,99.4062749967254,94.0439658865422,6.21733972953875,3.23904867748415
111.796848393165,108.921528408207,129.517036295692,98.5432474760489,93.4926295096998,6.27648898871791,3.17690600746846
111.14088386659,108.175998960947,128.865785415801,97.9577989875757,93.1226993712033,6.30715135519111,3.13178296448113
109.361709049281,106.224216811957,127.210679956036,96.6551061631627,92.6138432522958,6.41524045674897,3.01507657299218
108.657909746921,105.454508465003,126.553655218417,96.2315637953598,92.606534546777,6.47192240256337,2.965358956257
107.224935569957,103.905929874517,125.102522815313,95.2729915186667,92.4037376782645,6.54136008164948,2.82655945235771
106.88532298919,103.527510195565,124.727157232896,95.0163663227971,92.3170277699051,6.54907569777661,2.78300696301841
104.48264602448,100.585100559764,121.734177115434,92.8483090198197,91.3397868827035,6.53517915212447,2.35359788232947
104.352255590557,100.433198794124,121.583358716618,92.7373708738684,91.2831516142964,6.5352874557907,2.33378948777324
103.864942395426,99.8655377102674,121.019921891207,92.3233621161336,91.0723406501256,6.53586569047337,2.25987352033427
102.489938232528,98.3079587362915,119.480366253781,91.3742816178833,90.7707968865436,6.61257845684426,2.11299306458269
102.360294332325,98.174028769085,119.34460356587,91.3271644542767,90.7954212526546,6.63498412318421,2.11299450454855
102.319732737054,98.1321261950657,119.302127589822,91.3124229406574,90.803125460646,6.64199416814908,2.11299495506964
102.189033242271,98.0239961881523,119.188715336753,91.2669445315541,90.800179553151,6.66119336724924,2.11930022651929
102.179653978073,98.0168025042454,119.181070301953,91.2637234716543,90.7993836737504,6.66249981703366,2.11988537852046
101.622818785071,97.6886782490543,118.808173909047,91.1915854852069,90.8467012709693,6.76865595105492,2.19844050333454
101.622376716591,97.6889172647053,118.808315265535,91.1921268156566,90.8472358425736,6.76886953104917,2.19870331776304
101.591473205293,97.7056260399544,118.818197019254,91.2299693953536,90.884605934265,6.78380018562252,2.21707578500979
101.134060793695,98.1352385783593,119.242812436307,91.9764554320682,91.5884366621275,6.97930190550065,2.48427692830592
100.266124024408,98.0606392715133,119.535452918288,92.7304570047158,92.3296754098231,7.07288962797334,2.57382038276077
100.144613891862,97.9901789225022,119.587905270911,92.9591452344193,92.510789648557,7.09057936914041,2.58559607581789
100.084620712133,97.9334642496616,119.610176643198,93.0989297713447,92.6088092642764,7.10189549213106,2.59644973903451
100.372418928685,97.9352607396252,119.916641063248,93.8165516002485,93.1836062062359,7.17361585943487,2.70569318823217
100.607215802888,97.8366209753158,119.949958419174,93.937881877665,93.3704626167479,7.21910058571652,2.78670053614649
100.601155499186,97.7561283344141,119.891347734591,93.8825674272541,93.3443595877877,7.22551688562855,2.80021704510659
100.596513868866,97.6944784401255,119.84645738849,93.8402016906816,93.3243670896166,7.23043117601423,2.81056943681851
100.587648095603,97.5120121627362,119.688793965011,93.6587426599227,93.2264800161254,7.2409706999438,2.83502594994055
100.822328511914,96.2110058241173,118.194371377096,91.6390571481415,91.9914052367274,7.29654726252175,2.98523292260862
101.189924118611,95.9633597696037,117.536835544637,90.5206021924968,91.289201113338,7.36164876210793,3.13931029666047
101.322940069017,96.1605057070306,117.703421360818,90.6494311402992,91.4489111035587,7.3849643638437,3.17706393447538
101.441033637736,96.4201658906663,117.966336144673,90.8963688022592,91.7140616870581,7.4108281227795,3.21344806094838
101.609498064799,97.7022709409927,119.410467850146,92.3151717118238,93.1909172088927,7.5347401781811,3.37096770115803
101.608270739086,97.7729842681504,119.495457500792,92.399791108553,93.2775521780413,7.54125708282484,3.37845184497888
101.591513701832,99.2003750437288,121.228250674096,94.1051685340572,95.0127540241709,7.67184202276,3.52135165904928
101.540046154029,101.984435624041,124.636282561985,97.2269345182258,98.0224172604788,7.95423880886099,3.79465700333683
102.1398587001,104.067922280702,127.351521511559,99.7378617891245,100.09587338686,8.20217655413743,4.03420498239036
102.366812182704,104.94210735309,128.908659932569,101.412504178611,101.490370232186,8.31285976708498,4.1608669186758
102.649679242115,105.776226506276,130.470656521385,103.137100175839,103.01464719415,8.39984290100279,4.28438198631676
102.917944690422,106.45633809132,131.716422140978,104.502454855261,104.252902826608,8.46288246582222,4.38594307175444
103.202768085954,107.417734078566,133.553188968524,106.502041393996,106.076593600214,8.54986697430644,4.54807436060089
103.535608426978,108.150938025889,134.832759681126,107.897995788253,107.369523326449,8.61944265654075,4.67243605825996
103.786888128856,108.536323891994,135.430625497553,108.570459896154,108.004534473179,8.66050322994633,4.73201569906294
104.520831142963,109.431030778441,136.674604539045,110.068536508321,109.454205940607,8.77454752232541,4.85456523625468
104.874654556483,109.852470172239,137.261275404731,110.912997000442,110.293387641212,8.85600293044462,4.91192462328427
106.134623650345,111.425409823859,139.496203273962,114.814093425177,114.256611203632,9.31381363022751,5.1019965457982
106.341919933044,111.894916226443,140.231481747661,116.16142754752,115.60989285691,9.48762030589302,5.16242101926917
106.333844023454,112.116949260151,140.632203791561,116.945565341443,116.39150560531,9.59553471370127,5.19639437577118
106.290163779939,112.525724840035,141.316749169124,118.169270489044,117.59766776142,9.76618799621717,5.25470329754536
106.276055028189,112.800281158214,141.729350688682,118.830447187993,118.243841626907,9.85795922432245,5.28900203114609
106.302846897037,113.491843407545,142.672670172183,120.19789097515,119.575415756823,10.0435994355814,5.36358040883644
106.313062036727,113.587120642981,142.793941982944,120.360113161147,119.733260612755,10.0649998057856,5.37266068702024
106.403752797993,114.124149838651,143.437407084627,121.156556014916,120.508977081962,10.1661810796238,5.4179043839618
106.573701992669,116.330292322818,145.912487454462,123.88836477723,123.218770703174,10.4790124915276,5.54831868696328
107.220749071551,119.087228691903,149.010426025457,127.145493963962,126.498718886992,10.7598198706816,5.67655362061613
107.261740667365,119.651208477258,149.699340697744,127.897280491327,127.243870693266,10.8189352995892,5.70164660448049
107.317369295058,120.349810491928,150.571855697801,128.859816965481,128.186517201826,10.8931762304457,5.73499190823993
107.599646244796,122.727749043683,153.63777210996,132.283710416996,131.43084246919,11.152063611812,5.86818668835168
107.752531573778,123.575366555134,154.734620597551,133.505115448515,132.548325395039,11.2452381488223,5.92150382687179
107.917255533057,125.634219322872,157.441498712784,136.524988292855,135.238317207164,11.4815136039673,6.04870967325359
108.034054270997,126.725693104949,158.853475777455,138.098902013548,136.643542389509,11.6101573498555,6.11304736945531
108.31015218766,128.410614394012,161.002618745363,140.501980006907,138.833518156019,11.8140131238389,6.20907080405379
108.432645773941,129.027197453583,161.786083182327,141.381734289007,139.650555604389,11.8907351657712,6.24366261428779
108.44309807619,129.079810106181,161.852935720043,141.456803179885,139.720272906484,11.8972818103411,6.24661431214315
108.732586112368,132.710570111223,166.613757153055,146.791864329941,144.634424470453,12.3623409913662,6.44656163196298
108.743305326614,132.78162536501,166.705154120928,146.890522794249,144.7226404409,12.3705944465517,6.4508269994386
108.834741142716,133.237344352862,167.281297669889,147.497396372752,145.252891273297,12.4199993990726,6.47940931922376
109.530286779119,136.036890460656,170.68920640355,150.846474874551,147.919608949216,12.6727203435278,6.6656787707863
110.506461546489,138.119066185995,172.94903185794,152.763648814666,149.085736896489,12.7962745353426,6.81040849709686
110.857689364406,138.670072359503,173.51567169336,153.24965902866,149.382234882532,12.8295514253574,6.84732085183536
111.476578413778,139.566939615291,174.422613852292,154.064119831272,149.902692361434,12.8893395881961,6.90422200127739
111.640220393569,139.824829085593,174.680857258797,154.306316178107,150.050607443999,12.9078876567516,6.91873808070336
111.903246281178,140.233613734822,175.089342523894,154.693292419382,150.290344126068,12.9376399768879,6.94156489983427
112.827990844416,141.509793809657,176.337115713692,155.976862838395,151.171155220788,13.0380554524218,7.00800133524425
113.773403931101,142.714492793553,177.484288951633,157.189225534727,152.014135061851,13.1290824320543,7.06817640489633
113.820888608981,142.774176440661,177.540789499439,157.249003203659,152.055535775083,13.1335151300431,7.0711362681957
115.105665623938,144.376169854188,179.003150558683,158.720520192717,152.909089174857,13.2325991836945,7.14179184408733
115.134993275397,144.414596154261,179.037270957407,158.753426926032,152.92375250987,13.234637412425,7.14322054679332
115.258126251359,144.575930064336,179.180526418612,158.891586778615,152.985316937564,13.2431949735247,7.14921899560181
115.505774172853,144.887810663372,179.45539246304,159.136922697387,153.068016155678,13.2580358358868,7.15997555430824
116.248010969058,145.801438759358,180.264322234362,159.821339299865,153.251247401967,13.3007534415387,7.19022487390095
116.347244071606,145.920627838507,180.371053904144,159.90604784521,153.267085732779,13.306418590934,7.1940088470097
116.369341518592,145.947169126547,180.394821148685,159.92491093164,153.270612647351,13.3076801189445,7.19485147051961
117.409243368617,147.178827350594,181.534894684969,160.785594647616,153.398039469534,13.3760227765429,7.23494427217425
118.384763323034,148.391820987561,182.771965795381,161.643072742604,153.45142570395,13.4803464558694,7.28331239692208
118.458001229753,148.493604955806,182.880816436957,161.712867886012,153.442016748683,13.4909395661684,7.2876005447555
118.662596092369,148.777722513819,183.193357244968,161.921842283244,153.444619174784,13.5247624460436,7.30430707842821
118.979423945588,149.217505000009,183.684612707047,162.257475541273,153.473462879394,13.5807731047748,7.3342389116236
119.775578340047,150.289141280932,184.859037296434,163.129234320342,153.753893192614,13.7264660556012,7.44295432635175
119.883432751487,150.431290570515,185.009929835971,163.244960367311,153.801569358467,13.7455154516275,7.45943007181053
120.008115137906,150.5956186904,185.184365370608,163.378742560495,153.856684193869,13.7675370279795,7.47847644399341
122.368523011725,153.572625469643,187.396621338437,164.686023575787,154.007750233425,14.0932114355289,7.86325594581603
122.917645812988,153.96788222428,187.055248476518,163.975730790174,153.246214930835,14.1238751504151,7.81635612996499
122.917807383046,153.917916274701,186.862654265048,163.720540122004,153.006677600073,14.121275350451,7.78528801042631
122.883282384991,153.648465233144,186.22958579199,162.948657498727,152.320841831914,14.1122696052093,7.66190906202377
122.983681484641,153.213637708,185.41135039176,162.020588676087,151.511370249499,14.1171393663663,7.458652126747
123.030854914095,153.19292496825,185.369683534141,161.975353523361,151.466676049017,14.1213607832033,7.44370834330875
123.214362485094,153.060995641702,185.152933814017,161.743987478758,151.224007580412,14.1401963579666,7.38001442377893
123.285514233222,152.918972484848,184.976569377654,161.560776034969,151.008139241261,14.1525056610205,7.34948301507334
123.340922158737,152.893730276918,184.945360520148,161.525879585121,150.954283129559,14.1606310875272,7.34886440237132
123.513609870123,152.833861049342,184.8686634481,161.435803270232,150.809084283757,14.1862547111587,7.35220241337602
123.673536219758,152.83411824187,184.858574646784,161.407735788533,150.741724000955,14.2108718461001,7.37089453187434
124.152147179111,152.909461053694,184.880207038216,161.338875341497,150.601619489977,14.2973764068882,7.4509673161187
124.407211683563,152.825273977449,184.640918279869,160.893722509567,150.186875539745,14.4182924716269,7.54594993707556
124.399226936476,152.798093963637,184.586109254232,160.807767670376,150.114924188252,14.4330966807806,7.55279493181719
124.337405387625,153.104343126732,184.315731765013,159.994403936945,149.350880442391,14.7142592114812,7.62510953382715
124.301491669389,153.359613228238,184.479359035097,160.108694873812,149.348082660544,14.7501759743778,7.63161849688465
124.301120177156,153.38036000927,184.494334905348,160.121149719812,149.351339512054,14.7525292178786,7.63225570911668
124.354050662136,153.70606180606,184.762889581745,160.380785926025,149.479040347775,14.7793145268268,7.6453036922871
124.370271626932,153.779786795917,184.82609233679,160.444181980714,149.513471086087,14.7846446670507,7.64847685823055
124.662672866773,154.533081080706,185.530392180979,161.208904395449,150.027898299905,14.8241831942823,7.68095724943823
124.363133503969,154.049012956296,185.075329066886,160.741436199854,149.359123126462,14.7343232409208,7.47840466276101
124.316885837854,153.911396512885,184.934903184339,160.56357588943,149.119373392681,14.711771153057,7.43877031117426
124.253400836655,153.575362384849,184.550344652431,160.04669618533,148.310491414084,14.6349488225275,7.31630529353529
124.285713844488,153.570128663645,184.528687960695,160.005337788047,148.211982285508,14.6247332217179,7.30089201386452
124.503995470418,153.679224592772,184.545831743237,159.962952218804,147.976323448728,14.5962376394338,7.25941825244203
124.709703027284,153.863534533104,184.45832079064,159.827181270474,147.792179963194,14.5614274167182,7.2233042570262
124.46262632812,153.90535443899,183.840357477667,158.99831199691,147.646771981878,14.4237664336308,7.12364338523615
124.342284492851,154.294150710966,183.674767045828,158.67023199112,147.460469326294,14.2568358409442,6.93584830991304
124.054135835155,154.61446340774,183.515410527427,158.57206108754,147.402381713627,14.1634868600806,6.78240432053109
123.863608822492,154.91107138311,183.648287548802,158.622449413406,147.493002932166,14.0797202888071,6.72248581940028
123.667784056419,155.05619560407,183.770162530875,158.579501419,147.448120883262,13.9926322582253,6.69092828166386
123.432610427115,155.072396737766,183.793638040239,158.443629864818,147.298241461095,13.9133365376498,6.66340720201107
123.24309911281,155.143129521057,183.899226725822,158.333143387321,147.150942240041,13.8205115028958,6.63926723402079
123.211763031818,155.154825330534,183.916686029586,158.314874223709,147.126586014462,13.8051626947373,6.6352756412504
123.032621469424,156.521270659904,185.599602241657,158.159483237736,146.540771870863,13.1188306886482,6.51409862535432
123.148120391521,156.965476356697,186.123160234956,158.212723916916,146.478580244614,12.9307082771103,6.48476552930476
123.51919128436,157.631296114302,186.964733695727,158.626371926305,146.74916991158,12.7212318346888,6.48376899793138
123.550722378214,157.672962409942,187.026994318946,158.67614465939,146.78880147698,12.7095058701197,6.48690243466251
123.417501792835,157.630812513844,187.602888044604,159.334909624856,147.222863204999,12.4479783263541,6.57435944391145
122.728376472201,157.102875041112,187.384721820716,159.388699528227,147.226395899949,12.1537554844051,6.83073719614245
122.716753959766,157.116502952365,187.363502679067,159.350475295048,147.206939985407,12.1403676111076,6.85982162454075
122.739789850436,157.248073141793,187.293406765261,159.137417080444,147.093889359078,12.1028824447373,7.02898934284738
122.476197491499,157.046452517379,186.918047116069,158.540148177581,146.569955299706,12.0701553038289,7.2468535234862
122.455330052975,157.014752395811,186.85606337504,158.413520205567,146.445306748075,12.0589070441536,7.32845295613351
122.280627636207,156.772454629621,186.536500250249,157.964427005706,145.967355931301,11.9624621719239,7.55355838791107
122.16944552126,156.640952535419,186.371394835536,157.791010697296,145.782401528889,11.908097971228,7.60908021562467
122.111625733745,156.557810598499,186.241975288617,157.683473827919,145.664772129603,11.8401016047417,7.66720174675443
122.119440050127,156.54007907717,186.179957007181,157.670084454195,145.649387988261,11.7775534800253,7.71560664174228
122.153949068634,156.553761034658,186.165182932358,157.705957005122,145.691021754542,11.7356414633534,7.74698216704635
122.159326549586,156.555893070542,186.162880713709,157.711546962983,145.697509472675,11.7291103859406,7.75187136114623
121.846320605783,156.194254737396,185.745531221928,157.481168195541,145.537621550665,11.5943004748219,7.80144138765937
121.821614924768,156.162531290697,185.710375008578,157.465012487245,145.530819592313,11.5826867259597,7.80648247471606
121.705677120904,155.955227752581,185.486896901448,157.397759056381,145.570136044419,11.4947519222441,7.86052467518641
121.689993718767,155.890004408332,185.416260315133,157.387411683942,145.614072558391,11.4589653984131,7.88851810288709
121.614281390308,155.709071608917,185.221691679976,157.292420743733,145.642985046554,11.3807141320365,7.94639600104044
121.482215043317,155.52357848655,185.026101519571,157.14426070001,145.570385612261,11.328367579828,7.97482804050919
121.358387675568,155.320361869253,184.80723491301,156.984748258755,145.520063324802,11.2542099600645,8.02556409292976
121.321541264136,155.219130197886,184.693984028895,156.918403534805,145.541670740798,11.1955841340935,8.07688159799141
121.324981585128,155.216179868446,184.690089564818,156.919826334247,145.551990631149,11.1899361230272,8.08333058203997
121.344083606262,155.199798473966,184.668465961881,156.92772627878,145.609290738906,11.1585761345273,8.11913788893532
121.219373242885,154.813340776594,184.241661936067,156.913431256965,146.085518741257,10.9698754748093,8.41721341401422
121.191331830648,154.594488705648,183.914952684146,156.805414810512,146.281227708843,10.9083038992429,8.53632752983297
121.082975828793,154.418210069384,183.691653785899,156.663324948525,146.257230861569,10.8757603183196,8.57112673732935
120.952441702816,154.14887008805,183.337813800046,156.491122353581,146.312221218407,10.8093571863925,8.64808274018808
121.089001124714,154.164293213942,183.455936080314,156.948187927629,146.933951051283,10.7451259779413,8.78428769189374
121.567974773528,154.663652378461,185.901572874508,160.280102366158,149.931051845265,10.7958036619577,9.14024766008514
121.810073603579,154.986794480371,187.026341133387,161.630194908586,151.189808494248,10.7750769304576,9.27302161730118
121.92913843974,155.169400616065,187.373309683956,162.01597379749,151.531059362636,10.7653030404837,9.29441642093704
122.002328750441,155.287974715932,187.560717055425,162.218506316163,151.702275191875,10.7593927570259,9.29965747355361
122.017970333711,155.313315319612,187.60076809467,162.261789767557,151.738865918496,10.7581296637289,9.30077754477806
122.022314705758,155.320353546394,187.61189207185,162.273811531152,151.749028811036,10.7577788458406,9.30108863899623
122.047597543936,155.722009853408,188.289352261687,163.028184340725,152.251425684617,10.6800232331335,9.22689629365684
122.11545210375,155.918053220443,188.48987922611,163.294756981193,152.360999596467,10.6112670293098,9.09567881990426
122.144026136107,155.6534326097,188.067516979294,162.978192517064,152.075858496702,10.5227771365878,8.92333835591344
121.83905552436,153.738810287886,185.591945980359,160.70470215287,150.371937639791,10.3577095374427,8.61484262346268
121.804901142657,152.40351392976,183.594353723594,158.684463373344,148.764607280041,10.3137023756755,8.44382361754678
121.684743824501,151.666175179445,182.313707454101,157.274165512805,147.509153627127,10.3057009643563,8.339749296051
121.672377907443,151.221112048976,181.201583920164,155.921603085233,146.2272685735,10.3188812913062,8.24926779581876
121.741010068898,150.954097787172,178.748648407583,152.176035775114,142.600703294448,10.3788566359889,8.06533835129658
121.990082404079,151.134331748202,178.276286478783,150.560889227365,141.529108868973,10.4243152840955,8.02136518760561
122.000890098004,151.141782045852,178.283881916283,150.548534697396,141.531621510366,10.4256898772401,8.02119399981477
122.029045676497,151.128499189668,178.470600983137,150.215179413149,141.695633216568,10.4559929000648,7.98963745574134
122.169276779264,151.475343452755,178.771413302927,150.093237853756,142.019082812851,10.5109851761331,7.94264575076568
122.110134563033,152.06397516751,177.996409799603,148.997438393639,141.092042838216,10.5587321355399,7.87408264829673
121.958456173983,152.351129402503,176.867405349112,147.731388131374,139.833643328908,10.5820954787341,7.84101680797751
121.857555741026,152.597096837603,172.917337304487,143.642758397101,136.0760984361,10.7406003719183,7.84050741538454
121.90403114247,152.363848040197,171.728449138226,142.491880217328,135.350950549869,10.8480018411167,7.8610886728793
122.116754474137,151.978969398269,170.421520743517,141.249184944329,135.243700911835,11.0820674421914,7.87368562888115
122.124985008248,151.867637359524,169.988223988821,140.830052709882,135.120881467574,11.1408219713393,7.86318587310235
122.315355200798,151.757276028325,168.90764094278,139.786617992091,134.570958822557,11.2724220442859,7.84088723202804
122.93733990684,150.661620388636,165.014886161756,135.90947994008,131.180143937056,11.6627380732015,7.76242217916475
123.444116804434,150.12334184271,163.98930111626,134.6258976047,129.854180972194,11.8471042285172,7.73768694978157
123.463583262644,150.105810188219,163.960345819515,134.58494084024,129.810686201905,11.853433457315,7.73677108266885
123.617368281418,149.613439988554,163.36173508806,133.68508519835,128.846523229428,11.9455342280515,7.69937075127268
124.708737947217,148.658955861879,160.366548983898,128.819970992455,123.799099994422,12.1073029983222,7.43456840244407
124.910790547507,148.523412559079,158.793559749511,126.872933284612,121.923685712279,12.1058336223408,7.32986203494118
125.035602629782,148.521352716811,157.986371553483,125.939449251874,121.054605580987,12.1106657131876,7.2785822309523
125.208481126791,148.588585930675,157.04931791722,124.913386057563,120.141345406456,12.1274206380768,7.21263811030441
124.998211298557,148.395071877103,155.959890926507,124.227324914574,119.900065757568,12.0989980197172,6.71100037310152
125.048289126386,148.226944447558,155.794362568811,124.113232509159,119.784750847912,12.0453362114504,6.56171823859135
125.999937542103,147.083403771497,152.771203676679,120.600953946667,116.082731630646,11.8537452896719,5.86462197417724
126.537766296827,145.866471897638,150.363357311984,117.150994904848,112.643198663673,12.0265129758681,5.52750768128183
126.679588870859,145.766862095954,150.225444781228,116.893179793668,112.418331904196,12.0662730475661,5.49492092089121
126.681973769673,145.765187050218,150.223125633989,116.888844355835,112.414550528263,12.0669416558501,5.49437293953667
127.239155734741,144.823617570786,148.634459396907,114.763506782069,110.665485522866,12.2370407033461,5.14071837041814
127.313257888242,144.744738104752,148.126942729945,114.114073289073,110.162999122948,12.3045105494437,5.0223497936959
127.300732668351,144.737187587741,148.029067264298,113.979064650503,110.063884297549,12.3253948360019,4.99948483995709
127.314053825863,144.852912862083,147.719259447969,113.466988177746,109.758340749816,12.4692991394243,4.90540640941026
127.660978714867,145.271541779575,147.647455645207,113.188501861414,109.961624443866,12.8158713673037,4.79453193927265
128.575049949736,145.807514873992,147.890965575077,113.46956957613,110.533184260135,13.0242112656066,4.67373357564661
128.670762742595,145.840165133728,147.86586800749,113.440522137905,110.552102717642,13.0544529158688,4.63313968780442
128.712448605245,145.86740536404,147.869867959361,113.436063586873,110.564659439459,13.0664776735019,4.61900477376718
129.031050220057,146.130997701796,147.960088582521,113.435642894493,110.682620977563,13.155738304905,4.53231289806363
129.4652037453,146.581663181705,148.179785098751,113.503086152231,110.879087876918,13.2668515187739,4.47203859723651
129.592809246284,146.708148972114,148.036289355111,113.229862952007,110.69718137821,13.334600482904,4.38274740914997
130.341645474599,147.231161064643,148.218790170026,113.422717241871,110.789779481321,13.411431374299,4.25636782233944
130.615227124997,147.347858328219,148.148710928069,113.442243213464,110.677791853723,13.4341340588876,4.14775532542689
131.037923015801,147.578481316072,147.945495189636,113.400200134573,110.581291692667,13.5229191348914,4.00786837733597
131.230618251624,147.697260397353,147.730405372974,113.266469440382,110.578042368085,13.6204658598106,3.96258323001757
131.120970767408,147.441480831159,146.844881289645,112.593154086085,110.539257662522,13.9129482223125,3.9043615435765
131.521245869971,150.294236532481,151.273774683738,117.840690628848,115.427372636211,14.2890239893389,3.81166692196471
130.406535104432,151.639610340045,154.366929861293,122.484235852403,120.174205861251,14.628934302205,3.92598523820219
130.346595308719,151.676879320514,154.541880744755,122.793393909277,120.495044400007,14.6635246353191,3.94141056554832
130.328727090945,151.687989305981,154.594034083756,122.885554775379,120.590687249848,14.6738361086502,3.94600889800809
130.318534733542,151.694326644379,154.623783299799,122.938125014771,120.645243676289,14.6797179611591,3.94863187073434
130.193525889354,151.654873645308,154.769735029829,123.268773650594,120.981382013509,14.7220181301437,3.96584406697331
129.083965974998,150.902676550269,155.830913654804,126.38462083851,123.89454313083,15.2465664373878,4.18753940025043
127.951502309473,150.324055147169,155.909561221492,127.748613659671,124.660876114914,15.9517514251848,4.53931572752202
126.612149190882,150.433290127059,160.325456700519,132.58949716115,129.441049890769,17.3455071294962,5.29510262015372
125.9965718164,150.938523419386,163.939687548204,136.430954600817,133.121471965419,18.1386792493738,5.72178880177913
125.931368480748,150.961622799655,164.143288980235,136.645428044967,133.318990346662,18.1858867611213,5.74721919524986
125.146488805448,151.681991680532,166.587953043104,139.109868555625,135.387946714062,18.8349066327606,6.1221814792973
123.69482878672,153.156478245238,170.377950167624,142.763798159777,137.947349859656,20.1716391853059,6.99818342995206
122.071943333184,154.675474108311,175.356609867011,147.716087944853,142.674543599962,21.4292717003384,7.88405519294833
119.721858869786,157.355334372243,179.674077110668,153.643507730194,149.357836650538,23.2056494822732,9.18352484938272
119.705811730787,157.374169084004,179.731652520049,153.720880863186,149.440072136015,23.2230207064649,9.19584963527066
119.648165879351,157.441828683392,179.938479637073,153.998826989911,149.735485204914,23.2854230455432,9.24012374396667
118.071327924467,157.957692162367,184.29225839162,159.222993303507,155.10922574719,24.4327321598297,10.0274172284016
118.014069464257,157.992440387297,184.545522085684,159.483068331648,155.367941576132,24.4998353348483,10.0717677149678
117.886561093597,158.091874648128,185.163921515436,160.102065606076,155.981937146606,24.6748932380828,10.1871908082211
117.74502910635,158.245163513196,185.91341089052,160.798391018663,156.667083683919,24.9308283514391,10.3551010439015
117.223763084908,158.325919630782,186.50381500215,161.101568551155,156.968743608267,25.4829935966555,10.7196308648756
117.141096073433,158.415347280191,186.562930090458,161.06347159454,156.942132471718,25.6390994981163,10.8254939017954
116.887933639728,159.027106155964,187.005582229999,161.180667736232,157.147995427131,26.2512299515214,11.254670753235
116.632651311284,159.243833782703,187.274901422285,161.364861391071,157.387633816135,26.4825051254799,11.4225714002323
116.227021005826,159.513830564011,187.754656126578,161.780990021122,157.886571238363,26.7601346780655,11.627242902095
115.200313828912,160.635226361489,190.149517883001,164.264181127215,160.645016837856,27.4772555490143,12.1628656478222
113.401075041717,162.594482800817,193.918724329191,168.661684885174,165.484078458419,28.5056867096664,12.908544054799
113.356262462484,162.676051536409,194.021469440413,168.780321051086,165.612762353449,28.5436011478894,12.9353842112225
113.340110560197,162.705451545724,194.058502100109,168.82308136063,165.659144189397,28.5572667371482,12.945058271304
113.116666598678,163.22554216933,194.657965977901,169.478021782881,166.349218421626,28.7943628227237,13.1144340783713
112.944862161797,163.456511115864,194.927514670519,169.7613199402,166.640612426309,28.9197615384307,13.2051091311923
111.797587223027,164.621159589773,196.552912100708,171.27586839273,168.019637580613,29.6647147259076,13.7690060442632
110.829554380129,165.315641986349,198.243434730215,172.809945036711,169.174010969785,30.2930907804207,14.2710152020194
110.668581988861,165.346326115729,198.410767415635,172.962188299919,169.270299135162,30.3797318202779,14.3349661607417
110.383002484593,165.427498654888,198.718850281379,173.238185997542,169.448725607305,30.5654212642186,14.4637281955555
109.941478993249,165.663386359951,199.220936453474,173.653552720226,169.742440687899,30.9396613618938,14.7047505967256
109.931592181347,165.669497268638,199.232289835342,173.662621536633,169.749073565672,30.9485803525995,14.7104064203155
109.139929428524,165.628085068897,199.351267429806,173.64119823569,169.653671816093,31.2991645211069,14.926557290454
108.905699257113,165.629880903887,199.396474861203,173.636365209594,169.626663150364,31.4073982238737,14.9939150779072
108.781854718838,165.642994075036,199.436474242591,173.64165055822,169.613993726208,31.4670352853697,15.032736423036
108.390450023729,165.69318961145,199.579666169376,173.667046365665,169.572503943136,31.6556375536909,15.1576377283186
107.658724042838,165.746918519947,199.982125215913,173.732629787423,169.285474093301,31.8985629008335,15.3591625114915
106.989606155253,165.001340560206,200.317668520538,173.259516243541,167.437909197886,31.427294882536,15.1568876076676
106.603041158836,164.41243040208,200.590554617849,172.763478038775,165.846055239363,31.0061487499684,14.9158151206072
106.405458252451,164.264786773605,200.745410256029,172.598092745276,165.302267383653,30.9037955121003,14.8678524290196
106.326703495861,164.235466578152,200.83081142158,172.555294778577,165.117603472145,30.8758150291666,14.8637305777168
104.817478403189,162.928149836307,200.973947415228,171.916021092297,162.168535867838,29.42879280046,15.3605883673306
104.815745130616,162.931128768147,200.977041514269,171.916876442618,162.163030637952,29.4245196758611,15.3620709216616
104.783662976722,162.986267556593,201.034311999682,171.932708621039,162.061131124186,29.3454259181184,15.3895123852511
104.784786417264,162.990029628463,201.03858208606,171.935139252916,162.057362037096,29.340508578843,15.3909181789156
105.707800595408,163.033015283195,201.400817818755,172.079493421718,161.514473888461,28.412047396163,15.3269401549565
105.774568728603,163.057840665046,201.436778594761,172.093430415165,161.498060527748,28.3789358915758,15.3192876090404
NaN,NaN,NaN,NaN,NaN,NaN,NaN
NaN,NaN,NaN,NaN,NaN,NaN,NaN
NaN,NaN,NaN,NaN,NaN,NaN,NaN
NaN,NaN,NaN,NaN,NaN,NaN,NaN
NaN,NaN,NaN,NaN,NaN,NaN,NaN
NaN,NaN,NaN,NaN,NaN,NaN,NaN
NaN,NaN,NaN,NaN,NaN,NaN,NaN
NaN,NaN,NaN,NaN,NaN,NaN,NaN
NaN,NaN,NaN,NaN,NaN,NaN,NaN
NaN,NaN,NaN,NaN,NaN,NaN,NaN
NaN,NaN,NaN,NaN,NaN,NaN,NaN
NaN,NaN,NaN,NaN,NaN,NaN,NaN
NaN,NaN,NaN,NaN,NaN,NaN,NaN
NaN,NaN,NaN,NaN,NaN,NaN,NaN
NaN,NaN,NaN,NaN,NaN,NaN,NaN
NaN,NaN,NaN,NaN,NaN,NaN,NaN
NaN,NaN,NaN,NaN,NaN,NaN,NaN
NaN,NaN,NaN,NaN,NaN,NaN,NaN
NaN,NaN,NaN,NaN,NaN,NaN,NaN
NaN,NaN,NaN,NaN,NaN,NaN,NaN
NaN,NaN,NaN,NaN,NaN,NaN,NaN
NaN,NaN,NaN,NaN,NaN,NaN,NaN
NaN,NaN,NaN,NaN,NaN,NaN,NaN
NaN,NaN,NaN,NaN,NaN,NaN,NaN
NaN,NaN,NaN,NaN,NaN,NaN,NaN
NaN,NaN,NaN,NaN,NaN,NaN,NaN
NaN,NaN,NaN,NaN,NaN,NaN,NaN
NaN,NaN,NaN,NaN,NaN,NaN,NaN
NaN,NaN,NaN,NaN,NaN,NaN,NaN
NaN,NaN,NaN,NaN,NaN,NaN,NaN
NaN,NaN,NaN,NaN,NaN,NaN,NaN
NaN,NaN,NaN,NaN,NaN,NaN,NaN
NaN,NaN,NaN,NaN,NaN,NaN,NaN
NaN,NaN,NaN,NaN,NaN,NaN,NaN
NaN,NaN,NaN,NaN,NaN,NaN,NaN
NaN,NaN,NaN,NaN,NaN,NaN,NaN
NaN,NaN,NaN,NaN,NaN,NaN,NaN
NaN,NaN,NaN,NaN,NaN,NaN,NaN
NaN,NaN,NaN,NaN,NaN,NaN,NaN
NaN,NaN,NaN,NaN,NaN,NaN,NaN
NaN,NaN,NaN,NaN,NaN,NaN,NaN
NaN,NaN,NaN,NaN,NaN,NaN,NaN
NaN,NaN,NaN,NaN,NaN,NaN,NaN
NaN,NaN,NaN,NaN,NaN,NaN,NaN
NaN,NaN,NaN,NaN,NaN,NaN,NaN
NaN,NaN,NaN,NaN,NaN,NaN,NaN
NaN,NaN,NaN,NaN,NaN,NaN,NaN
NaN,NaN,NaN,NaN,NaN,NaN,NaN
NaN,NaN,NaN,NaN,NaN,NaN,NaN
NaN,NaN,NaN,NaN,NaN,NaN,NaN
NaN,NaN,NaN,NaN,NaN,NaN,NaN
NaN,NaN,NaN,NaN,NaN,NaN,NaN
NaN,NaN,NaN,NaN,NaN,NaN,NaN
NaN,NaN,NaN,NaN,NaN,NaN,NaN
NaN,NaN,NaN,NaN,NaN,NaN,NaN
NaN,NaN,NaN,NaN,NaN,NaN,NaN
NaN,NaN,NaN,NaN,NaN,NaN,NaN
NaN,NaN,NaN,NaN,NaN,NaN,NaN
NaN,NaN,NaN,NaN,NaN,NaN,NaN
NaN,NaN,NaN,NaN,NaN,NaN,NaN
NaN,NaN,NaN,NaN,NaN,NaN,NaN
NaN,NaN,NaN,NaN,NaN,NaN,NaN
NaN,NaN,NaN,NaN,NaN,NaN,NaN
NaN,NaN,NaN,NaN,NaN,NaN,NaN
NaN,NaN,NaN,NaN,NaN,NaN,NaN
NaN,NaN,NaN,NaN,NaN,NaN,NaN
NaN,NaN,NaN,NaN,NaN,NaN,NaN
NaN,NaN,NaN,NaN,NaN,NaN,NaN
NaN,NaN,NaN,NaN,NaN,NaN,NaN
NaN,NaN,NaN,NaN,NaN,NaN,NaN
NaN,NaN,NaN,NaN,NaN,NaN,NaN
NaN,NaN,NaN,NaN,NaN,NaN,NaN
NaN,NaN,NaN,NaN,NaN,NaN,NaN
NaN,NaN,NaN,NaN,NaN,NaN,NaN
NaN,NaN,NaN,NaN,NaN,NaN,NaN
NaN,NaN,NaN,NaN,NaN,NaN,NaN
NaN,NaN,NaN,NaN,NaN,NaN,NaN
NaN,NaN,NaN,NaN,NaN,NaN,NaN
NaN,NaN,NaN,NaN,NaN,NaN,NaN
NaN,NaN,NaN,NaN,NaN,NaN,NaN
NaN,NaN,NaN,NaN,NaN,NaN,NaN
NaN,NaN,NaN,NaN,NaN,NaN,NaN
NaN,NaN,NaN,NaN,NaN,NaN,NaN
NaN,NaN,NaN,NaN,NaN,NaN,NaN
NaN,NaN,NaN,NaN,NaN,NaN,NaN
NaN,NaN,NaN,NaN,NaN,NaN,NaN
NaN,NaN,NaN,NaN,NaN,NaN,NaN
NaN,NaN,NaN,NaN,NaN,NaN,NaN
NaN,NaN,NaN,NaN,NaN,NaN,NaN
NaN,NaN,NaN,NaN,NaN,NaN,NaN
NaN,NaN,NaN,NaN,NaN,NaN,NaN
NaN,NaN,NaN,NaN,NaN,NaN,NaN
NaN,NaN,NaN,NaN,NaN,NaN,NaN
NaN,NaN,NaN,NaN,NaN,NaN,NaN
NaN,NaN,NaN,NaN,NaN,NaN,NaN
NaN,NaN,NaN,NaN,NaN,NaN,NaN
NaN,NaN,NaN,NaN,NaN,NaN,NaN
NaN,NaN,NaN,NaN,NaN,NaN,NaN
NaN,NaN,NaN,NaN,NaN,NaN,NaN
NaN,NaN,NaN,NaN,NaN,NaN,NaN
NaN,NaN,NaN,NaN,NaN,NaN,NaN
NaN,NaN,NaN,NaN,NaN,NaN,NaN
NaN,NaN,NaN,NaN,NaN,NaN,NaN
NaN,NaN,NaN,NaN,NaN,NaN,NaN
NaN,NaN,NaN,NaN,NaN,NaN,NaN
NaN,NaN,NaN,NaN,NaN,NaN,NaN
NaN,NaN,NaN,NaN,NaN,NaN,NaN
NaN,NaN,NaN,NaN,NaN,NaN,NaN
NaN,NaN,NaN,NaN,NaN,NaN,NaN
NaN,NaN,NaN,NaN,NaN,NaN,NaN
NaN,NaN,NaN,NaN,NaN,NaN,NaN
NaN,NaN,NaN,NaN,NaN,NaN,NaN
NaN,NaN,NaN,NaN,NaN,NaN,NaN
NaN,NaN,NaN,NaN,NaN,NaN,NaN
NaN,NaN,NaN,NaN,NaN,NaN,NaN
NaN,NaN,NaN,NaN,NaN,NaN,NaN
NaN,NaN,NaN,NaN,NaN,NaN,NaN
NaN,NaN,NaN,NaN,NaN,NaN,NaN
NaN,NaN,NaN,NaN,NaN,NaN,NaN
NaN,NaN,NaN,NaN,NaN,NaN,NaN
NaN,NaN,NaN,NaN,NaN,NaN,NaN
NaN,NaN,NaN,NaN,NaN,NaN,NaN
NaN,NaN,NaN,NaN,NaN,NaN,NaN
NaN,NaN,NaN,NaN,NaN,NaN,NaN
NaN,NaN,NaN,NaN,NaN,NaN,NaN
NaN,NaN,NaN,NaN,NaN,NaN,NaN
NaN,NaN,NaN,NaN,NaN,NaN,NaN
NaN,NaN,NaN,NaN,NaN,NaN,NaN
NaN,NaN,NaN,NaN,NaN,NaN,NaN
NaN,NaN,NaN,NaN,NaN,NaN,NaN
NaN,NaN,NaN,NaN,NaN,NaN,NaN
NaN,NaN,NaN,NaN,NaN,NaN,NaN
NaN,NaN,NaN,NaN,NaN,NaN,NaN
NaN,NaN,NaN,NaN,NaN,NaN,NaN
NaN,NaN,NaN,NaN,NaN,NaN,NaN
NaN,NaN,NaN,NaN,NaN,NaN,NaN
NaN,NaN,NaN,NaN,NaN,NaN,NaN
NaN,NaN,NaN,NaN,NaN,NaN,NaN
NaN,NaN,NaN,NaN,NaN,NaN,NaN
NaN,NaN,NaN,NaN,NaN,NaN,NaN
NaN,NaN,NaN,NaN,NaN,NaN,NaN
NaN,NaN,NaN,NaN,NaN,NaN,NaN
NaN,NaN,NaN,NaN,NaN,NaN,NaN
NaN,NaN,NaN,NaN,NaN,NaN,NaN
NaN,NaN,NaN,NaN,NaN,NaN,NaN
NaN,NaN,NaN,NaN,NaN,NaN,NaN
NaN,NaN,NaN,NaN,NaN,NaN,NaN
NaN,NaN,NaN,NaN,NaN,NaN,NaN
