NaN,NaN,NaN,NaN,NaN,NaN,NaN
NaN,NaN,NaN,NaN,NaN,NaN,NaN
85.5336867408285,110.117367392417,133.469004352672,110.039756754066,106.489357554181,16.659620008215,6.25968015275973
88.7939971359343,114.874529318424,138.619840672873,114.514553511183,110.350121816098,17.6473480479839,6.53708403800435
87.0423172856692,113.397112058719,137.15317753076,113.018010641106,108.796855327253,17.4625041249311,6.39303116798237
86.0880683532562,112.5922710128,136.354194921376,112.202750686003,107.950694489981,17.3618081466052,6.31455661259561
82.4857802451562,109.559797485365,133.345164620553,109.130056248896,104.759450475745,16.9831717272502,6.01815950437165
80.0804198060936,107.565069251928,131.372991335324,107.103847328825,102.644212183952,16.7380932757509,5.81943605400369
77.0206995744376,105.027690556668,128.864303488318,104.526423868448,99.953539596566,16.4263431179711,5.56665141860315
76.1226272178239,104.359952959415,128.221946057407,103.83475342999,99.202207907496,16.3561689817212,5.49167341240686
75.3209912127827,104.368335597499,128.385952682894,103.725936667643,98.8313877131354,16.4607523836489,5.4194557183833
86.2760789573356,115.500929537707,139.870166545855,114.676356544359,109.468360509023,18.1268753264353,6.31165706617211
86.3888532343263,115.616079061548,139.98911450295,114.789564074883,109.578079627673,18.143980153139,6.32084073112613
88.4240575193099,117.850276494952,142.328695916264,116.964694521921,111.633460589316,18.4870919565456,6.48600087757275
88.5925414491997,118.529858470895,143.132998751187,117.563319199439,112.043769289263,18.6270986586496,6.49799136322061
87.4613264826134,117.780317846766,142.439934293516,116.770976961667,111.141484959411,18.5489283394873,6.40485777042827
84.1821093495295,115.437497866384,140.220248695437,114.330366928699,108.445576549211,18.2866506080124,6.13667095082876
83.3631125510836,114.85934874361,139.67440115988,113.727245186178,107.777472459071,18.2238572187307,6.07004530324814
83.3456958238712,114.84710658522,139.662858200324,113.714465463839,107.76329532745,18.2225366068164,6.06862913033397
81.8987849666207,113.830077859031,138.703916069421,112.652778111295,106.585516895446,18.1128255403374,5.9509792446653
81.022638265118,113.658591791707,138.668743182035,112.386607430436,106.098847964052,18.1592517841642,5.88615119947696
81.7605883254821,114.752895980673,139.863852935508,113.414392085031,106.989484740527,18.3604633780752,5.95527848006661
83.6450498648886,116.97435481775,142.21117615142,115.551629738202,108.969709475201,18.7287794439903,6.12484101790288
86.8649572656019,121.361350128681,146.923126325173,119.675055091146,112.617740276903,19.4961338996241,6.44075684815125
85.7588298324134,121.065161336495,146.753569212942,119.247638811215,111.943008768157,19.5263098731444,6.37090219123332
85.6748992380327,121.030417169327,146.725924341646,119.205283986424,111.886287938882,19.5257361687204,6.36511938019234
85.5934533412934,120.996701575242,146.699097874497,119.164183042104,111.831246284069,19.5251794483537,6.35950776461423
85.0878727347541,120.79178284983,146.537505362461,118.912805478785,111.492409869607,19.522966141543,6.32454023970773
84.1259094538491,120.610554493183,146.473840568374,118.607159005815,110.958704776775,19.5747876953641,6.26159095315757
84.1058320895488,120.617762486911,146.485433942774,118.609807129626,110.953172619844,19.5787885874719,6.2605630520859
84.0977081241686,120.620679079479,146.490125005348,118.610878648071,110.950934126249,19.5804074806935,6.26014712932853
84.0497632220736,120.715882623774,146.609590593944,118.681103378782,110.977000024986,19.6107975956709,6.25995716030721
84.1641363461439,121.033567696229,146.965724518908,118.959953238577,111.189181851993,19.6838483725346,6.27622985852758
84.1937810526428,121.115909424747,147.05803191862,119.032229154078,111.244177883947,19.702782618296,6.28044762705152
85.4297309004615,123.018696808531,149.106486070806,120.788550579435,112.755110437245,20.0897653106269,6.41803625362775
85.6109058841919,123.27263514954,149.377405460395,121.025321628145,112.963194707604,20.1403329946823,6.43793572228031
85.9126416962667,123.713975315725,149.850258482694,121.434361987973,113.317190202283,20.2308786988681,6.47256913090834
86.2579888185795,124.246939011289,150.424173184395,121.924753588892,113.733597997258,20.3440734184824,6.5144627592677
86.5899184618924,124.859488266075,151.094227547429,122.477546580887,114.178212786096,20.4844363281545,6.56103949192108
86.703967166772,125.105223236104,151.366101522068,122.696125358009,114.346587211319,20.5437640941103,6.57926208118241
86.7477675938703,125.702966439406,152.065907057344,123.192027590675,114.641186451004,20.7203824595885,6.61433461756318
86.6716200674556,125.820402846353,152.217730565976,123.277393903756,114.659144096277,20.7657473704861,6.6170335791814
86.6583640773314,125.840846528821,152.244160458395,123.292254727953,114.662270217105,20.7736446304387,6.61750342252683
86.2731460669609,126.377971761694,152.948292286977,123.685185066417,114.742606419654,20.9778986861099,6.62121165619531
86.1763396858903,126.569036959697,153.192808459248,123.832518738812,114.794537578686,21.0437852414146,6.62272381312291
86.8498877670701,128.653161900217,155.561317449993,125.656030486333,116.12569052701,21.5819739794901,6.75921450954852
87.3336636099293,130.044213058602,157.118033829967,126.849317317603,116.988908585415,21.9576454633407,6.87267801174931
87.364229694807,130.281729049344,157.389873431604,127.047902681603,117.115920264387,22.0218210600425,6.88498960177699
87.3762200883234,130.374901276236,157.496510045682,127.125803291723,117.165744113865,22.0469957156021,6.88981916401353
87.4968720321093,131.226499658314,158.46953293341,127.861418310175,117.658826345199,22.2443964493173,6.91067245361284
87.5526694544375,131.512252539613,158.793973680307,128.114888392598,117.837817021555,22.3030287312868,6.91407180182184
87.5705874110671,131.60401498168,158.898159769721,128.196284015446,117.895295432603,22.3218570326954,6.91516341808719
87.5733286606841,131.6220609056,158.918739677129,128.212348194025,117.906504364519,22.3253830358173,6.91513010906668
87.604028077094,131.852668921548,159.18223168654,128.417946977869,118.049218502716,22.3694633604152,6.91333190192572
87.6433912552016,132.148357422059,159.520084457352,128.681568326207,118.232208366931,22.4259837074153,6.91102621809711
87.8392267908244,133.152372473111,160.65671086513,129.576685797934,118.863906076184,22.6240757957787,6.92098151502696
87.8801043630025,133.330122972943,160.856870223659,129.733904700358,118.974604785501,22.6614785421219,6.9260771143702
87.9771432170345,133.690940383703,161.261107336575,130.044944206927,119.187225445411,22.7499507207334,6.95084908253493
88.0408345342024,133.917935031781,161.515029092581,130.239100336109,119.318715645925,22.8079682294679,6.96914545266559
88.1233321671844,134.16667564076,161.792389222351,130.439399620159,119.442245926854,22.8899872189774,7.00928084983146
88.1752678314558,134.319948602276,161.963220536047,130.561743753418,119.516583411498,22.9421252455383,7.0357527366266
88.1838201848828,134.394858039018,162.049809465008,130.609726960024,119.52759971629,22.9818648584463,7.06033582158122
88.1013344872503,134.468415361776,162.155730652669,130.570456901604,119.359260032113,23.1279220070147,7.17822350203451
88.066580497605,134.457427884465,162.154121143135,130.513177797697,119.257059916252,23.1859904832741,7.2342864588837
88.039862985618,134.412003016449,162.115781367082,130.422967964331,119.131797285239,23.2397809996919,7.29692180399003
88.0335913098557,134.400154163614,162.105591683793,130.400311324731,119.100895690714,23.252701211602,7.31225132861036
88.0157798014684,134.366503517496,162.076653065753,130.335966651703,119.013135412452,23.2893945088207,7.3557870544196
87.9927916847235,134.241259156605,161.968078922959,130.117332173189,118.736853131076,23.3918001409432,7.49746082946539
87.9995570571911,134.178020737692,161.919070469087,129.993276580638,118.580538439778,23.4486306917101,7.58633531005231
87.7227105980313,133.845262677939,161.616508654384,129.491001471356,118.001667994253,23.4974292252584,7.7392217489647
87.6341547663189,133.824565127802,161.600938130867,129.386965280126,117.858230404669,23.5049112203904,7.77730591675821
87.5928080653212,133.826592061543,161.604440946623,129.345002077497,117.795093932863,23.5086625839846,7.79490529969128
87.5733595227677,133.849833031571,161.625879197388,129.337603378633,117.772100458379,23.5122050134577,7.8034556205239
87.5728427719779,133.850450547746,161.626448815034,129.337406794058,117.771489518199,23.5122991363578,7.80368280387356
87.3891561825758,134.10867590256,161.848670527477,129.308748141635,117.593241141446,23.55622900161,7.87308173478542
86.9095880427847,134.17960665289,161.831146631163,129.048359236877,117.161009441532,23.6145374598301,7.93886448144909
86.9042854982219,134.181456713479,161.831754547103,129.045821763626,117.156120030663,23.6162435220501,7.94037594171589
86.6968306145916,134.290293115957,161.891129905471,128.962471846048,116.965892335292,23.717141149209,8.02712954468758
86.6847158262511,134.300696419806,161.898548914165,128.959372597277,116.954901688661,23.7268249271439,8.03526228355526
86.6790820374718,134.305534310065,161.901999005637,128.957931341148,116.949790664025,23.7313282133705,8.039044283842
86.6331646725021,134.377312697358,161.984140330919,128.977351311985,116.92484999206,23.8436203313102,8.13417876886895
86.6238620393019,134.370076890114,161.978950045769,128.970915630733,116.917756308174,23.848835317224,8.13911847178348
86.6096788691499,134.359044886258,161.971036727482,128.961103531269,116.90694099133,23.8567862952927,8.14664974227748
86.6040636280227,134.354677219431,161.967903775553,128.957218835263,116.902659112786,23.8599341570594,8.14963143814411
86.5613045103168,134.321418170406,161.944046873009,128.927637527881,116.870053327124,23.8839045955067,8.17233655118136
86.5513184658141,134.292643771013,161.939101874533,128.928740488652,116.878477068439,23.9170806600713,8.20373353953462
86.6539542558532,134.268212023404,162.019661731031,129.060280906294,117.058362199849,24.0431520831708,8.32294180091412
86.8558553036583,134.349522637001,162.178719024702,129.274057856891,117.316797969173,24.1436579121887,8.41833709009506
86.8887364633001,134.365511415952,162.205026024971,129.308299239892,117.35718234574,24.1585891675522,8.4325583080543
86.9346825444467,134.252972486636,162.15134505738,129.34442194543,117.453083324804,24.2739218049531,8.56696617558476
87.1071408742289,134.321931367371,162.224102203457,129.458132449898,117.580710906202,24.4335884807706,8.74150625967891
87.1518473452417,134.353536263114,162.256514663406,129.491310229444,117.611952091561,24.460847662194,8.76951323373597
87.1316842551534,134.318308746019,162.222791760433,129.460835277776,117.582069808921,24.4708936338212,8.78406020535236
87.103225444442,134.24314467739,162.157864341402,129.405411215322,117.528819587297,24.4981825036245,8.82173496557522
87.1590798137928,134.223698443698,162.168903913892,129.433027836194,117.560567433623,24.5367652042527,8.86718275123161
87.1695283900049,134.227915975702,162.176085011651,129.441972731388,117.569752812223,24.5404681362278,8.87098288174637
87.3816218585422,134.343327323668,162.33781733983,129.636835137445,117.765500973773,24.6096693674284,8.93835655120235
87.398611004525,134.301201252212,162.311102322247,129.644481594951,117.775349059126,24.6404240617086,8.97631845265786
87.3899768498328,134.25049792443,162.264326198713,129.628109113012,117.759207578065,24.6659240088177,9.00880371812493
87.3886976113385,134.224480204859,162.239135817472,129.622015392505,117.752495684868,24.6837192411119,9.03056616145122
87.4270976835968,134.216492045964,162.224119014417,129.64917650671,117.77165975065,24.7408517382083,9.09292316133031
87.4310092759999,134.218631705999,162.225723455996,129.652581371408,117.774403638825,24.7442091686446,9.09632436657692
87.5265667703077,134.277742475988,162.273639842648,129.737604167974,117.844054888177,24.8186938218553,9.17063035639133
87.5500542588428,134.23001823389,162.206595123994,129.736658189456,117.821186284619,24.9177286904213,9.27898782801318
87.557989773233,134.202872471623,162.176816823284,129.732728783437,117.811019323102,24.9488358237303,9.31482253064793
87.579076046873,134.205453155896,162.179912886285,129.74784557958,117.823046673633,24.9646680209265,9.33223750385355
87.5874146426035,134.206473691018,162.18113722863,129.753823537275,117.827802905839,24.9709288849464,9.33912427880958
87.6429224892613,134.235604183203,162.212250789062,129.800934603704,117.870154652127,24.9942000280868,9.36387661059592
87.7134366398182,134.279312719992,162.258052206254,129.862782255115,117.926734695983,25.0187906787314,9.38975552139103
87.827166798186,134.35588455326,162.334464885551,129.9629659957,118.018848534879,25.0528087633616,9.42726452877534
87.8110091454889,134.31991641882,162.292589184897,129.937163561079,117.992495287509,25.0557454212939,9.4383574286515
87.8093676385462,134.316262302501,162.288334900278,129.934542210295,117.989817977919,25.0560437656434,9.43948439136709
87.794738749348,134.282166965981,162.247742857603,129.910089260886,117.964672806087,25.0593113687805,9.45100585658372
87.7916512182619,134.263073717261,162.218352981301,129.896440242548,117.949373187717,25.0647339370112,9.46492877537714
87.7907831512607,134.25770560316,162.210089944889,129.892602787284,117.945071662172,25.066258505481,9.46884323843157
87.7945479397477,134.245730818144,162.184901073393,129.884361085642,117.934367013196,25.0739778234449,9.48599640261117
87.8489068911572,134.278772745461,162.17916106019,129.911222199943,117.952017408877,25.1016472358672,9.53398164977605
87.8626374472588,134.290708954785,162.184249334775,129.920650381822,117.959620070118,25.1071607906542,9.54255703881673
87.936425099554,134.361070553866,162.224618755318,129.976376448495,118.006910617698,25.133485948852,9.58172363593458
87.9286519152594,134.3446715012,162.145383792518,129.927232790292,117.952357837473,25.153802570994,9.64211535143392
87.9215030370043,134.335434488886,162.126837709076,129.912655209438,117.938503343114,25.1539978338593,9.65067596811599
87.9543361730426,134.347301504809,162.083817546748,129.891064432792,117.92568547325,25.1522544685734,9.71609288358343
88.0863576761368,134.454741573024,162.179010514044,129.992356441799,118.034656890878,25.1427808566643,9.75629119601984
88.0404501043675,134.31445578746,162.03296707521,129.886078448037,117.953942996849,25.0364499583866,9.77692284167044
88.051593274842,134.308143211034,162.028487061325,129.888795076578,117.957672709238,25.0179873880998,9.78054194768665
88.0796150250513,134.301705160095,162.026051525929,129.900502335946,117.97036231727,24.9821524296942,9.78833044391881
88.2055132501373,134.301349393243,162.04182609025,129.973631533846,118.02070301927,24.8567791051691,9.82379414469715
88.2006116853829,134.292226913179,162.03274019447,129.966887507094,118.013459330444,24.8518125614198,9.82411083011541
88.1865495677519,134.254431817151,161.994840591937,129.942770390035,117.984724401605,24.8251205486835,9.8285488797713
88.2916392807435,134.289073616684,162.025131213643,130.021296256214,118.044438187718,24.7538772660138,9.86679448432077
88.2765135016283,134.250892886968,161.97353288066,129.997645786098,118.027668386804,24.7196015392736,9.87758102272942
88.2362798710471,134.197622901308,161.90914672536,129.951617441684,117.98947366926,24.6965382012601,9.87943955938992
88.2303539590122,134.186670730127,161.893540634545,129.943281027739,117.983504487335,24.6886744098527,9.88136816055146
88.236194673519,134.18452304322,161.883608922079,129.945003936313,117.987751039093,24.6779629871088,9.88633484102183
88.2899305898492,134.229078794423,161.92089331757,129.992861422271,118.031614398312,24.6740265157495,9.89764788590108
88.2928234718172,134.231494345046,161.922934305402,129.995446240467,118.033977048109,24.6738394330536,9.89824789948701
88.2994954934625,134.237302107328,161.928217196355,130.001512263238,118.039328322987,24.673886052436,9.89949389464707
88.3835312335551,134.312470640991,161.999666316112,130.078806665875,118.105894416591,24.6785510806687,9.91401173632812
88.3858076609388,134.314506866391,162.001601787051,130.080900478514,118.107697612209,24.678677450687,9.91440500724259
88.3587887814613,134.267269481466,161.947447963009,130.040007749949,118.060072817739,24.6654048012074,9.91786677220007
88.3206134196692,134.183495695615,161.852668060575,129.970654452463,117.972473409053,24.6455773826567,9.92706297519082
88.3369029447634,134.182055793243,161.849154340248,129.975328160259,117.968137202899,24.6452301251389,9.93381599695016
88.3507888492983,134.187964561666,161.854595203016,129.984351470422,117.973096488363,24.6465677981479,9.93746046476276
88.4466603352124,134.255530139317,161.92407432089,130.066282547162,118.041052874177,24.6619332892691,9.95449923726654
88.458255199976,134.227390823633,161.898481686861,130.066213688181,118.039198343914,24.6655493290034,9.96050253152411
88.4367186798329,134.193961128587,161.865882611235,130.042710980377,118.017519626031,24.6626319146094,9.95880576926792
88.4334196337578,134.188253047276,161.860627572721,130.039407516255,118.014563426911,24.662329182692,9.9584690147763
88.4122535932034,134.151631103311,161.826912263573,130.018213130363,117.995597026008,24.6603869133523,9.95630846319129
88.4817974287248,134.183640035845,161.893733756569,130.117119201632,118.071564512626,24.6820524737702,9.95950027114048
88.4855465597022,134.187166493223,161.898220253429,130.12174006743,118.074974830663,24.6828590175858,9.9598179901928
88.5452235518775,134.243299066508,161.969634306357,130.195292945082,118.129258749799,24.6956972217619,9.9648753001436
88.5551793240239,134.252663531594,161.981548144724,130.207563598544,118.138314808264,24.6978389891481,9.9657189992596
88.5362902422921,134.227015102933,161.96508473134,130.19582998349,118.111439567476,24.6953589627395,9.96340021409454
88.5196887030406,134.191815591231,161.988884633886,130.222268589012,118.00108388445,24.6884301282428,9.96084369098359
88.6428242841681,134.330320205432,162.146967454786,130.362221316163,118.065205419808,24.6924817759473,9.96755408950885
88.627219301041,134.314756080289,162.130526712068,130.346086058165,118.044544558271,24.6861761797977,9.96449411876005
88.5799771350394,134.27807055003,162.078171201369,130.293943526812,117.977336018361,24.6431621300361,9.9419412066377
88.5812550912154,134.280227447175,162.079377175663,130.295052561953,117.978413946026,24.641593796908,9.94105309280707
88.6757957291789,134.398652870733,162.179746365215,130.390660135745,118.074289729841,24.620927477216,9.92894394444954
88.7432787158195,134.479115143323,162.253231480696,130.460954209883,118.142821307389,24.6158959859934,9.92608985528185
88.7391136961269,134.475226786053,162.248377635411,130.456613493902,118.138611051032,24.6137531739964,9.92494259700713
88.658807994565,134.404272679872,162.155866696782,130.374612015231,118.054650727401,24.566600172921,9.90049675978826
88.6605921806356,134.424381896253,162.162962753889,130.383739792987,118.045973972106,24.5415023215495,9.89046380926032
88.7231486127309,134.510065687424,162.243458114951,130.458876146006,118.098392754793,24.5366687051936,9.89238423599167
88.7382260471662,134.52961738088,162.262589637648,130.476463327804,118.112221934485,24.5372137452314,9.89349310091194
88.806079360298,134.617143345423,162.348576551723,130.555384702039,118.175003900723,24.5403981880034,9.89875649382962
88.8113762349909,134.623975938338,162.3552890008,130.561545589557,118.179904887761,24.5406467771076,9.89916737329088
88.7383780869924,134.575366254469,162.293230273912,130.498696522352,118.104979746325,24.5103560453525,9.88868634385791
88.7091142264533,134.583787529337,162.287045415776,130.481417130228,118.084540851262,24.48243659781,9.87894331847014
88.712281992832,134.589137263379,162.291978690009,130.485178609105,118.08839825706,24.4816637029425,9.87866533501979
88.7239887846795,134.60750042118,162.30926606795,130.49865777699,118.102248884638,24.4796327121059,9.87792161898374
88.7507468143084,134.649472801564,162.348779555266,130.529466898595,118.133907045811,24.4749905083589,9.87622171896102
88.7800441698238,134.688986314275,162.388144578293,130.561369305579,118.166101124858,24.4733909733608,9.87542946583936
88.8020985445801,134.73148478513,162.429234822568,130.586270913051,118.194748500931,24.4591988048163,9.86699047147524
88.6917452164755,134.658285464836,162.361509379273,130.474733704928,118.091380880588,24.3934822461733,9.82127078832161
88.7186619770332,134.755844615857,162.491393730576,130.539473850415,118.132529430118,24.3771000848911,9.79233751118301
88.7006048692979,134.746494740241,162.484439581178,130.527117521968,118.118015460524,24.3730878761772,9.78697543320058
88.6743285156193,134.734254451482,162.476010295823,130.510061774038,118.097360625993,24.3671295901544,9.77865722099617
88.674107523032,134.736346849331,162.478656927155,130.511405411687,118.097935504858,24.3668868737018,9.77775859192981
88.7095918666914,134.820731102386,162.574968053499,130.580166993382,118.147343102464,24.36664756739,9.76162849062819
88.7672386569103,134.900588855641,162.661405021149,130.653036818631,118.20691731827,24.3699977178203,9.75596402085846
88.7400863210029,134.889321273693,162.653933792653,130.63637416255,118.177438160959,24.3526290740876,9.73635507921806
88.6816804363759,134.838466097653,162.606158024945,130.582168784613,118.111729954096,24.3279396921455,9.71355921642659
88.6755722593976,134.833335490879,162.601663180147,130.576553650882,118.104282735889,24.3247245086005,9.71052497815749
88.6549384536313,134.817346031787,162.589557848077,130.558267514657,118.076888652622,24.3111006073019,9.69729839234945
88.6531483820157,134.818722495404,162.594847123245,130.558085804749,118.069905744409,24.304229369917,9.69002109119737
88.6517729466305,134.822780345633,162.605747750815,130.559518041853,118.059773612245,24.2929766517631,9.67797217130885
88.6803442517057,134.88546493609,162.738218260766,130.613507762737,118.044581685382,24.2399797314924,9.61907316034002
88.6750301200617,134.880457674872,162.734769216219,130.608575665744,118.038539364916,24.2378412674546,9.61728311265279
88.6527061050154,134.86144824405,162.727910148651,130.590460055633,118.012578743641,24.2261756732412,9.60724208826542
88.6134815487587,134.838220126349,162.755237213696,130.572715041032,117.963046894077,24.1888221115612,9.57453766173277
88.6812061835876,134.927237375745,162.90103684446,130.674269195169,118.02882739679,24.1643479412117,9.55344480068892
88.6946085331707,134.943543868616,162.924940982667,130.692692909057,118.04238554653,24.1613879137651,9.55104131202866
88.7015960948804,134.952045558898,162.937403845227,130.702298451497,118.049454337521,24.1598446489579,9.54978820896432
88.6617323071364,134.918075905163,162.941642547175,130.686046046041,118.012196331198,24.1178156195141,9.52230782512639
88.6016288308674,134.860510386067,162.915663629038,130.646592362738,117.956643597524,24.0735247480191,9.49451227048314
88.5633485517348,134.833118785005,162.941651081262,130.648353515784,117.930883828254,24.010946181855,9.45464095264312
88.5618336262115,134.835021800117,162.955624473333,130.656519062325,117.932888558414,23.9985686073486,9.44656165136677
88.569150138011,134.847467134488,162.980970593643,130.675065004434,117.945077363509,23.9880870612888,9.43928710593485
88.6178361425418,134.924085145978,163.120201189568,130.780046693421,118.020098871621,23.9431593578965,9.40664500116756
88.6481438248517,134.97200127734,163.202996706953,130.843073127678,118.067504670289,23.9214592991738,9.38966337379566
88.6346233018169,134.961162189656,163.198990066446,130.835930026739,118.058399340414,23.9137879259612,9.38398354159612
88.5362745915026,134.883840356521,163.173937111649,130.786648430407,117.994101535449,23.8571039922322,9.34148880407101
88.4668182610215,134.844112235015,163.196888495575,130.778680578449,117.967817463155,23.8078707500086,9.29953149956546
88.4624518797464,134.844513857316,163.206670911239,130.783837307922,117.970029277336,23.8026082159097,9.29429624237357
88.4616958181249,134.90260310706,163.379352744513,130.903060102215,118.049690499111,23.7547290328398,9.2386984918735
88.4906234684071,134.951059634899,163.466373868146,130.975019828069,118.105650451878,23.7471706716211,9.22438461645337
88.462208689247,134.937945340923,163.492297436244,130.99068962131,118.106616070265,23.7285591928373,9.20244354953701
88.3623780414591,134.851067446889,163.452304160371,130.945618212225,118.044764881913,23.6938083017243,9.16752532161534
88.3149582759401,134.811738290832,163.440760749886,130.932341706315,118.020030025091,23.6755669952191,9.14822791110845
88.2979344800643,134.798314184767,163.438721682739,130.9296275977,118.012429308568,23.6685366290927,9.14062937679376
88.2924370348037,134.795367109222,163.442266162535,130.932848554308,118.012528795043,23.6653045683653,9.13683643044842
88.2812422880291,134.789365819006,163.449483979516,130.939407563426,118.012731384762,23.6587229473235,9.12911264751789
88.2848939594477,134.856464880301,163.626822930054,131.104700597009,118.122627908892,23.6221579195305,9.07900094428263
88.1221986783262,134.75394957719,163.602831642847,131.071887413086,118.064652815701,23.5655887397282,9.02681384541461
88.0611595413362,134.718703350929,163.597158947706,131.059915203947,118.045858302492,23.5450315305388,9.00810842132912
88.0180425223318,134.714149092009,163.634496091716,131.083550871219,118.061642998081,23.5246063761904,8.98755757128677
88.0098298631847,134.744604806753,163.707694471435,131.140498688029,118.11184969923,23.5100543336902,8.97081118522339
88.0309326623026,134.806091581954,163.815842870875,131.230306535491,118.195286494426,23.4985806719444,8.95546795535424
88.0379621309005,134.821429146094,163.840997950929,131.251583344803,118.215306008496,23.4965251785177,8.95247782801053
87.9581260034542,134.770167697274,163.830786423433,131.232456767438,118.198982112866,23.4642137798243,8.92466159694966
87.9140664508902,134.735387267839,163.810816634584,131.210716568979,118.179556207509,23.4487942206289,8.91217463512386
87.8300954432209,134.677392483223,163.79304516586,131.190743057234,118.164922277621,23.4094948303964,8.87978536736218
87.8125532946602,134.671762388691,163.803813386603,131.201554915588,118.17691081681,23.3950730543389,8.86769549532888
87.8117768930672,134.700925617618,163.867579618627,131.266898735517,118.241684552949,23.3688232271249,8.84559648102116
87.8418689610006,134.760181724885,163.954821536397,131.356425332712,118.327893526636,23.3513970193523,8.83131467351032
87.853634733744,134.787383641173,163.996291434853,131.399750522585,118.369603760604,23.3413281816323,8.823532503898
87.7604060657687,134.715892462583,163.9448719101,131.360509686488,118.334388470753,23.3014556031371,8.79788919891054
87.6672382286329,134.655520656163,163.915168071379,131.345367391536,118.323612290066,23.2511854011243,8.76643900828749
87.642629509516,134.723765478485,164.1074065512,131.568025419207,118.555562799551,23.1267166659181,8.69236944195361
87.6234663757399,134.725007840537,164.16324575361,131.639945369257,118.634875153319,23.0707580527744,8.65988621780684
87.5559423076406,134.663276176676,164.134431316774,131.626313537188,118.629442768562,23.0250907695815,8.63334038666557
87.4665781928494,134.591669167256,164.152949712025,131.679250198879,118.689503271979,22.9247894280496,8.57558689028457
87.4626593908159,134.60774659591,164.220961653116,131.760886630339,118.763561374468,22.8801145204578,8.55039766433234
87.4627090830317,134.607912308888,164.221376985893,131.761356492778,118.763975422427,22.8799192439103,8.55028868382271
87.4663867748543,134.620176629429,164.252115521797,131.796130737085,118.794618869673,22.8654669408656,8.54222310005567
87.3242158877213,134.582438924971,164.324541938484,131.883519499349,118.833623618945,22.7615960353596,8.48299941075006
87.2585149588319,134.569434724744,164.341762993503,131.897195079558,118.831576810033,22.7332650750889,8.46462799565955
87.2606515719521,134.645774369528,164.454093328843,131.994854328482,118.91754490945,22.7162686807296,8.4488752458744
87.2736012341041,134.670706460843,164.485403497414,132.022928902559,118.945498180982,22.715799103185,8.44707275011645
87.2498247900976,134.685166880924,164.524988527098,132.056723507423,118.985896281521,22.7031378751025,8.43288670311305
87.2049554757568,134.6501386861,164.499266997371,132.032210854345,118.967244249064,22.6932347141678,8.42421527890497
87.2021429597202,134.647943034993,164.497654710312,132.030674342569,118.966075095018,22.692613960333,8.42367173327689
87.1780568936556,134.629529554651,164.485392988634,132.019150833229,118.957735018289,22.6874756961835,8.41898479097199
87.0904847220438,134.568289419863,164.462313002844,131.999872183986,118.949930898045,22.6712003539543,8.4016335020383
87.0463493777203,134.547600113243,164.481448603527,132.021645336474,118.972976195389,22.6659704057411,8.39340010751432
87.0396702601091,134.54499353996,164.485798260032,132.026419269282,118.977633777778,22.6653085467326,8.39220143788233
87.0384213354973,134.545614418415,164.48968416698,132.030437619591,118.980977595878,22.6654586951046,8.39207728997928
87.0180472690627,134.555742987231,164.553076084765,132.095990124032,119.035526262352,22.6679081086858,8.39005202952684
87.0189017087545,134.590322134017,164.646112039321,132.191476524553,119.110068257356,22.6758779093462,8.39348707648917
86.957715207959,134.547570701806,164.64455216006,132.198024045935,119.102964785477,22.6727427550177,8.39136247822641
86.9138616022695,134.5104441111,164.62563700003,132.184392112222,119.083722488619,22.6689477828088,8.38912935293672
86.8893075681568,134.489656594079,164.615046229275,132.176759468106,119.072948550968,22.6668229432292,8.38787900570349
86.7249673783019,134.352218009953,164.636870200101,132.289524120348,119.163950416843,22.6579883283921,8.38442204537784
86.7511950032567,134.373368352745,164.67761326857,132.354814811596,119.238009074313,22.6576936046034,8.38453037705387
86.6102019579037,134.196169506406,164.604479974632,132.450432160801,119.398858785635,22.592012264863,8.35088247553797
86.5725390596911,134.159857545625,164.588441780574,132.460328145104,119.412620705792,22.5795727123773,8.34539659781497
86.570713558103,134.158504262595,164.58827145922,132.461327943404,119.413406726693,22.5790271153361,8.34521858585988
86.5351590408486,134.132146945162,164.584954182717,132.480800589243,119.428715721155,22.5684007540428,8.34175152279621
86.5052142996408,134.109948273646,164.582160304637,132.497200849612,119.441609269225,22.5594510153463,8.33883149141315
86.298949840622,133.992188018532,164.606533632476,132.645147608744,119.52730421452,22.5052486597913,8.32773004814755
86.2537391160401,133.97447635617,164.620375402342,132.685971758562,119.545293187138,22.4951450450402,8.32748414317596
85.6051036179211,133.592224921794,164.508310714597,132.88821660279,119.508132272514,22.3748752124343,8.31361697572614
85.3967051144318,133.462848266894,164.446219108223,132.95695897849,119.501006421024,22.3362306689573,8.30932990369883
85.3437739433242,133.432003274006,164.430405411769,133.005501075818,119.526830063698,22.322831678683,8.30838108739565
85.2912482730141,133.401394581751,164.414712862578,133.053671296636,119.552455873838,22.3095353368318,8.30743953988625
85.2034434205003,133.349051659015,164.370248651455,133.387050377355,119.833305897669,22.247426522595,8.30321227622562
85.3547617709111,133.422322703018,164.37598056961,133.659478514672,120.152938119785,22.2133678767409,8.30017524184893
85.9202984022851,133.364040796801,164.059581141071,133.925223587666,120.807275695669,22.0638368620162,8.26485962692346
86.0945563182601,133.377272219178,164.048256916069,133.970815375932,120.940616150269,22.0341477395859,8.26489360601055
86.1210687405069,133.379540529088,164.051341624514,133.976239306455,120.95767172095,22.0295864321012,8.26560112113856
86.3487046635971,133.39901626071,164.077826962135,134.022809228278,121.104111021731,21.9904230003285,8.27167585311763
86.3703920122069,133.399489024246,164.087572789587,134.026001407401,121.114670243787,21.9853984295317,8.2732471114769
86.3606355812577,132.993902513071,164.182060454238,133.779922406395,120.923716783128,21.7989920429367,8.29387481998084
86.3576980967739,132.990140501771,164.182669703432,133.777734678321,120.920863261741,21.7977814405516,8.29389447238508
86.3287426886891,132.953057557834,164.188675202059,133.756169778321,120.89273549572,21.7858482758713,8.2940881903052
85.8823772458338,132.618012897711,164.405255321836,133.726649761973,120.729371831418,21.65127909025,8.25696359374581
85.750421577083,132.557847441864,164.502985060944,133.807569206043,120.777643777637,21.5997063093676,8.2199940645937
85.5901844592173,132.463473456451,164.541202215446,133.871400644562,120.825974467029,21.5324176700968,8.16193793786879
85.4857720830659,132.381906872364,164.506967134746,133.872290329997,120.830248940154,21.48955132856,8.1217637091457
85.4320162777822,132.339913024762,164.4893415007,133.872748376818,120.832449615528,21.467481964814,8.10108035630705
85.304792691872,132.211177965247,164.396934026129,133.893217694425,120.884889101335,21.3645562825545,7.99900128506182
85.2734040707971,132.177244995645,164.370384559728,133.899702167528,120.901321526217,21.3354116695663,7.96988548644249
85.2753254438482,132.136107821458,164.309180583133,133.899122310787,120.924430838892,21.2728264788506,7.91189146829957
85.5612743556503,131.880247476822,163.755638277899,133.441663867404,120.513448962465,20.7911083480063,7.58457709636434
85.5387155334245,131.658259907933,163.425838037655,133.009796738242,120.037829434775,20.6188343184418,7.51010330829386
85.4701086085808,131.32585525373,162.915749277229,132.22299811879,119.123309972662,20.3501229008492,7.42911944219813
85.3848084157569,131.09260862311,162.515253761175,131.54030725486,118.309151461818,20.1401434187527,7.38819424743949
85.3599160999711,131.041148924634,162.41396828424,131.365673271454,118.101009846317,20.0883797428505,7.38010302997936
85.2372057523644,130.84419811933,161.963998641671,130.585672728088,117.173247103755,19.8646250446024,7.35277079144976
84.8887916628371,130.534834207529,160.999905102426,129.155623164733,115.564695120187,19.4970711019161,7.30816507363916
84.353069714297,130.1603344794,159.162420589739,126.986166967094,113.353253733783,19.0132320908572,7.20848369861718
84.3518662384125,130.159046614969,159.142451146905,126.965444219992,113.333588328092,19.0088761154068,7.20729342181449
84.3327146845053,130.138552141096,158.82466674768,126.635672087998,113.02064223415,18.9395571537781,7.18835191193838
84.3453100469459,130.016816734331,157.329213683227,125.121944926271,111.595539944153,18.625566399466,7.09794392248343
84.2936352520318,129.785288923765,156.395077415345,124.193820443352,110.714881888676,18.4420466464479,7.03920429914511
84.3298199408787,129.375548876505,154.791743299348,122.58788756868,109.187284753196,18.0906908625694,6.94264357844024
84.3928076083259,129.204082852152,154.045728766215,121.857838703834,108.524046468735,17.890450928925,6.89674239450047
84.4325766843673,129.134994355729,153.650204204254,121.497601086499,108.232656957177,17.7638525270215,6.86955845676114
84.388348185081,128.981156513221,153.046296679576,120.984648760773,107.85861039963,17.5677644716883,6.82226162760683
84.3461697636523,128.918458024934,152.856645515789,120.831539205957,107.755781127522,17.5068264834133,6.80606969101704
84.2958301169107,128.85262589206,152.643064668593,120.666769508659,107.656067197569,17.4356411545381,6.78700239225982
84.2803892479594,128.84004134001,152.588347000566,120.63141992128,107.644939606989,17.4151115220664,6.78137167674387
84.1370464686446,128.732971984608,152.085714613806,120.317629158755,107.565896820969,17.2231823659537,6.7285366929739
84.0887814743436,128.723070218256,151.930757892853,120.250487918536,107.604295000511,17.1549514177819,6.7092373391222
83.9045703874346,128.772247533939,151.26708439526,120.05730230883,107.974520541041,16.8335933957813,6.61776765437064
83.8946818496975,128.789629521576,151.203454116747,120.049581650449,108.034500794333,16.7991136756113,6.60805884638423
83.5580050888708,128.659314494046,149.808121993905,119.471294559801,108.47420608123,16.2063496863955,6.42958962736947
83.9931746305513,128.33810866197,147.473483964471,118.052573537553,108.26291934248,15.1612095519681,6.13326445569987
84.1860991301592,128.328994874966,146.980398240951,117.784439338839,108.265589332725,14.9206761375478,6.06350656814994
84.2202950868532,128.337703210782,146.918027091562,117.75555162345,108.276939755763,14.8882741724199,6.0545526191848
84.6825937164585,128.439429932369,145.932434057135,117.290948673716,108.446914163923,14.4147844157612,5.92697659177195
84.7389440019988,128.394536109526,145.584150975796,117.096551439027,108.442966188629,14.2825470177464,5.89063128692573
84.8207360389731,128.351323581715,145.186765445361,116.880670767688,108.455725075882,14.1333624044873,5.85203029742517
84.9170752664952,128.32328466881,144.862826083011,116.712617309673,108.487471295499,14.0114609754288,5.82337201212394
85.0958398256762,128.284236152357,144.376160452522,116.469481918806,108.556768950982,13.8257001169085,5.7822686489141
85.1292100803335,128.277925625601,144.294167436949,116.429412195598,108.570494513273,13.7941411885445,5.77552375329595
85.3143889506554,128.2449833865,143.905744151499,116.248872990493,108.652687074396,13.6404612668174,5.74445880687124
85.351427820664,128.238493353991,143.831226285353,116.214755337196,108.669414212579,13.6107450202132,5.73854863992834
85.4260425763168,128.102444402673,143.411545916656,115.985067124354,108.668523481506,13.4666737647272,5.70583738744839
85.6099018014595,127.682635617641,142.293083551586,115.396474007163,108.68318469968,13.0749874700895,5.62479386234437
85.6274949570381,127.658793581622,142.224382176769,115.363775969428,108.690050860899,13.0490890009871,5.62035106640558
85.6705703787647,127.600418280398,142.056172404497,115.283717462654,108.706862102568,12.9856786893078,5.60947323906794
85.6846764556616,127.585687483335,142.010035492277,115.262539169224,108.712958878567,12.9677237585481,5.60677823880078
85.9755920873972,127.405865347622,141.301540121928,114.956617373078,108.846106365961,12.675474173086,5.57633707459874
86.075667944545,127.260312244633,140.865102299267,114.729641153689,108.850541018381,12.51391017575,5.56326180831107
86.0919921228757,127.154333517997,140.612187666684,114.581900565681,108.819494359736,12.4294467974249,5.55581248414124
86.1365543762942,127.021652203747,140.253787343679,114.373762073993,108.784343546446,12.3082297234334,5.54991567765801
86.1654705808223,126.947835010519,140.047252724443,114.254003050659,108.765423045514,12.2381457909939,5.54722123628686
86.1924814411932,126.906627808105,139.914787976387,114.178019144662,108.757436351679,12.1923428080169,5.5464324625264
86.5652449397854,126.668393182149,138.823481743024,113.569305095266,108.770551628974,11.7952335653975,5.54592428977424
86.6491850266132,126.643717727278,138.645183840504,113.472931619256,108.785686912756,11.7263974683989,5.54483377081506
86.7221351535627,126.437291035004,138.062071799694,113.106233894889,108.710084615957,11.5344738544338,5.5258668596868
86.7576011795617,126.309424583534,137.720667258841,112.892074835729,108.666207945001,11.4208957858478,5.51059085856348
86.7688874772967,126.275592608456,137.628403762217,112.834958540688,108.656070111192,11.3895949637802,5.50610110615535
86.8187890850086,126.152062767487,137.281364364939,112.622340596995,108.622678115576,11.2696651431118,5.48800178164112
86.8238913374591,126.143704260188,137.255865213465,112.607145875314,108.621138180884,11.2604301068138,5.48643840889345
86.9493274841487,125.967579108532,136.69522950113,112.274225893852,108.589681662768,11.0546892448657,5.4503533512332
87.1461028129884,125.807963984295,136.075061040236,111.904247566477,108.55173437233,10.8185737801703,5.4036735183932
87.2223072880157,125.700189497744,135.727674087911,111.677730659723,108.486412892546,10.6971156492119,5.37639377557224
87.2243765158754,125.578378592718,135.445907476109,111.474193389611,108.386863846499,10.6127816372196,5.35439907917995
87.2336525775473,125.436288383238,135.107898550541,111.227490716621,108.263445542829,10.5127665585142,5.32838319333883
87.2371204817,125.419050715924,135.063706935195,111.194394057321,108.245982391458,10.5000730555299,5.32510436547466
87.7557997437903,124.725623004855,132.881069621561,109.443633297273,107.220779031855,9.9195113495494,5.17923883476615
87.8258805378682,124.681654263293,132.708943925678,109.294772357882,107.124114819397,9.87765458310375,5.16879474882411
87.8580428644541,124.63730068919,132.584346081239,109.183152631283,107.04399192604,9.85019890498232,5.16104736094983
87.8580525054254,124.637274525243,132.584284456467,109.183096121766,107.043948872726,9.85018628531082,5.16104346601348
88.0187806212842,124.241254989594,131.648902862963,108.319655572571,106.379467753179,9.65931743535409,5.10173642753231
88.4657878851762,123.61234166236,130.123965760391,106.84013033874,105.148634138021,9.35113741547026,5.00063938296513
88.6472356084817,123.431564055937,129.669627141987,106.379040005416,104.733522003683,9.25630538109673,4.96789643434729
88.6727071228077,123.406186612187,129.605847379878,106.314312441923,104.675248830098,9.24299292129784,4.96330000034636
88.8188718682203,123.270322949088,129.258062845397,105.955388075927,104.341593383272,9.16865050138825,4.93722406348573
88.9192938543369,123.182555924859,129.029522112815,105.715936177979,104.112777715881,9.11874476636016,4.91948013695854
89.1221292520315,122.818139967381,128.234429690072,104.876410651846,103.283783422803,8.95194127795329,4.85617068212261
89.2789082844965,122.176386441657,126.888839089516,103.403087854119,101.739422426681,8.66416457446966,4.74273209684329
89.3405287739895,121.92101844719,126.239346999353,102.656972489946,100.923223988111,8.51294330953049,4.68411562434639
89.3981565166759,121.708478322875,125.520628491956,101.81114408618,99.9960462735866,8.33564014273155,4.61507053143321
89.398667885668,121.70678504869,125.513734380451,101.802988178677,99.9871857122247,8.33390631105626,4.6143863745014
89.1184365313681,120.76053051399,122.808101531777,98.8319629609125,97.0294008021168,7.77594422604274,4.33662592999898
89.1192726549297,120.752722414319,122.784032922815,98.8069304201927,97.0063722931509,7.77142233780591,4.33393552962762
89.1258502053299,120.691298276223,122.594691902215,98.6100064178319,96.8252134485609,7.7358499067134,4.31277090175335
89.1558082839434,120.593596595298,122.291478128553,98.299184957878,96.5435278794591,7.67956833759037,4.27775219029185
89.2079494335691,120.423858154336,121.781593863119,97.7791200978426,96.0735687016914,7.58589049921474,4.21849078568284
89.1431116098152,120.091540295849,121.062561460095,97.0486993041781,95.398247273821,7.46338678822444,4.13858052603481
89.0895993480529,119.782165241843,120.347536258646,96.3027325589138,94.6938594309164,7.33572473956305,4.05708601006679
89.0236230235036,119.43932180954,119.377796890224,95.227547794698,93.6427219859004,7.14231264147142,3.9425660157898
88.9921088043879,119.328257478801,118.913504865645,94.6722603241433,93.082861185243,7.03653865454762,3.88571487999372
88.9799339267603,119.307134227512,118.704355403631,94.4028472538499,92.8074762878015,6.98276238426079,3.85928365234868
88.9695828835792,119.289175304809,118.526537180002,94.173793097456,92.5733449024964,6.93704196612684,3.83681190461906
88.9686999683366,119.287643458568,118.511369779258,94.1542554139084,92.5533741454201,6.93314214140753,3.83489512693288
88.9382076145733,119.257067450084,118.343783128328,93.9408746124478,92.336507237686,6.89254295105766,3.81474679444829
88.8389165690194,119.171553325871,118.022230639134,93.536360307504,91.9278588504425,6.81954254607896,3.7781142699147
88.6859602409377,118.893239716397,116.720746576563,91.9154639732402,90.360104037833,6.54075991930215,3.62456020393767
89.9895007825949,116.809740990996,112.364618327909,86.9902868037247,85.8496273187585,5.88628430586558,3.04653079187548
90.3525179938649,115.746074659467,110.791917367898,84.7038121705184,83.3185577730428,5.54507611545824,2.7521470221585
89.906511057559,115.132320742436,109.994528698371,83.21290629456,81.4340893120629,5.24524326915329,2.52630563449642
89.4778300872183,115.052212722294,109.680745637881,82.5147232757335,80.4602793239675,4.99339129030491,2.32776431318622
89.3782976832479,114.904022729063,108.586475654736,81.7109477490307,79.7750747831031,4.61485167934789,1.97289095944499
89.553164954224,114.773166489693,108.085618255387,81.3995100812083,79.5902966174328,4.52621690986942,1.8890277427115
90.9168134125265,113.576826903964,104.900220374486,78.6378533685429,77.3569824643578,4.16972598408493,1.68211791865147
90.9877156701241,113.366308516201,104.500039441393,78.1971222873236,76.9396158639829,4.14004871361254,1.68308478832119
91.0580037926894,113.074128014416,103.966681813846,77.6037386222547,76.3771862405506,4.10678267010976,1.68966536754533
91.0666233711849,113.005601242221,103.84776056972,77.4696912172316,76.2499864080955,4.10119701554956,1.69267417619596
91.0900467142437,112.819382612775,103.524597076332,77.1054230159934,75.9043261981256,4.08601823354306,1.70085048751544
91.0626566668859,112.530049921578,103.08849506074,76.6586281848784,75.5113282204306,4.08511617747834,1.71582690855117
90.8848157438313,111.981821741585,102.44930207099,76.2239350379803,75.2719416699194,4.13001750651522,1.72274792428927
90.8178786226861,111.871010876847,102.354502149137,76.1987487009522,75.2923215340033,4.14072139255814,1.71740323210919
90.7275531077656,111.721481762882,102.226578336321,76.1647620456837,75.3198222942079,4.15516530651705,1.71019105947616
90.2639374617598,110.805825442769,101.635918504006,76.4352310285081,76.0916218138573,4.28167748437595,1.62843971532582
90.096708813388,110.256425574891,101.409194123601,76.852926802015,76.8603234841347,4.37200338401657,1.5585391503196
90.069312093202,110.113574739911,101.363873654233,76.9790329325547,77.0779546031248,4.3955491881614,1.53895672358068
89.7788050880673,108.17609693352,100.942663923325,78.3058945276547,79.3095167617124,4.61265001899365,1.30435290004602
89.7483497639031,107.994326126183,100.921962248702,78.4002521235905,79.4616205075673,4.62533803712906,1.28622888026563
89.7406917705027,107.94861984391,100.916756811164,78.4239783477165,79.4998670051468,4.62852844018045,1.28167159421877
89.7188862395737,107.818474817708,100.901934739206,78.4915368956231,79.6087708840469,4.63761286070366,1.26869508240274
89.5099285967753,106.601520283741,101.019220181356,79.2547482398793,80.6915312889298,4.71417682826764,1.16381044267199
88.8471202104099,104.969420011429,101.467002674059,80.4455263907134,82.2535104159538,4.80626877556699,1.03282480990152
88.4279823696376,104.243026105209,101.604264628916,80.9455714830467,82.9385714539481,4.85502165209342,0.964885879842922
86.9729583927142,99.4321765324261,100.394924249912,80.8275291824211,82.91403172236,5.23643244147997,0.591860338318082
86.9346838208001,98.9911959040585,100.253815296983,80.6825809075104,82.6666509711619,5.28016839147453,0.571908859533264
86.8309302434357,98.6120261119193,100.104565670088,80.5363713856279,82.4443364172802,5.30951984587377,0.55380720999151
86.8156164287034,98.5626905750136,100.084431232307,80.5167948785198,82.4151640192712,5.31312755147512,0.551427680179538
86.7886444484672,98.4757966723765,100.048968764765,80.4823150854677,82.3637831349985,5.31948174642117,0.547236651870699
86.5981066206674,97.8905139213068,99.8161585644322,80.2675120705893,82.0410616843447,5.36491815580746,0.518196100226199
85.9271436352114,96.1585256174506,99.159864040767,79.8129129958581,81.3851748209223,5.52753719209777,0.417159668028785
85.8810516567186,96.0502084269816,99.1181474879984,79.7896692208135,81.3557915659982,5.53860274591451,0.410073187092395
85.6972466643412,95.6338403754796,98.9502727947871,79.6989281330225,81.2553232955473,5.58175605150787,0.381695966096089
84.4703582983396,93.3827145354593,97.8280472447446,78.9207106126297,80.4906934866936,5.76208804970526,0.233474021332218
84.4632308129662,93.3701250989689,97.8215461154108,78.9159213775116,80.4860143768142,5.76305773515776,0.232690670709657
84.0321571303287,92.5990597132903,97.46464915195,78.6548689333495,80.212944768125,5.83477707819654,0.192602300465939
83.3304934872309,91.3973717192509,97.1598009179231,78.5011514262126,79.9317766061677,6.01461804880879,0.16518697214022
82.823067709145,90.7811884880231,97.1555703439788,78.5702741864794,79.8375341230422,6.14327305288929,0.178562979787094
82.5040480898904,90.5137598706914,97.3195146394203,78.7764754860015,79.8878709149875,6.24779012618725,0.208594644700614
82.4222037043035,90.4471856031115,97.3649172168083,78.832724464607,79.9030564324195,6.27517437804244,0.216720711899569
82.3708018042487,90.4249067711085,97.4249169011825,78.8995050852245,79.9340280127737,6.29837980781258,0.225662916025229
82.1803720507898,90.353531011887,97.665189668931,79.1648815754121,80.0610168415041,6.38778185380453,0.260984735650244
81.4641043336629,90.4837639813648,99.083560658736,80.6277584794414,80.8260295279511,6.84003828221751,0.449699287103582
81.0925715795325,90.4886175987605,99.5475876422896,81.0645289560181,80.9740467073171,7.01836111570426,0.50916013872659
81.0861635958895,90.4888643369622,99.5559325298077,81.0721661587126,80.9764473704568,7.02160983461889,0.510157512467778
81.0298775384676,90.4910316209882,99.6292318458162,81.1392493557608,80.9975341694972,7.05014573445311,0.518918183342583
80.8834841259364,90.499293471268,99.8368377118804,81.32416428977,81.0534389313476,7.13059130365603,0.540080905939935
80.8056270740857,90.5048222337315,99.9545829958918,81.4270215331976,81.0836294671988,7.17606707109399,0.550634430075668
79.8078330560373,90.4511474657797,101.568480892875,82.8007022787171,81.5233434508492,7.72282911569612,0.580839525314625
79.6405307160355,90.438128652778,101.835033674521,83.0248201009006,81.6055682106728,7.79496845136505,0.573092717658217
79.2669616900221,90.5671689472484,102.749523280267,83.8060571196967,81.9836818311662,8.00149077592989,0.559006130160639
79.1206699737661,90.7022503327538,103.261916130683,84.2443413153563,82.2227673085223,8.11041997199505,0.560575203017071
78.7169001702951,90.7959554194866,103.96165572967,84.8069106105304,82.4583193588317,8.28542517183723,0.564786301556134
77.5539775952839,91.1202648698852,106.315430318603,86.8107721741198,83.469577675929,8.94532198464411,0.681014041292568
77.4896749586313,91.1127742448386,106.416174803893,86.9123296517113,83.5316856554342,8.97340200417949,0.687471662950984
77.3448493306793,91.0990446736969,106.65850520679,87.1616133118527,83.690267572297,9.03840427139949,0.703058850682232
76.8622699361599,91.1433384926628,107.703368950089,88.3020465949877,84.5087324502101,9.27855791267744,0.770110513901842
76.792830941146,91.1648739605988,107.886295945543,88.5089317788852,84.6677354678867,9.31602494862451,0.781842821512095
76.369427366588,91.3335535988261,108.939661854666,89.7338939725331,85.6542021848061,9.51757454800435,0.849620498521556
76.3633904818586,91.3340480982181,108.948352436826,89.7444236559121,85.6627494873797,9.51928370241514,0.85017684382467
75.5347067060295,91.5243189198806,110.245055421977,91.3220045318386,87.003461853558,9.75995842281695,0.933232497284389
73.9014789470661,92.6275080694257,113.562550980308,95.5199524158815,91.2303715922873,10.2951777426123,1.14027739046267
73.53987786828,92.8686858423686,114.539718000352,96.8814115100571,92.7909151245354,10.4465979922293,1.20460005155311
73.5213172983708,92.8870706072912,114.623626400781,97.0009437983211,92.9313016113081,10.4593340106624,1.21062011296883
73.1568062248583,93.0342271909061,116.192430914357,99.2966729046385,95.6657851913609,10.6999151879168,1.34214773513393
73.1258733402415,93.0334453788781,116.307018994059,99.4627987452992,95.8629434215178,10.7166679482801,1.35344151730663
72.9576150755288,93.2572202766763,117.542975758145,101.082100718013,97.6947751619316,10.871682358555,1.47087719103938
72.9375918173229,93.4741416136472,118.137491054005,101.78137182517,98.4353445708322,10.9348726352796,1.52272203620043
72.8943479616298,93.6436546997319,118.607303583564,102.323286412643,98.9974529401305,10.9830224866592,1.5625750735005
72.7293730823253,93.8084140118515,119.210140421203,103.016857650518,99.7022549053088,11.0433080006764,1.61258111205517
72.6351990256389,93.9292048381664,119.639504008725,103.512224438166,100.200998126369,11.0849285265483,1.64624978687056
72.4932856155323,94.1476857722212,120.493777108058,104.520447029147,101.219652257526,11.1687155172333,1.71152274830946
72.454357582692,94.2308883950704,120.924714767137,105.052384007395,101.764345416052,11.2132481140502,1.74425519580687
72.1768551538655,94.182916433331,122.776117275964,107.540139535377,104.404398669056,11.4322173529664,1.89759765627794
72.0470593100521,94.2104890086839,123.740713397649,108.811160277917,105.812764487021,11.5502002711474,1.98709975158027
72.0200810307851,94.3302108507344,124.18048856003,109.341497523655,106.400442503666,11.5996577653348,2.02798777444953
71.9840736998339,94.703531812281,124.981465733551,110.238245638218,107.388435848183,11.6829725279073,2.1029308776807
71.043072582961,96.3255888579492,127.948468466512,113.565448894696,111.167972189905,11.998836302962,2.44316544057218
70.9915995237225,96.4097171893359,128.106689958403,113.758595994868,111.391588416615,12.0180865328629,2.46427855886026
70.8932807390846,96.5577587617385,128.402589013005,114.131971664286,111.825977522814,12.0563760142983,2.50573410398252
69.9703549274387,96.790294890557,129.806392941568,116.378825434556,114.552702247023,12.3393549750875,2.79482770319431
69.7428201293602,96.679863861153,129.991257895427,116.840201641875,115.136455285975,12.4228325313583,2.86856622700145
69.7389866308366,96.6774385761098,129.994077695612,116.848290989176,115.146737115971,12.4244606948872,2.86993762032582
69.4958304661689,96.5060337604281,130.177971752658,117.480007897791,115.936880975193,12.5955142184576,2.99716423389589
69.4955365302579,96.5203450154486,130.192427445358,117.539084308235,116.002254791246,12.6288067769443,3.01701267224057
69.495286189938,96.5325336730017,130.204739118078,117.589398703118,116.057932581604,12.657161494534,3.03391725661137
69.3921639497575,96.7287306462933,130.031686932727,117.293373291496,115.669279946818,12.7434549678355,3.06763095197274
69.4227278744562,97.4349398871656,130.008668205437,116.848296862517,115.042413047339,12.7883287864564,3.07589603442156
69.4908739619131,98.2545088341754,130.183201221101,116.625806538817,114.67870996822,12.7951267415254,3.08279179253494
69.4296167466802,99.0186432342253,130.353122264714,116.459376504243,114.404843418044,12.7766919787613,3.09530662280271
70.662128547919,103.594600620316,130.431463080978,115.640127976026,112.827306023072,12.6618185447606,3.50078202455561
70.9452513970001,104.141986549678,130.420464911154,115.436976358541,112.522975000499,12.6671741443305,3.54914697056854
71.4520852748708,105.156693772768,130.484770722751,115.10533634483,112.031520643387,12.6809436585216,3.63669698881469
71.5570304114664,105.441589570651,130.478184406933,114.954625934451,111.836027302611,12.6813905478614,3.66320485141701
71.9994411799173,106.659180193344,130.510373117093,114.349071563794,111.050704312957,12.6826001395744,3.77808428132478
72.0525196817895,106.80482556693,130.521330426331,114.282099233172,110.963492500438,12.6827445806005,3.79195586329211
72.1547894048078,107.062761622186,130.56906823503,114.191166394949,110.836511523532,12.6828078894303,3.81669641466035
72.2052343190699,107.188267806686,130.594635603427,114.149205235735,110.77699324306,12.682822801602,3.82874901832777
72.451144498673,107.769855615607,130.737358763093,113.98234620863,110.524141969618,12.6826720948463,3.88422953631628
73.1318836862236,109.035670259378,131.311616383844,113.930439260631,110.204749223029,12.6784646702499,3.99784579681683
73.3490900360858,109.42223772777,131.533577856942,113.933159858595,110.042190951176,12.6648422555468,4.03049161525629
73.7195430376826,109.95198483395,131.953613839686,114.130675166529,109.961816084093,12.6509274578664,4.06459869018723
74.3245408794555,110.779619249122,132.745844811174,114.723309919499,110.127276667108,12.6440488031743,4.10355926231713
74.809580894093,111.518183912832,133.494209219245,115.371034757237,110.456867009038,12.6467390711165,4.13388493182644
74.8810714361926,111.635492373942,133.613874891848,115.476415450232,110.513573596223,12.6470754451973,4.13856685637562
75.043709952661,112.03458072893,134.024184505886,115.837109456899,110.7029016657,12.6415596219087,4.15297488094737
75.1061858240395,112.187886312849,134.181800618161,115.975666256708,110.775630047474,12.6394407765466,4.15850957168059
75.3393096435089,112.846620199066,134.847514826395,116.571362990171,111.160811290296,12.6331756361871,4.18298106266487
76.1576143005411,115.047680265842,136.970900075164,118.428995855174,112.609398896857,12.6141563476097,4.26234044363401
76.2031333655956,115.160171700794,137.077192504366,118.519564505164,112.682716767728,12.6129597395581,4.26618062918629
76.2232582901655,115.223256902593,137.135835842197,118.565879339086,112.717137672048,12.6110377979575,4.26794480634709
76.4895957167509,116.00251021058,137.864046702766,119.141682482557,113.142066189635,12.5891530365416,4.29001875873144
78.0931858874342,119.021847734702,140.95482210184,121.743879213939,114.968962897111,12.5998473894845,4.40659103445476
78.0949289605966,119.025438951402,140.958898198381,121.747425838723,114.971216290318,12.5998947284464,4.40676315278836
78.2668213762486,119.379585252912,141.360860718325,122.097174727464,115.193433699252,12.6045630399648,4.42373652876481
78.2936239790822,119.434806087574,141.423537374158,122.15170988843,115.22808330803,12.6052909539862,4.42638312985723
78.7189386988022,120.29742783115,142.415658494727,123.027248388347,115.796110419157,12.6182999351724,4.46746899214139
78.7462463979301,120.352528131935,142.479307140062,123.083675192292,115.832961174948,12.6191656514549,4.47008790261356
79.634111603967,121.934003448305,144.227264302177,124.602386120117,116.832509665665,12.6079423114957,4.50851984351161
79.7149102583105,122.058065851912,144.353522429797,124.705696014911,116.897167109199,12.6026837330352,4.50727978217702
79.7254704011205,122.07428043754,144.370023989996,124.719198309616,116.905617643964,12.6019964525356,4.50711770986415
80.0008727809703,122.509471958922,144.764157061611,124.969784686893,116.970197473195,12.5433621159583,4.47047290711818
80.0129396014013,122.528910499547,144.780337250196,124.97771135818,116.968342983165,12.5395691342252,4.46789270198986
80.0934348271741,122.615550539522,144.827679241619,124.969967492827,116.907678513908,12.5100165505266,4.44281457363341
80.7194149684128,123.038638602102,144.912742504595,124.702422851433,116.324739278488,12.2981701569633,4.2309073227169
81.3543846802207,123.334035668003,144.849160420343,124.289622433754,115.514351088348,12.0141548532754,3.93108211079108
81.3968355514215,123.364668132094,144.864641153294,124.287865230046,115.489960752941,11.9970711549107,3.91535448921674
81.4372140515206,123.396017978652,144.883195864298,124.291971504304,115.475660702902,11.9820049577903,3.90250070789483
81.6336305757551,123.565108656217,145.002170760071,124.355270822747,115.472834589695,11.9175918823523,3.85576746389156
82.2299956360018,123.994436175739,145.188671423309,124.37279943748,115.428201443099,11.5840350996995,3.71434571939062
82.2337963369859,123.996036386914,145.188581401936,124.372187007861,115.428183890369,11.5816077420725,3.71363285388845
82.4189689963915,124.073714648598,145.187465855278,124.348919765738,115.433590414059,11.4673414677682,3.6805562911335
82.5560120392757,124.130307650689,145.196911007843,124.352335880855,115.457256957387,11.3953252831964,3.66127364050241
82.922433554551,124.259412301681,145.217142647477,124.372616670884,115.518592541717,11.1964683789579,3.60620895976198
83.4004642609717,124.359077490586,145.228933648926,124.364618136236,115.509431558746,10.8493706156842,3.48998963921128
83.8931602130273,124.680445791534,145.510794009117,124.550210256809,115.666445496056,10.654428234324,3.42262424785138
83.9398822376247,124.711221243774,145.534443825452,124.558053199137,115.671763287872,10.6319492974006,3.4145128210024
84.2818619502634,124.922811172823,145.631047048787,124.447191264271,115.550851998506,10.3936221153129,3.32476483351336
84.3109270221655,124.942561338171,145.64013565809,124.438891741984,115.542333948227,10.375263713703,3.31793611326851
84.429044643507,125.030626018583,145.680667065555,124.415229050168,115.519347908931,10.3108545471653,3.29452104243523
84.652495248044,125.202729202989,145.759951980623,124.379792431601,115.48546912974,10.1967301718601,3.2534850081391
84.8398096157435,125.354257513341,145.829984115006,124.366430663842,115.472275341855,10.1121996396741,3.22374590075644
85.4612999545472,125.846804817924,145.956446833313,124.22834255685,115.314657284802,9.7780269316968,3.10221556873273
86.080983835922,126.2731220396,145.998863527628,124.174856981322,115.199672672533,9.43184467580457,2.97155403070709
86.1542663359664,126.321539033009,146.017376874755,124.192386958454,115.210127242375,9.40208534527596,2.96069488044211
86.2107974128772,126.358007713374,146.035425055277,124.211171605022,115.223759529578,9.38219430931654,2.95362788175209
86.5127157443281,126.515827253341,146.072223913378,124.25182170375,115.231323654576,9.2399589591869,2.90057137382905
86.5349922295994,126.520004594096,146.062896522491,124.242761890591,115.218697351977,9.2221889299949,2.89356211099645
86.6615612920611,126.55644635098,146.036582321679,124.214422538744,115.172017263506,9.14035478604788,2.86210297352431
87.770264490344,127.196964910278,146.32305763138,124.383797419861,115.130831046622,8.74355945978707,2.72770419712691
87.9181652085929,127.281563711645,146.353129871933,124.381698171938,115.07241467322,8.67511814117575,2.70449190213646
88.3990346918566,127.601164924023,146.575735338002,124.531734291396,115.070086452465,8.51045550609757,2.65529448380268
88.7354962192871,127.828621890896,146.780782968255,124.710154036899,115.17682146239,8.42422729021435,2.63373608297282
89.2120712868658,128.100194288587,147.029366020496,124.944648560323,115.344358940903,8.29265847099457,2.59862496788975
89.2940407529468,128.123747218666,147.04456233641,124.959995619867,115.348868339351,8.25451738881397,2.5861761610784
90.9181509119819,128.739603289661,146.945705995198,125.094727174994,115.345286035196,7.73485253690016,2.38022238406422
91.1339797966872,128.808161584898,146.853936807678,125.059848645996,115.258074060663,7.64786820649979,2.34154213450404
91.6041192684303,129.026678802097,146.839864146412,125.134620509696,115.21747456414,7.4867529100513,2.27984847525952
91.8373603572232,129.165005421623,146.933685830929,125.242442168588,115.277081221237,7.41952270629913,2.26121335110441
91.8786306355895,129.189481289588,146.950286881185,125.261520410331,115.287628176508,7.40762682106794,2.25791600428935
92.2087692679493,129.404527265908,147.159391432485,125.444866757714,115.421288103264,7.32070236855749,2.24087048691327
92.3815000505796,129.489619259699,147.260220506914,125.477890413381,115.430109179354,7.23777480682282,2.22231011662316
92.5638183929761,129.581371605181,147.353986822751,125.446471892459,115.386376545527,7.14433308178103,2.20096608706614
92.6693246362209,129.639706556391,147.405983051473,125.417107230779,115.354024647329,7.09450601866257,2.18967749377626
92.8770406611149,129.774062258674,147.454827683275,125.288176584131,115.227357665477,7.01813828728879,2.16929928126468
93.0512235717756,129.891413260322,147.467242884518,125.151665202391,115.091851385638,6.96086463310367,2.1518680870507
93.1470360959959,129.958043750567,147.461403859944,125.06397255052,115.004315229061,6.93236280909307,2.14212760444834
93.9554995590436,130.497142150461,146.974519656726,123.798089879925,113.706552936345,6.6716712586316,2.02461461366111
94.8789043160017,130.995309945103,145.696692439416,121.66143332754,111.415304547104,6.3098434961966,1.83884412527541
95.1909078930538,130.671506011695,145.296108023457,121.231322833621,110.870628286099,6.08083562845287,1.79769671296259
95.2039992863123,130.046494569686,145.419364828603,121.619146485095,111.203169094301,6.00301878587705,1.8282581460715
95.2591232713204,129.618508813404,145.577106836158,121.971443801231,111.515139409101,5.98314947674647,1.85584730005321
95.3331341735259,129.036346684745,145.694210759459,122.29905806973,111.783463365892,5.97399377135159,1.88044767604376
95.3477855981585,127.96998726802,145.568342052013,122.377474113611,111.757060247841,5.96728793014242,1.8794673664504
95.625146262422,127.111919129127,145.541121705236,122.315414456437,111.578086805555,5.97604295646152,1.84467682527852
95.8295157230501,126.244370818419,145.800939433437,122.307053941258,111.434116159825,5.9594564548929,1.78694290733072
95.8415466617257,126.147423841052,145.852571819018,122.326083024058,111.434065838037,5.95638192958807,1.78139333413107
95.9368441683903,125.788019577333,146.175179686888,122.536291837214,111.533158654785,5.94735736527398,1.76909877188921
95.9460798951851,125.765961988751,146.199609054334,122.555492807498,111.542949078748,5.94709087106765,1.76892387779727
96.3007789973799,124.725821287616,146.935964723406,123.24563536682,111.751640353106,5.95192856098167,1.7865178708809
96.45935245262,123.240383020184,146.423928579539,122.976394404489,111.086210017794,6.02324262949315,1.86762041964255
96.3959296125174,122.545417056862,145.608569000903,122.22105016115,110.422677714816,6.09196043590723,1.95825898546674
96.270657348051,122.094424550456,144.90719931792,121.471144971797,109.819671656176,6.14251515256127,2.03691723247714
96.2649063233665,121.946712927181,144.605776614733,121.108542381326,109.526336550799,6.1700491554467,2.0815099683968
96.3536028258731,121.629089373248,143.867192845732,120.163923974866,108.726891980785,6.24648690502536,2.2053026901019
96.6702631067013,121.078720794553,142.677520360761,118.559228018728,107.176264765752,6.36659977900226,2.39658118139361
96.7200252228524,120.916244378698,142.396370909289,118.196921059569,106.809917913422,6.38968981599043,2.43179644196418
96.8430124100609,120.559194019706,141.797497067864,117.434743601036,106.033128835931,6.44009142307337,2.50520962106004
97.0641595584095,119.784589089573,140.625987334973,116.054430082886,104.707312917435,6.54221218601583,2.63579742247291
97.0689450718923,119.763003930967,140.594758286432,116.019239964746,104.675458211756,6.54494590051754,2.63911278688844
96.9965839256953,118.691679741554,139.165716899192,114.540796933547,103.575370229679,6.65198241861332,2.76515065429142
96.1669438646501,117.201459686073,137.238775916809,112.723213065607,102.916393448048,6.74791786560893,2.89699162793214
96.0800812276683,117.093779499276,137.06333188842,112.552705991447,102.923248126083,6.75771702487081,2.91449146511005
95.912909685607,116.904088249909,136.626571942713,112.087690965252,102.992583699905,6.78664791547194,2.9727896990446
95.833878488555,116.835158055825,136.42566980356,111.838782980843,102.948375959484,6.79288073992448,2.99538009451221
95.767033020885,116.780290311779,136.186390439694,111.51437300223,102.854727314402,6.79904800506737,3.02393948364145
95.780824967779,116.794585955292,136.091037079772,111.357472585225,102.796383758119,6.80278724656525,3.04033667092008
95.9084581346866,116.894074128629,135.979193831757,111.113084312691,102.679951611829,6.81238360683953,3.07282989053331
96.612926033511,117.328854770019,135.970573172547,110.805687962659,102.462731332246,6.85463262282039,3.16112169805984
96.6237310264359,117.325460454732,135.958907442064,110.789261169007,102.448500962447,6.85561156418929,3.16352580804591
96.7457547716363,117.271392731519,135.824653754709,110.616761910104,102.315261117857,6.86801544096957,3.19405645425893
96.8585442730811,117.153755501215,135.704836799491,110.543749503909,102.36491073059,6.88564790616605,3.24159794855099
96.8974235499689,117.112941101442,135.688279032014,110.567179494257,102.457745454461,6.89216789813183,3.26357923597713
96.9016266591989,117.108651862376,135.686835048135,110.570242587455,102.468514517439,6.89286717737205,3.26599517219433
96.9874386544619,116.79284425523,135.529122624662,110.650113493041,102.959814472888,6.90990877404789,3.40650831576115
96.9886624441514,116.787845737252,135.525963587566,110.65040619021,102.965896380297,6.91001063963327,3.40898569530239
96.9903748671304,116.782733323644,135.522759806729,110.65095241422,102.972632843457,6.91014984078999,3.41170744636048
97.1006615321677,116.795723850338,135.537677502235,110.710984621167,103.083894208491,6.91850801998004,3.45154812244064
97.6416056247246,117.018683240329,135.642241699028,110.983315487778,103.320420087134,7.00452402827243,3.55015150002149
97.6883810190165,117.013816694977,135.609473120006,110.990964986381,103.306136043966,7.02843671127222,3.55826565469469
97.922134032257,117.023512838983,135.518951356431,111.073549970082,103.297505749628,7.15087383550486,3.5902628316695
98.1162660962553,117.03026563183,135.475112897218,111.14810333383,103.304524934772,7.25776271639107,3.62020327093567
98.3164768747877,116.874164845527,135.195383208044,111.128053471508,103.099568664307,7.45625598778304,3.68673235585029
98.7022297081817,116.813482989058,134.818108691383,111.311435621816,103.303222834033,7.67553674811089,3.74416430289118
98.7023585058949,116.813221907841,134.817638716394,111.31132106136,103.303335709939,7.67567706744696,3.74418071990092
98.7121465158489,116.793380984599,134.781922865877,111.302615014899,103.311913738704,7.68634066561375,3.74542833409148
98.7710908603066,116.629985874277,134.541147349454,111.180627035253,103.339445435366,7.75433629754194,3.75654874075812
98.8007522917031,116.497028571545,134.375229466646,111.051592664878,103.321924057886,7.79836217315234,3.76776483488482
98.8024359872006,116.489481410082,134.365811337477,111.044268183955,103.320929477956,7.80086124905829,3.76840150298516
98.3635110278068,115.360467755357,133.159604058629,109.788143686693,102.484791703114,7.96360914213101,3.82709105643002
98.2335819574287,114.91542497442,132.663174155293,109.276714925257,101.991904850858,8.08657081397636,3.91452854892243
98.1040545584774,114.709418708207,132.419645401077,109.088941655217,101.722649358583,8.14195617036322,3.95853142551376
98.0652652578308,114.657662638876,132.358911632457,109.043850546499,101.655807255373,8.15349019193147,3.96775721744979
97.8423305037243,113.601928016504,131.202238920691,108.857838424644,101.181894206715,8.52150195688149,4.2397990978059
97.8321159264304,113.093694700578,130.655748653929,108.501476379808,101.140012467398,8.6561493845916,4.3301700453687
97.8410218342259,113.013885001441,130.562710600993,108.444311909758,101.14352711823,8.68580917039268,4.35045320436027
97.6396197111693,112.429911578602,129.879922390533,107.96409870296,100.927492527318,8.848356810837,4.45687614648544
97.5748796022011,112.179527449472,129.568288938148,107.786433049917,100.824258865203,8.97691105197671,4.54284086561809
97.5787612691906,112.146897946065,129.52644625712,107.773438503246,100.81305662685,9.01046014094601,4.56560330538856
97.5911994254676,112.132659889694,129.507802477509,107.776501652993,100.81029193675,9.03923212221389,4.58525612866572
97.6169360001562,112.103199028047,129.469225455661,107.782839809587,100.804571341861,9.09876604575903,4.62592102648889
97.6328350812192,112.103207824674,129.469827794298,107.79539137954,100.807917016202,9.11902520150541,4.63980631112485
97.6823736566169,112.113830997296,129.485922815366,107.83952516345,100.822344845156,9.17253659428889,4.67653196273149
97.723954589771,112.113994990964,129.493520179182,107.876502668951,100.825347379551,9.23093267476405,4.71620477362816
97.6542494621489,111.959267457803,129.379804958281,107.812598633207,100.655202930847,9.37506083241018,4.80739375352383
97.6521785561025,111.854310001116,129.296993281084,107.821598800386,100.560480517522,9.57588870565158,4.92998505730828
97.6534550090015,111.853129929199,129.294942293094,107.824009319587,100.561478754282,9.58170036276586,4.93344147853576
97.6571286028957,111.849733716936,129.289039609992,107.830946722936,100.564351650314,9.59842614097987,4.94338895715127
97.3817013876803,111.461114877962,128.740916150953,107.945101269617,100.759717010306,9.94470698309308,5.12912344764894
97.3491423862562,111.402136366916,128.683725827672,108.006017657569,100.840118963198,9.98200023266171,5.148452328942
97.3059333746791,110.979731384779,128.634565310885,108.910903241726,101.87632283137,10.2832878877275,5.31709303578126
97.304815765887,110.976317230142,128.634718106327,108.914676404651,101.880635925731,10.2843822592178,5.31770522311137
97.2483833607677,110.338128276546,129.090861937589,110.109412346602,103.234207641295,10.5526916989059,5.48150732578984
97.2667550634418,110.32498213837,129.173090919191,110.232699562927,103.375664182313,10.5741892766723,5.49629337745502
97.3538887411394,110.307566495878,129.554000189568,110.783993256982,104.011595314184,10.6675345148257,5.56153409931583
97.4237555831604,110.349819749477,129.848056510372,111.184208421103,104.477753538508,10.7316050273533,5.60773238156073
97.2252938458973,110.681427056382,130.948086982021,112.748210899258,106.410043405252,10.9497614611312,5.76685344112718
97.2259908052378,111.332236133907,131.97594830148,114.094396706745,107.934217091172,11.0885343418443,5.88042883251537
97.0598894318941,112.931850936304,134.794385692912,117.538187065012,111.390564604284,11.4172276390534,6.17045670252796
97.0924644267082,113.300995792221,135.454333991544,118.266170071309,112.044490019099,11.5027998461236,6.24695967578831
97.1075320407574,113.440482947854,135.699004988247,118.532745334148,112.281480740876,11.5364061726051,6.27671845984493
97.1057625048895,114.048166451106,136.767492279129,119.670431125398,113.264109448185,11.7113084177111,6.42675837606453
96.5729140717545,116.942016027536,140.912670750374,124.34436577479,117.70518402475,12.6969991656107,7.15760951857512
97.104036515862,120.562569832817,146.200141463304,129.80968088805,122.526591062505,13.5158443532377,7.76066127901253
97.1229099136118,120.777351313726,146.497122130155,130.101998955102,122.781364950499,13.5611376162357,7.79697062170082
97.1877958646824,121.589044712684,147.598004008756,131.195558483254,123.746462045389,13.7335056766145,7.93742144520085
97.1976209414261,121.7433935452,147.805807660291,131.403047751015,123.930599440407,13.7665695591809,7.96457163136954
96.9541196194086,123.195922140859,149.822115471323,133.436749301891,125.63310810838,14.1087427817213,8.25133259526154
96.9657976814465,123.504437131336,150.232885338439,133.84121041563,125.937909498505,14.1770971353025,8.3105746994772
96.9685088169089,123.519405765388,150.252384830664,133.859808296786,125.950424873438,14.1803405409558,8.31344026304501
96.9762006036484,123.561873411327,150.307707014967,133.912572512237,125.985932355923,14.189542436228,8.3215701791475
97.0048605222445,123.720109633519,150.513839783904,134.10917418241,126.118234718433,14.2238290822782,8.35186258604599
97.0342534847952,123.882393114453,150.725244876962,134.310804396726,126.253921021017,14.2589926889008,8.3829297915775
97.0466187622028,123.950663886987,150.81418054027,134.395627882261,126.311002670033,14.2737856091376,8.39599940353003
97.0596371957719,124.022540844346,150.907813945049,134.484931896652,126.371099474272,14.2893599179905,8.4097593758599
97.529378679497,125.574143612977,152.932150408581,136.225061749966,127.048615820991,14.6600598195813,8.74762658376985
97.6298051082735,125.831800763221,153.269818306912,136.482782632227,127.054825153066,14.7303099151682,8.81334035667199
97.7445001175449,126.086922853847,153.599735332034,136.726859127264,127.034934622368,14.804868124747,8.88372400276654
97.8438313518246,126.294342873321,153.866199997316,136.920870684785,127.008383613458,14.8674784489975,8.94306672555992
97.8964473064555,126.404213674921,154.007346866585,137.023638997113,126.994319490624,14.9006432637115,8.97450068520828
97.9039459476093,126.419872075881,154.027462622919,137.038285176234,126.992315121207,14.9053697966846,8.97898054279331
98.0778146499464,126.77142759461,154.473708224473,137.359332254,126.924184999515,15.0288513862948,9.09670571326803
98.1492996289317,126.916531223595,154.657794551335,137.491829399746,126.895786151393,15.080483299631,9.14594155531339
98.2968962449715,127.264684911666,155.098082265928,137.816408916273,126.831795289077,15.231561455298,9.29014740445337
98.3114136392932,127.357633855334,155.222392117045,137.903784412833,126.788986384082,15.2856245379967,9.34185367118491
98.0460478438348,127.598077423627,155.607596186879,138.152751558641,126.467206954187,15.5963974071082,9.63989846846307
97.2661845572228,127.99794604259,156.138339844093,138.525469678137,126.351535285868,16.3690872172219,10.3768377631279
97.1616021468471,128.009639620685,156.153537413583,138.505837522833,126.295798971738,16.4524845890289,10.4560916885419
96.9943037037581,128.104598457591,156.248033838099,138.467723972034,126.138672357218,16.6826698949895,10.6740109615091
96.9614866307688,128.25448929211,156.39361602778,138.463092912431,125.999345917888,16.8929475907791,10.8717768825176
96.98234571503,128.345661984249,156.483057088845,138.473437331925,125.936480948649,16.9939910809252,10.9662094858925
96.8948933234936,128.734850478114,156.886864802475,138.219981529287,125.093423954728,17.7879779681908,11.6964040704013
96.8714824951893,128.747544286388,156.90211710549,138.190600383506,125.029117275323,17.8453696987648,11.7486142775732
96.3360741249492,128.840484126379,157.04258044848,137.738491985056,124.217827850868,18.6039337522696,12.4408047518415
96.1886153199743,128.831610297081,157.041363834065,137.612742456788,124.024821772078,18.7499697061443,12.5752464533488
96.0215729071074,129.078346328687,157.316760886759,137.477686661383,123.601227967539,19.2686392756621,13.0545274303361
95.9486671608698,129.158198575815,157.410385187406,137.410868360291,123.401699163663,19.4822198740154,13.2515932491325
95.6218661846848,129.277157972942,157.589959804771,137.047986932804,122.609162506898,20.2039792031452,13.9126698904995
95.0766916646346,129.331515660355,157.770328776768,136.579731591139,121.584878940732,20.9258727279288,14.5703077142834
94.952611415294,129.466021417668,157.96940047567,136.574890326689,121.309264547219,21.1674664866625,14.790491227277
94.9668335585906,129.855635129198,158.466678157603,136.852177182364,121.159648141573,21.4968286890509,15.089459147376
94.9799652772842,130.064561673143,158.736095784374,137.034459726964,121.117074401204,21.6564230301102,15.233247576037
94.9969585676621,130.484674120223,159.294596167461,137.453412812142,121.083156360234,21.9787541187472,15.5194455451978
95.5054669199651,131.493632461216,160.550207986426,138.390789501567,121.603062360672,22.6044111587459,16.0539215883228
95.4542051821989,132.275986016795,161.526301424955,138.001474699206,120.957489786777,23.6245854496443,16.9050364972204
95.3741687242072,132.744235247448,162.069692009443,138.105245939462,120.44966999258,23.9373667123126,17.1805760900352
95.3917033437126,132.888375462559,162.236970602885,138.187513998112,120.377457842482,24.0053723689595,17.2418114116915
95.4775589554916,133.32864295935,162.750079003049,138.469732685168,120.238746345548,24.1967289602392,17.4156631713386
95.4875228611603,133.372490734788,162.801351660295,138.498929560464,120.229562186752,24.2152359149697,17.4325675437738
95.4026403446189,133.667809347673,163.170960798464,138.613111795306,119.982823307175,24.3929982434195,17.5967134958768
94.9480922267064,134.44239822602,164.021054549859,138.648065559085,119.653339360946,24.9357461528759,18.1094036460045
94.5900880761452,134.558878587417,164.078451427275,138.438841922566,119.382269622881,25.1040015020183,18.2735865257735
94.226214265017,135.864452275916,165.322636595539,138.343880374314,117.791946159902,26.0554125629969,19.180131724365
93.9320014315206,136.551073432113,166.170464247576,138.779869748733,117.566260354369,26.5137933679996,19.6126102030381
93.5709726967901,137.416370117182,167.138338774703,139.458750525952,117.514619847464,27.0438663174356,20.110509696677
93.3027615531101,137.702145778163,167.428554026108,139.325404181835,116.733921978545,27.5109054160317,20.5340231017952
93.3080923738849,137.844257325585,167.563003151865,139.204892215477,116.360722946693,27.7801198591363,20.7716703840639
93.2475056863354,137.926699730772,167.616515046701,139.023202676199,116.048663934652,28.063918904206,21.0191478246375
93.1602647626262,137.899869922884,167.570997811698,138.910127878582,115.920913793836,28.149343419976,21.0935483036183
92.8907432059575,138.082232254573,167.602976490618,138.754316228892,115.827404575902,28.5915042667175,21.4764705425725
92.891172413408,138.090306192324,167.608307850916,138.758326668275,115.832199451776,28.5987290868809,21.4825860317459
92.7731734722164,138.15744905128,167.594405567668,138.70892165095,115.801372818266,28.769087212229,21.6236558267592
92.6993654489538,138.141141712068,167.540449519093,138.632205075844,115.716206779479,28.8597094924875,21.6940008513938
92.8010428474091,138.18579321019,167.599966527203,138.620827449239,115.632764356764,29.1124517463528,21.8759445382167
92.8200881531547,138.193530264936,167.614999573846,138.629920368963,115.635591378981,29.1333555381983,21.8904966062512
92.7525657989004,138.043591509922,167.52519981193,138.487568708436,115.460120665199,29.2539874621365,21.9679147495714
92.6789040192984,137.959795012166,167.508577875626,138.39050701314,115.284333920515,29.3805789742396,22.0543601232378
92.6849842714505,137.984872853461,167.54023921943,138.402599876559,115.26671118182,29.4044000731508,22.0726108216727
92.6876157249867,137.995726214885,167.553941834557,138.407833509542,115.259084291209,29.4147095329227,22.0805094850394
92.7270008849691,138.107831405301,167.67399531125,138.469780241795,115.220276181113,29.4793047979786,22.131729460463
92.700045132262,138.161251560107,167.717194669447,138.458321949634,115.108377335775,29.5178055782358,22.1626911174958
92.6857895306246,138.1596501736,167.712518780653,138.445314733129,115.080223125314,29.5211438766575,22.1653226378533
92.6294429603812,138.155917494133,167.695529273845,138.394007678197,114.964875995586,29.5357418228724,22.1766660618541
92.615348457488,138.159740159902,167.694012832978,138.381366357428,114.928577934574,29.5419629955487,22.1812289716568
92.4830647159874,137.973673497172,167.567292846344,138.349087101187,114.846580755977,29.8271812729844,22.3322078985425
92.2319913422522,136.661348108653,166.643450112754,138.295249072201,115.794714899252,30.3835031989747,22.5821623140673
92.1977920731795,135.958787124063,166.110110088238,138.295092156223,116.304031331026,30.7189568505491,22.7478124885908
92.3580026095192,134.850229980575,165.232836959252,138.395259366588,117.124520986581,31.3415692824544,23.0373857215449
91.9059063778504,133.446527468934,164.194234768611,138.261845669108,117.754495307016,31.5063842048594,22.9332414492516
91.8919115631812,133.378049283225,164.155054637683,138.292189401334,117.832783562172,31.5083524591884,22.919458019789
91.5429379833885,132.622319058406,163.597590459456,138.316631172086,118.229152282087,31.4515613979234,22.7510981235976
91.4910662908927,132.527445394704,163.52223131186,138.316131387584,118.269762457262,31.4385929620314,22.725858619151
91.1781604162123,131.997699598455,163.102158884968,138.485007586012,118.736109548477,31.316861868311,22.5091741075866
90.6307847279073,131.461239876983,162.607199920211,138.517540625648,119.188658310412,31.076140618934,22.1737786145309
90.5630644043108,131.400585168607,162.549740134329,138.508379706608,119.230930038097,31.0460477443504,22.13423490629
90.3500792448879,131.208227800539,162.380410286269,138.527618890223,119.482557535902,30.923392228456,21.9705446481756
89.923754558781,130.641041248889,161.920417833672,138.6373691133,120.281608104397,30.5529499057051,21.4838596200236
89.7945740656513,130.404246911582,161.723053889329,138.650901645253,120.509634603761,30.4150796719575,21.3108170831416
89.5434542113455,129.769817391688,161.238939098422,138.951925408281,121.508683500595,29.9417906291653,20.7113075523201
89.4407562803952,129.619596294354,161.108790894301,138.949437776084,121.631733933943,29.8513692880209,20.6013883986645
89.2850322798931,129.386969497106,160.913176075761,138.980607012175,121.890897326961,29.6971367444903,20.4107953319574
89.1290592173324,129.042488384914,160.659139205888,139.254439675864,122.684684039238,29.4060230604494,20.0274147659678
88.9183277430794,128.703930826176,160.350352525281,139.2300296108,122.930753852485,29.2477902502722,19.8266382961909
88.7951546387487,128.464904889246,160.138875752832,139.273671295836,123.195826795846,29.1306664755485,19.6704162331607
88.7183162543375,128.254761230984,159.968531613011,139.420427016084,123.596563433943,29.0133868711242,19.5008894683622
88.7088863688817,128.22150095825,159.943377243075,139.455031018001,123.677809246188,28.9931731240615,19.4704422156814
88.2593051576085,127.566322158806,159.40540767412,139.651186678022,124.500395299415,28.6884734672467,19.0217260723362
88.0987776974883,127.320723941552,159.232513245674,139.771245880697,124.899266250838,28.5529773880868,18.8104780416045
87.7704598203557,126.699208897836,158.729568127177,139.761496704682,125.391885710634,28.2871618263163,18.4214467143751
87.6319574650037,126.27662057776,158.385602632661,139.896107601349,126.005891544529,28.0902782647137,18.1270381490221
87.6112242744305,126.187748361651,158.315111639041,139.985795564995,126.253924952755,28.0375025055648,18.044026605852
86.7912944174098,125.067625918677,157.217120293075,140.193455668032,127.609591353884,27.5263236191269,17.2774793260312
86.6873034324372,124.797757601669,156.974759633286,140.18392797876,127.746237966853,27.4295818250024,17.134465889561
86.6698760206277,124.646902676208,156.853722448735,140.209117880413,127.858943156574,27.3757717484278,17.054345859163
86.7088154907728,124.03338150429,156.439036171134,140.389790475587,128.465610306032,27.1742636396888,16.7732059248925
86.5664924367259,123.538889758066,156.077473522556,140.343751213216,128.733113925272,27.0461640985808,16.6133710185247
86.5109410011847,123.290020478449,155.916163133166,140.371161117715,128.971156870255,26.9787439681768,16.5202799014366
86.4969436037736,123.190348459515,155.858004403309,140.402631159424,129.10693667095,26.9486613763325,16.4747358732546
86.4809593186473,122.958144128882,155.731785314669,140.511424852917,129.49263914133,26.8713588889835,16.3520568496603
86.2693760136544,121.580524924936,154.706462694242,140.755470122177,131.211824035229,26.2901454016253,15.6377415052532
86.2712010151113,120.896360050758,154.203839257265,140.744346960007,131.734393527428,25.9580837976493,15.3558602311907
86.3509209219643,120.688084546156,154.091239254196,140.782493856844,131.927046735509,25.8394749037331,15.2286831190965
86.3551112380708,120.6803167227,154.087575591155,140.784160857785,131.933965719804,25.8346989729055,15.2227989448155
86.4381961137197,119.522166151786,153.303162474898,140.40311489646,131.944338966249,25.2663175765907,14.4409307940624
86.4865219374186,119.33037562862,153.17168296968,140.319435515862,131.895098233342,25.1536355967754,14.266711114941
86.5104655048527,119.278864883693,153.137320164114,140.297393405553,131.879652602972,25.117959767797,14.2105584606269
86.6098161031732,119.089630022111,153.012258113772,140.21749101586,131.821930240081,24.9810889709524,13.995232999452
86.7692948079316,118.393558181171,152.479326039255,139.773574824162,131.405639302416,24.5286880048261,13.3211217906863
87.0454678299321,117.279604577376,151.879284584237,139.361913535577,131.126045688179,23.9009054198987,12.3389065780205
86.9681298295576,116.584271913341,151.484487811123,139.097431178197,131.003243235538,23.5930266936369,11.8705888447803
86.9710111891835,116.38194983825,151.374382742432,139.04077062224,131.005197403791,23.4763214332797,11.7042675331824
86.9943320800743,116.201877036474,151.269753856606,138.996549779686,131.028914481806,23.3443550956007,11.5291944448985
87.0749770520319,116.00768105128,151.126893255352,138.956788582649,131.111542767027,23.1189151332313,11.2638362068429
87.0775028130245,115.822200960565,150.873388096909,138.812062606794,131.120170184788,22.8634159800007,11.0158609106994
86.9845481889278,115.615506781139,150.154143339588,138.362213047712,131.11676289574,22.3197135558767,10.6109529421613
86.9249867450878,115.649590867195,149.176524127737,137.85605520862,131.429337987463,21.7273605150567,10.2513525320247
86.9546775936072,115.491275889509,147.857603946403,137.066326571582,131.520756587578,20.5068483181626,9.38808489006637
87.1379176279244,115.627002353928,147.750824445819,136.806601588853,131.058833186605,19.7912866355855,8.92694942526835
87.3893706248621,115.915664324588,147.866131112289,136.715498172906,130.701270840715,19.22502991397,8.57624056489952
87.7859766082522,116.620440843207,148.067140994179,136.278873116167,129.570514627416,17.6830126818519,7.59205642333155
87.9795374461647,116.9187367954,148.199414189114,136.221111186386,129.327718240209,17.1583731434624,7.25219714207975
88.3488349519627,117.347971502689,148.448674799665,136.26215234301,129.169481813636,16.4903677703603,6.8371200594824
89.27306947212,118.296266540209,149.153703601214,136.544256926627,129.109385039218,15.4365939392811,6.2271655366235
89.7685682422704,118.842730064435,149.558816934809,136.645011955768,129.06592893899,14.9878645224152,5.95592772329438
89.86029761033,118.953484821987,149.627475347492,136.620484779798,129.009574846636,14.8656361864378,5.87872276303862
90.3140259950263,119.491622873868,149.976415813601,136.501238364334,128.795866506689,14.3882149612784,5.57435537202401
90.7509798397996,119.94334078424,150.301329390862,136.429494256842,128.687397277566,14.112297932832,5.42450013244675
90.9475421543321,120.125219922314,150.419983311927,136.296245845925,128.530389654197,13.9698526215335,5.36956579004083
91.5377945228326,120.623714434058,150.802206937376,136.014675970935,128.013472872002,13.7485055669171,5.44506199020675
92.5042028252103,121.25763488153,151.008909545655,135.607809288112,127.049901968721,13.5758709239746,5.68557193100733
92.535146415135,121.265871277687,150.996535664443,135.583065315905,127.014159706794,13.5697812984803,5.69091023766697
92.9937290818679,121.330653302158,150.756846933844,135.199863214971,126.536640057657,13.4864121692871,5.75760865525775
93.1241594211932,121.327170511926,150.667433030875,135.08064142882,126.414675117414,13.4645700321847,5.77315786021526
93.2097286315953,121.320275849582,150.604337931003,134.999811555855,126.336856027542,13.4505443187707,5.78279520831044
93.5383327930155,121.178182771136,150.190727361977,134.502108466899,125.8801007604,13.3731278920246,5.82006836507621
93.7686763309109,120.907018899079,149.658895976156,133.886382304627,125.34750133937,13.2889469668903,5.84819743553828
94.8097086973915,120.419536402111,148.392803434458,132.092019258913,123.740972617734,13.0163328935993,5.99009435595329
95.6331528934064,121.76916701102,149.507866976299,131.59677467826,121.457538315691,12.2407096354672,6.09868948963816
95.6558678227882,121.800751059159,149.533993552535,131.594205227784,121.418943291409,12.2242427427642,6.10379149495654
96.4215969991015,122.624636918632,149.804710080682,130.738688565139,120.06934096879,11.8325864714561,6.24393739918556
96.8113694418829,122.87082077057,149.748067119674,130.09022032226,119.344257541,11.6897313964718,6.28015464835377
97.2611487967359,122.83701298272,149.284793375275,128.964636198263,118.190471319867,11.5038025311289,6.30499897583496
98.2021718907215,122.863712981728,144.064353717694,121.628122727943,110.774210152887,10.6131644289737,6.33395476536934
98.2073728156094,123.182765689231,143.159685651556,120.108348976644,109.086839484105,10.3846068709731,6.26307340800805
98.6254649243226,123.3730858952,139.939844789573,115.568098301008,104.493258580807,9.70185588448779,6.14598204454061
98.8726210987548,123.625800578843,138.831594373881,113.855066786124,102.652378639796,9.49188295191541,6.07950341209536
98.9215935587471,123.715158865869,138.500221154474,113.266065972242,101.973380494192,9.42888341985343,6.04538930462992
98.9032939694935,123.835283550835,137.748520452745,111.81936151689,100.247608182256,9.29364441542337,5.95856679886548
98.8634073038592,123.871042071773,134.731943104248,107.076383478058,95.4888330521549,8.89372378371962,6.61493648754758
98.7970993802263,123.817841255242,134.195273605143,106.397833327848,94.8689966434678,8.78897744720665,6.71519182443488
98.9518999598249,123.729895330139,132.746458623035,104.668609568057,93.4118714264047,8.49669948363253,6.93837744395043
98.9407129084346,123.646006702054,132.493113526011,104.400944850114,93.2100445888879,8.45633619100717,6.96353528799163
98.9413454612879,123.576140510937,132.294927884729,104.197489189734,93.066048571494,8.42584434924593,6.98375430334716
99.3072355827171,122.612712628934,130.436909931293,102.378847631534,92.0255894913123,8.13835027494367,7.12032630098881
99.7631092306247,121.243241018396,129.800067430338,101.662229701826,91.6116863770233,7.96005022927143,6.88604244157348
99.9636867053639,120.44661101514,129.524055094795,101.207925612028,91.0831720655919,7.93977570313314,6.81141388503767
NaN,NaN,NaN,NaN,NaN,NaN,NaN
NaN,NaN,NaN,NaN,NaN,NaN,NaN
NaN,NaN,NaN,NaN,NaN,NaN,NaN
NaN,NaN,NaN,NaN,NaN,NaN,NaN
NaN,NaN,NaN,NaN,NaN,NaN,NaN
NaN,NaN,NaN,NaN,NaN,NaN,NaN
NaN,NaN,NaN,NaN,NaN,NaN,NaN
NaN,NaN,NaN,NaN,NaN,NaN,NaN
NaN,NaN,NaN,NaN,NaN,NaN,NaN
NaN,NaN,NaN,NaN,NaN,NaN,NaN
NaN,NaN,NaN,NaN,NaN,NaN,NaN
NaN,NaN,NaN,NaN,NaN,NaN,NaN
NaN,NaN,NaN,NaN,NaN,NaN,NaN
NaN,NaN,NaN,NaN,NaN,NaN,NaN
NaN,NaN,NaN,NaN,NaN,NaN,NaN
NaN,NaN,NaN,NaN,NaN,NaN,NaN
NaN,NaN,NaN,NaN,NaN,NaN,NaN
NaN,NaN,NaN,NaN,NaN,NaN,NaN
NaN,NaN,NaN,NaN,NaN,NaN,NaN
NaN,NaN,NaN,NaN,NaN,NaN,NaN
NaN,NaN,NaN,NaN,NaN,NaN,NaN
NaN,NaN,NaN,NaN,NaN,NaN,NaN
NaN,NaN,NaN,NaN,NaN,NaN,NaN
NaN,NaN,NaN,NaN,NaN,NaN,NaN
NaN,NaN,NaN,NaN,NaN,NaN,NaN
NaN,NaN,NaN,NaN,NaN,NaN,NaN
NaN,NaN,NaN,NaN,NaN,NaN,NaN
NaN,NaN,NaN,NaN,NaN,NaN,NaN
NaN,NaN,NaN,NaN,NaN,NaN,NaN
NaN,NaN,NaN,NaN,NaN,NaN,NaN
NaN,NaN,NaN,NaN,NaN,NaN,NaN
NaN,NaN,NaN,NaN,NaN,NaN,NaN
NaN,NaN,NaN,NaN,NaN,NaN,NaN
NaN,NaN,NaN,NaN,NaN,NaN,NaN
NaN,NaN,NaN,NaN,NaN,NaN,NaN
NaN,NaN,NaN,NaN,NaN,NaN,NaN
NaN,NaN,NaN,NaN,NaN,NaN,NaN
NaN,NaN,NaN,NaN,NaN,NaN,NaN
NaN,NaN,NaN,NaN,NaN,NaN,NaN
NaN,NaN,NaN,NaN,NaN,NaN,NaN
NaN,NaN,NaN,NaN,NaN,NaN,NaN
NaN,NaN,NaN,NaN,NaN,NaN,NaN
NaN,NaN,NaN,NaN,NaN,NaN,NaN
NaN,NaN,NaN,NaN,NaN,NaN,NaN
NaN,NaN,NaN,NaN,NaN,NaN,NaN
NaN,NaN,NaN,NaN,NaN,NaN,NaN
NaN,NaN,NaN,NaN,NaN,NaN,NaN
NaN,NaN,NaN,NaN,NaN,NaN,NaN
NaN,NaN,NaN,NaN,NaN,NaN,NaN
NaN,NaN,NaN,NaN,NaN,NaN,NaN
NaN,NaN,NaN,NaN,NaN,NaN,NaN
NaN,NaN,NaN,NaN,NaN,NaN,NaN
NaN,NaN,NaN,NaN,NaN,NaN,NaN
NaN,NaN,NaN,NaN,NaN,NaN,NaN
NaN,NaN,NaN,NaN,NaN,NaN,NaN
NaN,NaN,NaN,NaN,NaN,NaN,NaN
NaN,NaN,NaN,NaN,NaN,NaN,NaN
NaN,NaN,NaN,NaN,NaN,NaN,NaN
NaN,NaN,NaN,NaN,NaN,NaN,NaN
NaN,NaN,NaN,NaN,NaN,NaN,NaN
NaN,NaN,NaN,NaN,NaN,NaN,NaN
NaN,NaN,NaN,NaN,NaN,NaN,NaN
NaN,NaN,NaN,NaN,NaN,NaN,NaN
NaN,NaN,NaN,NaN,NaN,NaN,NaN
NaN,NaN,NaN,NaN,NaN,NaN,NaN
NaN,NaN,NaN,NaN,NaN,NaN,NaN
NaN,NaN,NaN,NaN,NaN,NaN,NaN
NaN,NaN,NaN,NaN,NaN,NaN,NaN
NaN,NaN,NaN,NaN,NaN,NaN,NaN
NaN,NaN,NaN,NaN,NaN,NaN,NaN
NaN,NaN,NaN,NaN,NaN,NaN,NaN
NaN,NaN,NaN,NaN,NaN,NaN,NaN
NaN,NaN,NaN,NaN,NaN,NaN,NaN
NaN,NaN,NaN,NaN,NaN,NaN,NaN
NaN,NaN,NaN,NaN,NaN,NaN,NaN
NaN,NaN,NaN,NaN,NaN,NaN,NaN
NaN,NaN,NaN,NaN,NaN,NaN,NaN
NaN,NaN,NaN,NaN,NaN,NaN,NaN
NaN,NaN,NaN,NaN,NaN,NaN,NaN
NaN,NaN,NaN,NaN,NaN,NaN,NaN
NaN,NaN,NaN,NaN,NaN,NaN,NaN
NaN,NaN,NaN,NaN,NaN,NaN,NaN
NaN,NaN,NaN,NaN,NaN,NaN,NaN
NaN,NaN,NaN,NaN,NaN,NaN,NaN
NaN,NaN,NaN,NaN,NaN,NaN,NaN
NaN,NaN,NaN,NaN,NaN,NaN,NaN
NaN,NaN,NaN,NaN,NaN,NaN,NaN
NaN,NaN,NaN,NaN,NaN,NaN,NaN
NaN,NaN,NaN,NaN,NaN,NaN,NaN
NaN,NaN,NaN,NaN,NaN,NaN,NaN
NaN,NaN,NaN,NaN,NaN,NaN,NaN
NaN,NaN,NaN,NaN,NaN,NaN,NaN
NaN,NaN,NaN,NaN,NaN,NaN,NaN
NaN,NaN,NaN,NaN,NaN,NaN,NaN
NaN,NaN,NaN,NaN,NaN,NaN,NaN
NaN,NaN,NaN,NaN,NaN,NaN,NaN
NaN,NaN,NaN,NaN,NaN,NaN,NaN
NaN,NaN,NaN,NaN,NaN,NaN,NaN
NaN,NaN,NaN,NaN,NaN,NaN,NaN
NaN,NaN,NaN,NaN,NaN,NaN,NaN
NaN,NaN,NaN,NaN,NaN,NaN,NaN
NaN,NaN,NaN,NaN,NaN,NaN,NaN
NaN,NaN,NaN,NaN,NaN,NaN,NaN
NaN,NaN,NaN,NaN,NaN,NaN,NaN
NaN,NaN,NaN,NaN,NaN,NaN,NaN
NaN,NaN,NaN,NaN,NaN,NaN,NaN
NaN,NaN,NaN,NaN,NaN,NaN,NaN
NaN,NaN,NaN,NaN,NaN,NaN,NaN
NaN,NaN,NaN,NaN,NaN,NaN,NaN
NaN,NaN,NaN,NaN,NaN,NaN,NaN
NaN,NaN,NaN,NaN,NaN,NaN,NaN
NaN,NaN,NaN,NaN,NaN,NaN,NaN
NaN,NaN,NaN,NaN,NaN,NaN,NaN
NaN,NaN,NaN,NaN,NaN,NaN,NaN
NaN,NaN,NaN,NaN,NaN,NaN,NaN
NaN,NaN,NaN,NaN,NaN,NaN,NaN
NaN,NaN,NaN,NaN,NaN,NaN,NaN
NaN,NaN,NaN,NaN,NaN,NaN,NaN
NaN,NaN,NaN,NaN,NaN,NaN,NaN
NaN,NaN,NaN,NaN,NaN,NaN,NaN
NaN,NaN,NaN,NaN,NaN,NaN,NaN
NaN,NaN,NaN,NaN,NaN,NaN,NaN
NaN,NaN,NaN,NaN,NaN,NaN,NaN
NaN,NaN,NaN,NaN,NaN,NaN,NaN
NaN,NaN,NaN,NaN,NaN,NaN,NaN
NaN,NaN,NaN,NaN,NaN,NaN,NaN
NaN,NaN,NaN,NaN,NaN,NaN,NaN
NaN,NaN,NaN,NaN,NaN,NaN,NaN
NaN,NaN,NaN,NaN,NaN,NaN,NaN
NaN,NaN,NaN,NaN,NaN,NaN,NaN
NaN,NaN,NaN,NaN,NaN,NaN,NaN
NaN,NaN,NaN,NaN,NaN,NaN,NaN
NaN,NaN,NaN,NaN,NaN,NaN,NaN
NaN,NaN,NaN,NaN,NaN,NaN,NaN
NaN,NaN,NaN,NaN,NaN,NaN,NaN
NaN,NaN,NaN,NaN,NaN,NaN,NaN
NaN,NaN,NaN,NaN,NaN,NaN,NaN
NaN,NaN,NaN,NaN,NaN,NaN,NaN
NaN,NaN,NaN,NaN,NaN,NaN,NaN
NaN,NaN,NaN,NaN,NaN,NaN,NaN
NaN,NaN,NaN,NaN,NaN,NaN,NaN
NaN,NaN,NaN,NaN,NaN,NaN,NaN
NaN,NaN,NaN,NaN,NaN,NaN,NaN
NaN,NaN,NaN,NaN,NaN,NaN,NaN
NaN,NaN,NaN,NaN,NaN,NaN,NaN
NaN,NaN,NaN,NaN,NaN,NaN,NaN
NaN,NaN,NaN,NaN,NaN,NaN,NaN
NaN,NaN,NaN,NaN,NaN,NaN,NaN
NaN,NaN,NaN,NaN,NaN,NaN,NaN
NaN,NaN,NaN,NaN,NaN,NaN,NaN
NaN,NaN,NaN,NaN,NaN,NaN,NaN
NaN,NaN,NaN,NaN,NaN,NaN,NaN
NaN,NaN,NaN,NaN,NaN,NaN,NaN
NaN,NaN,NaN,NaN,NaN,NaN,NaN
NaN,NaN,NaN,NaN,NaN,NaN,NaN
NaN,NaN,NaN,NaN,NaN,NaN,NaN
NaN,NaN,NaN,NaN,NaN,NaN,NaN
NaN,NaN,NaN,NaN,NaN,NaN,NaN
NaN,NaN,NaN,NaN,NaN,NaN,NaN
NaN,NaN,NaN,NaN,NaN,NaN,NaN
NaN,NaN,NaN,NaN,NaN,NaN,NaN
NaN,NaN,NaN,NaN,NaN,NaN,NaN
NaN,NaN,NaN,NaN,NaN,NaN,NaN
NaN,NaN,NaN,NaN,NaN,NaN,NaN
NaN,NaN,NaN,NaN,NaN,NaN,NaN
NaN,NaN,NaN,NaN,NaN,NaN,NaN
