NaN,NaN,NaN,NaN,NaN,NaN,NaN
122.400486820095,142.689039099165,168.968566491918,145.475049033973,148.000628240589,6.32067174550735,17.4777835032797
127.799023535644,147.597826272839,173.878769074108,150.398593152611,153.164936672876,6.52073448334079,18.185197657328
130.879830921987,150.489386377571,176.734937352261,153.240944596215,156.149890536266,6.63588049585068,18.5905897065103
133.629676298201,153.661625141118,179.639889569847,155.989994068543,159.060910750005,6.74483699082312,18.9622486687264
108.393041126815,133.802701468012,158.567309741911,134.01906152975,136.161224777072,5.83618336421687,15.6714874702942
107.376705738908,133.008946037879,157.722821792353,133.132395016986,135.238352586686,5.79927603219089,15.5372802736211
103.13544718709,129.719236543585,154.212083939572,129.436489731949,131.393411827955,5.64521043895577,14.9761816539406
101.653007709497,128.705230474137,153.065075122301,128.169996842966,130.087117030743,5.59107301000076,14.7738393150805
100.347259546889,127.812083345995,152.05477778586,127.054456689224,128.936518940861,5.54338819759876,14.595614071367
102.104905405854,130.439916495174,154.218376181757,128.777151896993,130.841873106385,5.60313343842372,14.771318851606
110.413836111897,138.499517677428,161.89279098196,136.108781230044,138.647131616546,5.89295212210072,15.7976061686038
113.054846680793,140.99785480767,164.239077723142,138.344931402536,141.044714963075,5.98085328482412,16.1275613485407
113.887731781132,141.785745547642,164.979016930834,139.050137274381,141.80083137914,6.00857432827508,16.2316180139648
114.065301265361,141.953722321712,165.136770531441,139.200485795308,141.962033929123,6.01448440084794,16.2538026927426
114.27352944124,142.154919537937,165.315947034359,139.365526726165,142.142697272853,6.02082880974917,16.2799153439223
114.507142754713,142.386271580603,165.509210505438,139.535658429585,142.334217002611,6.02716483134054,16.3093416225728
115.466035574287,143.335882753047,166.302482737866,140.233983650723,143.120331847445,6.05317176355809,16.4301251810319
107.123921826335,136.959043121783,158.112384360887,131.091213338815,134.131716410756,5.6896914763029,15.4527483137543
105.489688432267,135.695918117917,156.569511440982,129.406660208905,132.45660534749,5.62924414997873,15.2685563065294
104.946379841842,136.315300493454,155.878871941666,128.052060465524,131.436288992904,5.70279590857561,15.3370758789468
106.147312604602,137.561516912081,156.942503030882,129.024360601127,132.498091837172,5.78689607368723,15.5040716514167
107.372256623969,138.801338996163,158.031647684042,130.03859322498,133.592545378143,5.87171613126997,15.6692938488139
107.828592102726,139.245026106291,158.434824838453,130.423068704742,133.998642104392,5.9085068196857,15.7253351541771
109.44279276504,140.80434693161,159.856178303326,131.782690765246,135.424434478723,6.05131626362268,15.9140017949868
109.802323288135,141.142372901606,160.167509470154,132.084143821053,135.729762182745,6.09716325276727,15.9456410873571
109.990340416669,141.31124880733,160.316658060574,132.229485996023,135.851410263082,6.16154764719942,15.9339533434268
109.923268099841,141.241849660219,160.247608893172,132.163370972727,135.763923428788,6.1854357638388,15.9053842125611
108.957870038383,140.323571971327,159.367117196779,131.306335847092,134.800384827902,6.21844817103263,15.7098678171453
107.074002654144,138.57953213209,157.703434024819,129.67722071113,133.016579560424,6.20218932724911,15.3779008369547
106.942875550407,138.459246807741,157.588960021405,129.564988875601,132.89473895062,6.199651546064,15.3556527610226
105.826844068144,137.494556600835,156.695287282455,128.688999714543,131.934051828545,6.17583614089311,15.1605134403382
105.858751080529,137.547944355571,156.756589880403,128.7497513024,131.994275396294,6.17773829978085,15.1630691278676
106.145691073407,137.847153432245,157.05777915305,129.047624629592,132.304839353695,6.19133557397713,15.2080831684391
106.952234837185,138.672765160697,157.883319095759,129.865696986159,133.157072878281,6.23581524254281,15.3394307335567
108.043026838721,139.778930626607,158.997958604422,130.989488629058,134.315519409004,6.34582020866598,15.5476691526956
108.085272774521,139.823762787784,159.045817462613,131.040420728957,134.365611832368,6.35794454590699,15.5593931314215
108.116453400889,139.882334067355,159.136353988891,131.158551958572,134.46129399251,6.44421623571343,15.597306507708
107.973850580849,139.759928360987,159.037249523249,131.076414424451,134.358169880269,6.4880882675913,15.5868283795335
107.936812569378,139.726921148561,159.008847396284,131.051034130563,134.328500361327,6.49542147481791,15.5821933995226
107.521611451559,139.358707788748,158.693016974962,130.76697515504,133.997396627651,6.57472396748486,15.5208258019041
107.416209166204,139.26595777906,158.613869908975,130.69504824982,133.913944106278,6.5936888207951,15.5014665780832
106.661733065984,138.63584478787,158.102319316084,130.238505158942,133.381221395194,6.75046573066306,15.2786503813875
106.673065683259,138.662740491149,158.13429510832,130.271520682791,133.411972127109,6.76092237853178,15.2619313376824
106.690048335682,138.70304542419,158.182212879855,130.320996558703,133.458054067332,6.77659233472518,15.236876780453
106.771602032432,138.822661040456,158.304654348654,130.441616203501,133.575307028019,6.79278730158735,15.2095529388371
106.888203918229,138.981212249163,158.461556574876,130.594344443296,133.725402760442,6.8059820087577,15.1861705432145
106.909987837516,139.010833268667,158.490869526453,130.622877598021,133.753444102125,6.80844708412127,15.1818021728789
107.062843963558,139.217910701734,158.687831994498,130.811417902538,133.936627292741,6.81604380432689,15.1631638340545
107.295265820495,139.557981610921,159.003104800785,131.109960474205,134.219876968771,6.82229683658438,15.1271555787702
107.31440234946,139.887598482219,159.264589098238,131.331485470505,134.352432342657,6.81212548237856,15.0047893444486
107.181900796644,139.883813938808,159.245930597685,131.2981967262,134.270957224012,6.81598679185951,14.9508035371537
107.134582494711,139.876347758068,159.235308454448,131.283145144068,134.240500362642,6.81855615175284,14.9339784317113
107.12268978347,139.874471250924,159.23263874575,131.279362165544,134.232845509387,6.81920191996591,14.9297497059869
107.036201862905,139.862646317493,159.218264433947,131.256888081779,134.182285490913,6.82875471900713,14.8986288893556
106.555516394815,139.670825142973,159.03044765184,131.048521795709,133.878133754104,6.89253901169984,14.7505775950104
106.443472993819,139.616370740275,158.976086753599,130.993309573204,133.808389132653,6.90893032462127,14.7152454600058
106.39913238995,139.595730830086,158.954708377319,130.972100488354,133.781733663661,6.9154921175442,14.700349616346
106.354748699751,139.57772187486,158.93370149162,130.952737486487,133.757806611166,6.92227878487147,14.6827789955505
106.121201577359,139.501386693721,158.827641425662,130.863265766318,133.644125147507,6.95520356389638,14.5755838164087
105.974445210595,139.517738102702,158.778262462997,130.851734295385,133.609688297529,6.96004570596642,14.4582363697383
105.483440074542,139.254445182547,158.38095487679,130.5568643105,133.244234326188,6.85778928227445,14.221046032517
105.452745965033,139.244457806654,158.362006304856,130.54865473073,133.225351252089,6.84243137104415,14.1983246666393
105.450940725753,139.243870410454,158.360891866064,130.548171893595,133.224240665477,6.841528112893,14.1969883352445
105.43363521067,139.238239470611,158.350208552469,130.543543285409,133.213594279936,6.83286923440764,14.1841778987727
105.396301231214,139.22609158646,158.327160951265,130.533557777199,133.190626345313,6.8141890396885,14.1565413580663
105.317031101426,139.227185003178,158.322555672668,130.56060774161,133.169166355761,6.75507893558513,14.0762770922867
105.316083810359,139.227290002018,158.322652217839,130.56109597865,133.16900327544,6.75430606588572,14.0752441185046
105.276688847642,139.241002593512,158.346568360931,130.599596251047,133.174720879185,6.71952427092818,14.0273686701197
104.739888709049,139.078751160793,158.441602010102,130.700367856272,133.075367798902,6.57447616915698,13.7377147862179
104.644996374457,139.056299683603,158.481462812756,130.732537896863,133.076763236829,6.56163377131074,13.6920832114995
104.590496521066,139.056949091723,158.529568873528,130.772885734128,133.097087432625,6.55738542958125,13.6627340502733
104.349062975973,139.127712726488,158.850466030402,131.047080814333,133.269303052484,6.54926897679474,13.5175654569727
104.232566271488,139.28136025525,159.182080965866,131.335952401926,133.4842876666,6.56094055268163,13.422599818572
104.178373684416,139.400030595233,159.40275928718,131.529159743212,133.633033185935,6.57167325505641,13.369041682171
103.960037200292,139.526904215257,159.681097646663,131.753634607551,133.772731807088,6.58980904799114,13.2667729966466
103.439230065519,140.47092995007,160.95713525149,132.769251405247,134.413171904404,6.6417335322844,12.9763594896503
103.424009278285,140.540269940723,161.035341947731,132.830208149993,134.450065094642,6.64278166059914,12.9645678805478
103.363537735558,140.815754785442,161.346053838044,133.072386713949,134.596640176183,6.6469458299812,12.9177203172299
103.29289781441,141.259976837129,161.825527589262,133.436296514798,134.799464983679,6.64513279767655,12.8555165516984
103.068075162751,141.784379001384,162.389605066537,133.821079016909,134.931035577937,6.62898469127834,12.7569119846429
102.97605114637,141.919149687965,162.534803870736,133.910240802257,134.94046018707,6.6218008393854,12.725201902333
102.880628433674,142.071503546319,162.699096829627,134.009406504706,134.946904789466,6.612273529248,12.6916966775988
102.612069443167,142.539006508921,163.205438578428,134.312610322725,134.959753456346,6.58023398465976,12.5945033343987
102.220464589731,143.521722776176,164.30797153745,134.995184655431,135.0160777988,6.51219964486524,12.4146943189144
102.028472257002,144.116932443665,165.002294617302,135.433946575534,135.043604129211,6.47342010387484,12.3014993838447
101.936202312826,144.225171851395,165.135966973222,135.502853979425,135.003831523527,6.46233217836612,12.2665041642665
101.923523632903,144.240044872268,165.154334698816,135.51232244639,134.998366427154,6.46080860251714,12.2616955216276
101.558973534787,144.85560155404,165.867810084912,135.909849687495,134.867310081755,6.41265205178492,12.0994483201792
101.492906040267,145.061376043546,166.086819942211,136.042803858026,134.858934140147,6.40146830567182,12.0592491161236
101.411974697907,145.328666253626,166.369070814894,136.215271326661,134.851607741649,6.38730655309973,12.0084311738144
101.307073907835,145.934871835364,166.973097039873,136.60268312676,134.89252013111,6.36102656304154,11.9157282655335
101.136297685785,146.806245210145,167.79556140894,137.130258966141,134.953757235122,6.31980177868999,11.7850117488374
100.544641563875,148.238081542833,169.098473943628,137.955710104678,134.975938075434,6.2149222773608,11.5001104108955
100.52919232943,148.309292893889,169.168345841562,138.011304868437,134.99992364692,6.20960582410943,11.4867860808191
100.48783601387,148.499919757395,169.355387100475,138.160127426716,135.0641310267,6.19537412097135,11.4511179575056
100.464564522009,148.607186844473,169.460636542438,138.243870934974,135.100260974344,6.18736584075464,11.431047251735
100.434745153737,148.760005979302,169.612939236373,138.368029329775,135.157811416577,6.17583183106133,11.4022558792609
100.418347326954,148.912166218804,169.773985217294,138.510995770211,135.239341147746,6.16384952207864,11.372801574454
100.378287536237,149.207891187439,170.088770110424,138.790831114358,135.396539623545,6.13944574907533,11.3128529990896
100.331931969437,149.251475138777,170.144005645628,138.84184538486,135.413507362146,6.13033717440553,11.2906638874777
100.218642585133,149.357990911391,170.278996979076,138.966520277108,135.454975189891,6.10807652940726,11.236435431948
100.199600569759,149.375894398043,170.301686722362,138.987476002392,135.461945225242,6.10433489424078,11.2273205524712
99.8220976970059,150.036182504377,171.114625129019,139.734547950475,135.774645069544,5.99110822068287,10.9946377007286
99.7651223664766,150.267845624017,171.36969361636,139.948021179304,135.855411988021,5.96188166672722,10.9470530885441
99.7618878425407,150.280997279278,171.384174008487,139.960140183475,135.859997174778,5.9602224576019,10.9443516813621
99.4679713899476,151.151842827281,172.278143343215,140.625326255111,135.96410872123,5.85148776892194,10.7858388205895
99.0044504071224,151.854112355003,172.969271343607,141.069802171795,135.813696993104,5.74994604935872,10.640211462356
98.8891851937111,152.082376247806,173.205186971932,141.245620137247,135.801008159153,5.72322637102256,10.6004417443796
98.8300826338195,152.199419195945,173.326153368816,141.335771289755,135.794501924128,5.70952578137881,10.5800497104866
98.7245862286752,152.460434444622,173.628941478277,141.606879457732,135.841335275212,5.68340645733898,10.5334935418369
98.508419842624,152.84783254935,174.33258249578,142.491358835303,136.2025069395,5.6460377105958,10.4012881748354
98.3833686387599,152.700657713123,174.444383648488,142.850349478502,136.41653021888,5.64929808991393,10.3359389537737
98.4222218598576,152.101632669114,174.670514422944,143.956099737149,137.370701335952,5.70855590955223,10.216074987883
98.6504805172679,151.634620439604,174.929381190821,144.977269341762,138.313571971129,5.77249525073604,10.1436746342456
98.6498790451304,151.626419923498,174.930104291857,144.986608356424,138.321064503553,5.77305071795101,10.1424297216016
98.6252676686199,151.281392853038,174.963616789595,145.38401027684,138.63822424963,5.79642247647292,10.0896845883476
98.6913596924427,150.844989378965,175.347526595496,146.374925482233,139.241102535064,5.82468614310657,9.98168287746428
98.7879699179277,150.798879083727,175.599072514827,146.772495547951,139.413801342488,5.82499802730838,9.94480729272458
98.8789812357953,150.751224993032,175.807950439746,147.083902512449,139.504226278191,5.82009096191938,9.91075129172378
98.8732892287428,150.403892516777,175.890103747679,147.340747814432,139.375921357229,5.79926141583617,9.83315578806254
98.9118639122632,150.28840350472,175.919245903302,147.441606268965,139.352747659974,5.79346646413474,9.81082160228786
99.3901736037446,149.841354856258,176.131609464692,148.130041880485,139.539887296848,5.78213233760879,9.73731640623015
99.5091557308774,149.774675842619,176.184971968656,148.290056368861,139.61672057519,5.78203272172804,9.72678166083995
99.6031372991884,149.449553042311,176.141890375429,148.521700472745,139.665255351647,5.77736903826267,9.68296862953069
99.6114430264781,149.432277772766,176.14299174917,148.540812808913,139.673512567575,5.77734874532846,9.68043167024098
99.6894141839192,149.277569443289,176.156529473892,148.719346694096,139.753613705017,5.7774135725362,9.65748551295806
99.7227705108283,149.211384692633,176.16232095867,148.795724098689,139.787881244631,5.77744130583662,9.6476690686631
100.077563374464,148.858685037049,176.406737405424,149.540807568212,140.243751909551,5.79137297256698,9.57876243428738
100.119583408119,148.828721216303,176.442451254381,149.625593962215,140.299839856007,5.79356530248602,9.57168468932468
100.413554277999,148.35066973177,176.753418299896,150.312618774239,140.700207699113,5.82488016082235,9.46640970962517
100.447889078726,148.224275956719,176.791306001749,150.388312659975,140.719694555969,5.83225974517298,9.44133377676329
100.56243249536,147.944574706113,176.897592837073,150.553483830681,140.746406583079,5.85115802079645,9.38394388758585
100.727748030211,147.729858620243,177.017425316641,150.675546541672,140.730838367052,5.86932620152171,9.33610491774311
100.736309610625,147.721675482029,177.02295660507,150.680059144614,140.729120238478,5.87009198841971,9.33417177320276
101.027655567263,147.508292130409,177.180249163434,150.781828566558,140.637948191362,5.88961562778971,9.28100565626851
101.178948356707,147.22737459834,177.147848240762,150.676428740176,140.363038689205,5.89400530559593,9.22840539520218
101.214465814039,147.091892988949,177.102122388704,150.599821485047,140.219151954033,5.89368293259933,9.2054927014893
101.263912492918,146.969413092958,177.043568631737,150.513280085523,140.075174777959,5.89075899153068,9.18624035280371
101.365368903879,146.722789964917,176.923503386233,150.337411496576,139.784737747365,5.8845624207169,9.14770047645125
101.37530269719,146.703839859611,176.911464333575,150.32243516586,139.763108887168,5.88370877032536,9.14508166716444
101.499447898496,146.467015459885,176.761009158103,150.135272061769,139.492807390153,5.87304047913186,9.11235372569236
101.591966359374,146.294487736379,176.642900962806,149.997751257326,139.306031102879,5.86447264279726,9.08980538321068
102.089478004925,143.999483613433,174.499830612993,148.059371861301,137.544614604576,5.73731104206616,8.86838640000783
102.147011108162,143.050919125794,173.461042637613,147.183217552313,136.94670267957,5.68758829580402,8.78903596721558
102.257072295654,142.139106996311,172.294423448096,146.200261369981,136.363668141259,5.63217863284155,8.70996946049747
102.267941398702,142.072942555886,172.199750313996,146.119771189151,136.318365698469,5.6274605260536,8.70376328427295
102.308147164524,141.782353515469,171.782282024677,145.763267058434,136.114962499491,5.60652669111531,8.67605940932787
102.283364492646,141.653660855446,171.587946568608,145.58843004269,135.999780276934,5.59605521726108,8.66126317433576
102.266539866404,141.566293120615,171.456014812819,145.469735518641,135.921584598364,5.58894627296838,8.65121820724089
102.1483395863,140.983782330475,170.504482277155,144.605703911985,135.357023561121,5.53262436071451,8.5762743990141
102.12611683232,140.884119829205,170.317818960605,144.433760222455,135.246091987514,5.52002607436964,8.56080658152359
102.089701607794,140.72522671191,169.999410378974,144.139549154904,135.058197732015,5.49670775542067,8.53330351878773
102.074487763361,140.666541084435,169.84454658659,143.994929396233,134.969040961919,5.48230653494483,8.51805540567245
102.020096541488,140.470665910781,169.239907183926,143.432996150551,134.634203051844,5.41739656610458,8.45249046615895
101.997964943724,140.411318298406,168.928511610874,143.148702942008,134.481349907235,5.37215195582953,8.41037714611951
101.997497412,140.410981861742,168.921022633684,143.142412437595,134.478913999719,5.37052107398045,8.40895025381894
101.996658548375,140.410378213979,168.907585619208,143.131125769642,134.474543399606,5.36759488226443,8.40639006809368
101.776496389512,140.214974496769,168.263888354477,142.601800823163,134.216029516076,5.23719095965513,8.28017887349947
101.635504277134,140.080217433993,168.050091364007,142.451652981308,134.151573192581,5.18901577426515,8.22992983875835
101.328988293328,139.742538723378,167.661919899993,142.251803930542,134.145158540355,5.08428399206207,8.12126222720137
100.692024803046,138.682429637372,166.95118080554,142.091038222392,134.417597994075,4.93074055606263,7.94708044909229
100.66716448565,138.642560853541,166.922007741077,142.075666749817,134.413137573882,4.9280830843396,7.942932759589
100.344920373185,138.098363964006,166.50465657487,141.839323318198,134.33335073417,4.90022364060327,7.89325358971415
100.085166485548,137.61839986556,166.098973736644,141.58273711145,134.22968093624,4.88602796813464,7.85771009522105
100.04689942994,137.542628143121,166.02979101937,141.535911660677,134.209015723542,4.88479844985509,7.85287581480808
99.8346332464127,137.080437675325,165.561927925958,141.195768228115,134.045346697218,4.8822823286141,7.82709732635401
99.7311237965485,136.796981093062,165.218283536473,140.919889354737,133.897490918511,4.88556447209645,7.81506616348068
99.4635164135579,136.117320849089,164.217864972416,139.986438967731,133.236537349496,4.8931680712707,7.78360176394368
99.4452255869838,136.05253337573,164.100115745304,139.864941282856,133.138499772226,4.89313942720718,7.78093505336739
99.4378485273514,136.026403279724,164.05262510476,139.81593881362,133.098959238024,4.89312787447806,7.77985951515354
99.4277411233159,135.990602099989,163.98755756894,139.748799901912,133.044784244886,4.8931120459357,7.77838590644969
99.4269398161397,135.987763810144,163.982399065015,139.743477180909,133.040489293322,4.89311079106111,7.77826907989115
99.4220088833113,135.970298077911,163.950655637394,139.710723225231,133.014059831197,4.8931030690507,7.77755017466993
99.3996800840049,135.765016504988,163.537206783195,139.273050821187,132.652115151312,4.8917191134047,7.77263314105861
99.5314975503105,135.634646685494,163.138930699822,138.818752059179,132.246321001018,4.88546729836342,7.78604326564365
99.663597746861,135.62081915417,163.009664476635,138.658389009629,132.087463992366,4.88053578820091,7.80268193390989
99.7850302045283,135.636556281915,162.966880435737,138.596680175233,132.013932161149,4.87645536851003,7.81977136191308
99.9631903861882,135.585025098219,162.8320987096,138.433740992795,131.813974250083,4.86472570908988,7.85250142613815
100.142502803325,135.453890436344,162.670584920604,138.262473318811,131.57885274527,4.84833614040635,7.90087636753398
100.307444316942,135.382208088388,162.616818818869,138.222282899601,131.494178746994,4.83942880305631,7.94848812485172
100.477611095298,135.328641306733,162.599810060258,138.233173715502,131.472541392343,4.83381225686394,8.00017583335836
100.551928356262,135.310911018101,162.601099556959,138.255462178437,131.492638580336,4.83322727875576,8.02490003903827
100.704815007421,135.274435986355,162.60375233008,138.301314358851,131.533982835091,4.83202385248839,8.07576306816426
100.936749967234,134.985768413736,162.360757900466,138.260353258621,131.628290860793,4.83338602757078,8.22007581169039
100.933429433247,134.933508809319,162.30710758179,138.229795174024,131.618809859689,4.83306643528377,8.23215933000685
100.951420130706,134.46709748645,161.346006883528,137.702013202513,131.730525717011,4.82026512377341,8.43791274068093
100.982040656215,134.46763453312,161.174501468704,137.610753811882,131.777736213855,4.81260467096562,8.47728092617735
100.883625034526,134.368552733228,160.673237036499,137.266253494943,131.6875631731,4.78579203640334,8.53669888370181
100.891706665167,134.401708543296,160.463535390159,137.146223128532,131.696079421274,4.77214585110278,8.57720260422303
100.897040373275,134.411265943777,160.443378522567,137.137070910019,131.701483408681,4.77070501476323,8.58259581143209
100.988664180566,134.550941843038,160.277739464575,137.089316789655,131.799459203112,4.75890166029005,8.64338206010792
101.20586712173,134.8364153836,160.16537040672,137.150866844128,132.050979281426,4.7533642520595,8.7397445683988
101.181231701004,134.86002537622,159.799629719846,136.993982540251,132.112295362803,4.75065772267105,8.82355694001702
101.187846669143,134.886016318931,159.597119914778,136.932974510251,132.19990741338,4.75278102587695,8.88511700934754
101.23588690428,134.941081156461,159.432607088341,136.921739340672,132.34875733658,4.75560377267203,8.96217870608168
101.344899052242,135.035996626505,159.297398365729,136.974124693959,132.581290982111,4.75440266206123,9.07697190549809
101.284355204686,134.960242767909,159.150040653324,136.896616243872,132.557102178548,4.74762934785458,9.11592111797901
101.229068987531,134.849054165623,158.870606463159,136.843305687651,132.585459255272,4.7271955446842,9.27784152228946
101.40496435712,134.993117630164,158.946768522729,137.10631974041,132.815174930457,4.72811593082559,9.44825622935971
101.453167037203,135.036481642027,158.97839347246,137.18065397827,132.87794201287,4.73022620642623,9.4881926427093
101.389848495522,134.967758259306,158.881754758782,137.198959326695,132.867230880991,4.73537194322817,9.57549366632897
101.360344276887,134.944778048737,158.845259233771,137.247828542359,132.898190690465,4.74285377183803,9.64487600358462
101.353357289695,134.94122426701,158.838730465942,137.266804167598,132.912493355271,4.74522461379997,9.66663212393672
101.346908852112,134.949301624999,158.8454191788,137.328842714825,132.967622105134,4.75101581582845,9.71874256140946
101.116496599679,134.956875231079,158.992357920078,137.617543673548,133.235599770506,4.72034944387281,10.0043238691613
100.977499206372,134.926750795357,159.034915192757,137.622819331996,133.205491657823,4.68707488205454,10.0567898959041
100.971681337923,134.927846527089,159.040307073716,137.625107457157,133.204826165669,4.68501089269291,10.0596915218969
100.879853172563,135.238288563854,159.530172714044,137.914739205472,133.279382572306,4.58723000573044,10.2068259305557
100.856199673226,135.277220450733,159.582586031725,137.936238394355,133.265275812759,4.57540026808041,10.2235180505816
100.820573919872,135.291356629991,159.603777836989,137.93334947084,133.234542505502,4.56644120260865,10.234319347954
100.761876861459,135.314647425597,159.638693495308,137.928589675009,133.183906250505,4.55168022944112,10.2521155858756
100.663651282701,135.437365444433,159.768490791393,137.956732757308,133.101510706452,4.52289836945426,10.3021106942356
100.639103443948,135.531672008759,159.85643347839,137.992287604198,133.08869102117,4.51251647680453,10.3308621631865
100.646426539722,135.908993003833,160.188778284226,138.166798968021,133.165485638176,4.49476503023083,10.4283014722406
100.69532295887,136.281993981737,160.511517928663,138.351750371379,133.347078953125,4.48872988360946,10.5198629719609
100.41302050718,136.49760786153,160.668585537921,138.287290648067,133.413284725986,4.46585954575573,10.6229362591012
100.240070757154,137.116019644655,161.337610665903,138.584024401739,133.992941411085,4.39957491668913,10.7994046096388
100.238505408227,137.116606174864,161.338568164005,138.583934497039,133.993369157245,4.39928475122211,10.7997750316404
99.9851990175122,137.283486874109,161.590642636161,138.624115573134,134.113402858508,4.34147573459761,10.8814503938321
100.015909565435,137.589112355503,161.990037708384,138.847093380915,134.338452479638,4.3026791235007,10.9786709744889
100.055992715201,137.686916731906,162.113325474265,138.925331228976,134.412159769643,4.29461584840893,11.0077823088671
100.057528739776,137.690664689004,162.118049979183,138.928329378024,134.41498430338,4.29430685600769,11.0088978829993
100.067179199055,137.714212168613,162.147732865163,138.947166000674,134.432730144336,4.29236553382164,11.0159067570177
100.149954781223,137.840846091925,162.302775490027,139.052756226733,134.53200094614,4.28636032325126,11.0534971042469
100.21217932397,137.934430970026,162.417198707458,139.130935562258,134.605494661978,4.28207342894515,11.0812736092317
100.327209061539,138.124657390983,162.693786749698,139.243504398153,134.713822101344,4.26366772694399,11.1953498203159
100.621397689345,138.403735459235,163.06944858837,139.424395849351,134.936094963422,4.25623470160481,11.3560550292188
100.69010552469,138.464184113321,163.143805432613,139.472137386355,134.995842818716,4.25661345636762,11.3824665502803
100.778515197578,138.541966300862,163.239483956666,139.533568715816,135.07272325478,4.25710081831867,11.4164515234036
100.871834480348,138.624314544447,163.340525097141,139.599424966951,135.154997261974,4.25766309676109,11.4518185887709
100.875073311215,138.627236739031,163.344044764164,139.601974206923,135.158145107193,4.25769505619559,11.4529146959187
101.238788737596,138.946368047627,163.758327559065,139.875858008516,135.529831719267,4.25838452784839,11.6046971953685
101.355037888389,139.045509849085,163.920258179917,139.971390047463,135.686499633284,4.25518388836853,11.6756061400462
101.358377461187,139.048476886636,163.924971845269,139.974456223748,135.691187815185,4.25509685069123,11.6774422638295
101.438140423158,139.120926296019,164.038115709863,140.050842067838,135.804323907562,4.25302648126467,11.7189233650942
101.548650050554,139.228496018129,164.197424743195,140.170987817683,135.966350473496,4.25019642177673,11.765618808659
101.556619560707,139.236253514129,164.208913470363,140.179652246256,135.978035178193,4.2499923292614,11.7689862963646
101.640952367052,139.320624391593,164.330963507919,140.273691891666,136.101613460662,4.24773071733583,11.8021669449733
101.64641101308,139.326304941072,164.338909381987,140.280005168765,136.109605781612,4.24757452661686,11.8040786340367
101.939138273634,139.63800046732,164.766352352191,140.619735956931,136.534754133606,4.2385494305533,11.9030131691935
102.124415515335,139.879038118638,165.120365972168,140.861042126736,136.864409596967,4.2195837142216,11.9944156176509
102.183843708608,140.017467756243,165.320015901655,140.954717041755,137.017481110027,4.19854292858275,12.0561314533908
102.193931175317,140.041051782448,165.352031575276,140.969700672187,137.041229545688,4.19519222828416,12.0657759847101
102.198477817753,140.051483649405,165.363424726004,140.975433050289,137.048838473957,4.19411288382818,12.0689022223921
102.209658305998,140.077136285949,165.391441221604,140.989529339342,137.067549321417,4.19145870589925,12.076589843346
102.448747421237,140.623816725127,165.931792884995,141.301221599931,137.427413024275,4.14592775356268,12.2168356052664
102.502767034098,140.747925945026,166.044591688928,141.379795826991,137.506458832202,4.13797068085928,12.2442688724163
102.504675627627,140.75231090896,166.048577038989,141.38257197168,137.509251638548,4.13768954560721,12.2452381306804
102.532268078658,140.872086370674,166.154668098433,141.453495311504,137.579228303552,4.12670055888972,12.2761778767764
102.474728399969,140.993243720807,166.253643467893,141.512343025721,137.632225833832,4.10418080172304,12.3230971525651
102.471696839391,141.008371110889,166.268845324834,141.528172648744,137.647541044922,4.10214904458739,12.3283415524463
102.450075301681,141.28049762274,166.570513530904,141.87617690538,137.993318057859,4.07077138421961,12.4194003424318
102.450816640671,141.290051438148,166.58239015787,141.891277826466,138.008661105437,4.06990553776086,12.4224475846428
102.538211306507,141.655424234822,167.098271781551,142.582399983475,138.727905788279,4.04550664185383,12.5333362202925
102.655836057521,141.977341360308,167.648137145745,143.346973941438,139.543453932935,4.0314740071933,12.6269143934631
102.651161649895,141.987940464026,167.679232575106,143.395142430583,139.596093041102,4.03023857474471,12.6320615440108
102.604748724387,142.438018914745,168.748303737762,144.905364053395,141.214032029904,3.99987528365589,12.7747684387994
102.797127740365,143.556254676717,170.514763561635,146.874503884159,143.13558742275,3.9721651112788,12.9286150229326
102.771067853126,144.99422399983,172.370566310632,148.493344629508,144.396649921579,3.93448041975867,13.0399897913872
102.808445486562,145.869556519087,173.368158319032,149.2394427574,144.859462877585,3.92022312498378,13.0980902523232
103.190421084311,148.142786062186,176.107936998724,151.179179139431,145.903062795634,3.92915381593324,13.3247404641575
103.221240880812,148.256447152388,176.288029177367,151.307283144661,145.967965085691,3.93338074217297,13.3457353806395
103.284826875518,148.462374709208,176.621223385414,151.546103254082,146.09185733176,3.94178122033001,13.3856013154455
103.697987186949,149.035948150719,177.729084054321,152.382216815945,146.603463143482,3.98567179366304,13.5482875577255
103.69911176755,149.037177317622,177.731583925007,152.384119272821,146.604681234537,3.98578270983445,13.5486810768269
104.038435256049,149.343309066689,178.33979240511,152.834427416739,146.896856627657,4.01514759885981,13.6528263899302
104.344318334949,149.549218999486,178.854214380505,153.104733082394,146.96959431484,4.04738373281996,13.7713834275923
104.529110548882,149.684390498692,179.059285724376,153.157681267678,146.924038127718,4.06149655059848,13.8306281741334
106.965501998546,152.639022672334,180.800531118139,153.358830467713,146.192292002022,4.04669176657194,14.270826829025
107.164344697773,152.893944924112,181.094131847467,153.575977835637,146.319664542252,4.03836669860579,14.3027495513003
107.289553243513,153.050915035528,181.306766035694,153.745540950748,146.431751546847,4.03317771398142,14.3236166525518
107.454534539183,153.254009342368,181.616161244494,154.00352065854,146.613001870773,4.02639643254802,14.3519182944092
107.643068677105,153.488835306326,181.992799838851,154.318256919195,146.833007926627,4.01766651295461,14.3855920833397
107.855828427533,153.806495096531,182.904147170467,155.103966102397,147.385657681799,3.98962288549131,14.4516304777493
107.904825466131,153.88009535497,183.139712663331,155.312534692433,147.544252744014,3.98335001500123,14.4683051469766
107.965603399969,153.973171821696,183.418354940444,155.561177385802,147.752740840545,3.97697715420158,14.4891886666009
108.185912052012,154.315137463295,184.08615263005,156.142619835283,148.37164444216,3.96453355071611,14.5544009655825
108.256973361449,154.422777187344,184.11920947141,156.155894367383,148.469066781998,3.96425174454564,14.5686660552885
108.11919832489,154.327538759195,182.978980716974,154.987977602109,147.838982075661,3.95727565041158,14.5374867795984
108.144591238855,154.306632023302,182.374159014599,154.375388284764,147.466354990769,3.95390422997833,14.5192676095363
108.186013878866,154.303879919127,182.056362166049,154.049749427567,147.260946296335,3.95124965659658,14.5098242773465
108.932090873234,154.054597142557,179.695538156862,151.335771773045,145.064082202679,3.88262079000418,14.3958887175487
109.15830678576,154.056070896847,179.566558669692,151.059317841069,144.732344249467,3.86934837550756,14.3795191610559
109.256208194319,154.074385751271,179.547729414107,150.974751522341,144.617428054727,3.86547723400147,14.3744631867417
109.266182322613,154.076251656066,179.545811102474,150.966135963844,144.605720471698,3.8650828447624,14.3739480875495
109.430880606131,154.111755621071,179.518658213176,150.82677488615,144.4148855935,3.85915823868217,14.3656898220284
109.771272084664,154.243779715617,179.519063978176,150.575035075506,144.051556079188,3.85425832672601,14.3517127273183
109.793028884238,154.239036572448,179.483899468534,150.493522660455,143.952345868631,3.85381450330915,14.3454973879401
109.831884524332,154.228856589887,179.416536038407,150.339466268517,143.765312926444,3.8530049371013,14.333707308904
110.0174967451,154.21010561272,179.030534838577,149.502029978494,142.786805375685,3.85685290562799,14.2736415137344
110.121632378631,154.223507364701,178.719395937459,148.898027656231,142.130330129308,3.86832146240616,14.2354670920651
110.181936624445,154.226436431585,178.493594440241,148.486541894918,141.69844011654,3.87815213413834,14.2110027007697
110.236335307985,154.224394702741,178.270064695724,148.087558349478,141.284151923094,3.88821173710144,14.1876959177225
110.248295311151,154.217402268254,178.204641732116,147.97574306435,141.170056223295,3.89119561915188,14.1812947516175
110.118905390337,153.861220165077,177.334608455012,146.659757282739,139.828511149728,3.91419940142292,14.092682614956
110.101396030543,153.828785585113,177.287466427101,146.593507962403,139.760613657962,3.91483611564456,14.0875909453977
108.91054548572,151.84695621314,175.322007893585,143.737280167526,136.964128176157,3.90364236588183,13.8038676441015
108.870391061777,151.80108186358,175.280647494206,143.678613913913,136.91690965486,3.90195891012399,13.7958401962236
108.46814047951,151.367040374314,174.860747880149,143.066624026097,136.468173464378,3.88197599284556,13.7076723638571
107.146011000806,149.860864475183,172.857155600466,140.392174247158,135.00478822859,3.75673034262868,13.2671851329775
107.130975614505,149.817901788073,172.766939866373,140.289012791911,134.955805799524,3.75251940151266,13.2505369478128
107.105372261545,149.744741789376,172.613313931109,140.113341937985,134.872394944951,3.74534870369817,13.2221872032578
107.082956851693,149.651815807004,172.389554693287,139.860075191791,134.752396475854,3.73605210026214,13.1824811063833
107.092186501259,149.617985669883,172.258829579693,139.716015032498,134.684528429909,3.73234313139133,13.1616638658797
107.034562842612,149.421545866528,171.68474138246,139.106681791373,134.328458534823,3.72050057248598,13.0825796774081
106.969173784983,149.287368975647,171.282814420294,138.689275974176,134.053940167407,3.71586675052282,13.0346962354781
106.929600239712,149.17795235976,170.699895302108,138.078979368761,133.649152193747,3.71569740173259,12.9735698072208
106.935125439125,149.163573599958,170.376262408625,137.732429723857,133.417928847018,3.71891806801076,12.9434058933209
106.981261494465,149.212552357932,169.878311055403,137.17571899321,133.042787433585,3.72855575500771,12.9012625039109
106.992163593228,149.225795549925,169.782412891922,137.067245247645,132.969502349028,3.73066277053449,12.8933750226706
107.059039372903,149.331439144912,169.410076864108,136.61580699292,132.65758737917,3.74211757924359,12.8645054006422
106.904527594526,149.291031223091,168.469608085427,135.47844838481,131.764797799731,3.75684741649643,12.7794419305109
106.834605562946,149.274812223672,168.099122640364,135.012014861806,131.388343198646,3.76235871537887,12.7437615068085
106.786115943778,149.286862283962,167.679426793233,134.457742552746,130.934988467618,3.76972222232094,12.7002782584021
106.834281121223,149.377188794484,166.436352630352,132.806130830762,129.539173920352,3.79879714293331,12.5584183401708
106.825905599887,149.25445742058,165.427651676558,131.605962008448,128.478345947818,3.82141895278987,12.4439785452102
107.42469575196,149.236251550241,163.14095624368,129.043228704457,126.289805727695,3.92289205995846,12.2065253660471
107.451925907951,149.201866454976,162.921241176532,128.807591167934,126.091461716715,3.93176970417953,12.1827326561905
107.504588486645,149.135366366398,162.496316617955,128.351872871096,125.707868354613,3.94893889107599,12.136718029773
107.515525128331,149.128281474334,162.433654254538,128.284290022344,125.652204353666,3.95165553346264,12.1295159746515
107.637796944809,149.065023994818,161.788852061516,127.587572646317,125.082356453772,3.98007117963755,12.0537482580939
107.758216132295,149.044199715828,161.285522988457,127.040312430399,124.646008305403,4.00313797417216,11.9892293291048
107.67650417381,148.567043940573,158.762697574309,124.442104507536,122.597672476916,4.06894703358794,11.627777412155
107.676470268891,148.562897017567,158.725301125521,124.405399851111,122.571287149672,4.06999935028791,11.6223091536174
107.622113757121,148.332342162605,157.269862117702,122.99109702466,121.553047007608,4.11183396045218,11.4201491819283
107.545545839768,148.208242995191,156.905641350607,122.641614577645,121.28598989998,4.11986128341735,11.3739509245718
107.457182909855,148.023024388568,156.345023625812,122.1028840389,120.875632765721,4.13575742164558,11.3053962671999
107.438302782737,147.743135180604,155.419077744221,121.193056626695,120.164532786008,4.17585278654293,11.1963524252383
107.491337303766,147.222394251521,154.112474672117,119.847732152638,118.977730486988,4.25014005759155,11.045807168566
107.482871820945,146.983324009276,153.661705721814,119.375110860286,118.523294374238,4.27693069041839,10.9947712597756
107.606199198054,146.632081769834,152.908671603683,118.564891848881,117.733285518078,4.33902836038461,10.9127707083638
107.780376234062,146.310417295761,152.1461865839,117.728030870109,116.924048810522,4.41518583101954,10.8327476697447
107.755742593014,146.158366122508,151.877601381266,117.441511751875,116.64621200281,4.43474428138374,10.8035659817234
107.745942944493,145.9656861794,151.507344879417,117.0362357811,116.248748331522,4.46647276148214,10.7610699627573
107.941053097204,145.673802992522,150.711729062575,116.036512725748,115.156583618514,4.57285686936345,10.6355354879927
107.857926160681,145.236564269264,149.877359851708,114.882363387357,113.711199535796,4.67260817052447,10.4651837836241
107.853915656591,145.169970396945,149.711717505042,114.627317919592,113.374375975607,4.69867706742276,10.4295217663307
107.871013840258,145.139582988874,149.571836460987,114.398677897492,113.073477102846,4.72638645347536,10.4019765896003
107.892306304785,145.121898597334,149.449346246684,114.195476534843,112.808144772154,4.75249735569986,10.3793498333591
107.908206255107,145.12384909252,149.394532513951,114.102539786465,112.690501528429,4.76612509045526,10.3713694709562
107.924576321513,145.125857258273,149.338098095816,114.006855164081,112.56937991025,4.78015575837487,10.3631531520476
107.83144869976,144.995223822886,148.99705383833,113.545503253827,112.037133795548,4.82822000758645,10.325597901886
107.630397778954,144.760139883995,148.446976227546,112.850108373787,111.275365704639,4.90383600538311,10.2820207909125
107.594513579598,144.715098873049,148.322822192162,112.692600329627,111.103758002851,4.92517149871877,10.2749577401146
107.588318782707,144.707323308328,148.301389108905,112.665409243862,111.074132850929,4.92885470888248,10.2737384244852
107.553402505538,144.595777586904,147.936141519223,112.178672760235,110.502743906116,5.0148213256176,10.252898207322
107.385856125607,144.307829693233,147.531413545165,111.691314655003,109.894874889191,5.0740716203229,10.2049419620712
107.098013237066,143.416963011318,146.17796078203,109.820442030726,107.479859537864,5.22688704014555,9.93498709599804
107.010042826392,143.268177207456,145.919019869235,109.447362412154,107.054782708605,5.24489857582357,9.88708751314474
106.959335532822,143.173491633876,145.727767953791,109.139361922904,106.702812165743,5.26174391912748,9.84862824499468
106.943116642897,143.099017736385,145.523619664267,108.723023853052,106.204397006224,5.2894856693571,9.79719663553159
106.951999489014,143.095724476716,145.496599447579,108.643906294171,106.102542432836,5.29571948068592,9.78748057949309
106.768542564562,142.850578606658,145.145547787141,108.02423020362,105.342268657675,5.31899946614013,9.71264124143862
106.756688659659,142.835144573125,145.122640058714,107.986427805609,105.295643525631,5.31995769061071,9.70843421437473
106.727473345085,142.797105618997,145.066181322317,107.893259439687,105.180730515028,5.32231934523599,9.69806551139424
106.662380449556,142.705925064543,144.908400773503,107.634344974669,104.863195999343,5.32882417210035,9.67132865489286
106.617200408471,142.479563085012,143.903733291283,106.173367433681,103.225619436774,5.36556340663984,9.57981129023888
106.522187101789,142.336584027075,143.532897067637,105.720570233176,102.763818297588,5.37285914625252,9.55352586916845
106.390697634453,142.086797294538,142.833950826731,104.843533421674,101.884001985796,5.39720414899699,9.51017626178387
106.350853241363,141.960496165538,142.518890827746,104.394416512203,101.413955532131,5.42047341240236,9.48951178733041
106.34915580076,141.951094478568,142.498976540783,104.361940031461,101.378292492876,5.42279215151478,9.48801672258131
106.349999814011,141.872566081093,142.434429007622,104.133934247353,101.075970895911,5.45330297597516,9.47517958134461
106.312374312851,141.816028432036,142.450690808514,104.084172552594,100.980332281812,5.46453364924466,9.46758553913897
106.256804467237,141.756274791783,142.46645930711,104.059786984454,100.920283095161,5.47046728800126,9.46017636301704
106.256263239986,141.755692816108,142.466612885747,104.059549479134,100.919698240986,5.47052507918202,9.46010420071427
106.241190907311,141.739485703517,142.470889810652,104.052935327314,100.903410966689,5.47213447320371,9.45809459341503
106.122901198673,141.61941360507,142.532098809725,104.023984274866,100.791193459694,5.48504477095861,9.4427637236279
106.00565244023,141.533473568263,142.721119784711,104.101883650009,100.752429883453,5.49913947080843,9.42961446053421
105.951091555956,141.49858570904,142.823525437127,104.149131477532,100.74129399937,5.50590791876785,9.42376724079435
105.796496588642,141.490958955405,143.361287394219,104.469423242798,100.825772351733,5.52883345009116,9.41209448848638
105.632336544159,141.725041444677,144.387560738967,105.114770921173,101.090310331765,5.56304367121282,9.41431936331161
105.055199936176,141.799595612565,145.108819849086,105.428972565239,101.051986306957,5.58953149444792,9.40332372338488
104.99663277829,141.80856263758,145.165354025283,105.449350566237,101.046295214386,5.5928555586858,9.40584713461109
104.635399014118,141.64136970596,145.513150216323,105.665210890601,101.105392783898,5.61539865967861,9.45735750662914
104.391579226241,141.205177062569,145.494404437363,105.715867986129,101.089802516324,5.60508434197172,9.47162435171165
104.363861863087,141.139648193793,145.500224963337,105.734281434807,101.096280308529,5.60271060372249,9.47450669889896
104.263316827567,140.755649785893,145.628468066359,105.940587701843,101.200382424645,5.57969242570632,9.50009456000318
104.580842157971,140.24236579901,146.627664059674,106.833622344053,101.401508808613,5.39045005878588,9.65025181997834
104.645453685401,140.282095587247,146.684858797286,106.856954618977,101.374183549859,5.37722877217715,9.66361860356812
104.908110812334,140.471190915754,146.840550159876,106.90810178353,101.287597187679,5.34865848990187,9.70843371767701
104.938059860047,140.49342230898,146.856436700074,106.912872178898,101.278319339878,5.34601237183888,9.71331236045803
106.463814095362,141.147761854027,146.889405763454,106.691288623853,100.330124822311,5.37152891738179,9.93455847598994
106.911057484206,141.34357119049,146.99591490709,106.757170306938,100.142456747683,5.39163459231312,9.99448154732553
107.025956923315,141.338083036811,146.964690414409,106.6970010059,99.9117154920033,5.39490092662351,10.0159368475163
107.103019720978,141.343127186697,146.954444688652,106.663123037373,99.7657387367646,5.39625444848201,10.0304198442249
107.989675082738,141.479420152834,147.155309437065,106.449953986206,98.4932248117187,5.41831453125595,10.2213063095125
108.04349306515,141.21657117122,147.040369273998,106.265326779485,98.1160981895219,5.43953895438368,10.2641043401369
108.069855687783,141.10670304104,146.997187892084,106.201597822274,97.9861381924954,5.45030511944006,10.28206595397
108.102212047566,140.996198910057,146.959050163168,106.150588376394,97.8789172297962,5.46301001264969,10.3008123065865
108.137318439361,140.876302811018,146.917671032066,106.095243535249,97.7625833421072,5.47679472025295,10.3211519493668
108.375251655315,140.319311864869,146.778795039856,105.941857566309,97.3430081058398,5.55268156465252,10.4320050856917
108.258514353517,139.614515183932,146.433579685162,105.633725796103,96.8098973112124,5.58978457991811,10.4899868933591
108.241176532386,139.419454779489,146.346060981766,105.556349039245,96.6560032358934,5.59811349292543,10.5096763869259
108.420625158409,138.591287581456,146.140783230369,105.365333399815,95.9670965040071,5.60341161980697,10.6477320195404
108.438702757859,137.619979887903,146.030188974483,105.228558440226,95.3511061152319,5.58392935928546,10.8165206678795
107.925436199425,136.434753449586,145.985920475123,104.922083602842,94.4474744840045,5.59056546044681,11.0887075052568
107.919035004733,136.381299874511,146.020999865186,104.903821765138,94.3728141554204,5.59169434012778,11.1181141600714
107.916246055321,136.353878569338,146.039733425284,104.894432925926,94.3339314251328,5.5922859447333,11.1335249248038
107.322088349316,135.61026149901,145.823012065732,104.142619876369,93.0728951211885,5.56945952584868,11.3301888177521
106.379112685732,134.404300411854,144.759116509756,103.892347720912,93.105355474057,5.36002898007689,11.3858852777053
106.406614014464,134.402696566883,144.826249134344,104.128653482494,93.3824983714407,5.34591180424405,11.3887821697967
106.107451551254,134.858128302719,145.849041609068,106.246953545644,95.5683910521521,5.33047826700511,11.3802672852073
105.98998071605,134.8677772968,146.024600088504,106.635175828045,96.0065768563015,5.33619105378336,11.3800502746038
106.095311771113,134.947586350991,146.416635564209,107.378686626576,96.8344170061248,5.37320444560239,11.426896099827
106.100702629034,134.950519054904,146.427296929453,107.397785730237,96.8550661019271,5.37442154979471,11.4285283355652
106.141982424517,134.975756733516,146.498302644969,107.518439388756,96.9790022072869,5.38349697030994,11.4405562410866
106.243327130484,135.038433820466,146.66988565629,107.808054252842,97.2744622510737,5.40571474311517,11.4699642206659
106.243861152283,135.034498671504,146.686382817216,107.846253631762,97.3123023937947,5.40940757623436,11.4736679033978
106.145537877102,134.920232961311,146.937853902648,108.483918749771,97.9178944310691,5.47779883000645,11.5333145786622
106.205262372241,135.199838068496,147.594552312133,109.534170602387,98.9368258200885,5.55814898986202,11.6170552139202
106.207402970787,135.206260375654,147.605052869664,109.548824870699,98.9518773040376,5.55890937836752,11.618031313544
106.05882460026,135.63495250249,148.502437860302,110.946332316102,100.605798121997,5.5668144730133,11.6435350320475
106.18334331563,135.923528649019,148.921755381883,111.575779887834,101.376528844952,5.54446519620293,11.6522132158035
106.066819546437,136.025352457469,149.257458533614,112.38386629466,102.323811924123,5.49911937496513,11.6465175751718
106.053522743032,136.117031336957,149.445021592494,112.800130332583,102.76162651775,5.48230423603678,11.6549332627867
106.060002155553,136.162646738598,149.520176941524,112.946600213313,102.912033482144,5.47680945287999,11.6595479679622
105.86739842983,136.771969601916,150.737178751929,115.103180637685,105.314970630948,5.30925005508457,11.699533859811
105.872986995036,136.798886650332,150.784460347923,115.16600429184,105.39269539672,5.30268287615539,11.7009328363726
105.924226892901,137.203021176884,151.555038485607,116.221909877649,106.723217088336,5.18115628283031,11.7190128391186
106.22902253404,139.434603958376,154.073521772007,120.088698682204,110.752489627226,4.79250074554317,11.7671922054076
106.228488503656,139.442746690138,154.08642426614,120.099322988007,110.765337051517,4.78957998807712,11.7660536457867
106.251750888235,139.566742813721,154.267725027694,120.23161678611,110.938196129713,4.7490432155676,11.7522558253774
106.593743331215,139.983856274715,154.516398103266,120.299972281892,111.171614569413,4.67590893111339,11.7532800596616
106.600643701691,139.992837086907,154.516763015006,120.298325938079,111.173073696689,4.67490273272526,11.7535693243838
106.680691619558,140.254280481785,154.222696923549,119.957786479552,111.014593619348,4.61250057622928,11.741075442457
106.674023648391,140.269030753057,154.187850533163,119.922828176737,110.992886079365,4.60797840641249,11.7389834803088
106.630854856657,140.395010715181,153.947157513671,119.675888367585,110.841065918918,4.57595228477944,11.7236027047067
106.629869299451,140.400701593542,153.940268656987,119.668347033415,110.836557944964,4.57496727451396,11.7230819215152
106.493858531919,141.278810411234,153.485114929567,118.856503679968,110.347407819943,4.47556810245077,11.6243579104324
106.315119603257,141.915561227352,153.586811291711,118.298987514701,109.906119523333,4.43236340425939,11.4947657028394
106.328212738469,142.07612880001,153.664965368955,118.227489899555,109.838282516694,4.42805254451066,11.47256024366
105.826391438966,144.960583108607,154.032227477658,115.174771324228,106.464733758375,4.38628949936633,10.9907483096757
105.747572390714,145.187424691609,154.231630858704,114.971327931228,106.197598325247,4.38480905252889,10.9575884495725
105.250029642096,145.976105740643,155.058290075432,114.213461867854,105.041426272368,4.36345249144009,10.8063513961157
105.170248478884,146.530521535936,155.624795934202,113.990258091479,104.598401909752,4.3585307580292,10.7463104576005
104.933109387638,146.811909319078,155.952004694101,113.672335638783,104.135363241834,4.35463386159768,10.6757779126435
104.826486747257,147.130043915038,156.317572156708,113.472838085341,103.854771837191,4.36050820072557,10.6242724674618
104.789349641592,147.649198845956,156.881868390842,113.281416186612,103.602231620691,4.37541021907703,10.564375425861
104.347904537806,148.460967101436,157.582676912472,112.461493338988,102.683896279329,4.38056114015121,10.3540579911566
104.354097613558,148.521311163292,157.624282730274,112.436518607308,102.651464787318,4.3807057353471,10.3456951484984
104.278145794951,149.120041830762,157.969546187288,111.997928631581,102.108087783284,4.37780401424471,10.2160321322732
104.240084079734,149.282271800813,158.058288686581,111.867878262632,101.94258970568,4.37820441778759,10.1742874434453
104.273797659073,149.940412684546,158.558669306325,111.720877210422,101.67397441446,4.39792219539185,10.0742559515511
104.165345807047,150.455702194907,159.085136669889,111.685503526482,101.511844390711,4.42393198464209,9.99044331078297
104.037575072692,150.622748401293,159.313511371799,111.669506423468,101.42694501206,4.43208983836566,9.95088348467652
104.022618434856,150.659988854279,159.364165018871,111.673747445093,101.416345437124,4.4330301796762,9.94509132145986
103.953546227179,150.931269991538,159.721623059999,111.711648570948,101.348091087925,4.43759216845873,9.91016964514307
103.947918706429,151.019510417353,159.833024802844,111.726935547515,101.32967282691,4.43810993879403,9.90188112609961
103.886254109976,152.720715173844,161.517324830273,111.224863354305,99.9869726540315,4.56892602097411,9.78090401645506
103.737510232257,153.876413356784,162.291245742451,110.294632056522,98.6485947330804,4.80640140461574,9.78926696159223
103.841462297795,154.281553412372,161.189440603373,107.266944244772,95.5412395409722,4.78862759961111,9.85511752961198
103.857659922293,154.280710589028,161.018949807419,106.935664917238,95.2172140563022,4.76794354314832,9.86621826172451
103.384158240258,154.019210151788,159.823685447408,104.599083345416,92.9834099552462,4.6261342209472,9.88256082146574
103.280151330972,154.042277800673,159.649083438418,104.09038058177,92.5249992206444,4.59783347250874,9.88265463381984
103.247103451237,154.075811957288,159.585416970464,103.851533541046,92.3169390832007,4.58477078723631,9.88346586744739
103.214453301733,154.244157516984,159.42018261288,103.076232160951,91.6678129072806,4.54160547893829,9.89355555311825
103.068234665421,154.220318458595,159.079298981016,102.168623083439,90.9173310136542,4.48925055852866,9.89543057772766
103.095069857953,154.201030668761,158.466310475875,100.612689132287,89.6591343026957,4.39097364522703,9.98744393706095
103.322587881851,154.011107892778,157.576948320892,98.6042447204203,87.9178433110522,4.28298860675213,10.2748437168215
103.325784345603,153.788347683979,156.835703000868,96.465041821799,85.7842508156298,4.23162624521425,10.4428521500766
103.260105396194,153.772130835892,156.524217395132,95.0614161132438,84.4056891282439,4.21690512365799,10.3702824758425
103.231282542656,153.73629675259,156.373167835431,94.4987747209329,83.8893721021072,4.21148782942444,10.3448525980347
103.253275128557,153.692318724878,156.190950846185,93.86382005497,83.3421571295786,4.20872111596246,10.3503867375158
103.256812016652,153.688511508685,156.180510018477,93.8339659096391,83.3182858332326,4.20889724316593,10.3531831602958
103.35891392461,153.061074708017,155.19469246902,91.9355044401703,81.8643464599355,4.24302128639369,10.6405656784831
103.317982186705,152.825527375842,154.913525812423,91.5854814442694,81.6034513931051,4.25615578480788,10.7028548042588
103.225035085264,151.094122813973,152.847392178642,89.3869484657252,79.995298958677,4.42888392674414,10.9265616217392
103.068001559379,150.127540177406,151.732310939152,88.2547603331828,79.1018303989376,4.53981000631063,10.7979202161822
103.190085573555,147.762100835105,149.34027332582,85.4481768063793,77.0453334074629,4.90281982041438,11.366571606984
103.162471363074,147.360709404166,148.996266061245,85.0940942010932,76.8174361094703,4.95132625717348,11.6400712926874
103.161158253026,147.339326641,148.978083222723,85.0758206828363,76.8060104709956,4.9539214852794,11.6555988122206
103.138263068,146.956269563354,148.652321672892,84.7518267320162,76.6054361061583,5.00051015359058,11.9373345397675
102.658291020764,144.23442884947,146.21752059171,83.1229851483687,75.8759744609657,5.29540630759379,13.7012427136457
102.540352115828,143.95922413438,145.970686840539,83.0063877519475,75.8340372837653,5.31607939476317,13.7471722928924
102.236511012149,143.148804768539,145.396485049822,82.8698713047447,75.9249263727043,5.38320121420958,13.6787116341506
102.232429658286,143.121172159455,145.389031599843,82.8774142896147,75.9408284589318,5.38607774265218,13.673001041171
102.11791521381,142.639074039619,145.244266153408,82.9590098323635,76.1476990409427,5.42754686281552,13.5939369065695
101.895970689336,139.6766150906,144.722172427817,84.1917735326603,78.2576619666789,5.73358696977553,14.1540511327232
101.85696064195,139.08823988158,144.510471890879,84.7747488425256,79.1220310952699,5.82035142782025,14.2834660235173
101.900095058148,138.839367961194,144.516177943403,85.4269274014064,79.968144699682,5.87583663080614,14.3689019801803
101.904722323737,138.824906782962,144.520914498985,85.4795559964161,80.0343503594897,5.87959005407235,14.3755163281081
101.768946846819,138.573275640933,144.463085816989,85.8150760252246,80.4599669346269,5.89489735103755,14.4212139012388
101.642732565399,138.350529817637,144.480742626905,86.2277834633648,80.9404193798642,5.90139972744493,14.4901927377964
101.559236692393,138.150748626667,144.657399767066,86.9046120256617,81.6598157438034,5.89589741444409,14.6179569247491
101.589411500759,138.047142693128,144.951952056309,87.6892485972555,82.4411568970034,5.87820390723374,14.756812558787
101.445944385507,137.580931548979,145.170454162004,88.9713657816221,83.6758435395081,5.81971794865778,14.8820386544489
101.444641562313,137.480339220921,145.210312602042,89.3203701076999,84.0134142831596,5.80444771829051,14.8864205086999
101.455475701369,137.395574596623,145.250376472451,89.6542320377151,84.3376942409493,5.79059443603735,14.8874681721145
101.676554101697,137.234727204228,145.452501460405,90.939328610858,85.6162009480639,5.75079210665104,14.8769934694665
101.675119676447,137.226781012767,145.450820518096,90.9560763036719,85.6331062913359,5.75001405965313,14.8764333602651
101.670353567498,137.200378511675,145.445235316509,91.0117232107504,85.689277017456,5.74742887317542,14.8745723072213
101.910240166188,136.546577869714,145.801820710416,93.7325797724394,88.2676131228066,5.62873572931238,14.9689121051601
101.834378127539,136.143339099359,145.847886299562,94.7269956838793,89.0918731898571,5.56028508748926,14.9911556270866
101.92737388347,136.047083443662,145.970567831396,95.4589167651726,89.7576919488902,5.52867635254002,15.0036339149191
102.433968964617,136.072375628107,147.602508718728,100.361435529473,95.1180063361618,5.49525376442338,15.1353464881394
102.449142588195,136.114489381691,148.230593991929,101.747008075249,96.6752864742894,5.49170660526337,15.1576488505838
102.440207139806,136.110703273305,148.301583826624,101.913029367031,96.862538927021,5.49062632504099,15.1588105310943
103.327247618029,135.307480948731,148.758473632732,105.763313518412,101.740120269897,5.44160386071434,15.6231701148005
103.680518126257,134.928367178621,148.837558375637,106.11522062557,102.097254136866,5.43534213532501,15.7674079213648
103.880141846779,134.882995657278,149.011942753679,106.411838226795,102.37284780106,5.4223746684767,15.8245167465821
104.36442511418,134.629726693029,149.42591355441,107.573656116046,103.502760084289,5.31553430121423,16.0072270155854
104.366736266844,134.625955600907,149.42670934597,107.583055668493,103.512469742153,5.31429326202297,16.0088128304598
105.615366184918,133.483360093586,150.757271389652,111.96470483468,108.154987464836,5.33419149649605,16.6450224537291
105.664952097017,133.379297703355,150.809420135489,112.248980414631,108.461539207707,5.34072370438578,16.6720661257359
105.784529064698,133.153342250455,150.847809296904,112.817599962381,109.092015033757,5.34837590940074,16.7393179429376
105.88962891339,132.949836026012,150.779859024724,113.222667965929,109.564518890597,5.34792993743469,16.803773973186
105.983704713981,132.72886104545,150.615486640362,113.531173891689,109.950716023807,5.34249642761818,16.8674361090534
NaN,NaN,NaN,NaN,NaN,NaN,NaN
NaN,NaN,NaN,NaN,NaN,NaN,NaN
NaN,NaN,NaN,NaN,NaN,NaN,NaN
NaN,NaN,NaN,NaN,NaN,NaN,NaN
NaN,NaN,NaN,NaN,NaN,NaN,NaN
NaN,NaN,NaN,NaN,NaN,NaN,NaN
NaN,NaN,NaN,NaN,NaN,NaN,NaN
NaN,NaN,NaN,NaN,NaN,NaN,NaN
NaN,NaN,NaN,NaN,NaN,NaN,NaN
NaN,NaN,NaN,NaN,NaN,NaN,NaN
NaN,NaN,NaN,NaN,NaN,NaN,NaN
NaN,NaN,NaN,NaN,NaN,NaN,NaN
NaN,NaN,NaN,NaN,NaN,NaN,NaN
NaN,NaN,NaN,NaN,NaN,NaN,NaN
NaN,NaN,NaN,NaN,NaN,NaN,NaN
NaN,NaN,NaN,NaN,NaN,NaN,NaN
NaN,NaN,NaN,NaN,NaN,NaN,NaN
NaN,NaN,NaN,NaN,NaN,NaN,NaN
NaN,NaN,NaN,NaN,NaN,NaN,NaN
NaN,NaN,NaN,NaN,NaN,NaN,NaN
NaN,NaN,NaN,NaN,NaN,NaN,NaN
NaN,NaN,NaN,NaN,NaN,NaN,NaN
NaN,NaN,NaN,NaN,NaN,NaN,NaN
NaN,NaN,NaN,NaN,NaN,NaN,NaN
NaN,NaN,NaN,NaN,NaN,NaN,NaN
NaN,NaN,NaN,NaN,NaN,NaN,NaN
NaN,NaN,NaN,NaN,NaN,NaN,NaN
NaN,NaN,NaN,NaN,NaN,NaN,NaN
NaN,NaN,NaN,NaN,NaN,NaN,NaN
NaN,NaN,NaN,NaN,NaN,NaN,NaN
NaN,NaN,NaN,NaN,NaN,NaN,NaN
NaN,NaN,NaN,NaN,NaN,NaN,NaN
NaN,NaN,NaN,NaN,NaN,NaN,NaN
NaN,NaN,NaN,NaN,NaN,NaN,NaN
NaN,NaN,NaN,NaN,NaN,NaN,NaN
NaN,NaN,NaN,NaN,NaN,NaN,NaN
NaN,NaN,NaN,NaN,NaN,NaN,NaN
NaN,NaN,NaN,NaN,NaN,NaN,NaN
NaN,NaN,NaN,NaN,NaN,NaN,NaN
NaN,NaN,NaN,NaN,NaN,NaN,NaN
NaN,NaN,NaN,NaN,NaN,NaN,NaN
NaN,NaN,NaN,NaN,NaN,NaN,NaN
NaN,NaN,NaN,NaN,NaN,NaN,NaN
NaN,NaN,NaN,NaN,NaN,NaN,NaN
NaN,NaN,NaN,NaN,NaN,NaN,NaN
NaN,NaN,NaN,NaN,NaN,NaN,NaN
NaN,NaN,NaN,NaN,NaN,NaN,NaN
NaN,NaN,NaN,NaN,NaN,NaN,NaN
NaN,NaN,NaN,NaN,NaN,NaN,NaN
NaN,NaN,NaN,NaN,NaN,NaN,NaN
NaN,NaN,NaN,NaN,NaN,NaN,NaN
NaN,NaN,NaN,NaN,NaN,NaN,NaN
NaN,NaN,NaN,NaN,NaN,NaN,NaN
NaN,NaN,NaN,NaN,NaN,NaN,NaN
NaN,NaN,NaN,NaN,NaN,NaN,NaN
NaN,NaN,NaN,NaN,NaN,NaN,NaN
NaN,NaN,NaN,NaN,NaN,NaN,NaN
NaN,NaN,NaN,NaN,NaN,NaN,NaN
NaN,NaN,NaN,NaN,NaN,NaN,NaN
NaN,NaN,NaN,NaN,NaN,NaN,NaN
NaN,NaN,NaN,NaN,NaN,NaN,NaN
NaN,NaN,NaN,NaN,NaN,NaN,NaN
NaN,NaN,NaN,NaN,NaN,NaN,NaN
NaN,NaN,NaN,NaN,NaN,NaN,NaN
NaN,NaN,NaN,NaN,NaN,NaN,NaN
NaN,NaN,NaN,NaN,NaN,NaN,NaN
NaN,NaN,NaN,NaN,NaN,NaN,NaN
NaN,NaN,NaN,NaN,NaN,NaN,NaN
NaN,NaN,NaN,NaN,NaN,NaN,NaN
NaN,NaN,NaN,NaN,NaN,NaN,NaN
NaN,NaN,NaN,NaN,NaN,NaN,NaN
NaN,NaN,NaN,NaN,NaN,NaN,NaN
NaN,NaN,NaN,NaN,NaN,NaN,NaN
NaN,NaN,NaN,NaN,NaN,NaN,NaN
NaN,NaN,NaN,NaN,NaN,NaN,NaN
NaN,NaN,NaN,NaN,NaN,NaN,NaN
NaN,NaN,NaN,NaN,NaN,NaN,NaN
NaN,NaN,NaN,NaN,NaN,NaN,NaN
NaN,NaN,NaN,NaN,NaN,NaN,NaN
NaN,NaN,NaN,NaN,NaN,NaN,NaN
NaN,NaN,NaN,NaN,NaN,NaN,NaN
NaN,NaN,NaN,NaN,NaN,NaN,NaN
NaN,NaN,NaN,NaN,NaN,NaN,NaN
NaN,NaN,NaN,NaN,NaN,NaN,NaN
NaN,NaN,NaN,NaN,NaN,NaN,NaN
NaN,NaN,NaN,NaN,NaN,NaN,NaN
NaN,NaN,NaN,NaN,NaN,NaN,NaN
NaN,NaN,NaN,NaN,NaN,NaN,NaN
NaN,NaN,NaN,NaN,NaN,NaN,NaN
NaN,NaN,NaN,NaN,NaN,NaN,NaN
NaN,NaN,NaN,NaN,NaN,NaN,NaN
NaN,NaN,NaN,NaN,NaN,NaN,NaN
NaN,NaN,NaN,NaN,NaN,NaN,NaN
NaN,NaN,NaN,NaN,NaN,NaN,NaN
NaN,NaN,NaN,NaN,NaN,NaN,NaN
NaN,NaN,NaN,NaN,NaN,NaN,NaN
NaN,NaN,NaN,NaN,NaN,NaN,NaN
NaN,NaN,NaN,NaN,NaN,NaN,NaN
NaN,NaN,NaN,NaN,NaN,NaN,NaN
NaN,NaN,NaN,NaN,NaN,NaN,NaN
NaN,NaN,NaN,NaN,NaN,NaN,NaN
NaN,NaN,NaN,NaN,NaN,NaN,NaN
NaN,NaN,NaN,NaN,NaN,NaN,NaN
NaN,NaN,NaN,NaN,NaN,NaN,NaN
NaN,NaN,NaN,NaN,NaN,NaN,NaN
NaN,NaN,NaN,NaN,NaN,NaN,NaN
NaN,NaN,NaN,NaN,NaN,NaN,NaN
NaN,NaN,NaN,NaN,NaN,NaN,NaN
NaN,NaN,NaN,NaN,NaN,NaN,NaN
NaN,NaN,NaN,NaN,NaN,NaN,NaN
NaN,NaN,NaN,NaN,NaN,NaN,NaN
NaN,NaN,NaN,NaN,NaN,NaN,NaN
NaN,NaN,NaN,NaN,NaN,NaN,NaN
