NaN,NaN,NaN,NaN,NaN,NaN,NaN
98.3714382142614,137.707603284032,165.605198891248,132.094983665094,117.579631928395,5.27357348525839,2.84293270889149
101.041442660693,140.399730413355,168.430826046863,134.629989993428,119.971738418483,5.27809765287341,2.95111448742491
86.0073985742904,124.541658613399,152.110039107977,118.87424317835,105.577266792423,4.00115174145214,1.98028184664024
80.249686170277,118.53929255164,145.923917017513,112.950419016568,100.121288055914,3.59313304785907,1.62911665905234
80.2207616848701,118.508869971244,145.892815631948,112.919585043148,100.093121622406,3.59009384437677,1.62701187659027
79.6573012821752,117.916226086324,145.286948354175,112.318927059584,99.5444283701842,3.53088895986721,1.58600988270938
78.0439171674109,116.219279459605,143.552138530912,110.599033266775,97.9733277697172,3.36136467789937,1.4686068402157
77.9378648779841,116.107734370528,143.438104587108,110.485979795733,97.8700548949725,3.35022136859591,1.46088960702356
79.2800709904691,117.431115162352,144.844241475544,111.626693163624,98.985852253484,3.23369645937404,1.46913151789951
83.6370251978852,121.838362527372,149.428119683586,115.763280756865,102.908599735217,3.25249547531626,1.63200846650624
87.6320951260692,125.862662191813,153.602057894141,119.573711155546,106.530368236868,3.29441970708829,1.7881773463787
88.2438770699121,126.469248212502,154.233668672221,120.153739437847,107.087333903897,3.29746271273755,1.81027428647018
90.4624340903173,128.668962813798,156.524132684727,122.257145448247,109.107105986332,3.3084978235548,1.89040630419775
91.1388960082775,129.339679475335,157.222519818647,122.898496583672,109.722956236814,3.31186254763432,1.91483941901222
91.670138403611,129.83330907531,157.74260389025,123.377115484979,110.200881512322,3.29756895222875,1.92675685786653
91.7413594355404,129.899267971913,157.812140744265,123.441115376462,110.264916657122,3.29554033605947,1.92830634100872
90.1732745891664,127.56977807064,155.575259665549,121.340954934742,108.608374141287,2.88588998716459,1.71555723654737
89.2433398982554,126.517020373461,154.51861608053,120.35506325027,107.707607879524,2.81648063917332,1.66018804570553
86.0458531221767,122.89305123671,150.933062579389,117.007147750663,104.59475454245,2.59394534159563,1.48899483331107
85.7667704704388,122.562520174166,150.619687544911,116.71338751556,104.308359496193,2.57399810176185,1.47884699217082
89.0882063521478,125.742040839228,153.953762665665,119.848771702714,106.940806706421,2.716730118819,1.79086195761652
89.3209624144076,125.981662428887,154.187951051851,120.071245815645,107.139078934488,2.73053350630551,1.80998608418553
90.203898990234,126.884699257069,155.060728358783,120.900982170932,107.877110216798,2.78598631388762,1.8861144677027
90.2495990085763,126.929607200286,155.101095102766,120.939551547688,107.910964569362,2.78980951913615,1.89115947952809
90.7336523441861,127.357291543486,155.435788004895,121.254329902906,108.173001256197,2.84861673505458,1.96676414547961
88.8561552380024,124.912045637239,152.865694379205,118.609124458273,105.699044849785,2.8784916027957,1.98011062615701
88.7988685923408,124.834210815899,152.790581391844,118.526297113762,105.622037644348,2.87959876413573,1.98036883980425
88.4126477830549,124.309456270732,152.284177177891,117.967883478988,105.102862802448,2.88706313465026,1.98210969027043
88.1803392074544,123.94083789589,151.939540020182,117.541975388234,104.710836230036,2.90465220085509,1.99592106038739
88.0525957853372,123.70840311964,151.727556754709,117.257246965452,104.45050824421,2.92167611724279,2.01067962820354
88.0881441863398,123.652924905723,151.678903859916,117.112242770718,104.3278675449,2.94976915111587,2.03952121429235
88.1830386651946,123.690082926828,151.714984576665,117.070876371785,104.301252304505,2.97414636909131,2.06571449313432
88.1831165398142,123.690113420349,151.715014186102,117.070842424682,104.301230462858,2.97416637411793,2.06573598850105
89.3563728513104,124.859291297882,152.605163634491,117.627599449053,104.942114617906,3.12122026464885,2.24551560502897
89.5403937903123,125.068724431672,152.749910985507,117.738808822638,105.06709576224,3.14103059229976,2.27150607339753
89.7195699507397,125.291711372274,152.881894553833,117.843772357975,105.19172123906,3.16230645995602,2.30049116805385
89.8509769617314,125.481801984445,152.966223097326,117.916131622152,105.28720785991,3.18067725096969,2.32687180973193
90.099265422142,125.8409708376,153.125558615838,118.052851650738,105.467626133651,3.21538814944374,2.37671701096943
90.1427502186177,125.903875027565,153.153464353312,118.076796551791,105.499224267133,3.2214673540638,2.38544681028237
90.1921611721447,126.046302953242,153.133132650541,118.068987863009,105.523089989643,3.23805994007645,2.41241877431914
90.2208240046964,126.405580875595,152.903912801318,117.906541929611,105.462384460631,3.28818775352578,2.49812896262241
89.8686636334118,126.463715796279,152.172143716125,117.297247495342,104.92278239315,3.33176294051156,2.58363229781099
89.8371948907979,126.46005829847,152.112565857306,117.24603219113,104.874090085396,3.33451481556215,2.5892235258624
89.2385468252996,126.397957368636,150.74033637767,115.813757377722,103.211257178826,3.41792941209798,2.72571733203689
89.4037795657065,126.77225813499,150.356823330892,115.065406113509,102.121172485829,3.49249382428688,2.8084715697227
89.6370255612785,127.099251457858,150.267236347899,114.729290817956,101.610350924316,3.53366081316494,2.84689607928552
89.699156867856,127.179876720984,150.256435054403,114.663916391786,101.513477506084,3.5420400236786,2.85379268365817
90.2959256123436,127.949340880605,150.119470239495,114.03790908458,100.656851689666,3.61619613496105,2.90886332372841
90.5278489089258,128.246481500679,150.05347664005,113.795357259307,100.352313386207,3.64258476463682,2.92597294718901
91.293038055629,129.340744709399,148.58997581466,111.760737950325,98.5758877586329,3.76627650299849,2.95220296876932
91.6184874811901,129.713979340775,146.988348213848,110.250192389294,97.6927110335389,3.85919331521292,2.95760227768051
91.6386900893748,129.733148942972,146.883209941184,110.158138920393,97.6454206407218,3.86542526957065,2.95816815804293
92.3425611200766,129.933434180362,144.169739719166,108.269926377262,97.1499405383586,4.09702352992964,3.03207460620513
92.5909284454273,129.964246381107,143.48682880619,107.83173568012,97.0759068549377,4.1772959261996,3.06798917976886
94.080222052583,130.93731937678,139.927851289321,104.182566780417,94.5285480002765,4.59251066424536,3.27256939031443
94.2556262300882,131.231407855896,139.321802467425,103.313738222906,93.6997647421009,4.61958502900303,3.28000652748719
94.4761361771681,131.585010155459,138.635677680016,102.341762291281,92.7735777224352,4.63437279412742,3.28144639684484
94.8085436029967,131.913084103572,136.21596849262,99.5144607585672,90.236082899965,4.61808197070696,3.27351409009091
94.8494870725514,131.89540771957,135.781255745244,99.0657550168531,89.8535718808937,4.61399077156364,3.27891474326751
94.93440188859,131.86780456057,134.910751912034,98.1641112419124,89.0773893188794,4.60903198521232,3.29825056753355
94.9515998450299,131.862888459106,134.736760761898,97.9836554594564,88.92146299107,4.60829024955439,3.3027724716678
94.6281717628091,131.784146413974,131.171354101254,93.8725654652694,84.9461806080975,4.60907985292897,3.39439810195196
94.6048223047817,131.805661265423,130.947731818568,93.600002640821,84.6653729714255,4.61020213233325,3.39898080505586
94.5768253789821,131.876172596912,130.502201397709,93.0612903465883,84.1013356892601,4.61398588618671,3.40709310466529
94.5656213254462,132.11890178729,129.257568792279,91.6229433261242,82.5825355260768,4.62992745597241,3.42695046329545
94.5600848768137,132.119329666576,129.20395826898,91.5692288024566,82.5261435678824,4.63055905477295,3.42708770496339
94.4845993470066,132.109419711292,128.557845287107,90.9314779525339,81.8574704747576,4.63795243977164,3.427824184101
94.4788848585053,132.108669496971,128.508932532372,90.8831982370982,81.8068498496976,4.63851214192474,3.42787993785372
94.476019751755,132.108293357599,128.484408856503,90.8589919518702,81.7814698888266,4.63879276308911,3.42790789144104
94.451750629001,132.105107238062,128.276679039807,90.6539506187454,81.5664868394813,4.64116978777927,3.4281446746052
94.4112891579926,132.085309180181,127.341028991166,89.8591524590124,80.7381143438818,4.65705275816701,3.43103275907498
94.4357085153322,132.070645227122,126.672834192292,89.3885981170318,80.2567139211626,4.67249892688652,3.43757727463836
94.4546287935851,132.064467044604,126.346491247352,89.1711717343231,80.0363197836553,4.68061605517892,3.44185903891883
94.6459280111726,132.062160838348,124.762113524102,88.2867973645379,79.1768789272357,4.72852104513216,3.48345267207673
94.611029365382,131.987555776328,124.329793131972,88.02549314314,78.9298355525622,4.73726256400988,3.49370903706482
94.5415486353733,131.848394728623,123.432556545842,87.4669317337812,78.4006901209247,4.7550911492622,3.51691974695028
94.5095135463142,131.791798777568,122.98509561069,87.1753877132983,78.1236607459364,4.76374338543405,3.53005124199761
94.5087531843522,131.790455456552,122.974474997964,87.168467832945,78.1170853748274,4.76394874872361,3.53036292177221
94.4870013068053,131.7568526139,122.555689493265,86.8749168516646,77.8363574257703,4.77192112654651,3.54342887463327
94.4780749125301,131.744880378237,122.340536418577,86.7184503886745,77.6862708089574,4.7759827162756,3.5503535925498
94.4700457910128,131.742673270164,121.113780812858,85.7562421163652,76.7598409379224,4.7994632187223,3.5889368211678
94.4905192520462,131.768212145898,120.823116753424,85.5013984772476,76.5145464960605,4.80537972454381,3.59663545087373
94.4835043980195,131.764987546946,119.620720682988,84.4108355464949,75.4690186443952,4.82408070884223,3.61363500603434
94.4793269082594,131.760302579611,119.568824103852,84.362822535079,75.4231320607273,4.82466195813449,3.61383798207183
94.4666195221178,131.746051512005,119.410961390024,84.2167731343792,75.2835509795328,4.82643004366564,3.61445540905168
94.4623723896713,131.741288441855,119.358199646066,84.1679597008698,75.2368994233236,4.82702098293071,3.61466176889077
94.459312283898,131.731808296671,119.200565306538,84.0224335179653,75.0991081587099,4.82903559732956,3.61448189917665
94.5294018054622,131.688002473921,117.602301630406,82.5827875309884,73.752044529498,4.85358878069832,3.60830371502659
94.7133685447478,131.743504739187,116.535309414795,81.73096021271,72.9813611498133,4.87946357421394,3.60680772100625
94.8027122464771,131.778759505975,116.092671449919,81.4002505006102,72.6857984020173,4.89208256935138,3.60831238266772
94.8080844410499,131.780879358445,116.066055838224,81.3803650818718,72.6680263536365,4.89284134356691,3.60840285726252
94.7763144468742,131.649992187985,114.843996519201,80.4989974042029,71.8666457673123,4.91997309705953,3.61049124528954
94.7504557199918,131.583582376832,113.926760129084,79.8681139939051,71.2836947661284,4.9450030136683,3.62142634672425
94.6386776070672,131.570814453203,110.943983924181,77.8102391825428,69.3008456634452,5.04961441921571,3.69522387414324
94.5580595187621,131.522560935016,110.415613594764,77.4225768428039,68.9224852499984,5.06432379546711,3.70318500388637
94.4217648922986,131.495160440244,108.497763528647,76.0442307755163,67.609755935087,5.11153586275468,3.72375242850339
94.3287920808685,131.495159225385,106.268561596979,74.5045396828741,66.2678981285324,5.13223271812362,3.71826514161283
94.3169437166917,131.489209061015,106.160156105506,74.4287093334179,66.2045330916207,5.13224837860042,3.71736251527086
94.1964553474035,131.450460964579,104.932385356036,73.5626814438279,65.4890342233185,5.13322520272694,3.70908877420556
94.1741503132844,131.448711257996,104.673850680983,73.3787098917885,65.3388523837732,5.13360980061333,3.70778274186095
94.1529022063225,131.458251761955,104.373895925512,73.158327346874,65.1611796038211,5.13508034106484,3.70727465808044
94.1278488784544,131.473071794246,104.003122679082,72.8840983253945,64.9406613817956,5.13716605253487,3.70691011438489
94.1014152295803,131.494652187759,103.589278798557,72.5724698483562,64.6909141706987,5.1403264896899,3.70700078538161
93.9176499462843,131.48406684599,102.261953930401,71.5046898497718,63.8284516199543,5.15361604114671,3.70498316667697
93.8013996859035,131.431962758273,101.769510579367,71.0904460485265,63.489787085677,5.15814427030234,3.70187749272266
93.7508765471915,131.412886944719,101.543285001928,70.8951000755481,63.3326600814896,5.16123638660526,3.70063349751457
93.7374368345335,131.407812567722,101.483106500865,70.8431358901739,63.29086256374,5.16205892367788,3.70030258105588
93.405949733494,131.318104790262,99.6850186197609,69.2877470808528,62.0961233267494,5.19583665320832,3.68939701427926
93.191517419248,131.234585401658,98.1580017127987,68.0655405011115,61.3233469622721,5.23276008786502,3.66195438045618
93.0732707897064,131.136892657271,97.6813009709513,67.7170660200027,61.1364316938984,5.24148527536572,3.64436721991341
93.045480735044,131.112811541406,97.5588706624428,67.6335962923834,61.0998847210048,5.24397120952812,3.63894399700448
93.0171735967344,131.088282353331,97.4341623191762,67.548573461263,61.0626577263456,5.24650339893971,3.63341986533823
92.950093401486,131.029793433718,97.1291452843577,67.3453790840633,60.9807341179095,5.2530375903294,3.61907941387016
92.9033610369624,130.987640408901,96.8797282808742,67.1971559171743,60.9481437772121,5.25966526999515,3.60422766037177
92.8411158546704,130.931663674486,96.5400553011803,66.9989892401169,60.911006271647,5.2691764821433,3.5831524765675
92.525968623031,130.65875301387,95.2590936815288,66.3406918632782,60.9373543234798,5.32378292893271,3.46696455690967
92.3006711283825,130.461556161978,94.8271436085019,66.0923769058664,60.8842765102579,5.3446387312269,3.41991993997029
91.7816888220014,130.016212810029,93.9537848601315,65.6072086182481,60.7775360703596,5.42056992506006,3.30745771155233
91.5629659583669,129.811702448698,93.6157004370371,65.4543234414769,60.7492196598888,5.47779688057244,3.25504393608685
91.436448416709,129.68504793249,93.482538986257,65.3798672486003,60.6989671511155,5.49529498794672,3.23707912745295
91.3197097404048,129.568160461013,93.3597000620191,65.3113438561062,60.6527720013992,5.51152580496864,3.22047017457091
91.2903019424823,129.538062436682,93.3296334237848,65.2992640241218,60.6461806798756,5.51809594235395,3.21533391114804
91.1488985074095,129.393462217326,93.1849333739785,65.2422797007349,60.6160716732667,5.55040221812863,3.190292021369
91.1410111535416,129.385941833113,93.1762874035762,65.2440142282315,60.621469654664,5.55539640948269,3.18735481328366
91.1348760339708,129.38009215816,93.1695621997737,65.2453634175501,60.6256684343647,5.55928110410013,3.18507012780998
91.09080249244,129.339792770696,93.1202027661566,65.2618478614155,60.6669239247029,5.59205502971462,3.16620831624494
91.1634571415616,129.716492446037,93.3962921982745,65.5736949437793,61.2719048458059,5.76435025849517,3.0832968973069
91.1467389826449,129.850875897317,93.566757549254,65.684885753818,61.4904445794083,5.8125157941431,3.06772035839224
91.1445683103809,129.861523603458,93.5831671321236,65.6962518509496,61.5106650212824,5.81665870517707,3.0668746759567
91.1235079253237,129.95490943969,93.7300654408072,65.7990072796534,61.6927235538921,5.85389716521177,3.05963475343075
90.6814449723845,129.773673565428,93.8156372994505,65.8894053092615,61.9986195978055,5.94645260425927,3.04856780051435
90.5370163880122,129.665254023073,93.755528194933,65.8612696606556,62.0139300559363,5.96189005096955,3.04763490259661
90.2274418456557,129.373914009087,93.4464343464833,65.7086633992242,61.9655637910808,5.98778342223091,3.04953766268242
90.0027582705643,129.086989823529,92.9747438002558,65.4571410740814,61.8164276747093,5.99864482569179,3.05075128204088
89.9274859094257,128.97008021518,92.7508513014399,65.3336943089728,61.7350038632514,6.00018601767381,3.05049980249843
89.9010755779249,128.931481075211,92.6882267760678,65.2939882521895,61.7041640070934,5.99935511956526,3.04946772912093
89.892161495109,128.918626486342,92.6682316192549,65.28084512531,61.6935920476884,5.99897634578199,3.04905172169865
89.8282501557533,128.826462883152,92.5248722542001,65.1866127898545,61.6177942231519,5.99626064969739,3.04606907142613
89.7851198922059,128.764266713659,92.4281268681838,65.1230205462269,61.5666424215853,5.99442797510436,3.04405624406842
89.4646543352739,128.248706565109,91.6233889272156,64.592320734359,61.1320224472265,5.97511222746476,3.02569451974058
89.4049542218045,128.142680262875,91.4574251949697,64.4825835803615,61.0408651369685,5.97044928415401,3.02163758721502
89.3968900035539,128.128358359752,91.4350070171685,64.4677604199251,61.0285517190814,5.96981941947935,3.02108958173542
89.1022714811608,127.309476480436,90.4535004539876,63.8653595390902,60.5093669133788,5.92623427292797,2.98783251583325
89.0887695541723,127.256251993847,90.4077064656537,63.8414806467056,60.4884170058636,5.92332794063685,2.98573562810434
89.0879991047107,127.251798276242,90.4054118447619,63.8408216338317,60.4878401828622,5.92308597792415,2.98556993205085
89.0645107639043,127.116019821989,90.3354567857754,63.8207306093714,60.4702548435007,5.9157093712263,2.98051843215501
89.005044843212,126.803404750048,90.1814076655953,63.7780971255804,60.4330052413683,5.89881631883114,2.96883524151333
88.5869822455521,125.35048448001,90.1108459787179,64.1006537548224,60.7909867556505,5.81688477226847,2.91269134486106
88.5602917017307,125.171078521485,90.1700482180657,64.2201670600855,60.9253373926537,5.80455811142027,2.9054870202094
88.5441594726691,124.828267112285,90.3504152182188,64.5473146857041,61.3083424615754,5.77653910267111,2.88981260292973
88.6248631851291,124.257409554927,90.8414464902424,65.4024994552491,62.3616771522866,5.71397855303046,2.855463644018
88.6251849638707,124.21780046432,90.8701311980004,65.4595563535065,62.4372457853118,5.70919337828718,2.85251200626178
88.6215881356894,124.192679339999,90.8834094283708,65.4902967883986,62.4801300421195,5.70620944791282,2.85053018709877
88.5954655420047,124.010232781407,90.9798448985468,65.7135545727229,62.7915844568317,5.68453813173602,2.83613687884467
88.5863005722439,123.946222399718,91.0136787581822,65.7918833507498,62.9008565424135,5.67693486845228,2.831087065013
88.5739085042378,123.85967317766,91.0594259347089,65.8977926520866,63.0486046693613,5.66665440292549,2.82425914980399
88.5624126088527,123.755351652069,91.1255092323188,66.0482004259103,63.2603700739198,5.65290666176333,2.81513391677436
88.553350645891,123.624733955971,91.2252055790511,66.271774569443,63.5777008307267,5.63359197254329,2.80232126548882
88.5232121972827,122.979185510594,91.9600887073206,67.7375503680097,65.5963744933202,5.53026119056128,2.73342639371347
88.5063884285848,122.854473083545,92.1418885305202,68.0458611233976,65.990602315435,5.51375213218805,2.72242097912056
88.489080777952,122.751789033729,92.2919405414258,68.2911845024284,66.2973762514209,5.50137939701985,2.71419762989306
88.475628791562,122.671980140545,92.4085651285133,68.4818566407736,66.5358094679945,5.49176296388159,2.7078062146608
88.4287169977793,122.569673996342,92.4771392024968,68.5999464990809,66.6804673310805,5.48357179332392,2.7019233730656
88.4151595207057,122.542989711698,92.4914203250534,68.6251201131484,66.7110268216139,5.48161955126381,2.70049187620771
88.1907568740654,122.100071530579,92.7278169621203,69.0409516732711,67.2149161158715,5.44926911945813,2.67683213690946
88.1624192366453,122.036935134369,92.7577635107779,69.0885831579271,67.267346945002,5.44496900913397,2.67404357853515
87.8893659193633,121.410584925425,93.0481373955386,69.5476942978694,67.7676524752688,5.4019649978236,2.64656543888938
87.7487088830044,121.007049613794,93.2058905244323,69.7848596390824,68.0033244524167,5.37275475793032,2.62967469293081
87.5603922229809,120.275777572075,93.43810808762,70.1371672618002,68.3309566842491,5.31354457458674,2.59672650132081
87.3656577784997,118.87480573752,93.5808273178704,70.4670706567089,68.5911406809145,5.1732907061331,2.51546396113012
87.2716045859102,118.133518909951,93.5013102008037,70.4823954347703,68.5778263311112,5.08973670377939,2.46304175083524
87.2403523579795,117.657748381667,93.4416648839643,70.4878407697923,68.5651125141243,5.03167003849974,2.42635884773399
87.3061357872165,116.624715977374,93.4021054598807,70.6284258994844,68.647110869812,4.89067378218851,2.3323575918831
87.3129293762841,116.564688034694,93.4056786392781,70.64390598293,68.6579850141994,4.88237080317687,2.32658106783748
87.3647193536683,116.085558532921,93.4809408142686,70.8221142984222,68.7890941793685,4.81988679642613,2.28100380208285
87.2969472832048,115.327037054611,93.626852330881,71.1324451988431,69.0083218095962,4.74616188834227,2.21862732828371
86.7756176865948,113.77028016288,93.8923746480257,71.7508067467938,69.4234082541632,4.67697401582044,2.13351038030916
86.720896401535,113.631560267806,93.91603800141,71.8090557240492,69.4635431787557,4.67442733767425,2.12798586916127
86.0642965870763,112.083823229408,93.9894816500493,72.3242025167845,69.8371942895564,4.68201916287661,2.08553865785896
85.956511104028,111.834456447215,93.9797553353621,72.3908655035845,69.8880174423442,4.68586361360563,2.07989072473814
85.4565596936828,110.901565280941,93.7315304238556,72.3997934707527,69.880703836192,4.69619381174858,2.05404600689789
84.1326875344457,108.403157071096,93.2689926496035,72.6955531349109,70.1318619953897,4.77080618386426,1.95149087999394
83.7498257223369,107.913903331173,93.7857372572358,73.3135943771484,70.6059463535201,4.81924262096019,1.90103614720257
83.4236301305712,107.68266451511,94.5201171139023,74.0238305470812,71.1265334177249,4.86276310921489,1.85689157836896
83.2747678861432,107.647070385182,95.093469270885,74.5449914484372,71.5111892654829,4.89121966185098,1.83270837138518
83.0567946425999,107.772543451174,96.6213336930791,75.8858320237835,72.5108773569556,4.95701917796508,1.78386808386193
82.9510274484431,108.027313818016,98.247962076895,77.289964036314,73.5719627042721,5.01787096387636,1.73759549252486
82.9256764117235,108.060962245723,98.5120713172294,77.5158297770018,73.7413653131529,5.02669533375574,1.72864761330092
82.809866140217,108.089060746453,99.1288678034118,78.0361694119783,74.1229441265292,5.0440821289373,1.70092015287762
82.7835436232105,108.09544725478,99.269059478864,78.1544374093902,74.2096731763255,5.04803397367353,1.69461797830326
82.571894724987,108.183105522351,100.696011018349,79.3571712606974,75.0970378850472,5.08090188668333,1.6187352656022
82.5313929645663,108.220912487997,101.138078176727,79.7309620504195,75.3748393499949,5.08840436635019,1.59023545116317
82.4932442046211,108.283864432898,101.75957795415,80.2587444346146,75.7684797587651,5.09763329320567,1.54711032857683
82.4904505519236,108.294919335214,101.853440265147,80.338811830227,75.8284160390399,5.09881883098619,1.54011449941204
82.4842328476784,108.319523722554,102.062345291203,80.5170141479535,75.9618134597898,5.10145742786606,1.52454420438686
82.481009779014,108.381582781987,102.529597854859,80.9176740959108,76.262976520018,5.10705707628321,1.4885474527201
82.4938744674109,108.475401926693,103.151041951049,81.4538883472434,76.6680114681165,5.11401971811724,1.43879194478697
82.2482447298763,108.487009568799,104.642683392105,82.7344756355403,77.6066145963745,5.12559989745845,1.28616856938352
81.8218474006201,108.648071426925,109.472339409754,87.2563617649637,81.5210355345626,5.23792419308374,0.999560754733678
81.7097687072416,108.61933829703,111.385185509586,89.1177090313706,83.2203708663571,5.2695734489527,0.942483314161783
81.6224588926759,108.557556968039,111.734588483223,89.4409099125895,83.4964045679357,5.27196373498709,0.926390491813389
81.4991571801986,108.482811728998,112.339164099193,89.9865979083418,83.9543821463178,5.27802966145202,0.898645001746025
81.4257904361357,108.446478750258,112.778357262045,90.375887945811,84.2770564081523,5.28369383641817,0.878583797660308
81.3249998909262,108.472367865545,114.567697368657,91.91968660173,85.5453274050117,5.32980591905873,0.80050089791136
81.3331000309698,108.502007892952,115.064086794714,92.3506798998899,85.9014111469981,5.34866553261433,0.780377279466951
81.2936230063873,108.486378267944,115.585623370244,92.8050958159251,86.269983142811,5.36985287275608,0.755606236179061
81.2789562467263,108.475372443165,115.660707482103,92.8708141208179,86.3220062289783,5.37316004962239,0.751360858862436
80.7409712282589,108.137462253721,120.076081119192,97.3513200553783,89.6640725770353,5.58967375110374,0.616011782142641
80.6702165058049,108.071220509342,120.407131521104,97.7496155358344,89.946934678371,5.60130730943592,0.612184901553814
80.5741637176144,107.969254603443,120.933057682819,98.3950561420578,90.41425421745,5.61831862161355,0.608358532839445
80.555045759192,107.93591565555,121.102034314223,98.6079998529928,90.5775583919385,5.62325456955043,0.608158470173414
80.5683669730546,107.141969228511,123.480172383369,101.765156085427,93.4196644156033,5.68619027135552,0.627383476852877
80.5489182760079,106.760587052032,123.879360588015,102.343372943578,94.0734428937074,5.69659926213111,0.632764098258788
80.6077325738783,106.090614217721,124.597681693255,103.315099407533,95.2432556438637,5.71947023578486,0.65556492505085
80.6840917685311,105.801275270057,125.02215503176,103.814743913963,95.8194477177302,5.73313033846337,0.677943050978137
80.7212148217806,105.7132367414,125.205172986902,104.011541547376,96.0260357698029,5.738367056641,0.689480198904346
80.7436752111734,105.659971197159,125.315903494728,104.130609110281,96.1510267844765,5.74153540404548,0.696460466210555
80.6777846336062,105.333008414102,125.736929086325,104.549509879492,96.5123852431736,5.7464586894517,0.728055584758695
80.6594277209512,105.093999224821,126.469780039136,105.205357701699,96.8521395958618,5.74444291718477,0.803046814333445
80.6600876126329,105.092684326573,126.478425893565,105.212987571597,96.8554537388982,5.74439252069998,0.804014436281506
80.6824330605585,105.082889605349,126.61792078106,105.33687570781,96.9077397637843,5.7434619454086,0.820656571788145
81.5428161043607,104.977404380869,127.808939538262,106.460261697612,97.4129959298932,5.71861989140109,1.09681125352366
81.5620850259376,104.972988750233,127.813815225975,106.465556476345,97.4196436902795,5.7184255639427,1.1009951206007
81.7057826359861,104.94174771916,127.846660283776,106.500723805868,97.4689007541273,5.71725316170353,1.13149966183377
81.8539617712098,104.919022909044,127.860770727694,106.512714879373,97.517903871184,5.71760000003263,1.15904024853616
82.1098764364615,104.883054094246,127.879931561819,106.524745040232,97.600005044965,5.71863058583436,1.20584688649385
82.1523154626676,104.878711001015,127.880532411573,106.522446686122,97.6123684444517,5.71901497854485,1.21323415367428
82.5843425295251,104.641125167332,127.698115596065,106.275369190259,97.6035045281833,5.71626313698652,1.31249403163357
82.6025191805118,104.616273171257,127.670022376602,106.23907753251,97.5847380374281,5.71527449881528,1.31901819058443
82.7894091929563,104.372232184795,127.359964449735,105.835538521942,97.3473346845085,5.70164218994541,1.38820134737973
82.9578412956272,104.236476585184,127.094746527398,105.498850123773,97.0642491957757,5.67810028008206,1.44489186445561
82.9759946284278,104.227106560199,127.071386979884,105.470796105774,97.0360892155459,5.67522108366107,1.44995580215318
82.9902369744396,104.055348875827,126.820029752701,105.203393697997,96.7517602495484,5.64803448471288,1.4739527875081
82.9860101599809,103.872345677746,126.577498672051,104.962463340639,96.4841905600638,5.621139443522,1.48807636345698
83.3983792293588,103.447250086617,125.985685000221,104.37533256862,95.8172322920362,5.53992322511122,1.53999842751201
83.669942240248,103.393730374327,125.900747676333,104.262504722648,95.692408010409,5.52026247693128,1.56285010364704
84.5957194166485,103.246452569688,125.731207770139,103.771372140701,95.1731656704273,5.44539775606043,1.66701389567807
84.6746908185395,103.297697704857,125.784709886145,103.793771460568,95.1918880814534,5.44301087981671,1.67744792001381
84.8726893651645,103.426180447243,125.918851372262,103.849931445993,95.2388292536211,5.43702645993923,1.70360829711815
84.8818179351493,103.434492299915,125.927733248706,103.855462017479,95.243875402988,5.43686510085435,1.70489688208084
84.984496262474,103.538812518578,126.039866708201,103.931006103477,95.3137013991864,5.43556949104526,1.71976487866357
85.2790025628848,103.891368747209,126.436944316775,104.201096572039,95.5640525075416,5.42845511729317,1.77189962814632
85.5272663524431,104.352998579232,126.996657488033,104.640669117717,95.9917676214411,5.41903359878782,1.83506264188056
85.6931974512746,104.614706570321,127.315140445738,104.924448682007,96.2846357431773,5.41848308709873,1.86626190432723
86.9078369390719,105.642270849352,128.696530937854,106.063185377468,97.6252652461215,5.42727903919226,2.04465653380552
87.2234778188992,105.729159931119,128.799846891909,106.016170740695,97.6237337053136,5.42960085314897,2.09502055072
87.2858299765534,105.748436463257,128.811170388622,105.990052487942,97.6001601435422,5.4304642052192,2.10644633476707
87.6262603527873,105.88154629789,128.847708546043,105.776545708658,97.3630877061943,5.43720557452095,2.18315547744071
87.6130310641529,105.85115230232,128.765169875374,105.608402996209,97.1642418023295,5.43597611967773,2.20609347057863
87.6086465839308,105.841079056801,128.737814725818,105.552676764995,97.0983398512234,5.43556865102291,2.21369563121088
87.6257162362614,105.893852227799,128.58630731531,105.137272213878,96.5315093757357,5.44239902667816,2.30989776991082
87.6793751102145,105.958051912216,128.610588949566,105.107250348597,96.4636523502472,5.44831197277809,2.33929073744115
87.7854119582548,106.074048549873,128.679915109617,105.105985694119,96.4121206278402,5.45890071430001,2.38334087123
88.5113525336824,106.775160831434,129.492247866929,105.664833828912,96.9044038047317,5.53552687579336,2.59404917013453
88.5587761087832,106.834374611284,129.567046321414,105.724537946192,96.966468322219,5.54093255383987,2.60519109219525
89.3299478908759,108.193140429154,131.165630889787,107.017967279489,98.3016846957323,5.64405020138086,2.80054233022823
89.3364711409848,108.351130811017,131.335039262616,107.147155437031,98.4321996387929,5.65405487447618,2.81954838287675
89.3330958216701,108.470516902276,131.462031122125,107.24275789001,98.5285242915116,5.66153060658815,2.83389945581846
89.3294185857858,108.600581876261,131.600382187389,107.346911819741,98.6334650205195,5.66967503021758,2.84953420781646
89.3006194318839,108.962284691889,131.961927898092,107.621881440756,98.9068649152514,5.69092883393073,2.88961593935952
89.2990594340296,108.977044127188,131.976200208963,107.632797598589,98.91763915798,5.69176719246042,2.89118109291923
89.2164286530134,109.910232347072,132.836725873876,108.30344965176,99.5810881227232,5.74435256398307,2.98765192529421
89.2168659539885,109.971307579444,132.890047697149,108.346521195202,99.6247142933467,5.74795980659902,2.99406102543118
89.2806930014464,110.800527205062,133.607421163219,108.934443242597,100.230947857309,5.79915435562541,3.08360287522325
89.4002332932248,111.384032085687,134.112419236526,109.352733591371,100.681548766034,5.83956216079186,3.15261323578823
89.4259796182543,111.528562482468,134.237220087895,109.450344931699,100.794905174297,5.85149537303072,3.17313235573998
89.7508355691612,112.457689511578,135.082936673536,110.113301200688,101.574426210142,5.93295202221839,3.30674888171231
90.5317630108274,113.627877137024,136.292812751688,111.052511661618,102.665646508823,6.04150620179727,3.46762613721603
91.9554320456029,115.73639332313,138.638823363694,112.79978870576,104.629913994793,6.23221151126784,3.73475687411705
92.1067899054921,115.998507691608,138.935449411936,113.016255871372,104.869555444674,6.25532120148922,3.76631083939181
93.2128373197225,117.822454101156,140.912612919692,114.589733933558,106.664137380143,6.41686257455479,3.99298602108723
93.2215456576497,117.833847792973,140.923874342951,114.600608475532,106.677782627906,6.41799432803337,3.99472722356229
93.7452493524027,118.374636313088,141.392578673579,115.202239383247,107.604828711888,6.49867220511582,4.13548109432577
93.8175305451473,118.385840301284,141.377635472851,115.253386606931,107.733204660884,6.50981321162205,4.15946795581415
94.540535316749,118.204007549735,140.984927628356,115.642165002949,108.863917465125,6.59493088003312,4.38577544258024
94.7053525311444,117.942764719425,140.703238254754,115.811972712868,109.458827486082,6.63493257176294,4.52907728598342
94.7500599429946,117.891651444728,140.674328022131,115.930012231613,109.723231136635,6.65069477695406,4.58613083992415
94.910398582988,117.977152328757,140.879395886424,116.408370081828,110.49919611378,6.69093035003989,4.72268546673756
95.1231715784556,118.139153331458,141.315384058291,117.160596930467,111.632514118362,6.73892549959814,4.89648172449004
95.309209085932,118.155488482243,141.502720211495,117.537931855158,112.226801633471,6.76295394842721,4.98659355893707
96.2378057853183,118.244062303852,142.098596217959,118.71988130714,113.958180340175,6.88339166776968,5.32495259132166
96.2554686699413,118.251596777255,142.117212509237,118.749693099904,113.993937210801,6.88711314384532,5.33323113293498
96.3528233412467,118.293125451493,142.219822188066,118.914010387113,114.191022707365,6.9076252565521,5.3788609785041
96.7753081354952,118.65939573472,142.818037582723,119.817268204496,115.169254108889,6.99878672384289,5.56397483811565
96.8757787696181,118.733202793556,143.048031077433,120.431790433124,115.896843635912,7.04173793820013,5.67260117071112
96.9585392670892,118.759628059012,143.115863130314,120.661223633833,116.201153128291,7.04925531127056,5.70435630226542
97.3742190884539,118.829238676615,143.268932797008,121.310096915872,117.208776056896,7.05235526356532,5.79080060175777
97.5683909857219,118.8046926311,143.268282795036,121.516028202793,117.629876908734,7.04570989866199,5.8247631149275
97.8570343692564,118.620182835223,143.111585162161,121.669102587595,118.24795252126,7.02374417329032,5.87713589882608
97.9540917840432,118.573249434458,143.069832762148,121.701182732753,118.420198868186,7.01772090755242,5.89214493890142
98.287572528852,118.490603006736,142.989791964464,121.753330950006,118.883326186886,7.00598876685093,5.93602208600724
99.1303775259929,118.564105140101,143.024663668172,121.78265418186,119.737569357668,7.01285281300405,6.03375377591008
99.7159643200823,118.73016365679,143.102880912148,121.517111157683,120.108596524882,7.06285840716413,6.12119039987928
100.062971267951,119.062569360608,143.362248598452,121.482198371656,120.273475706204,7.12349783442174,6.18118573773598
101.085766666684,120.960474682507,144.936682635407,122.491324660598,120.861482102473,7.39456134577007,6.41574525649681
101.910823188032,122.016462111396,145.679469896772,123.20035234609,121.16966134167,7.50061030143546,6.50273037343464
101.985303619335,122.090806381188,145.685200087098,123.193410393285,121.124211919305,7.50679124932639,6.50342088716956
102.101261999348,122.203945763942,145.687896893822,123.173780557724,121.048449530648,7.51531477037088,6.50327513615572
102.212962604324,122.300270985327,145.660267821273,123.112031313313,120.951177283567,7.51818565221946,6.49720635963277
102.303493575839,122.379843746493,145.63200033649,123.052816383075,120.866930870654,7.51917043978113,6.49103572906034
102.46224768121,123.133473760849,144.969801669178,122.102871681468,119.919851920404,7.40986196611228,6.38127780292214
102.071540169595,123.777414076184,144.766446944605,121.950046469586,119.841234123388,7.30051764582873,6.34118433063174
101.34195289844,125.181144735324,144.677568483378,122.130234240956,120.331123539617,7.10514016756763,6.27682034594651
101.336973650412,125.194880104113,144.676436015675,122.131899645977,120.336726345951,7.10341142898619,6.27617851456193
101.296584431653,125.355005550765,144.664058633496,122.152924346276,120.405042834213,7.08499111082232,6.26966779545323
101.223248236279,125.690379767356,144.634217877557,122.197154212668,120.550377036911,7.04739030480733,6.2570753515444
101.124703957049,125.963506806652,144.552951594334,122.196633105594,120.651404216935,7.01045691382293,6.243990669936
100.600041352654,126.334736512075,144.061257098245,121.956439547222,120.687591855612,6.90119136333484,6.19788598303567
100.387755574265,126.573367351587,143.892932555225,121.931614276418,120.81585058677,6.84566850599904,6.17830668788171
100.265010213081,126.766753499151,143.817662080641,121.958332345353,120.95646731762,6.80657487168836,6.16505755449881
99.9569500556888,127.086766269914,143.653380776012,121.994495850657,121.248584236553,6.71733037203663,6.126665355776
99.7044468601262,127.200519187759,143.498439769246,121.957850439917,121.386554310064,6.6519935456397,6.09228180850251
99.3539782158425,127.558387807819,143.238029709449,121.981699537775,121.811564518823,6.47170425322275,5.99834958691779
98.8116839481326,127.733059503854,142.929655150713,121.933815957346,121.494607375284,6.2546813368085,5.86315302218165
98.6321218421165,128.463350726844,143.601754849992,122.650713198581,121.614491928001,6.18640806795143,5.79034465161835
98.5780598857466,128.677978632655,143.833009586032,122.880684074672,121.685146584692,6.17872111399508,5.77212903207525
98.7339379089131,130.448553874764,145.836036802882,124.886444093171,122.681179346949,6.2507266543307,5.69339660080068
98.7288555145775,130.68703984527,146.138334795085,125.221917805548,122.799680380281,6.29982859412466,5.66919408911128
98.8859271153974,131.025292436652,146.530181802391,125.699154938417,122.948647187514,6.42133737253305,5.62538400345056
98.8985009519492,131.043666323183,146.549576402458,125.722935264886,122.955855152269,6.42849517261236,5.6229266595324
98.9411269815646,131.312873156909,146.819269252028,126.011405997939,122.917652923214,6.55422934347552,5.5615842042356
98.9039792832048,131.424789896244,146.940696744913,126.114692851949,122.877460245827,6.60218319849694,5.53823375413985
99.054640891325,132.373142924964,148.046398893583,127.024127147737,123.001075654738,6.88421333965288,5.51568454251426
99.0298055044115,132.430422910426,148.131155793446,127.080976737892,122.961051643609,6.91704915060273,5.51351592620839
99.0210590251975,132.450595666501,148.16100531685,127.100997918169,122.946956063676,6.92861320390098,5.51275218705229
98.9839421260449,132.600865416858,148.391304865085,127.252836990341,122.834597348532,7.02018571286625,5.50558380966885
98.984435816119,132.682787908157,148.51955909617,127.335737339971,122.770323278479,7.07222211276892,5.49867666834108
99.1531207568221,133.027985006465,149.053181775611,127.649494843117,122.437370571565,7.30308098408975,5.39274539342896
99.1523722978871,133.027539207981,149.053116593329,127.648839450407,122.435154033725,7.30354634836863,5.39213550050601
99.1199499907903,133.008227773954,149.050292978225,127.620448656023,122.339136380449,7.32370534822175,5.36571570014315
99.0625929888026,132.98952311704,149.076431909875,127.571661190595,122.090818219117,7.38955566433734,5.28749782678883
99.1836101832221,133.168572816013,149.324420312969,127.716164945495,121.907694679442,7.54728243502888,5.22738266488829
99.1996980650127,133.188738142738,149.350186413084,127.734401716702,121.899671244233,7.5616408095105,5.22552087909742
99.394222079146,133.396176235238,149.614245799028,127.939353879988,121.866487058132,7.71783544962727,5.25974633383943
100.150892177785,133.757737023791,150.277985360677,128.262168323486,121.238256836822,8.49024516608548,5.64494946781492
100.448845125965,133.558291579792,150.175346035933,127.868900466209,120.481248020534,8.78458495919531,5.71210758371593
100.489461175146,133.534907647865,150.15589067568,127.816809106406,120.394928050969,8.80667771135171,5.70566798820523
100.565441298835,133.498043283042,150.124698341049,127.730462156014,120.248402923606,8.84391447081795,5.69228298237363
100.934229200048,133.417738207117,150.045811822988,127.502158278648,119.766476603315,8.96427537723116,5.60255098389989
100.943232388723,133.359143720104,149.987944717977,127.43219861109,119.652338716941,8.97996888859655,5.58507131893225
100.954836107304,133.283624483275,149.913362964118,127.342031413251,119.505232623661,9.00019539900559,5.56254273261508
101.268603356096,133.005348913228,149.677069854213,127.101436657717,118.8386645154,9.2231155534856,5.51231919463237
101.35853989469,132.985392699662,149.669650015751,127.099298900454,118.75333829887,9.27968703182975,5.51724788874979
101.721374898741,132.537325039056,149.194110448779,126.596949798363,117.477999726084,9.87367653255508,5.55788291532731
101.735956366002,132.540198670138,149.191259909083,126.593131135864,117.459479179197,9.88540594318767,5.55764845371771
101.788152130275,132.354564816689,148.883971436058,126.289385016617,116.922123285504,10.0785483988918,5.52935026406899
102.445222913513,131.917819836868,148.342049926486,125.837627940792,116.260343998496,10.6257106101037,5.54284986332614
102.670534967204,131.501810858567,148.003142356668,125.471173509965,115.757112162176,10.9885668022464,5.5876378541459
102.733155957538,131.432509954542,147.957032978625,125.409491391081,115.637691306551,11.0834389144754,5.60296055309946
102.838964189166,131.373981720231,147.937451668404,125.356654574956,115.442877765361,11.2463210611955,5.63316494162542
102.875052769053,131.359292916798,147.935927563913,125.343712803673,115.375393380307,11.3032912974048,5.64402576749741
102.81668002054,131.172607361149,147.854712864762,125.20569812971,114.263477545231,11.946251218607,5.76195480918201
102.778505547515,131.137966894529,147.877944639446,125.531631215072,113.63469152671,12.526689131485,5.8759082435638
102.601364989962,130.012537077048,147.101828390818,125.365598235472,112.898663139853,13.2895945404183,5.95099416800738
102.610674781456,129.984975648242,147.091478908771,125.358870004279,112.878453522085,13.3137388407726,5.95289605259365
102.649283297126,129.870676003981,147.04855870588,125.330967443881,112.794642478114,13.41386735591,5.96078333351675
102.425243890584,128.98341218456,146.610478164489,124.744952705096,111.741851530732,13.9697034466186,5.97604184388878
102.457018300506,128.796467672721,146.673938344407,124.7284429822,111.447528569253,14.2855027720182,6.01062111127418
102.473414503516,128.78221154159,146.69793513012,124.749437267938,111.433208700101,14.3330370118106,6.01778912439222
102.475194523293,128.755919943217,146.707892571317,124.761184031993,111.416930075151,14.3750452244837,6.02387733865657
102.399297094512,128.597928025596,146.663365500078,124.749703064456,111.349933735065,14.488558555377,6.03876353830344
102.378079477237,128.238461217584,146.810069853662,125.192581446292,111.74892437315,14.8981472759613,6.13083642758816
102.388361163957,128.229077441836,146.836919285916,125.240693053142,111.79705991063,14.9228854034018,6.13788176105348
102.52676062579,128.171422392059,147.226298885066,125.853395688173,112.380792515991,15.2096974434543,6.22161016977729
102.527073368776,128.171361938557,147.227207214027,125.854744706819,112.382046278312,15.210298585213,6.22178807498862
101.393937623792,127.364433600796,149.620405679439,128.43226755968,113.37371109017,16.6678694516357,6.53824188606948
101.326195804794,127.282271609016,149.799547472464,128.61823386672,113.431473641565,16.7789707195437,6.56309732091751
101.312029478064,127.25025487691,149.882796775756,128.706151231209,113.466592176625,16.8290165994584,6.57509638434656
101.46198243083,127.068767449859,150.59962044955,129.47971544402,113.881167131037,17.2379280954945,6.6848989439733
101.501864113767,126.838198176794,150.818228444123,129.7272078849,113.971681711065,17.4323818899639,6.73342704436888
101.73245072325,126.591653196266,151.21000408177,130.14716613218,114.145588001109,17.7251763339808,6.8094305494313
101.957342283095,126.491286005054,151.494729158976,130.440576601669,114.268043694374,17.9135824220978,6.85824747965556
102.557543847774,126.427621425531,152.140071621493,131.081121055673,114.511440223141,18.302420638783,6.95191350723643
102.611923468064,126.426266338698,152.196323069068,131.136328002707,114.531308386019,18.3356541481186,6.95956672764749
103.532704302758,126.016209963541,153.10889158264,131.969919634191,114.446179287823,19.1879376789371,7.07055033159735
104.122885661296,125.659163220864,153.491064573927,132.299749722674,114.625930070727,19.8853066170761,7.1445053874711
104.227611310925,125.614190426606,153.533809131344,132.343975675694,114.702132911509,20.0022573468433,7.16201370528407
104.667351525359,125.366783139115,153.527395112838,132.442758769655,115.149405374241,20.606466596685,7.2687834566005
104.78451013913,125.146190291558,153.368812434384,132.398409458708,115.371616537973,20.9609232474397,7.32267304337791
104.812708561095,125.128727444026,153.362865278253,132.408038196771,115.416805099294,21.0123306019077,7.33022816587457
104.847714445269,125.124458328392,153.375549841708,132.431646637491,115.467759980271,21.0595469904921,7.33709031062728
104.692628402727,124.896315230898,153.451283020186,132.620267623181,115.969859929081,21.8187841919607,7.44478220603546
104.668854432311,124.89305294158,153.442176409158,132.62009705598,115.993480333761,21.839619400594,7.44628898307195
104.642484694745,124.891312978188,153.43300040507,132.622122733118,116.029887243583,21.8652982152014,7.44745589755104
104.635241854198,124.893943053475,153.432010336106,132.626343580035,116.056775102582,21.8766011717552,7.44694191836821
104.627221299708,124.896855538159,153.430913956582,132.631017648514,116.086550097189,21.8891178050227,7.44637274968142
104.492067091464,124.831853488924,153.350982526269,132.524949327801,116.974634875034,22.0852383343796,7.35239486556337
104.449280547657,124.802712212038,153.303250333457,132.429572254652,117.09670789717,22.1055713661284,7.33175559523054
104.448037588397,124.805074700402,153.300271425095,132.420212765641,117.109719161431,22.1082330627259,7.33049889654738
104.513705678483,125.127469606845,153.235694774545,132.120224500504,117.496301910294,22.2272028890693,7.33638967573549
104.367034879656,125.458210732514,152.837463328216,131.55984971094,117.361082890495,22.3210074408267,7.39013093040999
104.088898896925,125.524288686439,150.894695761497,129.830776095286,116.580874280935,22.2135366900621,7.25185327939867
104.118499191697,125.216022643024,149.504047004583,128.690789484261,116.151764099082,22.0782754103361,7.04523811088909
103.991927678207,124.835412976295,147.64117413612,127.076388755824,115.367038620926,22.1609954602479,7.07706392236972
104.016022462609,124.658353392227,147.166320461424,126.714655619663,115.286307108733,22.2161095154421,7.13904999009916
103.901849258446,124.202920111782,146.506252295523,126.247490532363,115.23943491418,22.2444884862386,7.20051220344522
103.597400484979,123.612022518233,145.839029279461,125.807034061902,115.251324190251,22.2099711542262,7.21897417145093
102.965014612907,123.18331748062,145.024365763302,125.427079830659,115.67768969885,22.054074889289,7.17106272771066
102.208495756311,123.237530405593,144.349693050526,125.004985157343,115.734540256295,21.8946273189074,7.10487054531071
101.335369709347,123.354333880363,143.251358491556,124.164044226646,115.441238237575,21.6855492176249,7.05978138740987
101.332686511864,123.352396615365,143.24453497098,124.158382998264,115.4386139081,21.6844170574017,7.05974298993039
100.896675037126,122.58445680222,142.017121408386,123.082274480095,114.830855883146,21.4836899571723,7.04417594958808
100.692012972285,121.712654788249,141.097675469481,122.234079622493,114.321657063755,21.3134849505853,7.02425689257881
100.680147411573,121.626093755445,141.009625622673,122.151248166267,114.272991338104,21.295540809433,7.02217126753599
100.613876644783,120.834848724578,140.148033055082,121.318516406935,113.784276719173,21.1019542129932,6.99991491839314
100.611758594336,120.747687570414,140.033316919554,121.202716011012,113.714695773138,21.0727795989404,6.99665347097091
NaN,NaN,NaN,NaN,NaN,NaN,NaN
NaN,NaN,NaN,NaN,NaN,NaN,NaN
NaN,NaN,NaN,NaN,NaN,NaN,NaN
NaN,NaN,NaN,NaN,NaN,NaN,NaN
NaN,NaN,NaN,NaN,NaN,NaN,NaN
NaN,NaN,NaN,NaN,NaN,NaN,NaN
NaN,NaN,NaN,NaN,NaN,NaN,NaN
NaN,NaN,NaN,NaN,NaN,NaN,NaN
NaN,NaN,NaN,NaN,NaN,NaN,NaN
NaN,NaN,NaN,NaN,NaN,NaN,NaN
NaN,NaN,NaN,NaN,NaN,NaN,NaN
NaN,NaN,NaN,NaN,NaN,NaN,NaN
NaN,NaN,NaN,NaN,NaN,NaN,NaN
NaN,NaN,NaN,NaN,NaN,NaN,NaN
NaN,NaN,NaN,NaN,NaN,NaN,NaN
NaN,NaN,NaN,NaN,NaN,NaN,NaN
NaN,NaN,NaN,NaN,NaN,NaN,NaN
NaN,NaN,NaN,NaN,NaN,NaN,NaN
NaN,NaN,NaN,NaN,NaN,NaN,NaN
NaN,NaN,NaN,NaN,NaN,NaN,NaN
NaN,NaN,NaN,NaN,NaN,NaN,NaN
NaN,NaN,NaN,NaN,NaN,NaN,NaN
NaN,NaN,NaN,NaN,NaN,NaN,NaN
NaN,NaN,NaN,NaN,NaN,NaN,NaN
NaN,NaN,NaN,NaN,NaN,NaN,NaN
NaN,NaN,NaN,NaN,NaN,NaN,NaN
NaN,NaN,NaN,NaN,NaN,NaN,NaN
NaN,NaN,NaN,NaN,NaN,NaN,NaN
NaN,NaN,NaN,NaN,NaN,NaN,NaN
NaN,NaN,NaN,NaN,NaN,NaN,NaN
NaN,NaN,NaN,NaN,NaN,NaN,NaN
NaN,NaN,NaN,NaN,NaN,NaN,NaN
NaN,NaN,NaN,NaN,NaN,NaN,NaN
NaN,NaN,NaN,NaN,NaN,NaN,NaN
NaN,NaN,NaN,NaN,NaN,NaN,NaN
NaN,NaN,NaN,NaN,NaN,NaN,NaN
NaN,NaN,NaN,NaN,NaN,NaN,NaN
NaN,NaN,NaN,NaN,NaN,NaN,NaN
NaN,NaN,NaN,NaN,NaN,NaN,NaN
NaN,NaN,NaN,NaN,NaN,NaN,NaN
NaN,NaN,NaN,NaN,NaN,NaN,NaN
NaN,NaN,NaN,NaN,NaN,NaN,NaN
NaN,NaN,NaN,NaN,NaN,NaN,NaN
NaN,NaN,NaN,NaN,NaN,NaN,NaN
NaN,NaN,NaN,NaN,NaN,NaN,NaN
NaN,NaN,NaN,NaN,NaN,NaN,NaN
NaN,NaN,NaN,NaN,NaN,NaN,NaN
NaN,NaN,NaN,NaN,NaN,NaN,NaN
NaN,NaN,NaN,NaN,NaN,NaN,NaN
NaN,NaN,NaN,NaN,NaN,NaN,NaN
NaN,NaN,NaN,NaN,NaN,NaN,NaN
NaN,NaN,NaN,NaN,NaN,NaN,NaN
NaN,NaN,NaN,NaN,NaN,NaN,NaN
NaN,NaN,NaN,NaN,NaN,NaN,NaN
NaN,NaN,NaN,NaN,NaN,NaN,NaN
NaN,NaN,NaN,NaN,NaN,NaN,NaN
NaN,NaN,NaN,NaN,NaN,NaN,NaN
NaN,NaN,NaN,NaN,NaN,NaN,NaN
NaN,NaN,NaN,NaN,NaN,NaN,NaN
NaN,NaN,NaN,NaN,NaN,NaN,NaN
NaN,NaN,NaN,NaN,NaN,NaN,NaN
NaN,NaN,NaN,NaN,NaN,NaN,NaN
NaN,NaN,NaN,NaN,NaN,NaN,NaN
NaN,NaN,NaN,NaN,NaN,NaN,NaN
NaN,NaN,NaN,NaN,NaN,NaN,NaN
NaN,NaN,NaN,NaN,NaN,NaN,NaN
NaN,NaN,NaN,NaN,NaN,NaN,NaN
NaN,NaN,NaN,NaN,NaN,NaN,NaN
NaN,NaN,NaN,NaN,NaN,NaN,NaN
NaN,NaN,NaN,NaN,NaN,NaN,NaN
NaN,NaN,NaN,NaN,NaN,NaN,NaN
NaN,NaN,NaN,NaN,NaN,NaN,NaN
NaN,NaN,NaN,NaN,NaN,NaN,NaN
NaN,NaN,NaN,NaN,NaN,NaN,NaN
