132.972917996576,168.130827767507,173.068621024336,130.327291693137,115.317893114583,10.8162136921702,13.1408826084252
134.903418652718,169.976774173772,174.654598685928,131.754262277116,116.618167277853,10.919349771179,13.3282155984432
149.006006066108,183.499294801506,186.256151917097,142.165966945537,126.067929536263,11.665298893326,14.6915683930079
140.553508384867,176.780135431566,179.737914584866,135.244725848111,118.465178761567,10.9183121727455,13.6664511118785
122.938052629039,160.717683061045,165.201567838368,121.349702331075,105.188921223747,9.74931989240726,11.7929106739325
117.209835218385,155.458105916425,160.325043087411,116.622116212565,100.769788660761,9.34768006477856,11.1654752223
114.605453954808,153.03378298542,157.655103404408,113.740368096515,98.2847556373186,9.07259825939927,10.8005097507252
114.806673621036,153.21315416831,157.732757645111,113.752457250973,98.3373718708322,9.06682278377804,10.8053381059178
117.7848342186,155.920663971401,159.722110179522,115.295028632007,100.006299216775,9.15351805552799,11.0246232897258
119.249888388153,157.255987851455,160.755099229948,116.142117028376,100.88490616547,9.20730849088413,11.1420630622441
123.274488208809,160.922329253997,163.660661518942,118.573012949495,103.356277240318,9.36487076229523,11.4718966703895
130.355491979995,167.341285104609,168.75238567092,122.81212523614,107.656471222488,9.62546725615047,12.0367589561579
132.585458693375,169.328822988131,170.268477293544,124.008341980496,108.904221628151,9.68058918462735,12.1908544172009
132.719081663175,169.444320105503,170.34916130247,124.064028073341,108.967006804821,9.68093652307583,12.1974776100382
133.213281188852,169.871481848038,170.647568073407,124.269980992305,109.199215418179,9.68222114125743,12.2219732395214
133.925213452239,170.36566643806,170.72205767832,124.020901043415,109.134928280594,9.58587086037475,12.1721609902844
127.438878073106,163.927377852374,164.335191339665,117.624040455254,103.435835629724,8.9133255430018,11.295207541063
127.342400906997,163.833042745619,164.24418366463,117.53573924618,103.356377641043,8.9046109913636,11.2833737243955
127.127393464253,163.622809061498,164.041365440705,117.338952608263,103.179298860216,8.88518988336495,11.257001073102
122.166543576014,158.718348185055,159.159618320259,112.631718706074,99.0234978707617,8.41657778635299,10.6531022678003
120.952687226575,157.453597669401,157.729516082706,111.227575298372,97.8562595997089,8.26598239095644,10.4899920565635
121.061679460338,157.488523849135,157.568473510456,111.028524064254,97.7559327648056,8.23280701968964,10.4810027003231
121.11345407198,157.505114842176,157.491973411796,110.933968700193,97.7082744800357,8.21704771369032,10.4767324838848
122.353210087592,158.545879732673,158.01587368026,111.295896300966,98.2029896092188,8.21810370268345,10.5614329184152
126.582453445961,162.305962271514,160.519222749244,113.242967204197,100.215716667086,8.33340654964492,10.8851849414746
128.547053628283,163.910554895545,161.08282080531,113.192326103083,100.098464254134,8.28321518176833,10.9091075100447
128.510027615955,163.857486692428,160.984315001749,113.062366200625,99.965116174382,8.26931694976066,10.8921647694456
123.61787463779,158.065280014824,153.646010351104,104.660374488015,91.7617083438307,7.38479335441109,9.73032245720739
123.670819296052,158.038691835022,153.477003428298,104.384296393367,91.5049996386251,7.34808352109819,9.68704357465464
125.079097850286,159.161841215513,153.813192786867,103.958664747648,91.1143919753804,7.25614810478829,9.56217925502428
125.294485258722,159.369593288289,153.948391881717,104.002450226692,91.1534817912338,7.25636576847847,9.55728117027931
125.552077587566,159.618054146041,154.110083087126,104.054815421104,91.2002312125345,7.25662608312391,9.55142331133805
125.607803519335,159.673758550998,154.14770225792,104.067433164536,91.2110233414085,7.2568714028082,9.54988980557592
126.30718766276,160.506202059223,154.799977309314,104.313774673015,91.3927780432488,7.27284738665978,9.51247537188195
126.586261959566,161.072173339236,155.340369623746,104.496846356691,91.4765929309239,7.29428815512496,9.44362182069999
126.540844716407,161.151399643213,155.45218717961,104.521780483271,91.4641851153853,7.30061277456698,9.41104078255634
126.470415488427,161.211906819775,155.552841239859,104.54046653987,91.4444350088753,7.3068384977784,9.37641446150149
126.079424396107,161.225678205565,155.735862769723,104.559047052045,91.3519125559828,7.32444887560296,9.2611829851939
125.049050464878,160.820651430586,155.732044574687,104.639683216411,91.2911770271012,7.36408436644244,9.03890946244373
124.684231669799,160.578515680841,155.660541395767,104.815575415813,91.4635173482588,7.39643024787009,8.95119232815584
124.676721756992,160.531637826882,155.679619453292,105.040632561979,91.7228403521933,7.43279087917358,8.91941019948171
124.680946504318,160.530981402961,155.682405823846,105.057572963096,91.7427339500544,7.43551344812396,8.91782351935312
124.702184725323,160.527681495245,155.696413183114,105.14273402838,91.8427410262995,7.44920007044862,8.90984712203652
124.70644810733,160.527019068426,155.699225034609,105.159829346926,91.8628165481306,7.45194753688388,8.90824593195603
124.867634669022,160.590442781,155.778464470898,105.369160460886,92.1180763786961,7.49087910833923,8.90437942264803
125.520493440949,160.874466184497,156.151552677987,106.059482298158,93.0143429511395,7.67924193437158,8.89467253735276
125.542256735244,160.862550948427,156.297628988983,106.228846058907,93.3019491100965,7.80851093112269,8.85447946948442
125.405650593456,160.835133224194,156.410353417582,106.301128961725,93.4390266776298,7.89873808441706,8.81395859729896
125.120776021306,160.907387011025,156.739583260801,106.539495602407,93.7783194542684,8.07032809240914,8.73920802999504
124.976605772378,161.030790209806,157.008859304374,106.765744950893,94.0597374979685,8.17744374777592,8.69877861311149
124.905545831577,161.066437397414,157.101736851249,106.854408923127,94.1676831809875,8.21555139254321,8.68353763377515
124.769502157901,161.134860099406,157.279859766324,107.024532675421,94.3747556709665,8.2886165631617,8.65434702399504
124.75864353734,161.144963807851,157.302222796367,107.048038156114,94.4021064103749,8.29730029316526,8.6517045590803
124.658751035075,161.23791159189,157.507948654159,107.264273843717,94.6537160677037,8.37718516566936,8.62739553833413
124.642139873822,161.253367913373,157.542158883357,107.300231756412,94.6955563309452,8.39046925074808,8.62335318225781
124.613263399151,161.28749303595,157.617219645874,107.379546543821,94.786647755255,8.41990634767451,8.61549779378187
124.571009304434,161.40527564184,157.872830838259,107.652751586905,95.0915866342041,8.52230286826538,8.59625880316482
124.604888450869,161.484068346007,158.063687284776,107.839052686836,95.2875137415111,8.60668068708267,8.58921439099962
124.617129331367,161.506376735704,158.118570520744,107.891950376439,95.3426422844366,8.63124712041094,8.58746823086842
124.623972083752,161.51884730813,158.149250698848,107.921520617873,95.3734595911375,8.64497995770807,8.58649211306344
124.739383394324,161.57001678219,158.327495801944,108.048141283603,95.4844537762254,8.73874971513088,8.58799903231025
124.753225808987,161.408614959255,158.383724644406,107.986865047737,95.3739548463382,8.85294945626048,8.57905331154507
124.744967570111,161.361920467901,158.38112364781,107.959131637392,95.3351510884552,8.87344439211222,8.57651531783553
124.7678805255,161.192855868438,158.377397857216,107.814443695376,95.1282761744925,8.94896557696096,8.57259929274816
124.807286239653,161.067576658144,158.385861953013,107.69383543992,94.9522433335542,9.01103885840443,8.57100042980194
124.978062974683,160.854809326079,158.474453253094,107.44546172867,94.5685747101521,9.15733466029402,8.57213234060802
124.987140764037,160.847815597441,158.48043859536,107.436372217671,94.5537338456404,9.16383579268369,8.57224024905088
125.220864543712,160.748821775289,158.702654749169,107.32179872813,94.3232169020841,9.32463383915692,8.57294709438555
125.160964398421,160.612205374981,158.739331717563,107.270208730263,94.247329156316,9.38023324707005,8.55880162030019
125.047013622433,160.401030040109,158.893187651569,107.306210142532,94.2583628616328,9.48645278757095,8.53330304852443
124.992175207748,160.32328062139,159.03483963425,107.419749780834,94.3729245027523,9.54286851465895,8.52199838010731
124.845829210022,160.161561967885,159.969986843126,108.401115328894,95.4321122001825,9.78739270079328,8.49984495275034
124.671710037779,159.976649810633,160.412778769674,108.915266006987,96.0112337810914,9.90540982666243,8.49098294275358
124.670444082037,159.975327584669,160.41444154768,108.917310683943,96.0136028742777,9.90592117898094,8.49091574303275
124.482971402568,159.771377594391,160.691677303466,109.256175559358,96.4091484685574,9.99271195089882,8.48312951531452
124.44564697157,159.72749556054,160.759345926583,109.338155946332,96.5058895304746,10.0144439148216,8.48245057096599
124.31188511473,159.568131577756,161.011362882321,109.643817918015,96.8681666882829,10.0964867959325,8.48053173182006
124.260818825757,159.495431529878,161.161243851949,109.827471210897,97.0944099994286,10.1512917909768,8.48270213992747
124.181839466651,159.382993299025,161.393050453941,110.111510244495,97.4443189525837,10.2360534502121,8.48605890316143
124.134939647023,159.272967346734,161.762868683426,110.594520307871,98.0835168138433,10.4035811801266,8.49870824037296
124.146199146576,159.265747368751,161.869067823028,110.754808659079,98.3170341702312,10.468892350796,8.50414635622893
124.153293676889,159.262690646822,161.927335832086,110.843557926314,98.4470179810906,10.5053666055033,8.50719686598642
124.008569027787,159.154995455661,161.435968854081,111.882164785487,101.192946842136,11.502184328773,8.50851381857198
124.010047895844,159.155666402128,161.39739873671,111.883244087043,101.240979982123,11.526527996416,8.50886919046071
123.948513403633,159.087374426053,161.209488517657,111.822973162281,101.336471755796,11.6036668738786,8.50642419830834
123.933864874741,159.07111725144,161.16475574789,111.808625430611,101.359203949649,11.622030088306,8.50584215827036
123.837543137813,158.944381773981,160.808359494476,111.67306853048,101.520499726346,11.7744419962586,8.50684531253986
123.809938041931,158.899462581505,160.679235189836,111.616355527907,101.571849040961,11.8318466455333,8.50922648667239
123.786898343147,158.849480420982,160.525499329242,111.542238483974,101.62986972832,11.9044256611037,8.514364731806
123.800988549996,158.74502664466,160.103130660467,111.293580709916,101.773753070615,12.1371970091229,8.54515501313094
123.841573826264,158.71832585683,159.92013194312,111.170863521279,101.835819614816,12.2529441269362,8.56484587839248
123.847128949385,158.715108160577,159.896555747661,111.154976667772,101.843869230301,12.2679783965543,8.56742386834056
123.881299328187,158.719299620127,159.832316233855,111.107205625516,101.86891770167,12.3160730215549,8.57684868866473
123.968865048453,158.632892285159,159.339578368433,110.728222307,101.934876490498,12.6008523184702,8.62254632394874
123.96007613659,158.545699872683,159.057824158019,110.511833959595,101.925750651792,12.7289253118577,8.63645785114513
123.990536952767,158.484277434181,158.75858253605,110.293476524459,101.936730653546,12.872057628423,8.65116427147017
124.264863519682,158.504067249021,158.18424864019,109.964312048196,102.085450937788,13.1787154043798,8.66855572286282
124.561914778135,158.575198505836,157.85145560113,109.835610219428,102.248006572261,13.373313421874,8.66570262118541
124.810207915488,158.378756082285,157.179639445059,109.53888241107,102.347310605078,13.6279914686428,8.61133175034801
124.994437511027,158.161412727349,156.737597841596,109.334807357243,102.382967502144,13.7862177512778,8.55810656125123
125.055121331073,158.103931801007,156.629683799583,109.283065941773,102.393317100411,13.8282690514676,8.54374844053589
125.368022990589,157.896435395858,156.250659720069,109.059571568956,102.433406330161,14.0082635342525,8.49309774899047
125.418015431326,157.872997086526,156.204245876131,109.02394141338,102.43774825739,14.03500128391,8.48778035248753
125.427999061423,157.868316390665,156.194976901814,109.016825971759,102.438615352389,14.040340887223,8.48671845354885
125.554080734422,157.685924100081,155.921969525724,108.786270148075,102.39655708127,14.1558044944517,8.45991447143094
125.54452971031,157.418508969822,155.569212533184,108.460215533513,102.271333115986,14.2629135093459,8.43323443408966
125.546643109218,157.343512510525,155.451681197373,108.346235362119,102.230400914517,14.3006833737114,8.42725821553911
125.567161502911,157.162533664417,155.118713721129,108.022578467559,102.120684779083,14.4106268370739,8.41494795909219
125.598978469275,157.053509314151,154.855861137721,107.766269824018,102.04078507817,14.5005801544757,8.41019636949211
125.783063470452,156.954994925707,154.144384613274,107.119003235337,101.8674582164,14.7525134696715,8.41762992839548
125.816990522689,156.950596648854,154.03441540586,107.023098599582,101.842561406024,14.791589508706,8.41962896505676
125.687432220515,156.577763004815,152.813306795293,106.016351541003,101.35043751799,15.0826703914799,8.40439542897536
125.679104024266,156.545054797009,152.692724161141,105.918009086515,101.298510270072,15.1126200994205,8.40301979730929
125.680371033474,156.529502451167,152.620644446703,105.858317065277,101.26499851589,15.1328219525715,8.40246837052819
125.684901290872,156.473894228771,152.362919674421,105.644885135077,101.145175493798,15.2050547304568,8.40049671535863
125.83009819802,156.196427641541,151.054826997486,104.374406514911,100.312477682199,15.687424496711,8.39268999945266
125.785091587348,156.013307722848,150.65427513377,103.900855541059,99.9642065195901,15.842263512476,8.38176194177526
125.813695347078,155.911408968407,150.34299145128,103.500051008022,99.6957698809321,15.9872735075806,8.37455456980429
125.96229621907,155.87498860441,149.951912110875,102.989631758256,99.4114315616892,16.1908891789264,8.36531967585032
126.045458337751,155.899984263403,149.827281387771,102.842365256618,99.3531155438939,16.2542925034258,8.36067009141431
126.159308555686,155.864612550363,149.349944560731,102.347204923334,99.1289547587804,16.4179810790672,8.33029675314166
126.167022990213,155.79321127112,148.962109731361,101.991191316806,98.9582594661618,16.5072145404766,8.2962484971258
126.17746320007,155.780289011795,148.837366885324,101.881816679935,98.9090541850305,16.5342448244511,8.28405941370403
126.182554434352,155.773987390414,148.776535248536,101.828479447417,98.8850589188896,16.5474263131637,8.27811533018302
126.192345399022,155.761868727453,148.659549784157,101.725906489592,98.8389135659023,16.5727756652388,8.26668424912511
126.378840574755,155.858474936902,148.00938651122,101.185226289033,98.6004417563971,16.7055256316443,8.17983633011161
126.558591916956,156.093434328383,146.929322268171,100.187584539105,97.8553117937546,16.8612581914413,7.94697002680614
126.550584526833,156.099248648794,146.861616522965,100.117562682333,97.7869880813102,16.8674392387812,7.92875368167687
126.673111533525,156.452540560948,146.196244979064,99.3791021137005,96.9753262210984,16.9569819643757,7.69368811087564
126.671909623944,156.476186083393,146.10557731197,99.2931363464272,96.8845375352846,16.9654627286065,7.66722689636112
126.515070716132,156.410625488332,145.625956128614,98.8802852840907,96.4736020958111,16.9842794035201,7.55741497455942
126.545939593111,156.595380392249,144.325859109756,97.7495350458998,95.3594638230765,17.0446125045634,7.2544347023296
126.4971035739,156.571145595136,143.982064447872,97.3991007489285,94.9821772041771,17.0447411811959,7.17743950922396
126.449909711623,156.536098759644,143.809658976103,97.2221573549726,94.7904842760387,17.0422771561759,7.14035658393815
126.430156592342,156.521792086521,143.710010030601,97.1098006938601,94.6614570028959,17.039797734109,7.11684677122405
126.420848714598,156.515090520838,143.660027738151,97.0526403082345,94.5952854312868,17.0384699575439,7.10488908727842
126.375782515043,156.482732791093,143.404069944604,96.7581335644591,94.2529447848265,17.0315435970593,7.0432837799831
126.374893398216,156.482374900861,143.355237761597,96.6966376020821,94.1773169269696,17.029845931588,7.03043211574569
126.374355447554,156.48215836319,143.325692369621,96.6594301253423,94.131559097458,17.0288187771847,7.02265635324521
126.373274900437,156.481723417807,143.266346428789,96.5846938444736,94.0396482693673,17.0267555977729,7.00703767600277
126.493597379407,156.562074926011,142.711860828859,95.881424892952,93.1514105792968,17.0138986234049,6.86751005027425
126.378607244669,156.386903248138,142.105568995698,95.2851323856662,92.47321586772,17.0021403478462,6.78070762342055
126.285009897984,156.234405377365,141.610541859532,94.8514010805369,92.0166258014279,17.0047193464489,6.73475369603495
126.247284863139,156.142225520951,141.204248019274,94.5072387446249,91.6685912974816,17.0169344200723,6.70933009479835
126.250238803929,156.098361965044,140.856872274496,94.2104066773421,91.3749028296682,17.0358373482175,6.69758640032584
126.278088048222,156.076610526775,140.458544887733,93.8605507008631,91.0282022099934,17.0623263911209,6.69061345028475
126.163787084233,155.920727658141,139.697199447593,93.1667831809607,90.3319058134333,17.0938041239322,6.67587977593404
126.135405766486,155.890111184278,139.598307588669,93.075940665396,90.2402633360867,17.0961764120802,6.67328712404477
125.978233838372,155.773301626218,138.753201157558,92.2498033587134,89.3574620323963,17.0990071954522,6.6624472674617
125.979721867021,155.803220852611,138.546655679279,92.0380673508393,89.1138579923318,17.0901002801985,6.66368735469516
126.063268948594,156.045119340947,137.857145983068,91.3531404021128,88.2512387185304,16.9757247996839,6.6856325148526
126.069534593455,156.10066391273,137.126534958679,90.6737910685524,87.4109911879592,16.8319624721532,6.7465116376625
126.208500136744,156.175237676261,136.65094557102,90.1639989452805,86.8007654688759,16.7826901400382,6.83126790232872
126.265748771016,156.201099131425,136.488835694433,89.9757924919694,86.5786281761193,16.7741781091297,6.86533431663957
126.165345276375,155.986022590178,135.473071012943,88.8116618506943,85.2542040418251,16.7378346292568,7.01712235287306
126.150306798428,155.963564692157,135.378334108822,88.6991659402038,85.1263039070764,16.7359863518832,7.0323879183804
126.086775608535,155.896890850029,134.846526719233,88.0435513700472,84.3674026715265,16.7267272066241,7.14076172097339
126.086276832022,155.919278251499,134.762192464337,87.9329237665334,84.2317952885441,16.723181041774,7.1696072497872
126.108174228924,156.048539885178,134.607879867375,87.7205234899024,83.9514684374225,16.7082221567175,7.25328454846061
126.061450688131,156.260091835464,134.599547201764,87.7328352837651,83.9027637228793,16.6615877293479,7.33961706533863
126.004166590417,156.286745148412,134.596242065862,87.7523678932513,83.9106509895658,16.6432541500759,7.35636193581661
125.961247628264,156.311599299528,134.599999942597,87.7759679412602,83.9256349991367,16.6285253569464,7.3695975458398
125.810119387465,156.599222905527,134.855964535774,88.2048278915901,84.3228628927817,16.5360117751368,7.45052874590626
125.8089001878,157.160693041858,135.433892527369,88.9594099265385,85.0103532584515,16.4207690572339,7.60087087036649
125.719128513638,157.384525989538,135.712675417683,89.1727468531628,85.1031369957779,16.340747173384,7.72562863870795
125.635331874771,157.416108436628,135.788331227184,89.0922596343696,84.9196922657547,16.2998664544325,7.78637337990704
125.61019521788,157.427219317148,135.814300683779,89.0564164425541,84.8460499413039,16.2862837598217,7.80719074969033
125.594375071367,157.441210018431,135.842634082395,89.0134490210981,84.7637514071402,16.273787711001,7.82564119627132
125.57694046339,157.52053821066,135.983423378919,88.7835418615472,84.3502101959722,16.2241346801423,7.89411277475187
125.67857002599,157.890726722201,136.740644093095,88.0775170523425,82.980920854316,16.0332863341818,8.005794894469
125.5980263694,157.922729954724,137.025654376472,87.8658428987186,82.5379016039862,15.9491148931364,8.01621754466672
125.577888065443,157.941991783038,137.145018960578,87.8149716253524,82.4070756427345,15.9201861472456,8.02018405421501
125.547583145909,157.989632054524,137.410194420113,87.7385036856238,82.1685121350589,15.8636347673802,8.03231120115085
125.545279889513,158.007615856986,137.496218975172,87.7327574932701,82.118280074517,15.8493132142277,8.03797443485447
125.539622180414,158.051791191958,137.707529322001,87.7186425711019,81.9948902571821,15.8141338126987,8.05188557775154
125.537634173667,158.080073045571,137.84092991071,87.7128138327183,81.9212775876431,15.7928973866975,8.06155800325488
125.558292068091,158.138856702185,138.089620089455,87.7493620090452,81.8499444988107,15.7682670293924,8.09328609199501
125.566911575735,158.16338418631,138.193386080931,87.7646117377332,81.8201807633663,15.7579900113812,8.10652463885843
125.598123650591,158.282563019301,139.122323765184,87.9352280952148,81.5687701069932,15.7305489728938,8.35356856187067
125.562772068563,158.268748005362,139.505531496686,87.9188689706352,81.3003653726493,15.8010083955521,8.64722078834367
125.584728121797,158.295807537664,139.563647932368,87.9128663027604,81.2549854594742,15.8195370527698,8.70435696715556
125.90022190851,158.695557519656,139.970764477043,87.8685010335134,80.9515855483789,15.9349855746838,9.07100689079367
126.161206435394,159.064374297476,140.247672641357,87.8088412986178,80.709553084597,15.9766044512885,9.27442079733412
126.193467367867,159.137856931358,140.304821840369,87.7633435303382,80.6068909608479,15.9770485333581,9.32169771553616
126.253434491981,159.267455540246,140.409920481016,87.6887446498929,80.4325856402533,15.975171904993,9.40020119641605
126.275949822641,159.306150411667,140.447768899846,87.6749483034149,80.390690014116,15.9706165468777,9.41631505061645
126.326022226087,159.392204897933,140.531940939159,87.6442662655912,80.2975172898844,15.9604857727471,9.45215105146289
126.585873028084,159.765590943835,140.97567867168,87.5513807317664,79.9103078241991,15.8885699333797,9.58532989117256
127.047445757391,160.057575793618,141.890430585931,87.5147337369405,79.2878113173648,15.6538256074674,9.72042037770486
126.865870459881,159.62877106121,142.054483768229,87.2760231744465,78.688913624992,15.4744547864891,9.76386652614906
126.711903933978,159.345492935585,142.041542321582,87.0387551527349,78.1168529637348,15.3318978763126,9.84825335565431
126.710762487233,159.344619079414,142.040354407763,87.0358614217863,78.1096803710269,15.330245874058,9.84977101551043
126.68448152132,159.328092189138,142.010460349172,86.9651789935243,77.9334725698829,15.2894782231098,9.88767253439765
126.704700121392,159.440007138807,141.963241876379,86.9075617416538,77.7635592210843,15.2454262401405,9.94019688523197
126.611493505198,159.55672721275,141.781850607934,86.7620523992599,77.474628924031,15.1658442324241,9.99890937618573
126.55646565353,159.646293744871,141.6607397911,86.6829807078191,77.3231573701096,15.112867836435,10.0268556698433
126.616438658692,160.017807495827,141.456628286192,86.6282889519816,77.1281827543085,14.9607260530258,10.0813618510856
126.724331359591,160.177452551352,141.420490730873,86.6661424957056,77.1226344301661,14.886426879616,10.0962212923418
126.809487873434,160.258945814468,141.415415345894,86.7053142668751,77.1416338907194,14.8410540471481,10.1020563403584
127.270978796515,160.309672278743,141.409716078696,86.9366189921287,77.2915217331487,14.5730790697001,10.100444532338
127.295993217351,160.229752771596,141.381627896821,86.9465391896692,77.2906829987441,14.5271924574786,10.093071040073
127.308057741125,160.191207374111,141.368080889667,86.9513237281503,77.2902784748404,14.5050612185545,10.0895147845309
127.311336826973,160.180730900297,141.364398871191,86.9526241452009,77.2901685269774,14.4990460426793,10.0885482095182
127.495235722116,159.584739556846,141.230608728107,86.9882423640059,77.2309795038552,14.2399870563538,10.051062942522
127.553350574871,159.413089607081,141.195962912197,86.9899116661721,77.1954367890052,14.1685095480021,10.0438196085692
127.649361046645,159.21884236079,141.143533974507,86.9683968302952,77.087453971147,14.0628777985621,10.0449503317739
127.75900259689,159.120478763839,141.082930368811,86.9204152155448,76.9111209341552,13.9482238326685,10.0607348033862
127.758604131392,159.088440929214,140.995276017126,86.8372158334786,76.7259128585325,13.8703140802776,10.0736376617207
127.684837113269,159.060585516292,140.89133637513,86.7391269516433,76.5544422632557,13.8164319705829,10.0797841985305
127.682186306676,159.059584536258,140.887601319879,86.7356021425705,76.5482804934541,13.8144957251536,10.0800050733973
127.665623404654,159.053330162871,140.864263761302,86.7135782546519,76.5097802159399,13.8023975798539,10.0813851547608
127.554689096167,159.109676221421,140.706721804606,86.5704938443714,76.2461428819632,13.7188826483516,10.0967145823407
127.393574264047,159.485289394048,140.438429089785,86.3929936114684,75.8326904225039,13.537948633166,10.1448781333756
127.391647837705,159.539549872285,140.423256843325,86.4002183770349,75.82211446766,13.5170296522082,10.1514499195324
127.39813126911,159.719554631606,140.38242767239,86.4512338513751,75.8191550350548,13.440801857322,10.1754472487818
127.353600289569,159.696180055229,140.322070571494,86.6780495356663,76.0454663569302,13.2784188181624,10.2049545626746
127.305825738727,159.620354157699,140.289851457164,86.7193182421102,76.0964094002173,13.2398357462873,10.2065570612107
127.22554407288,159.302444990058,140.26385940647,86.9084838591042,76.3459309220109,13.1374448469739,10.2141970766416
127.187125330184,158.814685202074,140.313066796791,87.2270082921563,76.7630131385168,13.0074906303489,10.2394688950566
127.191710509066,158.755786933199,140.331072200333,87.2728743316402,76.8205533872701,12.9914403118356,10.2464916813996
127.205500718531,158.578646741754,140.385224566635,87.4108192860546,76.9936092490925,12.9431679848467,10.2676131462753
127.229194513497,158.453744538446,140.44631185838,87.5309341247014,77.1370262166359,12.8990557393775,10.2945128762337
127.248092156215,158.401404850699,140.486614666422,87.5959368956951,77.2108597225374,12.8741024292488,10.3134934799334
127.207230844283,158.28585429616,140.51062388187,87.6555419124697,77.273938644303,12.8164217961982,10.3495054681421
127.147365296421,158.23383487933,140.488807633904,87.6402421018453,77.2521570565569,12.789153514121,10.3627590279523
126.892142682081,158.310009453084,140.332547003131,87.4437373368122,76.9698136989752,12.652785970281,10.4368323018431
126.890345343657,158.316014268248,140.329931073699,87.4399550439717,76.964414921966,12.6511668935497,10.4377197709997
126.700144759966,159.699499843545,139.490622553773,86.5857556961346,75.8443741249861,12.2945046371632,10.5601139897542
126.494469985921,159.892306049278,138.792076921135,86.1468918024985,75.3590871984286,12.1026013505956,10.6065309041175
126.429147722139,159.943179788317,138.407230312986,85.960887284368,75.1405127558646,12.0094861115609,10.6957238333148
126.412971075519,159.974607865327,138.252465002683,85.8956195501122,75.0408521202258,11.98009908316,10.7794883937073
125.824209885412,159.801204198288,137.623355347053,85.4272193478978,74.2983105299245,11.9336759527377,11.2142049180783
125.80436864571,159.80360454946,137.609232631298,85.4122191992832,74.2680781000124,11.9342493536664,11.2371031748787
125.760863012914,159.810476109893,137.57823690515,85.3791337475564,74.1994315371869,11.935496881471,11.2914722790033
125.755869169993,159.83665164242,137.574220838973,85.3722609104347,74.1543589743878,11.9354860070226,11.3633825323813
125.762162318995,159.86165822141,137.575834780836,85.3736550793263,74.1202131336022,11.9342693044705,11.4364116993536
125.858399301631,159.878649588909,137.622235888801,85.4407645114563,74.1711015868552,11.9234160127321,11.5220256037671
125.861575811886,159.879210425831,137.623767457967,85.4429796037577,74.1727812705815,11.9230577763082,11.524851476294
125.876134787,159.861202572861,137.626413193668,85.4561196342246,74.1859829622519,11.9174429444232,11.5430853202216
125.978604951222,159.174629467953,137.535975618931,85.6184282286423,74.4982909027146,11.800679170753,11.6326534501784
126.940166003987,157.770579669411,137.798180748846,86.4593907858791,75.8652062123769,11.7146936080362,11.8981380481304
127.096081172921,157.051819905524,137.806692666099,86.6843043039566,76.2771503126968,11.7474289928427,12.0962756940583
127.122121562703,156.961606949069,137.815029112371,86.7208764843243,76.3378251774831,11.7583714652841,12.1329802283347
127.225741874593,156.602630191702,137.848201625146,86.8664050562081,76.5792635148424,11.8019139167117,12.2790354648889
127.270556000974,156.496139733837,137.870784243637,86.9278377095751,76.6722715902446,11.8241518701126,12.3390960074795
127.307101786293,156.418291463552,137.890719500159,86.9776580376646,76.7460147098024,11.8429152161663,12.3875022725786
127.430877607662,156.154629497812,137.958237621021,87.1463930087806,76.9957730639871,11.9064642287043,12.551447996273
127.614499548076,155.920727858775,138.077582556281,87.394029246433,77.3377526038221,11.9963794510107,12.7575553018041
127.638092192036,155.89205341332,138.093084721449,87.425823242785,77.3814416422234,12.007893978377,12.7837116974552
127.65303196215,155.873895650927,138.102901289032,87.4459564248612,77.4091072227037,12.0151854202398,12.8002749338055
129.220441385421,154.239164233987,139.559938813659,90.4577435424765,81.5608858464744,12.593254122036,13.913801388543
129.391516250639,153.937899920234,139.943454185408,91.0642441790325,82.394415332084,12.6599337720844,14.0133952974308
129.414431122698,153.875053010559,140.024484900023,91.1852101668445,82.5593414440095,12.6740547249983,14.0345560755976
129.623086908777,153.553993919562,140.798036933218,92.1888494693535,83.8641941381332,12.809253920558,14.242503446042
129.826629563281,153.46113113801,141.457096099538,92.9904257485038,84.8588496437276,12.930395797991,14.4400153884039
130.030027026184,153.293988818042,142.29323537466,94.0812699605609,86.2122926640816,13.1086810993805,14.7443071426364
131.218126447183,151.694869551893,146.28137814829,99.703730672942,93.5626278344814,14.3735702937795,16.3521402852291
131.276039352963,151.359464292644,147.330027674741,101.359369783517,95.6433606406683,14.5811213594971,16.6022695150771
131.311451463926,151.315489530611,147.458312671711,101.568792807972,95.9094102912187,14.6083390211948,16.6366302012419
131.436785891315,151.192562177062,147.80555072702,102.13786736338,96.6360250988765,14.6853294188262,16.7345866660371
132.853173676989,148.876665882028,147.707693238539,102.481115854166,97.7693325209044,15.0371159479974,17.2516058302853
133.248298356377,148.351181626081,147.592277409302,102.545100004601,98.0500626059224,15.0167241052004,17.2956211269124
133.273533501214,148.143040893309,147.520728345008,102.591331912224,98.1830473764431,14.9960397175094,17.2952368024897
133.277515398035,148.074189923939,147.496019481934,102.606523076056,98.2266908834037,14.9889129194896,17.2945861512924
133.305536462863,147.646937424417,147.345782802974,102.747651874485,98.5659245222607,14.94282814274,17.2915359773787
133.306851800907,147.631963746672,147.340828886236,102.757314361758,98.5846983163398,14.9410258642769,17.2915284618217
133.516675763245,146.582795465769,146.931207211028,103.831143605076,100.544487899666,14.857250148712,17.352689357143
133.727491823355,145.683275113137,146.226570328838,104.652999769148,102.264296648348,14.9351172932896,17.5232238652871
133.721769920068,145.544751932379,146.103612904468,104.709853183303,102.426220055225,14.9470856796729,17.5435055322157
133.741198199452,145.315556158502,145.881866016783,104.781837178002,102.670622278591,14.9722100868639,17.5820151482429
133.797000189398,144.849234595083,145.427009688539,104.924860257307,103.163945247182,15.0233338763106,17.6611673523929
133.834044366224,144.707445955292,145.287233677835,104.968296770202,103.313413920474,15.0374937275599,17.685296803144
133.892917539989,144.482105619952,145.065091952157,105.037329087572,103.550959897445,15.0599975447457,17.7236449989647
134.101785633081,143.943489532863,144.561388035343,105.249494836281,104.166334348835,15.0923468627253,17.8044840835481
134.2091947979,143.718146937856,144.363693008225,105.359011062077,104.444632403011,15.0963891689764,17.832979446739
134.590191393886,141.765072563874,143.051172457587,106.215992524339,106.375459624796,14.7710403259115,17.7615850625683
134.783317430793,140.808644847601,142.54145158575,106.754821400026,107.440092135293,14.4336619948634,17.6096300124244
134.850529158904,140.38885542702,142.299017950253,106.954716110601,107.89640202592,14.2810332364125,17.5445039590024
134.770942435033,139.901765450257,141.990499286165,107.200529410786,108.489137257771,14.1499894263571,17.5073783507227
135.344814503159,140.686022727399,143.034679535756,108.752293085794,110.198726219281,14.2265421915537,17.6435085689264
135.736868545458,141.414420554653,144.374792983456,110.635846638332,112.049707839821,14.265842271085,17.7338579157767
135.825467549603,141.538569644133,144.622101834697,110.981530520236,112.383695569283,14.2689298281323,17.748830934566
135.837359771608,141.551398401913,144.65004068565,111.020789003716,112.421323963681,14.2689586001186,17.7505167465189
136.120792603452,141.857152124368,145.315920253026,111.956454612841,113.318138905182,14.2696443361859,17.7906954831392
136.207464640568,141.919203769504,145.477959511904,112.189481242443,113.54081520921,14.2684808910846,17.8025590445715
136.817324179947,141.899487407493,146.340363328044,113.658549525354,114.947115261756,14.2468988337132,17.9315673309009
136.801794229306,141.842761148778,146.297591314442,113.628677822464,114.919938275478,14.2466339088608,17.938913935425
136.63138246734,141.453371349404,145.878424873588,113.237348976803,114.565315908467,14.2573107878381,17.9993963795669
136.482383468943,141.288936089352,145.586540721847,112.91218722737,114.277306377199,14.2753971391154,18.041442721769
136.191973422222,141.306970599738,145.27668424225,112.503459448052,113.951428407949,14.3202221747502,18.1082293068904
136.163423739131,141.330047568927,145.267411047249,112.485070795065,113.941990394051,14.3248881546796,18.1138159137067
134.943465204813,142.263340981186,145.913811198292,113.128237841349,114.858687923119,14.3782666345825,18.119348563162
134.621974611003,143.644162902952,150.307677256902,118.367432504805,120.385569454554,14.3672172384479,17.7872844901993
134.693974419013,144.165966671799,152.607811924782,120.886697075391,122.7578186969,14.4612156556687,17.5863722873457
134.697919202801,144.442619160717,153.060438455974,121.326571522414,123.133413492176,14.4939889354002,17.5571424093556
134.197897267783,145.399180728737,154.085993402323,122.250870796738,123.834177241923,14.5581711854588,17.4405914443378
134.033623951343,145.838050885511,154.478850089977,122.603525888638,124.110811658221,14.5775401727125,17.4008034947425
133.820215834453,146.740812433328,155.298458565251,123.371368810661,124.760436692593,14.6040318845143,17.3255020189437
133.81753047535,146.765758315295,155.323836306946,123.396373371475,124.782935237134,14.6045003980758,17.3232764996366
133.806116614326,146.871788391341,155.431701961302,123.502652856324,124.878563140437,14.6064917699833,17.3138171435119
133.804283353191,147.900738116766,156.644114666135,124.739720890586,126.027719948049,14.6201088920459,17.208564579898
135.746080518209,147.621474940641,162.503264045213,131.449440676641,132.544033335292,14.519864136965,16.6465047617351
136.334996656369,147.303128522803,164.37345259482,133.494748819937,134.43872739938,14.4678408915205,16.4735503014169
137.243001047439,147.958507182966,167.770925759483,137.174894649136,138.125241133453,14.2946621030025,16.066434546102
137.262906294573,148.187903841421,169.067646535962,138.748853271827,139.926056275282,14.1480590998115,15.7616740590088
137.284070255284,148.285961008181,169.472219033724,139.253959174779,140.515888347814,14.1105355832472,15.671213893841
137.307836700453,148.369627036362,169.761231373029,139.617353799293,140.939604109572,14.0898833075822,15.6120411270756
137.496905487809,148.995772269789,171.258651938017,141.442992871427,142.948761500438,14.0770124665312,15.4046431342541
137.276736214038,151.653092427988,175.015865724368,145.394185902117,146.074091432976,14.5703923535235,15.2735803664628
137.274376638274,152.037672318736,175.456068464297,145.809925336698,146.335866041109,14.6407936907247,15.2644844969874
136.979811192122,154.521334430814,178.384819777218,148.512461450147,147.947595526652,15.0127179461771,14.8981476373961
136.880803396138,155.367951979517,179.448333345303,149.510179195994,148.614978026478,15.0980899639356,14.6551955946733
136.86234172949,155.960858363676,180.198108240455,150.223183948067,149.130041578336,15.1487457352669,14.4774847024174
136.862753668865,156.197846272219,180.495195675293,150.50676037741,149.338220816671,15.1692814986588,14.4103445284965
136.2738426853,159.156798388919,184.093022029192,153.940822156555,151.450210827374,15.5925150981116,13.7611419135538
136.065999373017,160.595664871418,185.819583546484,155.588159555012,152.182859065546,15.9208015852712,13.6479271540908
136.040711871632,161.446708937612,186.914484643118,156.616134031122,152.734873983032,16.108710064852,13.5303223377444
136.137167525223,162.942770416544,188.833546870555,158.280933048292,153.887879622664,16.3640396025819,13.2020056148542
136.077948168192,164.178712613444,190.310774711092,159.381397700482,154.550618217445,16.5238263438411,12.8455251481922
136.183235971867,165.130416539129,191.376583983004,160.152731047405,154.850739977633,16.6157377382653,12.6282171874716
135.882103713922,166.305071290855,192.735020234913,160.950791707331,154.456868177937,16.6711334100655,12.2366048139116
135.488570383049,170.940085362337,198.137866832653,163.870669408549,153.252556832849,16.6737100578307,11.8493303947499
135.377631351903,171.287198755098,198.68668090104,164.238283426231,153.256663780502,16.7053789577102,11.8888845315184
135.310664815039,171.623784202659,199.19654101714,164.595995564187,153.29675571638,16.7500394361235,11.935278692918
135.253036708584,172.297228550168,200.13891473042,165.270868849756,153.431687393483,16.8598631473357,12.0340187511117
135.242039748349,172.902131126551,200.909549386668,165.816934867127,153.581847784967,16.9620860787287,12.1177232598217
135.181280902969,173.062128204529,201.118704100127,165.948917852251,153.590220882453,16.9903816324807,12.1394010747526
134.853359921303,173.52835947373,201.739536787774,166.298679518412,153.541242234702,17.0658171396041,12.1981599544587
134.327753743619,174.916108197281,203.51038419932,167.42774153286,153.797926350089,17.0843751132045,12.2974305780152
134.298021985363,175.178834307691,203.84817662907,167.672522779038,153.897686630523,17.0551453999072,12.301595590348
134.296373857335,175.193398070205,203.866901561732,167.686091799383,153.903216667222,17.0535251018631,12.3018264705235
134.138728865628,175.622340905594,204.445696931066,168.085788725448,154.00619339889,16.9696516643547,12.2895645952555
133.867625920655,176.075942890813,205.062423198092,168.484135901012,154.015125105794,16.8254856346628,12.2415165123579
133.690163311411,176.739705365834,205.825513496095,168.96607227527,154.012283725004,16.6530985531795,12.167921263691
133.667620760069,177.546348717918,206.597689578016,169.417617405593,153.982311070418,16.5229327491963,12.0857805083669
133.681906209914,177.695844744773,206.724423194423,169.485760552468,153.975409891509,16.5115861669405,12.0716351449858
133.551014493215,179.437536573636,208.107822757024,170.046975185831,153.578799491861,16.4269609176719,11.8245928468303
133.530533735935,180.145270359868,208.725950740043,170.340874014222,153.510451751925,16.4493696103376,11.7045956808805
133.718095061796,181.301016367225,210.053350232388,171.280561250834,153.842503865702,16.5224788640593,11.4799482686115
133.708197142089,181.700618462338,211.110968994196,172.328295099096,154.219862009069,16.5218856240403,11.1618387149234
133.841569644946,181.546599165986,211.328633588964,172.791917324631,154.101391620541,16.4541597257784,10.8866617985147
133.787134912361,181.091103744844,210.056841257744,171.40516914879,152.154958796412,16.3943986913854,10.4890652668493
133.842378576895,181.162762222825,209.960572457516,171.110079116789,151.795122480761,16.409618449843,10.3619102476298
133.946361195563,181.294653941094,210.120594263254,171.11604279219,151.769560504667,16.4268161448116,10.2699432611334
134.113026597648,181.488796801764,210.511558826982,171.356934831258,151.981893353962,16.4474869848018,10.1751966465648
134.160834644409,181.549719039351,210.870656507987,171.625376364046,152.223785661831,16.4554037434119,10.0900181621613
134.162939432948,181.55260092634,210.89589306393,171.644804340471,152.241344030674,16.4558281486541,10.0840540166583
135.5709408725,182.325390812499,215.184323691263,175.912364298712,155.767371279347,16.6288374258441,9.61044383118833
135.594486248967,182.336498194293,215.226271303938,175.958973894584,155.800607567603,16.6323288591548,9.60839387205294
135.855920770279,182.407636572171,215.653432343426,176.467910850723,156.095239696426,16.6870872143947,9.58457146102016
135.87104560568,182.407876667825,215.675278645273,176.496716685705,156.106760199561,16.6914426073667,9.58311448567791
136.033363453133,182.41045334445,215.909730432464,176.805857314639,156.230396802595,16.7381841416256,9.56747840798957
136.06175861664,182.412240136012,215.925960843437,176.834344687711,156.228542325773,16.747503762139,9.56809833323249
136.44526039081,182.447418438833,216.000055029459,177.065196967425,156.073729812943,16.8788048294835,9.5962810896367
137.337020022379,182.489674553192,214.934711051784,176.285426162678,154.911949069786,17.2111063006828,9.82610934762891
137.378959955618,182.320994622225,214.529628574248,175.937250922816,154.673068255701,17.2535449616191,9.8716484133339
137.401294716647,182.260760026682,214.403737815139,175.832354242026,154.624769394344,17.266396774377,9.88731679635954
137.612768505216,181.947924986904,213.859006389319,175.415280670847,154.587240910441,17.3297340573837,9.96933218321224
138.511617610564,181.30525133023,213.141880068492,175.05369626169,155.054307374144,17.4669688064528,10.1199268306266
139.863105026603,180.122848150856,211.523473970706,174.037470988185,154.552663139839,17.6914500359598,10.2931936561549
140.140672068771,179.801042751323,210.592157850623,173.515067226267,153.865473709509,17.7387455935304,10.4320516164093
140.061345703459,179.895836934262,210.635117730328,173.587593009031,153.915342813126,17.7347621800248,10.4550637542309
139.987388934341,180.01448084504,210.714099765182,173.686790097453,153.998927892497,17.7325475277825,10.4773906716209
139.945725153639,180.081319268883,210.758594545293,173.742673092176,154.046015812352,17.7312998964101,10.4899686114228
139.234234881393,180.805153524386,211.172028769665,174.273274266953,154.527871503845,17.7379292322306,10.6422407021462
138.924015399147,181.051956846855,211.196456420233,174.383374974242,154.60824686991,17.7537860757408,10.7217600484176
138.874390292967,181.132571686978,211.178212761036,174.413772256917,154.612647537267,17.7593003801866,10.7542472881311
138.995377669986,181.15213331172,211.084775975172,174.422024767149,154.539246651111,17.7492543615723,10.7873720238695
139.429373275642,180.055426056054,210.286550106858,173.918257165171,153.633803754448,17.5170548583637,10.6600608751524
139.4753869658,179.954751876186,210.249782896202,173.899747338333,153.572195151919,17.4888730377491,10.6412512446991
140.046129617991,178.906394024043,210.049936825597,173.87807928279,153.009291147298,17.1221528136556,10.4071141822294
140.14475538588,178.029798997935,209.813040332145,173.706472676806,152.451047922988,16.7484378477806,10.1950770513439
140.119419565645,177.782535166335,209.680295118093,173.572839764189,152.245975913856,16.6300885123097,10.1374591460912
140.109209207914,177.682887625767,209.626798680637,173.518985583434,152.163331714673,16.5823936265222,10.1142390798408
140.104984161292,177.401458652885,209.377522377204,173.245732898103,151.865389604994,16.4216374931819,10.0498411904864
140.103718918743,177.289361500172,209.276565830748,173.134836488454,151.745619890846,16.3571639096537,10.024210643047
140.265370781638,176.297074803398,207.738664268458,171.420618936611,150.360198810032,15.7842968176428,9.84600333780358
140.246446123932,176.164967074338,207.536987642914,171.201532673163,150.185229854363,15.7311778678418,9.82822531693694
140.135002871299,174.785972084497,205.446586936194,168.896996048457,148.289776297069,15.1480776509023,9.63400309818498
139.062097118453,172.526923384947,203.473131885063,166.084612037597,144.810210427079,13.8080736678971,9.19159944152651
137.939549579672,172.13971618069,204.129243487153,165.794110808653,143.770980998063,13.0423516642843,9.05372428501126
137.899873942001,172.119282790464,204.127135441717,165.766343036813,143.734485126824,13.0196243207926,9.04968582214842
137.682868937547,172.012571942549,204.098589078388,165.588446260747,143.520506823086,12.871750705506,9.02433366979578
137.54741102279,171.949749805256,204.06800224919,165.457875873131,143.376159942949,12.7617630118733,9.00605952104566
136.820809084825,171.645375971753,203.629702087488,166.043941942904,143.198833852836,11.0510913633172,8.77434660976348
136.951160939587,171.194685391605,203.433115955942,166.142618386785,143.39684028569,10.8868379111284,8.81211043672133
136.91957100987,170.404753570917,202.910852759837,165.860982429428,143.370735370924,10.7378011561129,8.84219240738763
137.043680885325,169.060846476126,201.958729377916,165.203470776564,143.348278079614,10.5538958454775,8.89093838062268
137.25648566103,167.894638340616,201.081780479969,164.571112527234,143.384356351322,10.4191980152205,8.91404837225346
137.600680949922,165.81511980089,199.373692894589,163.474474460392,143.589173214596,10.1812195942388,8.82965703093678
137.6005030425,165.810772431651,199.369865806366,163.472153774586,143.589277696217,10.1807028651751,8.82924603129717
137.572694282351,165.141301915858,198.775187707197,163.145887159323,143.64080213702,10.0955141561605,8.75006860093877
137.644579644157,162.851537641437,196.623054255499,162.756743332514,144.668817443092,9.64178403672507,8.1131919466198
137.660219564839,162.561846767007,196.329947780741,162.729170131694,144.818875261931,9.57007018593183,8.00648031161262
137.538571759412,161.582847901148,195.310182608353,162.372384682307,144.965986858431,9.36464480445535,7.71321037969221
137.62951029143,160.2333624641,193.808086340783,161.681873523835,145.095586330748,9.10460165182123,7.33689346701593
137.73495308553,159.846313381434,193.339086742118,161.443279757987,145.148692321965,9.04014235631901,7.22800799726296
137.338698408159,159.237050288831,192.536496311825,161.562639831373,146.150360604975,9.0668674964762,6.82133484883331
137.337851085743,159.238985111353,192.538807206078,161.566451954875,146.15483501798,9.06738411930807,6.82086825410079
137.137673210328,159.763102023605,193.207499822943,162.577631017246,147.314693240751,9.19745774245662,6.72727708362425
137.032676546427,159.813425642212,193.297902552708,162.736967848155,147.512175318907,9.22016991165146,6.70619116185842
136.371824960041,160.12413792619,193.877737846764,163.773863919183,148.876335428873,9.38805018343075,6.57984512945444
135.929008154876,160.192116227429,194.047955357824,164.2741490948,149.80433662676,9.56115556949785,6.51924859662667
135.896667382002,160.169584141513,194.009889163139,164.256753217819,149.834805519314,9.57954081363351,6.51919197264041
134.955046581438,159.024696314681,192.232212881355,162.628244306995,148.891608285247,9.82872912836481,6.55811180610631
134.500382402223,158.125658282846,190.50337905711,160.810975759844,147.408158758121,10.0045475141558,6.69359424480372
133.293395417313,156.027871090288,186.569967065576,156.587133323819,144.28065159553,10.3518721222783,7.15490935584784
132.566626222124,154.950630495694,184.857334612229,154.76771794335,143.050665399655,10.4407326018171,7.34568138952415
132.393092899338,154.679616935979,184.38367080962,154.270237409548,142.674198827802,10.4603270533558,7.40003934488849
132.261241285447,154.468142009896,184.004199622595,153.872378909753,142.369179346229,10.4759469527187,7.44487399834615
132.228772075304,154.408516889348,183.88452349453,153.748086503957,142.269382222689,10.480601243765,7.46071665624357
132.221962008385,154.39601116287,183.859422716372,153.722017511292,142.248450851502,10.4815774311545,7.46403948300733
132.142341176518,154.249798745712,183.565953524201,153.417228306364,142.003728853057,10.4929906599712,7.50288876807496
132.055407102234,154.085450403023,183.230391679185,153.069322752652,141.722850198846,10.5056169341611,7.5480755267167
131.917613160295,153.774057772068,182.534701531652,152.354310583257,141.129495810743,10.5273212043549,7.64964114259061
131.43147461024,153.055856945899,181.234095218767,151.031701138736,139.981632481781,10.5153313389598,7.77755498844917
131.138178586784,152.531869810044,180.250602104194,150.001426584807,139.102518546891,10.491097907629,7.88742095413862
130.277828818593,150.48890212207,176.776934418889,145.422039677928,135.385524371918,10.3461606712118,8.34704073150029
130.175435703852,150.330594338654,176.443235818634,144.745685644959,134.782982094299,10.3635624794151,8.44031742111913
129.73347400544,150.155849696067,175.730630264313,142.936285977864,132.8702154448,10.5048666188286,8.7788692382856
129.580719314258,150.138128112403,175.595048510157,142.574784436455,132.402664064797,10.5420559946548,8.86066477650755
129.551872081109,150.134781448208,175.569444331047,142.506516030632,132.314368487333,10.5490790889168,8.87611160137047
129.41207271403,150.127973107529,175.442499954258,142.156625480797,131.835735044263,10.5856630087066,8.96292338560509
129.368347768686,150.129372361187,175.401722642935,142.040047617609,131.667008140575,10.5980610271935,8.99455778842698
128.55392357257,148.845286883106,173.376009890197,138.764247892681,127.31709070593,10.6262837186846,9.59428227410569
128.618211296335,145.234690901992,168.980916648949,134.029736194682,123.501531069969,10.8503034522606,9.92922998587382
128.629857719389,144.710171534246,168.335854364926,133.394857752063,123.053068888622,10.8804486013173,9.95432857205381
128.634469670598,144.448338401701,168.015215741324,133.079997075047,122.830511624619,10.8942856378629,9.96626672469309
126.265501364563,138.215331721297,161.603970765464,126.832262480695,118.509043346867,10.9962891174048,10.073428385429
125.159294282593,137.138985557799,160.493280798195,125.736015545731,118.117057344646,11.1930828638037,10.181217137323
121.923345885609,132.097893350492,155.067211217754,121.056549397512,115.967922604199,12.0033792510877,10.6871442748081
121.456274211211,131.438429215509,154.753728333398,120.945813362135,115.95380733305,12.0866414337646,10.7254707917683
120.591448453249,126.799145117255,149.350453260177,117.380849476621,115.17991156397,12.7197472492322,11.03225111736
NaN,NaN,NaN,NaN,NaN,NaN,NaN
NaN,NaN,NaN,NaN,NaN,NaN,NaN
NaN,NaN,NaN,NaN,NaN,NaN,NaN
NaN,NaN,NaN,NaN,NaN,NaN,NaN
NaN,NaN,NaN,NaN,NaN,NaN,NaN
NaN,NaN,NaN,NaN,NaN,NaN,NaN
NaN,NaN,NaN,NaN,NaN,NaN,NaN
NaN,NaN,NaN,NaN,NaN,NaN,NaN
NaN,NaN,NaN,NaN,NaN,NaN,NaN
NaN,NaN,NaN,NaN,NaN,NaN,NaN
NaN,NaN,NaN,NaN,NaN,NaN,NaN
NaN,NaN,NaN,NaN,NaN,NaN,NaN
NaN,NaN,NaN,NaN,NaN,NaN,NaN
NaN,NaN,NaN,NaN,NaN,NaN,NaN
NaN,NaN,NaN,NaN,NaN,NaN,NaN
NaN,NaN,NaN,NaN,NaN,NaN,NaN
NaN,NaN,NaN,NaN,NaN,NaN,NaN
NaN,NaN,NaN,NaN,NaN,NaN,NaN
NaN,NaN,NaN,NaN,NaN,NaN,NaN
NaN,NaN,NaN,NaN,NaN,NaN,NaN
NaN,NaN,NaN,NaN,NaN,NaN,NaN
NaN,NaN,NaN,NaN,NaN,NaN,NaN
NaN,NaN,NaN,NaN,NaN,NaN,NaN
NaN,NaN,NaN,NaN,NaN,NaN,NaN
NaN,NaN,NaN,NaN,NaN,NaN,NaN
NaN,NaN,NaN,NaN,NaN,NaN,NaN
NaN,NaN,NaN,NaN,NaN,NaN,NaN
NaN,NaN,NaN,NaN,NaN,NaN,NaN
NaN,NaN,NaN,NaN,NaN,NaN,NaN
NaN,NaN,NaN,NaN,NaN,NaN,NaN
NaN,NaN,NaN,NaN,NaN,NaN,NaN
NaN,NaN,NaN,NaN,NaN,NaN,NaN
NaN,NaN,NaN,NaN,NaN,NaN,NaN
NaN,NaN,NaN,NaN,NaN,NaN,NaN
NaN,NaN,NaN,NaN,NaN,NaN,NaN
NaN,NaN,NaN,NaN,NaN,NaN,NaN
NaN,NaN,NaN,NaN,NaN,NaN,NaN
NaN,NaN,NaN,NaN,NaN,NaN,NaN
NaN,NaN,NaN,NaN,NaN,NaN,NaN
NaN,NaN,NaN,NaN,NaN,NaN,NaN
NaN,NaN,NaN,NaN,NaN,NaN,NaN
NaN,NaN,NaN,NaN,NaN,NaN,NaN
NaN,NaN,NaN,NaN,NaN,NaN,NaN
NaN,NaN,NaN,NaN,NaN,NaN,NaN
NaN,NaN,NaN,NaN,NaN,NaN,NaN
NaN,NaN,NaN,NaN,NaN,NaN,NaN
NaN,NaN,NaN,NaN,NaN,NaN,NaN
NaN,NaN,NaN,NaN,NaN,NaN,NaN
NaN,NaN,NaN,NaN,NaN,NaN,NaN
NaN,NaN,NaN,NaN,NaN,NaN,NaN
NaN,NaN,NaN,NaN,NaN,NaN,NaN
NaN,NaN,NaN,NaN,NaN,NaN,NaN
NaN,NaN,NaN,NaN,NaN,NaN,NaN
NaN,NaN,NaN,NaN,NaN,NaN,NaN
NaN,NaN,NaN,NaN,NaN,NaN,NaN
NaN,NaN,NaN,NaN,NaN,NaN,NaN
NaN,NaN,NaN,NaN,NaN,NaN,NaN
NaN,NaN,NaN,NaN,NaN,NaN,NaN
NaN,NaN,NaN,NaN,NaN,NaN,NaN
NaN,NaN,NaN,NaN,NaN,NaN,NaN
NaN,NaN,NaN,NaN,NaN,NaN,NaN
NaN,NaN,NaN,NaN,NaN,NaN,NaN
NaN,NaN,NaN,NaN,NaN,NaN,NaN
NaN,NaN,NaN,NaN,NaN,NaN,NaN
NaN,NaN,NaN,NaN,NaN,NaN,NaN
NaN,NaN,NaN,NaN,NaN,NaN,NaN
NaN,NaN,NaN,NaN,NaN,NaN,NaN
NaN,NaN,NaN,NaN,NaN,NaN,NaN
NaN,NaN,NaN,NaN,NaN,NaN,NaN
NaN,NaN,NaN,NaN,NaN,NaN,NaN
NaN,NaN,NaN,NaN,NaN,NaN,NaN
NaN,NaN,NaN,NaN,NaN,NaN,NaN
NaN,NaN,NaN,NaN,NaN,NaN,NaN
NaN,NaN,NaN,NaN,NaN,NaN,NaN
NaN,NaN,NaN,NaN,NaN,NaN,NaN
NaN,NaN,NaN,NaN,NaN,NaN,NaN
NaN,NaN,NaN,NaN,NaN,NaN,NaN
NaN,NaN,NaN,NaN,NaN,NaN,NaN
NaN,NaN,NaN,NaN,NaN,NaN,NaN
NaN,NaN,NaN,NaN,NaN,NaN,NaN
NaN,NaN,NaN,NaN,NaN,NaN,NaN
NaN,NaN,NaN,NaN,NaN,NaN,NaN
NaN,NaN,NaN,NaN,NaN,NaN,NaN
NaN,NaN,NaN,NaN,NaN,NaN,NaN
NaN,NaN,NaN,NaN,NaN,NaN,NaN
NaN,NaN,NaN,NaN,NaN,NaN,NaN
NaN,NaN,NaN,NaN,NaN,NaN,NaN
NaN,NaN,NaN,NaN,NaN,NaN,NaN
