76.1750351660256,113.718179381613,128.000681345169,116.082942783996,115.539877255777,4.82867951943467,10.074230339252
87.0164428373484,124.933148954278,138.356439953588,127.2107118456,127.000703113269,5.31380570895665,11.413834018201
86.2915055558111,124.1662155904,137.452778948045,126.21797212913,125.990565438512,5.31706743768322,11.3518032274406
85.6383838684848,123.483677190839,136.747102551944,125.45145437457,125.20600720782,5.30168880831713,11.2818123520794
80.8681823461082,118.508331117046,131.865818624986,120.180592201834,119.803464471772,5.14431566107588,10.7366513352449
79.1967013072775,116.764759190867,130.159822530256,118.339149691439,117.916110789307,5.08848769739891,10.5451266288428
78.4153820373722,115.947518405431,129.366092728638,117.483993834477,117.040969683175,5.06205904251232,10.4554525568576
74.3746911627051,111.721054895171,125.261219228289,113.061447763058,112.515067382028,4.92537992970492,9.99169181483881
71.0019042746257,108.184893898841,121.825956181104,109.362796947477,108.736234908409,4.8137310634428,9.60697114879962
64.9887973001609,101.698973914891,115.400917050347,102.477716350215,101.849712382711,4.69487335265353,8.98360899903031
65.6235288069664,102.314176705916,115.951365037719,103.076217581507,102.505283212615,4.74228630807001,9.07462116692395
68.7241858867993,105.425114951138,118.822781190112,106.178320435172,105.804994094231,4.92699271470091,9.48195296780688
72.4978653859417,109.245296008008,122.362672941958,109.991924373152,109.841367393585,5.14695564490509,9.9667515358116
76.1157617399175,112.818215812277,125.494803885902,113.35424693594,113.554132077639,5.52372404539338,10.4704425808955
75.5809596049625,112.24956026624,124.941143390703,112.763065258969,112.955161489379,5.52442122359136,10.4111262874007
73.1837606765832,109.704499973045,122.48469647255,110.146090625713,110.286513061783,5.5163265952971,10.1427383208523
70.6541291577961,107.022145533612,119.935727668268,107.444839317893,107.496921359705,5.4947376033514,9.85730724311131
68.7094959941622,104.907206537112,118.009479866765,105.463410407958,105.360936837706,5.56860402382094,9.66629052787748
69.3122990631717,105.52848989248,118.619354250526,106.124981760409,106.021618045111,5.62015955564507,9.74789702943354
69.7132799782294,105.941763781007,119.025038960912,106.565054978214,106.461099143876,5.65445398012618,9.80218117520334
70.4132112217141,106.67356850509,119.732678496708,107.323926262797,107.233071818658,5.70525915780964,9.89409989488161
72.4700685373516,108.848935153846,121.829162147834,109.567439969211,109.543684182613,5.86675610195799,10.1685818112112
72.6186303395434,109.011021008495,121.988867618961,109.742687527022,109.735247258054,5.88797138653747,10.1915343540796
72.5872717343725,108.987183927337,122.009865356945,109.818449695706,109.88368830104,5.95526299560282,10.2098137641481
72.2932648757713,108.666383142666,121.731595443332,109.558942756911,109.648038060947,5.9658416911642,10.1811526639152
71.4390111787299,107.719672395096,120.906398572592,108.785959407265,108.928264250174,5.98008520464875,10.092210208396
71.2946193719053,107.554337532222,120.764267700863,108.656437058955,108.807487082093,5.98147589432359,10.0766765127052
70.4864986936519,106.629004409358,119.968800845861,107.931536593564,108.131530951804,5.9892591966313,9.98973874959054
69.4204732294091,105.339201202105,118.886433113617,107.006696526975,107.293648586796,6.001772444191,9.87274487328354
69.0375742089897,104.800124970764,118.465239504583,106.715127140313,107.070029932205,6.01840143655671,9.83034571811177
68.9173593919081,104.630876821545,118.333001734399,106.623586137033,106.999822712484,6.02362226807857,9.81703409700131
69.19522306068,104.588995619248,118.423101576732,107.024935829286,107.606150119454,6.09405471745247,9.84421608425485
69.3378494577611,104.680946667677,118.523317171609,107.17784793573,107.800727109342,6.10917745044385,9.85891039587649
69.832145208575,105.094647923321,118.898964417686,107.643842584334,108.380041451856,6.14699718152157,9.90927294944741
70.3377024253962,105.549164318442,119.260341559,108.067184526961,108.9487798484,6.1838205278857,9.95858705085526
70.5103032900654,105.710315191568,119.377967782015,108.200172697449,109.138757548263,6.19616780970784,9.97491750151042
70.7519524472484,105.967895576746,119.466049111219,108.29724818483,109.43683105262,6.22103909949554,9.99465545368168
70.7331493213793,105.955018555325,119.431092347823,108.264427922501,109.435679821802,6.22272990292772,9.99250411853567
70.4807989578579,105.746116715001,119.059579072432,107.933554669413,109.376184794297,6.23509379553868,9.96783778561722
70.2805213074995,105.559705447445,118.820508728337,107.733575480792,109.303801560636,6.23900557586067,9.95066448101054
69.3962196217842,104.594064179161,117.836656401472,107.097659967901,109.163678640683,6.26133032758377,9.8955984186771
68.5472984046913,103.033236881372,116.524721451843,106.697161565495,109.673555544546,6.35469323835947,9.90088818351394
68.6293574297748,102.743156673545,116.290738276263,106.650117487142,109.881313497708,6.39808248965929,9.92630532699073
68.7200781811962,102.569982120319,116.130461144902,106.543295870437,109.918411184167,6.425370355778,9.93866956883593
68.8962027105036,102.219601149975,115.746879573716,106.073715562654,109.654996232366,6.47026573203237,9.94009134749679
68.9752976508891,102.074805814463,115.576161428946,105.81083632274,109.454739086746,6.4878845365722,9.93426936877669
69.0227839972549,101.992994998244,115.478121033713,105.631698207456,109.296705111249,6.49790435912995,9.92739236349797
69.0630611264668,101.923604424574,115.394964801048,105.479756237432,109.162663321595,6.50640300597739,9.9215594019964
69.0711394180451,101.909686916106,115.378286345876,105.449281584426,109.135778866777,6.50810756011514,9.92038949826452
69.1917778446431,101.736687440142,115.194468849812,105.048232004573,108.745958155566,6.53407850157426,9.90032986666753
69.242363383576,101.670486974457,115.130323886123,104.894164166299,108.589869310798,6.54517468450734,9.89183842546525
69.2565434739523,101.657523707509,115.125156943492,104.869080700324,108.559592108736,6.54861638724046,9.88990738033834
69.2661594847478,101.648732866858,115.121653060597,104.852070732602,108.539060088547,6.55095032516035,9.88859787170376
69.2728251378181,101.64263920752,115.11922422932,104.840279715934,108.524827645768,6.5525681707298,9.88769014287148
69.4199311928877,101.389035075369,115.071338859901,104.539025869754,108.103368210984,6.60952410505157,9.85429550594568
69.4280349283598,101.352429583184,115.069787315254,104.51463321213,108.059750859419,6.61669976254874,9.84991692721454
69.430567894873,101.340987886176,115.069302352406,104.507008853568,108.046117481171,6.6189426418004,9.84854832463119
69.434145049698,101.179184692192,115.141103651532,104.562765522574,107.990559353269,6.65529748750574,9.835038668659
69.4093267744881,100.864842817782,115.403439736888,104.918861559615,108.091277882702,6.73721776260629,9.82033307780149
69.4062563287785,100.837213510929,115.437993808246,104.970838596092,108.11674278154,6.74589704999269,9.8201065784856
69.3977747998619,100.76089274607,115.533442932943,105.114415385775,108.187084776248,6.76987194937381,9.81948091671562
69.3762354833873,100.477029722851,115.960302075284,105.744879012715,108.51354324098,6.87325820150181,9.82288796088044
69.1529386195879,99.8706573479663,116.458147087229,106.411436454479,108.690116573243,7.05286732120333,9.80717444846234
69.168029138397,99.7699191469321,116.710705543331,106.65650367982,108.791151948368,7.12692585534543,9.80891167606502
69.2331009786948,99.7040758033563,117.099732850829,107.010163690764,109.001877860455,7.2332257526475,9.81536544536803
69.2314285682622,99.7013785458139,117.101358056598,107.011574166267,109.002337364837,7.23413558868016,9.81520068120861
69.1390175272522,99.5523383505952,117.191160747413,107.089511679103,109.027727829638,7.28440966810871,9.80609644028976
69.1146726882212,99.5140182801332,117.216480045972,107.118452164869,109.044860582207,7.29719350947856,9.80444069357123
69.0662899374833,99.4383065082525,117.267583812695,107.179937641687,109.083840249941,7.32238268104028,9.80150066755496
68.9775520869758,99.2955818410505,117.371646393403,107.317232792479,109.175393079795,7.36971223035682,9.79763158959853
68.9653169781276,99.2751948314234,117.387889024289,107.340659261371,109.191694090265,7.37644526332603,9.79737736549713
68.92835973455,99.2136140404428,117.436951347592,107.411421011652,109.240932754337,7.39678299325927,9.79660945879887
68.8264470985982,99.0238513751889,117.611907557427,107.675146937388,109.416151433939,7.4603157889636,9.79742947999931
68.7242144639834,98.7853274470877,117.884056337972,108.084228364002,109.65691951451,7.5438200246139,9.80244407148178
68.4758701333454,98.3946370429772,118.002073761671,108.315784404691,109.643267525046,7.61112306385234,9.78534597560022
68.380990593013,98.2341597687788,118.081893063142,108.442365052419,109.628594457489,7.64103320967298,9.77692886601099
68.341348719445,98.1649719086143,118.124269086916,108.505497104864,109.623192425442,7.65456250406142,9.77293940676851
68.299536484292,98.0788285286384,118.224546742162,108.635170476755,109.621980821823,7.67518996583693,9.7658209299449
68.2628523991255,97.9791859628428,118.429660062195,108.884384283141,109.646209534934,7.70513858658355,9.75313721893562
68.2611964105646,97.9583178845518,118.518600941979,108.987771520242,109.664508167368,7.7145523050365,9.74818494828875
68.2836595894781,97.9550307849633,118.715006944471,109.210500716986,109.734971435483,7.72675600585259,9.73794168133842
68.2375822686315,97.8733702443112,119.11574275734,109.674426695394,109.869848216164,7.72921644609707,9.69117872103978
68.233104282775,97.867946438014,119.127402665037,109.688314499196,109.87284246322,7.72886264979702,9.68908680908416
68.2244760170464,97.855007998009,119.17128390204,109.742181985919,109.900734789508,7.72631268375288,9.68288314053698
68.222759602144,97.8524120556581,119.180203468585,109.753138705648,109.906479986996,7.72578881838083,9.68162973921292
68.1752351196107,97.7678638941388,119.482304146879,110.126513059072,110.121622852039,7.70775396920392,9.64194325580517
68.1731437809823,97.7592858489885,119.516733682209,110.169778857562,110.152584132209,7.70560713566059,9.63828697868669
68.1679630448546,97.642795792328,119.963820673237,110.733313463313,110.586385289508,7.67972115286348,9.5969461273499
68.2035099022069,97.5161178270093,120.393739167506,111.272586675984,111.044943053727,7.6601913275868,9.56778006018406
68.2154829603837,97.482309840184,120.503742552411,111.409996654884,111.164061263121,7.65568862187561,9.56101977113517
68.1727167198811,97.3291750409899,120.65898937612,111.611826340208,111.327787979412,7.64451618454697,9.53980427589577
68.1159234680954,97.1430855700185,120.825376846726,111.828104302591,111.500069428748,7.63177249572937,9.51466069096312
68.1029272045953,97.0649973903669,120.913903500048,111.935464137707,111.584272265697,7.62680398017991,9.50369807171283
68.1163531250658,96.7454360873047,121.452697656379,112.548988116125,112.056404004389,7.60249662418357,9.44786423821254
68.1213617525669,96.7455799137447,121.467333186619,112.563683608067,112.067315886156,7.60202620842937,9.44685584624634
69.4616263300067,98.0768118436854,124.199640311862,114.924858975517,113.652842060027,7.45088525405998,9.27802211867291
69.5748475306308,98.2052140915821,124.392519875163,115.084179120717,113.762614663932,7.44033381223711,9.27298845103888
70.046786870178,98.686388759658,125.195084082506,115.745128255669,114.21439488515,7.39935504499581,9.26246214934234
70.2609674723016,98.884742914781,125.643861494619,116.084990442127,114.398415853254,7.36532159544609,9.24624902385288
70.3887015429883,99.0007822129202,125.892904053906,116.27105593328,114.49500018637,7.34650560473558,9.23977285722061
70.582818419966,99.1810120401036,126.258507197616,116.542137360269,114.633488774492,7.31854391766203,9.23114314753654
70.7546620411148,99.3576663117509,126.543451654659,116.746785690166,114.73195364754,7.29530556104458,9.22615981999132
71.0206276066854,99.6742040685242,126.923238919259,117.005708556578,114.848496300574,7.26005611102502,9.21967783557149
71.1012760270232,99.77605488012,127.030071391513,117.07635558933,114.878957500232,7.24946500951537,9.21787976394019
71.582546684688,100.642084809116,127.460734498991,117.227465583784,114.839711890055,7.1576737954979,9.185329889779
71.6642006248118,100.873729446063,127.48368717584,117.168237776017,114.753818322054,7.12750106404247,9.16886028347366
71.7825414662991,101.219942006936,127.492635713597,117.064098519704,114.636529025161,7.08535201611027,9.14634453551652
71.8367341193375,101.37187126172,127.496347016991,117.018994049084,114.591148459681,7.06727802879065,9.13703403048442
71.9324843201363,101.624286891044,127.501968041474,116.945561751334,114.531145097884,7.03831742835918,9.12300655734181
72.0931526777156,102.021999822616,127.520103478575,116.837351502242,114.452291983973,6.9927688581566,9.10195015676361
72.7383971582383,103.200527421224,127.736516367373,116.587937187211,114.411488904197,6.8375328468471,9.04241171626053
72.7435220468851,103.208387969402,127.73802247547,116.583746658053,114.410042393214,6.83563767501259,9.04151665320368
72.8222201772355,103.329095069168,127.76115037141,116.519396614061,114.387829674523,6.80653529048313,9.0277720054707
72.9032889839258,103.419148988458,127.804831233105,116.488745162675,114.392550111957,6.78246881655998,9.01801208928442
72.9141531619582,103.429422269459,127.811724438575,116.486503066526,114.394627655634,6.7795531418064,9.01693441600589
73.2961475769747,103.740818528202,128.091013723375,116.486651781376,114.518299696721,6.69147473757971,8.98880490195002
73.3963244646558,103.810117737063,128.173417877378,116.50629081484,114.563294871038,6.67195965288789,8.98385063026702
73.4769662504075,103.864274379165,128.243297123286,116.532602753922,114.604445699915,6.658435595562,8.98115029744196
73.4848681628122,103.869475219777,128.250374777184,116.535863535689,114.608798363627,6.65725242917145,8.98096938935503
73.8137943924454,104.085966216627,128.54499029454,116.671597342563,114.78998301745,6.60800176174566,8.97343888130893
73.9474167954563,104.182593096529,128.665438211929,116.736921887645,114.864951023183,6.59064734711016,8.97157147882728
74.7131046384877,104.779514244161,129.323034563119,117.027370094595,115.176848553973,6.46472960175879,8.937194408437
74.7389511721166,104.805006440167,129.343142283232,117.034565725661,115.183575841805,6.46003981863814,8.93546237135272
75.0118306357465,105.074144920119,129.555433182968,117.110534904894,115.254600402457,6.41052658328983,8.91717607589301
75.1156065842567,105.184851252194,129.634853130728,117.140277432132,115.283295614288,6.39300795775581,8.910864041256
76.7439428824043,106.964596005041,130.905771297691,117.542969009054,115.775234515577,6.14335608016295,8.81003988548268
76.9113174888312,107.093225959531,131.046400095758,117.555210707709,115.817655764824,6.1172597474473,8.79351423012526
76.9431178308129,107.117606680244,131.073135557334,117.557562762715,115.825750770788,6.11231342966374,8.79038020823309
76.9590662436673,107.129834026725,131.086543846443,117.558742358341,115.829810554084,6.10983276709205,8.7888084429024
77.05900771134,107.206457259657,131.170567511044,117.566134348951,115.855251374102,6.09428758021486,8.77895890267412
77.3982627428694,107.419873738452,131.467947686389,117.630157041472,115.976856282923,6.05620462269717,8.7534740149809
77.4733391943543,107.465944260384,131.534058944644,117.645290897968,116.004641546444,6.04814125853438,8.74803147434644
78.1204396168724,107.832863633144,132.110076419347,117.859301031586,116.29278413725,6.00835398598451,8.71735419159605
79.0588583379288,108.352411257558,132.901740389047,118.140598100902,116.605690698091,5.97344809548407,8.66012073458841
79.3604110340355,108.54386355576,133.144323126463,118.235905073075,116.690575929548,5.96940777160748,8.641971717256
79.4846484062826,108.635888414929,133.244334196386,118.287086291037,116.733418893781,5.97056306787849,8.63736810056039
79.5129449310605,108.657258294887,133.267115043577,118.299115104059,116.743422406052,5.97091416259829,8.63640921197566
79.5302226257917,108.670306620265,133.281024897405,118.306459827872,116.749530492915,5.97112853900804,8.63582372013954
79.8640647034436,108.922428221082,133.549793073592,118.448375627157,116.867551816967,5.97527075052095,8.62451076351768
79.9231998480045,108.96993959418,133.597642100191,118.477158375698,116.891329653425,5.97680389840969,8.62349007817677
81.1116204339644,109.948551759278,134.545395361571,119.122102792917,117.418719580306,6.02829437110308,8.62683157672805
81.1283439156757,109.960294987394,134.556690029856,119.129230215492,117.423433386166,6.02937939359641,8.62677996889812
82.0727645665039,110.516792747403,135.117621523151,119.532111894623,117.716608403356,6.09683977669976,8.64412094365692
82.3928901725231,110.660844291449,135.272321669562,119.663587906401,117.823900360653,6.12035188862853,8.65724941653085
82.4174363236844,110.669988003046,135.281971621333,119.672770724018,117.83212322885,6.1219617126609,8.65846685272323
83.0301664744413,110.895788923316,135.517465828918,119.899071710263,118.037067019665,6.16141454101885,8.68905132779688
83.2639179667934,110.974719618197,135.591423289508,119.976790693223,118.114313173819,6.17430863961233,8.7012916370147
83.6107791788596,111.090509224238,135.699272146995,120.090358388607,118.227448304689,6.1933788577149,8.71932767089897
84.0572551017414,111.139477362269,135.695956003505,120.104686925599,118.261393080536,6.21318812588137,8.73300478956497
84.8576627317408,111.316201602831,135.696168559991,120.155896736376,118.412942660634,6.24234895011323,8.76356940752151
85.0236003826378,111.370711725819,135.7035244831,120.17483938051,118.462305814472,6.24777537266093,8.77110700475982
85.5313388719116,111.603259081631,135.769731674288,120.27114741684,118.677678872253,6.26354971369937,8.79875764502188
85.6258189789151,111.652134111033,135.785774787639,120.292335671955,118.723236646836,6.2664143317147,8.80429370204595
86.5500139895121,112.432869304978,136.098389113073,120.568977831861,119.372871764955,6.28755402592757,8.87322209831774
87.3262179038338,113.616827951731,136.812349353751,120.995719886809,120.001830032635,6.29458760645351,8.95283706542483
87.8739702625109,114.411800100468,137.38904000368,121.318368564159,120.246963192789,6.2971673891197,9.00476912848572
88.1782844195081,114.853096868153,137.696457776949,121.402099431081,120.182640286551,6.29113666508777,9.02787838856628
88.6704410573121,115.45180658654,138.174518837973,121.558389338824,120.063700637772,6.28970600259685,9.07173619429463
88.9129360583617,115.714983382709,138.412794602434,121.650497693161,120.018308004197,6.29266022531955,9.09772184628016
89.0080724842702,115.818233757608,138.506275723749,121.686633941703,120.000499418856,6.29381923556702,9.10791662161206
89.3576531729387,116.169539713521,138.876039125385,121.855905563618,119.983079565891,6.30480340012362,9.15619740967936
89.3996137753963,116.211579236428,138.920542124926,121.876389932167,119.98120773367,6.30615252903654,9.16204198069362
89.6287020247972,116.436913658492,139.186022490001,122.010519221733,120.002840145893,6.31719935444418,9.20099730019406
89.8536675343409,116.656438981773,139.456160385696,122.151578138596,120.037433177668,6.32959022661067,9.24220484151866
89.8571600698316,116.659847059679,139.46035421163,122.153768044393,120.037970226176,6.32978259192431,9.24284457869816
90.0393307810237,116.845297031319,139.757428987712,122.264107701601,120.023850502032,6.34709844959416,9.29967876392707
90.2507682918679,117.089349192544,140.19727674482,122.44246317659,120.069068903261,6.37750822904817,9.39207687607298
91.4244095708329,119.248361324205,142.82498491826,123.770043345978,120.961905956124,6.43283515571334,9.83913532843935
91.5258820430007,119.463698894624,143.046498382364,123.90063638228,121.044815558715,6.42243509284385,9.86107432625093
92.023386907974,120.64154672679,144.429757035326,124.902672511147,121.822090741796,6.33905977245584,9.9639097970412
92.02285073237,120.727154011079,144.560671879728,125.000974741921,121.903386175026,6.32570017546633,9.97068031514837
91.9732132094114,121.222122496224,145.378346110836,125.647087376528,122.470332977098,6.24230969841438,10.0137389977912
91.9690530918305,121.244979024746,145.418542678813,125.680043966596,122.500403129372,6.23821216781821,10.0158843971964
91.9546281608741,121.303492410439,145.525384076246,125.770144700892,122.585306546366,6.22726672364255,10.02190029401
91.8875807859367,121.519531527142,145.934237279612,126.123741741455,122.92772131911,6.18519036522429,10.0460243748296
91.866434535634,121.58629012675,146.059097994545,126.232541284971,123.034440648021,6.17202380184835,10.0537807013421
91.7490720001821,122.004933782732,146.785066882562,126.867573765064,123.672271582869,6.08778567722622,10.1048479101241
91.6861457685545,122.115815515927,146.964030689924,127.012325459305,123.820950497592,6.05496777355992,10.1177137814368
91.6048591189898,122.154554323343,147.030253612142,127.050895856933,123.86402751277,6.0275317496949,10.1214019899228
91.5534132245782,122.17907191149,147.072165752478,127.075306859409,123.89129072987,6.01016763400809,10.1237362377404
91.4920838267595,122.234884554525,147.124294323375,127.093091211926,123.916004418973,5.97817099396225,10.1272803548725
91.4127594870273,122.403487360694,147.227314937357,127.106187117771,123.951234345206,5.89921046698414,10.1359930732277
91.4110745448387,122.420642369075,147.2351330856,127.105764418854,123.953144458561,5.89231877162306,10.1367898745662
91.4549962980942,122.641381420771,147.329094226445,127.104647974605,123.985136032492,5.81725549649838,10.14747119316
91.45793461185,122.650387561006,147.332811854519,127.104677954283,123.986570827566,5.81443081149195,10.147914479804
91.6280297639883,123.027743728623,147.491175067201,127.104089383779,124.062493446138,5.69819439644146,10.1674794606442
91.6274697383151,123.063634458798,147.48594741712,127.06527990581,124.044339924905,5.67242520433051,10.1674335754785
91.6274477658823,123.065042620412,147.485742311898,127.063757228035,124.043627677156,5.67141415810816,10.1674317751883
91.6271504780668,123.084095098331,147.482967230777,127.043155342299,124.03399093918,5.65773466590282,10.1674074171966
91.6332172133783,123.159211119862,147.486382877884,126.981237135606,124.013762816327,5.60800698823874,10.1688995665177
91.6355612596451,123.173438294498,147.489399817555,126.972696794217,124.012864306892,5.59928258032039,10.169444362187
91.6690503324849,123.325469162581,147.54505899677,126.913624569681,124.024333901607,5.51452203444762,10.1777676083892
91.6741086277305,123.343764777206,147.554609955052,126.910436759788,124.028280851545,5.50535332767337,10.1790739607444
91.7206894097768,123.492296070235,147.653544365922,126.916054959744,124.070888017559,5.44123143564679,10.1915356001315
91.7219299873539,123.496020910277,147.656306411097,126.916609509983,124.072095249506,5.43975884269605,10.1918724870133
91.7338061475703,123.531679137489,147.682747716844,126.92191826907,124.083652189021,5.42566157853484,10.195097535295
91.7685503299216,123.635470709491,147.771440446542,126.957435567972,124.119274710019,5.39196145800295,10.2047494571625
91.737587996571,123.719871484695,147.84373335919,126.957900454896,124.103020362733,5.34240997904812,10.2104662754848
91.5284867488632,123.74412743148,147.887114447617,126.927633360903,124.019204299179,5.26904578989532,10.2014640470372
91.3809002357015,123.914564700521,148.167363508174,127.220673925451,124.304568536259,5.21540174802385,10.1986764484082
91.3510428728981,124.005052587594,148.315721532173,127.388246204868,124.49547440858,5.20104932943043,10.2007876354601
91.3367476694727,124.077339476445,148.434517074277,127.524219501,124.657416422671,5.19224428698031,10.2033911230339
91.1283374983455,124.182384132139,148.722358932471,127.880806200714,125.167337970651,5.15730601143973,10.1993527108143
90.873995032147,124.312801603968,149.074112731904,128.288880809029,125.946138792078,5.12907905869122,10.2132808752788
90.8419019459415,124.388741505902,149.137887014877,128.308781921347,126.155270941951,5.13501111825907,10.2369596086159
90.7942943082766,124.336995357637,148.749104956596,127.716280966622,125.729777565844,5.17289435414706,10.2753607765397
90.7142324728004,124.171042423077,148.16715982436,126.940045369872,124.966804336298,5.21131987340627,10.2935675046204
90.7206776521483,123.908002815883,146.64918383142,124.931515937893,122.750785163327,5.33346936451451,10.3473017042053
90.7557799669791,123.882491508635,146.249650130753,124.394929359019,122.113153331378,5.37319030100085,10.3657830914839
90.7625409003032,123.878569147819,146.177558395232,124.297898750692,121.997202222982,5.38049102414425,10.3692012428037
90.7839244135028,123.866163485722,145.949546299239,123.991009865024,121.630471486551,5.40358178724152,10.3800121886248
90.5822403434711,123.590831883365,144.801365808164,122.467499790458,119.778937402803,5.50292735187489,10.4051989462725
90.4439895174165,123.457069852195,144.17156673545,121.335286019603,118.205673175724,5.61610170594676,10.4500596257116
90.3929399759004,123.410745341396,144.095606547328,120.867024330599,117.401197286426,5.67940271857588,10.4774227468635
90.2059919481933,123.208730305923,143.922827831767,120.250295449214,116.384836734794,5.73226395892912,10.4829122403895
90.1987935212886,123.200258506547,143.915640262793,120.22059817571,116.334039414779,5.73486863699894,10.4831725682903
90.1983222362283,123.199703853074,143.915169688608,120.218653878501,116.330713685652,5.73503916673793,10.4831896121045
90.1532352839451,123.145738698016,143.867455504433,120.019651928507,115.988000045506,5.75259049015448,10.4849648508878
90.1172322242201,123.088295143556,143.786496598561,119.654110617787,115.323997815676,5.78627665836781,10.4886831769062
90.1196886567314,123.077572246993,143.734249674904,119.420734175285,114.880301281615,5.80889854719447,10.4915455960485
90.1800701816041,123.094984375782,143.350576973416,118.290155323844,112.641687332331,5.91074229632006,10.4920862976921
90.1876545490768,123.076580064161,143.172166854978,117.900981642147,111.779584526615,5.94586772619855,10.4851827460635
90.3093153679861,123.114281591001,143.206915646293,117.745336789382,111.051007956181,5.98948760634373,10.4900732117765
90.5115960764104,123.172896349758,143.512226980711,117.901696606526,110.671313173119,6.03239677584515,10.5080543166584
90.5395585009208,123.18041933419,143.561562094577,117.933733841147,110.638353350949,6.0377070020487,10.5108143929115
90.5713416200917,123.143606688076,143.688313324473,118.012225819419,110.528721462403,6.05102109567802,10.5146642684235
90.6084973606903,123.005033666084,144.011163672819,118.225566630319,110.297088126621,6.08138943622448,10.5214382820247
90.6309826462719,122.967799079275,144.142371115834,118.322235972755,110.246999268998,6.09211450151415,10.52505849928
90.7005993698122,122.922327113159,144.44815301065,118.560187412975,110.173710144286,6.11622246270399,10.5347434331284
90.841040478678,122.932418479605,144.92078853205,118.947761781973,110.112590671554,6.15324325474207,10.5515965508471
91.1031108945517,123.118044340488,145.581471368736,119.517071205728,110.042755579547,6.20866483612397,10.5774628237194
91.1711986860328,123.19129130783,145.761511448498,119.67275290464,109.978511761002,6.22659366014813,10.5829276257158
91.3802978841375,123.804553238531,146.37947443177,120.163376092942,109.050644410059,6.33028543083016,10.5853344926435
91.5765018393249,124.438687466525,146.764796850882,120.341892515662,108.223626240017,6.41057054098982,10.597559001943
91.4386896056711,124.486674810988,146.83753117357,120.223441282465,107.485612021479,6.46019446393595,10.5895538812367
91.0242709399928,124.415364507744,147.102456039672,121.044469499001,107.155454020725,6.66818855269256,10.563836714987
90.9968505235565,124.506895934845,147.106741799966,121.1841874595,107.268811929054,6.68271677867514,10.5585215767055
90.7385562789766,124.715581852619,147.0080623535,121.33013645,107.463702462212,6.67939670580669,10.5183975098899
90.5691589688255,124.750057570374,146.958777192925,121.243093460949,107.475225656275,6.64173433439809,10.4883772686147
90.5235264300693,124.77515336825,146.968147911361,121.20750546218,107.49214288278,6.61935808844941,10.4758093758078
90.5158623099481,124.784103240656,146.975660526189,121.199001006527,107.499303546895,6.61231624780315,10.4723853546721
90.4857715940102,124.838442775686,147.024880852955,121.160524811327,107.545070148701,6.57369534771568,10.4541183061007
90.4855268533997,124.842556948262,147.029053552857,121.159239120027,107.548818499239,6.57128253275727,10.4530471780626
90.3272475717648,124.852198355178,147.028123430105,120.972180837058,107.552829071623,6.47539605406241,10.396905866934
90.2781423008843,124.848368381996,147.015256197156,120.925899533315,107.548287685525,6.45472865688123,10.3831057679885
90.2552697273232,124.850771652827,147.011794703926,120.906427967113,107.550130482342,6.44442226901687,10.3762810243741
90.1564166852835,124.865321979547,146.999625882428,120.824550027459,107.561592233965,6.39953097965253,10.3465670263049
90.0260258549041,125.011208582199,147.070205649487,120.786143677695,107.681479984782,6.33055570643336,10.3011367884732
89.9200089731355,125.282457348673,147.246974151811,120.840951225204,107.89109766187,6.26913551645367,10.2596059890127
89.9058733180741,125.335129456673,147.284886857683,120.857561243244,107.929997113146,6.26070955734948,10.253666743602
89.264535502858,126.195769407889,147.983967599659,120.923670394858,108.345368619329,6.09567651869862,10.0827017873912
89.2534237584682,126.326316034469,148.131078924637,120.971749900122,108.402965137968,6.07964792915533,10.0609054164523
89.2751056937123,126.445082700962,148.274609764187,121.027776239027,108.456881896298,6.06588341741712,10.0401614927086
89.310869252221,126.578515699198,148.489824967635,121.069809536103,108.469413896818,6.03257827908507,9.9790319932924
89.3668630496719,126.495670547845,148.529206264795,121.007918752931,108.374115068814,5.99369678501041,9.89063018828168
89.4289535879002,126.451075622702,148.532433983674,121.007370303944,108.375645053334,5.98176673182004,9.85907523197891
89.5969843126487,126.363169724886,148.535816153423,121.085939705457,108.556425904063,5.963234182364,9.79625074066451
89.5983783902341,126.362514460858,148.535866782778,121.086949840006,108.558834138711,5.96309910095671,9.79571969580098
89.4827235156925,126.108030255836,148.326993887692,120.996938515939,108.673037165971,5.9415361072473,9.72297349988619
88.991960908945,125.656735620318,147.688975551825,120.891002636772,109.248657538306,5.8292585876359,9.37461605999625
88.9883465250696,125.641145293601,147.661674025585,120.885437018266,109.241988601022,5.82377666957231,9.3571775244393
88.9775355735547,125.594513205798,147.580012672877,120.868789746176,109.222041201932,5.80737975313028,9.30501727558448
88.9693599945087,125.557832963077,147.515664664997,120.855868892288,109.206309786339,5.79442749884379,9.26376268592573
88.996538384462,125.54269073655,147.478472280025,120.866705221647,109.195995791956,5.78399411054264,9.22569556926535
89.0166857269743,125.531465802889,147.450901562255,120.874738193414,109.188350027146,5.77625983901188,9.19747641282776
89.1048312636089,125.516232003327,147.392829114495,120.921576403503,109.175277675915,5.75581617526598,9.11447918800692
89.2010166020885,125.521999997197,147.370804704049,120.980416002769,109.174482614535,5.74236110394842,9.05065694994045
89.3194254688804,125.550107807464,147.381193190389,121.064639744227,109.190221137688,5.73434570180064,8.99161771597948
89.3462012067733,125.557168399674,147.384800152205,121.084080634807,109.194340786153,5.73281990122352,8.97892221600382
89.395619758594,125.570199758263,147.391457329315,121.119961650017,109.201944201676,5.7300038124498,8.95549080858773
89.437528570142,125.575721783093,147.390989559574,121.148778352204,109.201697812057,5.72730242058081,8.93097310849886
89.4408179444992,125.568082603448,147.382027230888,121.148686919221,109.19190448546,5.72663304952347,8.92226401953136
89.4975027746272,125.465316017524,147.259495038841,121.158353799649,109.050379037623,5.72078956866209,8.79040699593629
89.5262312554152,125.441538775873,147.228676161341,121.174273214692,109.005353695543,5.72340704300919,8.74144412729055
89.6056844753696,125.443039263517,147.207251774133,121.238830569874,108.940981910362,5.74088035744991,8.64804764862818
89.8380796907503,125.626648507607,147.286180888605,121.460320929358,108.898298125006,5.80885933009832,8.49970776924951
89.8296257979886,125.619064339678,147.235162588321,121.446798805729,108.813007656707,5.82608349174278,8.45993210507968
89.8163696047474,125.606887254563,147.196936513769,121.430356842444,108.755074056914,5.83569073920224,8.43652309320436
89.9839865052289,125.776706446678,147.061040292635,121.667274691879,108.360165823227,5.96833877163628,8.18092012216334
89.7488400951994,125.541373749747,146.904718948327,121.813221146978,108.218018279981,6.02993639218852,8.03029491535596
89.7199800042247,125.511816290925,146.898157745941,121.841737529342,108.221996810487,6.03776482465913,8.01541875881072
89.6907746186577,125.479027902967,146.89906977431,121.886066945372,108.24047441952,6.04835964604483,7.99861642940755
89.5676270906188,125.316325079825,146.912917684924,122.108398593208,108.355376275094,6.10104012262149,7.92223355680755
89.4918957454093,125.226332791289,146.857923800905,122.096222223572,108.322746649266,6.10879499702774,7.90167578231001
89.3614248880997,125.067532859432,146.763627468628,122.080841559098,108.267125507059,6.12300552398039,7.86436105099353
89.3537443321663,125.057285319815,146.75818352898,122.081274736884,108.263993164039,6.12404544256631,7.86171057381773
89.1700484266852,124.790602828227,146.63785597756,122.138360674454,108.200491196971,6.1542913972811,7.78438872535935
89.1645423296839,124.78119778192,146.634894841904,122.143126309277,108.199333964846,6.15554931146392,7.78116042744761
89.1406613777746,124.73323171998,146.626284073682,122.181112490657,108.198925220166,6.1627950269253,7.7620546006634
89.1402377889127,124.728918289905,146.628173894212,122.190143682052,108.201143033441,6.16378739494272,7.75925236624471
89.1392680854619,124.719043743134,146.632500177676,122.210818393419,108.206220176345,6.16605917963139,7.75283733358074
89.138766664083,124.71393774,146.634737244089,122.221509024948,108.20884550267,6.16723389073559,7.74952020139753
89.1470052081305,124.673815463904,146.670956475705,122.344903991094,108.244051254218,6.17871323521459,7.71532750265613
89.186658384188,124.656267093709,146.736907563053,122.504872085883,108.282876902752,6.18625963313797,7.67450680717347
89.2339126417644,124.515953853503,146.570133557209,122.416713115439,107.724658965833,6.15233717034633,7.53602242705752
89.4231486391782,124.602035884535,146.477124697846,122.257733255711,107.361327344108,6.13624066419932,7.4973810695065
89.4583532340184,124.40117521648,145.893469145477,121.577710991764,106.304703069188,6.0985931672609,7.38641322034017
89.5389271159329,124.409730870251,145.885819900711,121.602827266304,106.197414939217,6.09214507741393,7.34878867951059
89.5509594694153,124.414442785465,145.895024543234,121.618862824293,106.198478071541,6.09161804972923,7.34451295434266
89.7007260490613,124.530917855914,146.213122347293,122.061770986255,106.524711752313,6.08920802652405,7.3069099293626
89.6722498936987,124.518010094173,146.434092616676,122.389695786815,106.821944762797,6.08258316583033,7.27784827867014
90.2021104647876,125.447323610446,150.388538914446,127.278647605982,112.556337605276,6.01203918459854,7.12591459360135
90.211565199307,125.454959483992,150.412773074305,127.313938040187,112.611896591247,6.01124573970384,7.12471072546915
90.4027265101265,125.587020882669,150.752379360957,127.877414707357,113.537468351631,6.00123703773003,7.10941199724187
90.5975200194578,125.699014981007,150.957110884818,128.327680895084,114.318096136508,5.99746841003319,7.10318355094252
90.7983566297474,125.643480156614,150.985234192246,129.109837009807,115.980640805298,5.98559509920906,7.07715508061993
90.9002676912773,125.62927863034,150.987306763628,129.466598958692,116.753775966765,5.98496211436072,7.07348396660188
90.9320498123131,125.628705775463,150.990924260938,129.569698549906,116.975683288724,5.98515815883448,7.07309963410456
91.0158035873336,125.645343631889,151.016116652612,129.797785588293,117.47035535674,5.98730720414613,7.07478682461102
91.0844030697738,125.663690664298,151.040823299661,129.973262283218,117.852087580499,5.98949194695236,7.07687092581493
91.3124567518301,125.747286213569,151.138055185598,130.468185697501,119.011748358037,6.00006647758055,7.08660786277122
91.4958250019798,125.585083324709,150.900025639493,130.800942709848,121.341361920088,6.03207182094978,7.08102911201956
91.5000732287626,125.585769457805,150.899574057173,130.804883213282,121.365117756834,6.03271238014413,7.0812628725064
91.5650397546681,125.596262231806,150.892668179486,130.865143842366,121.72840678595,6.04250820970369,7.08483768324515
91.5824900861894,125.599080643016,150.890813226441,130.881330146629,121.825988023484,6.04513941817541,7.08579789516426
91.5729513531905,125.553851088176,150.836650773967,130.877158161712,122.005764049115,6.04922109542545,7.08375253143953
91.5707766649863,125.548934475095,150.831116154136,130.875629607503,122.017963323504,6.04947001035687,7.08347398107246
91.5281515446959,125.452566074512,150.722634471305,130.845669079418,122.257076009767,6.05434888396871,7.07801423613978
91.4859824999085,125.138454242289,150.393521226312,130.934041985392,123.517971315978,6.08537554197597,7.07210069713192
91.4880399891695,125.135580333558,150.390743081062,130.937971456992,123.540902422564,6.08602821324005,7.07229030718537
91.6210975883265,124.973975331424,150.227266560156,131.116019965144,124.809663759607,6.12423748760973,7.08422416020625
91.5754230375065,124.628418657144,149.843285643718,130.961440567262,125.691913442811,6.15248441907116,7.07976061125621
91.7172267071626,124.403690511726,149.540122090089,130.913715251809,126.821661115953,6.19592244280557,7.0926110612507
91.7725938243663,124.374050768073,149.494225319072,130.943076130496,127.112380945403,6.20757822036707,7.09778611905381
91.7497666960453,124.259007627678,149.366840673221,130.917754731544,127.373069906078,6.21746789181319,7.09651236856996
91.7041024079698,124.135057577745,149.235018511672,130.880696513341,127.580043546431,6.22514370669297,7.09331269910268
91.6969961719344,124.114708235049,149.215590794939,130.88121176534,127.622905971841,6.22684298146455,7.09298582428983
91.4193065707252,123.600848253372,149.015208194212,130.961521359482,128.946275250066,6.31851979389141,7.09360082546137
91.31384145016,123.572691818665,149.075631824876,130.67676076866,128.769415056862,6.34881249525583,7.09719664937161
91.315434895131,123.596814560754,149.106816649182,130.615743503164,128.714134850252,6.35809804359339,7.10096666192316
91.3195353582227,123.615713189135,149.128517554736,130.57820153376,128.677792058618,6.36433995979413,7.10372905446817
91.2149770206061,123.545814145849,149.053602615091,130.396695550115,128.480635673869,6.37347382321472,7.10034829183158
91.1850865970814,123.523489469405,149.029466286681,130.3512824454,128.430663668782,6.37512809893647,7.09900056648207
90.9969268854809,123.517789255639,148.995507909113,130.164610007026,127.844496385536,6.4286711365768,7.10311383980801
91.0119023810126,123.554980079012,149.034609352584,130.190956894865,127.813539395994,6.43553568896766,7.1057311581429
90.8158619349926,123.583756880128,149.06622249082,129.927081302556,127.076932796422,6.47350317594926,7.0973714323526
90.8128787906384,123.668751589928,149.128150459251,129.795739282333,126.790690911605,6.48777321495152,7.10045205594642
90.828420492925,123.737364565758,149.176497659077,129.709829194853,126.621391333533,6.49627063521813,7.10429318374801
90.6300065905295,123.720096013188,149.129838603843,129.216843995339,125.91636004277,6.50894203974295,7.0998694036167
90.4978195128277,123.709345194051,149.18227724309,129.023562036718,125.594879291073,6.51561000830989,7.09829360267953
90.4606170284016,123.730194092058,149.257441821006,128.989935178015,125.493087398801,6.52006092422349,7.09946990059344
90.4365821220224,123.765254115301,149.36056998436,128.985113071681,125.413746400182,6.52534527619466,7.10160416983673
90.3111217705519,123.871667247005,149.848181201282,128.980807843986,125.012203103582,6.54857156445026,7.10344642121657
90.292366294221,123.866862292736,149.870155595075,128.96922807077,124.972278183274,6.54965025375277,7.10245980935882
90.2119567711029,123.863980000457,150.071848022554,128.821645216253,124.523776512241,6.56129384122659,7.09610396982057
90.2762567229184,123.892759609097,150.148671111283,128.449715011277,123.791791587515,6.57206544251303,7.0924288957619
90.4012552710096,123.660947623191,149.293456545778,127.00266503059,122.021016853801,6.55183378312445,7.07071183609333
90.3987904778032,123.49974908871,148.748952438406,126.311978548608,121.310479807656,6.53259802017002,7.05747228726216
90.4396188911558,123.320786351959,147.79238957568,125.1775861741,120.253657888285,6.49035546027479,7.03979269007852
90.4425695032736,123.314934172181,147.746738689459,125.124469737769,120.206502528785,6.48809556054432,7.03905079142713
90.4456977936354,123.308729589245,147.69833882473,125.068154766777,120.156507595281,6.48569957548661,7.03826421755436
90.4716036304285,123.312275485442,147.472393903163,124.805290579017,119.942287901027,6.47104585980034,7.03529124720497
90.4850988259662,123.314872732623,147.279912327209,124.582206825191,119.764157568591,6.45758336263969,7.03218086890494
90.3389195787456,123.224452004889,146.945970411388,124.205099940412,119.467080257513,6.42716948440054,7.01529382372884
90.2744844739348,123.216861824901,146.873877131631,124.111753444847,119.401766928912,6.41239686614846,7.00843364945141
90.225245747342,123.273732128423,146.941688212821,124.141958652422,119.433345237924,6.39061392345844,7.00201574144529
90.2666160613184,123.343196618835,147.098255987312,124.278429227077,119.526271551661,6.38193397109729,7.0031422955926
90.2734174796311,123.35461681394,147.123996254336,124.300865447071,119.541548949177,6.38050695782936,7.00332750487122
90.4171070032551,123.354664936462,147.35490952934,124.513362237955,119.580949722299,6.36500180417037,7.00433165141719
90.6589474419615,122.950122303049,147.167399232594,124.382310319861,119.117765778415,6.33563871933428,6.99310692712843
90.8116285301766,122.826411107083,147.043035554242,124.300498506054,118.940701649546,6.32722506719613,6.99236587109252
90.9696106741647,122.721614613187,146.917766171553,124.221559048674,118.782214064748,6.31940295606913,6.99210149777083
91.2199013975624,122.319435822516,146.390943549098,123.844677519638,118.262029906637,6.29114780317264,6.97548272386638
91.2660882589454,122.232094893939,146.263149628485,123.757038247211,118.158882648982,6.28413432972574,6.97018498357399
91.6083089466753,121.967167055218,145.754663827922,123.453029367403,117.836209618248,6.25295220148086,6.95051699093986
91.6681403881663,121.954098134284,145.70388738115,123.428728450163,117.816373057137,6.24932992133495,6.94885573308331
92.001291857802,121.940126121156,145.468367267288,123.316196507292,117.748302373077,6.23109428746344,6.94183334636978
92.1949293264374,121.750617181692,144.95841194518,122.936425827464,117.453857885154,6.19721219983503,6.91383465267423
92.4029310304877,121.695702913585,144.595280768941,122.656891946589,117.252074493506,6.1665306516644,6.89333334336385
92.5137253944759,121.711163101842,144.43368376994,122.527354149865,117.165839079487,6.14683301990613,6.88176740927041
92.5575219547594,121.724920037656,144.367965455361,122.473086847915,117.131541588393,6.13711256620381,6.87610990946524
92.5427160590704,121.710276814159,144.341277005174,122.447896783434,117.11086121199,6.13434778059589,6.87331103764741
92.1810891409564,121.401319616875,143.799174804754,121.936434541083,116.741469662425,6.06979815935781,6.80883857318977
92.0611713415363,121.27538990314,143.565251727431,121.720330384737,116.650369753644,6.03875291621373,6.78088176539139
92.0527694171003,121.209106664582,143.418166190578,121.585672239671,116.597645998164,6.02391748674061,6.76935174763857
91.9986972155147,121.025453001638,143.092493123863,121.282257023426,116.422159948522,6.00026987255617,6.74799320246138
91.991768489621,120.095330263649,141.213826031126,119.515543626341,115.189847566789,5.907454458969,6.67025121613966
92.1005047150398,119.87085138719,140.560409637238,118.889668079934,114.717525866985,5.87831507402101,6.65391536469758
92.1609642388428,119.45365311045,139.33326681298,117.685168430929,113.734688334712,5.82016790792813,6.61994764305441
92.157922341799,119.431809922045,139.274877207876,117.627340781624,113.685937871329,5.81732785791856,6.61807594544013
92.1569086766814,119.424531017525,139.255419775535,117.608070612356,113.669692533804,5.81638145520166,6.61745223117405
92.117761698979,119.174643573929,138.438545314087,116.784105737165,112.96441625641,5.77247228790266,6.59313210318609
92.0905126079753,118.975590351037,137.34375371012,115.643875187432,111.97545818133,5.7020710323476,6.56511202254888
91.9478142778518,118.909277849318,134.735267227269,112.804703893739,109.43519826057,5.48026993437266,6.4982003913556
91.8103127898505,118.621995792551,131.232854762731,109.130305349676,105.701550075576,5.22914588650264,6.37220185847376
91.7628736265521,118.525182334702,130.768656231263,108.61880784109,105.114534236815,5.20118096656451,6.35046011761507
91.7129334567448,118.376524244664,129.984400999936,107.697655932405,103.9981854412,5.15136391658055,6.31297144678778
91.7089904056786,118.358876785467,129.884460715168,107.575584374256,103.845886436383,5.14475835585303,6.30814458478267
91.7011049905521,118.272565926848,129.402583985529,106.896391399591,102.919710635502,5.10529157301193,6.28256238916174
91.6972822264557,118.267463647475,129.391823751083,106.880782054972,102.898097297233,5.10435540264721,6.28179165880653
90.7544854759331,117.190636373828,127.706355691194,103.893442415211,97.5107162735176,4.82626916768455,6.11120411351111
90.5707295706839,116.883602929268,126.734874293711,102.106774244356,95.1568731223951,4.72741166858153,6.10414623443778
90.6481727551109,116.95857989071,126.468579445145,101.464748090804,94.2962614561088,4.68950054204288,6.13875241272545
90.6612889881973,116.974073162323,126.444641641133,101.406198364652,94.2117426836241,4.68525844826208,6.14372695178702
90.5679233125554,116.929141680459,125.832683286488,100.385546052483,92.7840212402085,4.60783646056419,6.19713156777913
90.3570548478159,116.539491861734,124.556961023164,98.6770785829933,90.4626817582938,4.43747914035458,6.26984076424477
90.1873541055143,116.108037658375,123.902366012405,97.7958681410979,89.5165147116499,4.35590728838486,6.27181481120374
90.1864273909609,116.078776272124,123.856450014765,97.7252911807833,89.4476214131431,4.34914751915426,6.27250077200591
90.3062391817338,115.860227484445,123.380466436868,96.9277681534655,88.694206935812,4.26971910206104,6.29112406835807
90.334429428584,115.745546468086,122.946350347809,96.3004098729869,88.0864380862545,4.21322224685161,6.30283908888361
90.3316216531688,115.737046444068,122.78181886601,96.0969346608013,87.8735095356913,4.19578430896842,6.30757952341239
90.3304536621687,115.733510565984,122.713376322876,96.0122921301768,87.784934563004,4.18853039742091,6.30955147061159
90.3299022487346,115.731841263159,122.68106431213,95.9723320376113,87.7431179481006,4.18510579545353,6.31048243512828
90.3244342758782,116.166204459351,121.057783238687,94.3540473494567,85.9055493973249,4.04851719108787,6.3754924848194
90.1801487373785,116.228177237864,120.112182170248,93.4497316872104,84.9694919524097,3.96823340187971,6.39414193690852
90.1772632651159,116.365751783362,119.131512387506,92.5001666312888,84.0525536718321,3.8561749165015,6.43007745285035
90.0019425384038,116.376781398012,117.452850620355,91.0247384298044,82.6515400914197,3.62335465608669,6.4838003643246
90.0108076840478,116.396047626188,117.40211813237,90.9879400092428,82.6142509032862,3.61432337698123,6.48773840787665
90.0131130998682,116.401057884228,117.388924950317,90.9783704359568,82.6045537039725,3.61197475750391,6.48876251151478
90.294215410264,116.523796020781,114.547599163656,88.4659535352382,79.8645951450209,3.27400902829435,6.68357050174493
90.288014353619,116.505659946907,114.512319536345,88.4241977952648,79.821328419635,3.27046109872955,6.68616798940639
90.2469770329018,116.405980123374,114.29860178774,88.1564247813611,79.5450796090103,3.24281266790758,6.71232867690524
89.9950039151125,116.786697707374,114.510277511204,88.3190479514036,79.6921297459647,3.18554263431906,6.82396747642292
89.9378875107252,116.847565474865,114.548487426642,88.3634599769424,79.7320055858075,3.18156363111179,6.83383670695598
89.7542862539838,117.129080126049,114.687173958591,88.512982251218,79.8518449787947,3.16755866086417,6.87711318074769
89.7380177490334,117.173979507248,114.693777709113,88.5136661092018,79.8448502009191,3.1652979177738,6.88485842266628
89.7305259335693,117.194656138532,114.696818804802,88.5139810329047,79.8416290330727,3.16425682210482,6.88842518699747
89.507044921887,117.347293859184,114.323015476057,87.9668371812956,79.2105664303756,3.12636290888663,6.95616818177685
89.286164510256,117.06784729357,113.583458302444,86.9941366462435,78.2181013266872,3.0827929354503,6.97906734737579
89.1094707915517,116.700065235222,112.302590425723,85.2391504840026,76.5621287813749,2.99824836971481,7.02057731788205
89.098359798486,116.678267670768,112.185920133149,85.0752428487538,76.4152517927879,2.98967675639575,7.02502870986217
88.5591108539413,116.43391455558,110.859126106105,83.2486359375102,74.9519299438007,2.8814327415913,7.0433546927691
88.4840559828709,116.46719072717,110.691356962282,82.9825344281753,74.7692237942045,2.86333799198629,7.05051975969642
88.4718059062513,116.479980658853,110.664461199482,82.9344601027285,74.7385995949889,2.85991368916667,7.05240927644628
88.3721780618255,116.604264074614,110.443983003288,82.5197376305163,74.4770348856894,2.83031002250096,7.07052323337864
88.041391646019,116.708809668625,109.983422161347,81.5929212631264,73.8289508382768,2.77175017564395,7.10000436579315
87.8112176123419,116.681476270723,109.693981737975,80.9454299297178,73.3063039736382,2.73640310895984,7.11859475815703
87.7264488216104,116.67029816176,109.579132704125,80.6589981948224,73.0615655290941,2.72136857248304,7.12920545980953
87.7248701928295,116.670144687729,109.576677146098,80.6521549661735,73.0553428642761,2.72101920391663,7.12953661475019
87.0623037251871,116.320767145887,108.378010124704,78.2204570522392,70.6402823466086,2.61484056028918,7.23964223103849
87.0610383598344,116.319426050436,108.336704689515,78.1518846274027,70.5689826642834,2.61300892642368,7.24493129436322
87.0599312932074,116.318252727637,108.300566613891,78.0918906952952,70.5066026578754,2.61140643215525,7.24955868951182
87.0591516574731,116.317426431947,108.275116894389,78.0496408323001,70.4626724364048,2.61027789863672,7.25281746592779
87.1113908447475,116.1992815388,107.252758442746,76.5215418403265,68.8822702784491,2.58270549783443,7.35702828153498
87.3126777957025,116.691147623329,106.748596949434,75.0783033644371,67.0891733532871,2.55636448439406,7.53912575020249
86.8316614731661,117.765352476614,108.645337597305,76.2625286757517,67.6179737451533,2.60763446272179,7.68898714021696
86.6696797641629,117.83520850742,109.033894678958,76.581015063879,67.820349875946,2.62564441759583,7.70468583635384
86.4108808021061,117.959589968099,110.132921146444,77.5638302376778,68.4821743719706,2.68496058665959,7.75194541190552
86.4754319647468,118.075826669557,111.893713694986,79.2874174095569,69.661385570877,2.78109749341362,7.85723604703568
86.4735527330916,118.069135358957,111.926649974471,79.3217995401544,69.6832620529528,2.78269275954864,7.85943644227553
86.4695227368185,118.054785900388,111.997281545201,79.3955317262748,69.7301759823704,2.78611379418305,7.86415517111935
86.534769685608,117.920733371119,113.395827416028,80.8700289368631,70.7523783750107,2.84141366788303,7.97531735356311
86.5706713788685,117.927108652975,113.668104369393,81.1583469725883,70.9717996351225,2.85029892928548,8.00014459241031
86.6656158503269,117.991689482564,114.243917261437,81.7677100287251,71.4730307312981,2.86823720313332,8.05677526183067
86.8288000275011,118.155945973435,115.193283544448,82.7757226428662,72.3575137668954,2.89946163126922,8.155360157925
86.806969311585,118.169591264532,115.610217386745,83.2350682567978,72.7892930201309,2.91501982330921,8.2002725150799
86.7571137057107,118.478181407516,117.8936789658,85.9066506633673,75.5389299251089,3.03609156420629,8.47985018962147
86.8091361618264,118.643888108878,118.438575243707,86.6233837825529,76.3397083413947,3.08040237639089,8.56424858231583
86.8168320658338,118.972143849981,119.38106046737,88.3569261499603,78.6714504765632,3.2444108751898,8.82460674792168
86.9430170885075,119.125884335635,119.541807344255,88.6258600329687,79.0825429252288,3.27510943561519,8.87762204558732
86.9859191904278,119.187298174451,119.613841384092,88.7609818499091,79.30665425639,3.29296262465262,8.90699420417344
86.9943528914172,119.217817857367,119.663069845207,88.8756846037104,79.5208787703146,3.31143440526683,8.93566238400154
87.4268515231152,119.803840618768,120.710030552462,90.6096985672768,81.7793307680531,3.50613437597541,9.26533646695051
87.3901059994654,119.784836159656,120.874089728799,90.9857708223881,82.1314540432077,3.54419601203362,9.31883705828668
87.4910903087862,119.860052248066,121.787731740698,92.761007950783,83.5132339765197,3.68574255401684,9.4718856678559
87.5897206482631,119.944523126732,122.244527546825,93.4564515794437,84.0425936712885,3.73608597829766,9.50458412951017
87.594249808867,119.962162157716,122.580673403837,93.9341294346819,84.4092241000327,3.77437740098695,9.51879158485282
87.687906783495,120.109973784496,123.154788320282,94.6303301541933,84.9789365635357,3.83296910133644,9.55309876927553
87.9878256938488,120.580126965453,124.179740093228,95.7626926539031,85.9334289049971,3.9395471116323,9.66833277928317
88.0679462353883,120.911384571299,124.890643396514,96.6106556055259,86.5781889421782,4.04257846973126,9.81402133829064
88.0689546622832,120.940202562319,124.94678490963,96.6856482991577,86.6290143196803,4.05266302589223,9.83039328770389
88.10140595709,121.28062971933,125.543046568356,97.5524863007157,87.1821036800155,4.16705722686283,10.0335776742884
88.1654150077079,121.538683987401,125.994400696586,98.2954680567676,87.6313885382972,4.25571231884883,10.2108278285134
87.9810229748689,121.388919810363,127.015359554115,100.035364434235,88.7283729229278,4.43289890874724,10.5478226668085
87.989621605776,121.379690851245,127.084107330254,100.124936432578,88.798532037462,4.43977942177443,10.5603202551396
88.4447604742017,121.16885824565,131.864035621151,105.302220445188,93.4822680703335,4.94608232682896,11.1134323217414
88.4484416455808,121.173260801784,132.197855590809,105.644288586439,93.8078274342749,4.99420683138399,11.1466282781451
88.5066829654036,121.13225505415,132.691186773136,106.146305906387,94.3065786163125,5.06577170792313,11.2046728824294
88.5302487561177,120.90192731418,132.996153585146,106.475915570441,94.6707020815016,5.12169727850037,11.2594730522466
88.4665502528229,119.984939761496,132.847923814142,106.506308519121,94.8717096588954,5.16785589488619,11.34821684604
89.1814880189058,115.748150574972,129.236576245522,105.322012328349,95.5108381955184,5.04449889276399,11.6744837415508
89.664573014899,114.332120467289,129.034618456572,105.530487517298,96.0034242404514,5.02897050910128,11.7657020826691
89.9602903910359,113.515050154613,128.892683356105,105.620240908646,96.1227765400768,5.02648796992719,11.8271180516534
90.0066920969264,113.229376749082,128.801072720453,105.604963289188,96.1095490767892,5.02502885121007,11.8420308913659
90.0425660055467,113.06694350534,128.735470985758,105.591777155057,96.0983238292766,5.02495989335574,11.853271498967
90.1433386036453,112.635489050671,128.555437700452,105.555687062207,96.0718351897619,5.02522967002565,11.8847282481498
90.2617510362404,112.269915701783,128.368074170316,105.518693513075,96.0694312043889,5.02818585379127,11.9210138104103
90.8291240309672,109.989499528709,126.775548601429,105.013000017733,96.6409958695585,5.06730372900586,12.2061990147646
90.9309141841235,109.373735319531,126.379478428844,104.867519998151,96.577242576203,5.05906457035198,12.2628766625408
90.9613522554427,108.85238403378,126.026074937301,104.707701139168,96.4484005713439,5.04667538950946,12.3017584074723
91.3065451423629,107.763959235939,125.412501243078,104.558138269093,96.5822406503159,4.99884470568842,12.4700636876868
91.3251014894117,107.748486736523,125.415058928544,104.5697504975,96.6154574629909,4.99717047525158,12.4772634790731
91.3927835150156,107.632166363534,125.909034245691,105.077177727016,97.7399233198966,4.95825061430379,12.581853043964
91.6941725708503,108.245903155428,127.520576999297,106.626675686403,99.697445168864,4.93678000460772,12.6609121391756
93.6061374466082,108.995054601378,127.002207045542,108.574200965167,106.61394469145,4.88067339499798,12.7786220455376
93.6395454146953,108.800954595467,124.515103960926,106.111027348082,104.663810410582,4.83983897925321,12.7378591629956
93.6701992120117,108.839175145221,123.241892879133,104.826767312721,103.927123461811,4.83347251015527,12.6964111937179
93.6627204213135,108.828731993667,122.038736662168,103.707844715376,103.366144561064,4.80641982194781,12.6254246102267
93.6777795507625,108.837885093987,121.747765791472,103.448231936481,103.238422738574,4.79652555689732,12.6051793959957
94.2025857309598,109.252795379613,120.022066963731,101.834511261364,102.235119750562,4.68171352891673,12.4698299520946
94.232802574966,109.282385264272,119.46213976852,101.178104825652,101.658181335116,4.62530224652083,12.4183544846417
94.0179580548766,109.120127809356,118.529287497021,100.017715760882,101.086533385945,4.09263673584877,12.2737911071569
93.7208953701042,109.044369220764,118.579776743406,100.083385848258,101.430027575052,3.87851034021184,12.2145423686424
93.7194258110683,109.093453279731,118.603118536957,100.07841041796,101.494308734937,3.85341236172426,12.2175324483093
93.6089132609397,109.098113077758,118.524066580781,99.9194804797661,101.521890257707,3.79561998550207,12.2161273643435
92.9680779791878,107.766157733705,116.066994314259,97.0626174577433,99.8249986688839,3.4273329386271,12.0329681983692
92.8829367078913,107.397923926096,115.363694394192,96.2767479694563,99.2187720458168,3.34902034826611,11.9604883397219
92.9138175261687,106.790122036865,113.682511229216,94.3466667452972,97.7451429685345,3.16552492025472,11.7900731683895
92.8971260938735,106.620587325179,113.093677926873,93.6647519431122,97.2215826332295,3.10793912243818,11.7298578905899
92.9180393316502,106.34087569676,111.138046474956,91.37886901819,95.5084313849063,2.93061346881696,11.5423613780053
93.0609165687725,106.478410596674,110.31732264335,90.4206892946093,94.8188357019011,2.86538350258707,11.4789859273609
NaN,NaN,NaN,NaN,NaN,NaN,NaN
NaN,NaN,NaN,NaN,NaN,NaN,NaN
NaN,NaN,NaN,NaN,NaN,NaN,NaN
NaN,NaN,NaN,NaN,NaN,NaN,NaN
NaN,NaN,NaN,NaN,NaN,NaN,NaN
NaN,NaN,NaN,NaN,NaN,NaN,NaN
NaN,NaN,NaN,NaN,NaN,NaN,NaN
NaN,NaN,NaN,NaN,NaN,NaN,NaN
NaN,NaN,NaN,NaN,NaN,NaN,NaN
NaN,NaN,NaN,NaN,NaN,NaN,NaN
NaN,NaN,NaN,NaN,NaN,NaN,NaN
NaN,NaN,NaN,NaN,NaN,NaN,NaN
NaN,NaN,NaN,NaN,NaN,NaN,NaN
NaN,NaN,NaN,NaN,NaN,NaN,NaN
NaN,NaN,NaN,NaN,NaN,NaN,NaN
NaN,NaN,NaN,NaN,NaN,NaN,NaN
NaN,NaN,NaN,NaN,NaN,NaN,NaN
NaN,NaN,NaN,NaN,NaN,NaN,NaN
NaN,NaN,NaN,NaN,NaN,NaN,NaN
NaN,NaN,NaN,NaN,NaN,NaN,NaN
NaN,NaN,NaN,NaN,NaN,NaN,NaN
NaN,NaN,NaN,NaN,NaN,NaN,NaN
NaN,NaN,NaN,NaN,NaN,NaN,NaN
NaN,NaN,NaN,NaN,NaN,NaN,NaN
NaN,NaN,NaN,NaN,NaN,NaN,NaN
NaN,NaN,NaN,NaN,NaN,NaN,NaN
NaN,NaN,NaN,NaN,NaN,NaN,NaN
NaN,NaN,NaN,NaN,NaN,NaN,NaN
NaN,NaN,NaN,NaN,NaN,NaN,NaN
NaN,NaN,NaN,NaN,NaN,NaN,NaN
NaN,NaN,NaN,NaN,NaN,NaN,NaN
NaN,NaN,NaN,NaN,NaN,NaN,NaN
NaN,NaN,NaN,NaN,NaN,NaN,NaN
NaN,NaN,NaN,NaN,NaN,NaN,NaN
NaN,NaN,NaN,NaN,NaN,NaN,NaN
NaN,NaN,NaN,NaN,NaN,NaN,NaN
NaN,NaN,NaN,NaN,NaN,NaN,NaN
NaN,NaN,NaN,NaN,NaN,NaN,NaN
NaN,NaN,NaN,NaN,NaN,NaN,NaN
NaN,NaN,NaN,NaN,NaN,NaN,NaN
NaN,NaN,NaN,NaN,NaN,NaN,NaN
NaN,NaN,NaN,NaN,NaN,NaN,NaN
NaN,NaN,NaN,NaN,NaN,NaN,NaN
NaN,NaN,NaN,NaN,NaN,NaN,NaN
NaN,NaN,NaN,NaN,NaN,NaN,NaN
NaN,NaN,NaN,NaN,NaN,NaN,NaN
NaN,NaN,NaN,NaN,NaN,NaN,NaN
NaN,NaN,NaN,NaN,NaN,NaN,NaN
NaN,NaN,NaN,NaN,NaN,NaN,NaN
NaN,NaN,NaN,NaN,NaN,NaN,NaN
NaN,NaN,NaN,NaN,NaN,NaN,NaN
NaN,NaN,NaN,NaN,NaN,NaN,NaN
NaN,NaN,NaN,NaN,NaN,NaN,NaN
NaN,NaN,NaN,NaN,NaN,NaN,NaN
NaN,NaN,NaN,NaN,NaN,NaN,NaN
NaN,NaN,NaN,NaN,NaN,NaN,NaN
NaN,NaN,NaN,NaN,NaN,NaN,NaN
NaN,NaN,NaN,NaN,NaN,NaN,NaN
NaN,NaN,NaN,NaN,NaN,NaN,NaN
NaN,NaN,NaN,NaN,NaN,NaN,NaN
NaN,NaN,NaN,NaN,NaN,NaN,NaN
NaN,NaN,NaN,NaN,NaN,NaN,NaN
NaN,NaN,NaN,NaN,NaN,NaN,NaN
NaN,NaN,NaN,NaN,NaN,NaN,NaN
NaN,NaN,NaN,NaN,NaN,NaN,NaN
NaN,NaN,NaN,NaN,NaN,NaN,NaN
NaN,NaN,NaN,NaN,NaN,NaN,NaN
NaN,NaN,NaN,NaN,NaN,NaN,NaN
NaN,NaN,NaN,NaN,NaN,NaN,NaN
NaN,NaN,NaN,NaN,NaN,NaN,NaN
NaN,NaN,NaN,NaN,NaN,NaN,NaN
NaN,NaN,NaN,NaN,NaN,NaN,NaN
NaN,NaN,NaN,NaN,NaN,NaN,NaN
NaN,NaN,NaN,NaN,NaN,NaN,NaN
NaN,NaN,NaN,NaN,NaN,NaN,NaN
NaN,NaN,NaN,NaN,NaN,NaN,NaN
NaN,NaN,NaN,NaN,NaN,NaN,NaN
NaN,NaN,NaN,NaN,NaN,NaN,NaN
NaN,NaN,NaN,NaN,NaN,NaN,NaN
NaN,NaN,NaN,NaN,NaN,NaN,NaN
NaN,NaN,NaN,NaN,NaN,NaN,NaN
NaN,NaN,NaN,NaN,NaN,NaN,NaN
NaN,NaN,NaN,NaN,NaN,NaN,NaN
NaN,NaN,NaN,NaN,NaN,NaN,NaN
NaN,NaN,NaN,NaN,NaN,NaN,NaN
NaN,NaN,NaN,NaN,NaN,NaN,NaN
NaN,NaN,NaN,NaN,NaN,NaN,NaN
NaN,NaN,NaN,NaN,NaN,NaN,NaN
NaN,NaN,NaN,NaN,NaN,NaN,NaN
NaN,NaN,NaN,NaN,NaN,NaN,NaN
NaN,NaN,NaN,NaN,NaN,NaN,NaN
NaN,NaN,NaN,NaN,NaN,NaN,NaN
NaN,NaN,NaN,NaN,NaN,NaN,NaN
NaN,NaN,NaN,NaN,NaN,NaN,NaN
NaN,NaN,NaN,NaN,NaN,NaN,NaN
NaN,NaN,NaN,NaN,NaN,NaN,NaN
NaN,NaN,NaN,NaN,NaN,NaN,NaN
NaN,NaN,NaN,NaN,NaN,NaN,NaN
NaN,NaN,NaN,NaN,NaN,NaN,NaN
NaN,NaN,NaN,NaN,NaN,NaN,NaN
NaN,NaN,NaN,NaN,NaN,NaN,NaN
NaN,NaN,NaN,NaN,NaN,NaN,NaN
NaN,NaN,NaN,NaN,NaN,NaN,NaN
NaN,NaN,NaN,NaN,NaN,NaN,NaN
NaN,NaN,NaN,NaN,NaN,NaN,NaN
