143.271296874759,144.519358639828,166.891095811924,138.692207547024,132.16534928862,11.7020510120373,54.6329126444272
145.761711014881,146.352039599574,168.618931478349,140.439179976872,133.913645681521,11.8459303403017,55.334962795894
150.049828172628,149.246369595421,171.278699915941,143.148099150317,136.658153100769,12.0903959070101,56.4322763922098
152.212843622854,149.3099158359,170.9381861137,142.912397173989,136.629721918543,12.1937204062614,56.4031415473137
148.031214963351,145.219356830348,166.818805020461,138.811744492447,132.676267877989,11.9349924981643,54.8146672383227
124.963552553642,124.410802072138,146.213352878361,118.149456833801,112.678860638648,10.515706916092,46.8677877094445
118.819344688389,118.588059236056,140.377064210508,112.253747896434,107.084306478778,10.1199533315562,44.6949819082195
117.678992130245,117.235653283303,138.955566754901,110.800890262691,105.773511122566,10.0345713137643,44.1989199577152
117.939857489747,117.319163525285,138.998976809978,110.835518523191,105.845611428418,10.0444816729395,44.2319091543892
128.195051850884,123.930991473346,144.82362619068,116.571244356909,111.976407876079,10.5850239240424,46.5220152276748
130.550430927175,125.574019016734,146.311557877843,118.050039426027,113.501419871223,10.7156818903724,47.0621165789725
137.728818154297,130.358999746715,150.51350709935,122.223153293875,117.836983484764,11.1188591564393,48.2626168881539
139.512368897843,130.788846052832,150.520309840819,122.196551195954,118.008393418874,11.2059273699714,47.4691673419674
138.809860102051,129.86392856272,149.497473033082,121.158062649143,117.060370994006,11.1546212696111,46.7202294184768
133.998714382056,124.906655838575,144.395282204577,115.995526292194,112.250992123651,10.8181180988221,43.5608604662645
132.418314146089,123.310179845895,142.77883420166,114.358563961466,110.739977858405,10.7016364588075,42.577224594548
132.339365618385,123.229323575247,142.697407411295,114.275970413795,110.664834909727,10.6954491380961,42.5269336999181
132.228110641322,123.115380189628,142.582660044145,114.15957884173,110.558942788939,10.686729909963,42.456063317769
130.301332797044,121.142042935789,140.595398974572,112.143842483362,108.725041981948,10.5357252894994,41.2286891746436
128.151703666084,118.533006612099,137.935588723066,109.433540981983,106.420895472028,10.3087621125374,39.3499806964538
128.176082493134,118.511126283621,137.908344328828,109.404923556271,106.411956268161,10.3043871685259,39.306817874161
130.460497876236,119.003143024799,138.170436260857,109.643641754615,107.279223226927,10.2418380281222,38.4566971863837
131.935911411752,119.770117539957,138.82701402058,110.309524944111,108.131323135672,10.2642931449992,38.4824858885764
135.187837468876,121.388014362831,140.161599787933,111.679111093917,109.943400664084,10.30823677371,38.4860715185221
135.255967106253,121.420279260243,140.187273685562,111.705710539464,109.980027223567,10.3089993276645,38.4846691648947
135.904488032732,121.617494523154,140.294491459459,111.826423853569,110.249265723244,10.303885197543,38.3533919894539
136.556351655694,121.315038639662,139.787483916831,111.349054917344,110.169106433784,10.2418018788325,37.6724446797377
135.819091329263,119.990358523111,138.333263642057,109.905462405407,109.114649608183,10.1216887628113,36.5910835697589
135.239788695044,119.201929986126,137.500889557486,109.073264415893,108.463696849299,10.0560589560646,36.0174934924855
132.353547638697,115.633752738619,133.857336192354,105.397268213262,105.563774125456,9.76576309522739,33.4484252987314
131.516281574464,114.449944837686,132.648888969628,104.178446949335,104.664878644128,9.65909259602371,32.4722638688864
131.109739966282,113.44204134291,131.578701296787,103.117061097559,103.990708597477,9.54393710986988,31.3961211336489
131.373072732062,113.128704133533,131.177967982801,102.75075301382,103.871091181167,9.47556508282613,30.7670031788639
131.405347592915,113.13047161387,131.173797717927,102.749482191794,103.878632410941,9.4730519021609,30.7455602933287
132.397243487397,113.266045048202,131.127412388904,102.795729896207,104.138976389867,9.40610871065932,30.2076383446311
135.537019599332,114.181965477206,131.284642366565,103.39637865336,104.801678104501,9.22240037045123,29.4264566349165
135.714861327897,114.220121837348,131.262018257419,103.410568296478,104.801665846044,9.20704249592711,29.3809023104384
135.951917444851,114.270982783456,131.231861198628,103.42948253964,104.801649505996,9.18657104567338,29.3201801652008
136.198301282271,114.291863160306,131.146362463129,103.409234144402,104.7461428114,9.15713686186785,29.237756075027
136.990282479293,114.232538304086,130.668869430772,103.191519767236,104.361950424841,9.03199911838747,28.896564084416
137.318580294783,114.107285087205,130.322559894075,102.98559734077,104.0543026732,8.95778214017614,28.6945532859379
137.506882148658,113.997760627629,130.089426338873,102.835386455658,103.843920841137,8.90967395369126,28.563495996803
137.576849305984,113.951513686023,129.997718842896,102.774844124251,103.76075210306,8.89098241326551,28.5125615443171
138.007658735535,113.506938877863,129.297592013116,102.27511758097,103.129586558453,8.75381155956398,28.14204810061
138.703727691381,113.015208970711,128.840635921346,101.947896901377,102.803583079772,8.61788799127171,27.8597529119439
139.215005553965,112.856025182582,128.824951295425,101.972342601581,102.876242224779,8.5565828924987,27.8094547279225
139.987634030005,112.633552348448,128.864833770797,102.079186495987,103.04703919111,8.45053124187132,27.7986349808642
140.150758122455,112.496829235367,128.809478304396,102.051294851566,103.027413811694,8.40429753803117,27.7921802103977
140.407819467793,112.032750053797,128.481510685278,101.809001987362,102.755714678788,8.23343415840083,27.7517893002792
140.411072925477,112.007903235503,128.456634431718,101.788150980196,102.730401366107,8.22214705008426,27.7484500340315
140.411451358165,112.005013126224,128.453740898615,101.785725651988,102.727456995564,8.22083416663606,27.748061620342
140.432761786457,111.82201875759,128.262714670286,101.623164221972,102.528910964974,8.13226756668868,27.7222409924486
140.383536515816,111.813767023667,127.932059288127,101.21779018598,101.992258436921,7.85786596744291,27.6751916370727
140.316616437442,111.899152657995,127.907893169365,101.131870211695,101.882013206715,7.79890208378318,27.6721095579374
140.12578912455,112.389181410793,128.069881372714,101.016530026642,101.711733362669,7.64696275655417,27.7089242749154
140.042431314051,112.89136654396,128.378715464363,101.079719987628,101.738339759711,7.56217009124,27.7777066691881
140.028913045988,113.380612068182,128.742405610519,101.228173121623,101.844016615253,7.50121001541125,27.8608551485772
140.061708103788,113.732391501322,129.035652917303,101.383776621089,101.958575665758,7.46543454741551,27.928942854721
139.961447185945,114.182821621527,129.438366204562,101.57106632065,102.044188643857,7.39861957565317,28.0166503173425
139.927662413662,114.558641135187,129.828672106963,101.821272885522,102.164153681112,7.34354576372526,28.1009942802739
140.144596553072,115.125696476606,130.525723677357,102.472463112647,102.587384830242,7.28154968903924,28.201002742054
140.146075882052,115.128345701284,130.529197678847,102.476047410374,102.589909222666,7.28130001254044,28.2013498368339
140.355116853106,115.480194789519,131.173576675623,103.240418024616,103.195669887441,7.24305305134973,28.1854603513462
140.286559578611,115.492677345759,131.617891660985,103.844033107365,103.737774234851,7.22351482941681,28.1379864496469
140.286106980484,115.499192827653,131.770440739202,104.040971958923,103.926580137915,7.2224311723849,28.1487054019693
140.330846251242,115.552277640469,132.453657200916,104.900515830689,104.749304852286,7.2204433053839,28.2402301248755
140.456818269677,115.66384475837,133.347067185529,105.991257284294,105.768863350916,7.21459102877099,28.418575707124
140.442106335314,115.654915545401,133.436688609331,106.104758229298,105.869238462993,7.21127780536852,28.434538901541
140.361720088712,115.608245554669,133.949406956668,106.753720521403,106.442045188693,7.19202107331119,28.5240204576519
140.323931896302,115.670232643654,134.923018134523,107.975488490853,107.486112814943,7.14497021783361,28.6177908484707
140.327162819831,115.733835864512,135.333304738844,108.489084538737,107.918730476468,7.12241463857547,28.6295044211759
140.351592806541,116.128818710635,136.482467811416,109.917394273717,109.089627189008,7.04588396424128,28.4729041290509
140.324722364527,116.303516048966,136.872501161605,110.400639752168,109.471706570688,7.01583082561467,28.3722253225555
140.056818067839,116.449031606223,137.242365043603,110.875767242253,109.792543854461,6.96920146651752,28.1724971896576
139.666740231119,116.711761105756,137.688228387297,111.412587182918,110.095079004832,6.92262141532636,27.9669793066892
139.626142043416,116.746473789059,137.732832298165,111.460402045486,110.11378874053,6.92008266591889,27.9604727093843
139.579440263123,116.787546704369,137.783989794253,111.514314378897,110.133452608483,6.91751146810035,27.9553209681733
139.532867607365,116.828506058246,137.835005846314,111.568077651502,110.15306210832,6.91494737931966,27.9501834708773
139.397826760556,116.947270722666,137.982930648089,111.723968221659,110.209921297911,6.9075126149799,27.9352869189405
139.336790928463,117.000950037388,138.049789776842,111.794427722543,110.235620543961,6.90415224633129,27.9285539676575
138.95968990398,117.421247273284,138.525381215959,112.238684864443,110.322173788121,6.90260674918732,28.0625480813912
138.611192522615,117.932269310634,139.099763691452,112.723548068191,110.353047581929,6.91923501696516,28.3924290935172
137.802302188187,118.485069939149,139.863698602536,113.290985752934,110.140181233381,6.93288817506482,28.9107483795392
137.572145418027,118.685051503604,140.143303191194,113.504018845767,110.097340767117,6.93522250425232,29.0567759578897
137.161450725516,119.185996765344,140.827252182976,114.053718524739,110.121248148451,6.92431084318116,29.1883010415528
136.861761643801,119.66992744156,141.462973931054,114.589367182074,110.244029773945,6.89802352305975,29.101983090721
136.857831822053,119.677020892082,141.472155695554,114.597235344689,110.246330962341,6.89755636732086,29.0996136324835
136.639348436654,120.075656572409,141.986770035865,115.039348331221,110.379521381695,6.87056336680541,28.9567789122946
136.601664891227,120.162718918577,142.093304991001,115.135652561564,110.425033613222,6.86152715140646,28.8845069149017
136.397218593696,120.635062328063,142.671294054622,115.658136396539,110.671953246777,6.81250255032193,28.4924062748284
136.09232512371,121.121126495514,143.27457201984,116.212853752773,110.950816029808,6.74239917062995,27.8998861935198
135.910122369131,121.327821095345,143.535836649878,116.458226318689,111.083173187964,6.70165972079496,27.542816109192
135.695418452366,121.571385690513,143.843705427773,116.74736822047,111.239140096004,6.65365320483086,27.1220521869248
134.557644171082,123.15155227952,145.736494140214,118.709681463455,112.821277231735,6.26963763893129,23.4780139133726
134.448419001505,123.344434612015,145.967202049709,118.972134864876,113.086476813362,6.21673732951263,22.9747763959165
134.366538686983,123.489028263018,146.140151528894,119.16888225505,113.285282869134,6.17708077424906,22.5975259291232
134.151669456373,123.897258071115,146.639533288178,119.751200625698,113.898656037265,6.06288105711049,21.5324780486548
133.873382305919,124.361366050755,147.256040847394,120.509366807937,114.754631177384,5.91505675815207,20.2251420145711
133.249334427122,124.704601814149,147.983159991918,121.522545578885,116.019488926617,5.70813460702492,18.702792291138
133.12283308251,124.778079012564,148.164930462244,121.780528258126,116.348178511394,5.66704548598561,18.4566474452125
131.807924053323,126.423817936493,150.531220206761,124.872822229764,120.130965866506,5.4772008821254,18.3537371258212
131.703702480745,126.573239322838,150.672114640567,125.043900103437,120.333020789484,5.4725382238528,18.3688294327654
130.779505021008,129.520609008912,152.823893871839,127.473359548768,123.068869097126,5.44128064947302,18.1887059025283
130.768306321264,129.579776921557,152.863571488954,127.516821393909,123.116385527401,5.44096994677541,18.1834071181668
130.628021336587,130.073823136981,153.179628052276,127.862612849533,123.490275814894,5.43703880790822,18.1334290109656
130.325199773342,130.871072773235,153.664735936273,128.392659841195,124.056259102049,5.42851050566334,18.0434086139176
130.029620187685,131.970395135849,154.312927187599,129.081538698575,124.755235182434,5.42180447580907,17.9794522198991
129.905567176831,132.744687010722,154.756613697788,129.536567253415,125.185603674405,5.41919911532432,17.9785935038876
129.80823125261,133.962537191402,155.435235019525,130.207522318274,125.77362296921,5.41505604798536,18.0215241108049
129.776700875682,135.680439563893,156.312351444155,131.00478136903,126.340440847327,5.39635957927498,18.1187170288193
129.490354424487,137.106599442774,156.863641459763,131.413696506449,126.434040576848,5.34189158518445,18.1119015819062
129.359973044577,138.289571791725,157.28395221221,131.714518133614,126.503156885644,5.28452636124956,18.0333811271593
129.300520393762,139.200075971825,157.605475772591,131.961803693266,126.611977975192,5.24056545305663,17.9610100682181
129.131766669544,140.325647987222,157.959629123182,132.248664069333,126.767891436824,5.18232830183934,17.8627006563732
129.017494177958,140.647006137406,158.036226557281,132.309429890113,126.794269246665,5.16225524579199,17.8275920310619
128.898163170835,141.036359269733,158.130871306442,132.391487296119,126.843954304204,5.14068321041041,17.7966885502556
128.804877351784,141.369981114803,158.212831624895,132.465753596451,126.894838368902,5.12348744708211,17.7756629524018
128.795616178645,141.403102222617,158.220968431834,132.473126561311,126.899890006311,5.12178029648765,17.773575585811
128.460125534324,143.460953266328,158.707689631258,132.94199175098,127.254564218213,5.04518598156762,17.7118181158157
128.458002992404,143.494531820098,158.714332637957,132.948244246304,127.258648711734,5.04431654417606,17.7105454052648
128.435111134852,144.143365355073,158.830172980778,133.053748218097,127.317612240042,5.02947958287988,17.6786509322349
128.406694992201,144.412765849013,158.862405238836,133.080346840054,127.321904492734,5.02259544808169,17.6579485479505
128.101729247366,145.157803487282,158.72541212943,132.904266688214,127.040817877617,4.99589336902865,17.4877265337461
128.08255365418,145.21150718241,158.709610548765,132.884144476124,127.011827576078,4.99430466339358,17.4711498337316
128.073436685177,145.23704041724,158.702097742265,132.874577440459,126.998044238168,4.9935493188319,17.4632684994364
127.977906043789,145.504586166193,158.623376050517,132.77433085051,126.8536178273,4.98563456663479,17.3806852505549
127.662688458443,147.240885187022,157.79704985031,131.710699754583,125.527829847096,4.98071753243369,16.619262666981
127.662466664079,147.241158094869,157.796716304973,131.710308363658,125.52740655301,4.98072371906098,16.6190642677599
127.196947847577,147.881975942431,157.080742973638,130.871185274632,124.634391672048,5.00298141346429,16.2064753392855
126.9933475004,148.308005210437,156.750040577857,130.481597425301,124.236065270774,5.02919103928521,16.0294368934946
126.932242110613,148.455597252308,156.649466105973,130.362587029932,124.115598648759,5.03907041928991,15.9764595912429
126.926242561683,148.470088374613,156.639591339324,130.350902157407,124.103770798618,5.04004041267253,15.9712580874451
126.815957920283,148.892894905041,156.463597196073,130.13320813104,123.880148660274,5.07154565500515,15.8710485409891
126.732291322708,149.350628660561,156.346053244288,129.974727403861,123.706228833756,5.10625928940573,15.7870639080736
126.533825400401,149.933061979476,156.203675297773,129.775993867203,123.461605702399,5.15357293644967,15.6735207363327
126.201011060953,150.518446323904,156.064591847086,129.567475202573,123.156726647978,5.20230640443467,15.5291543318665
126.039164594953,150.920190469567,156.043224389699,129.4961117361,123.002241791565,5.23059785997643,15.4345838394873
125.834197807643,151.758112894455,156.111948649462,129.452226925457,122.761165471125,5.27406483010492,15.2316436431758
125.784618592495,152.03962827387,156.14821043643,129.449109207794,122.689392774756,5.28580803492767,15.1613423877127
125.74452906657,152.424956262451,156.204539716503,129.448188490604,122.594680110977,5.29524898402519,15.0582624699922
125.509893438363,153.235945242091,156.222097485384,129.323360778093,122.245073834844,5.30301042018607,14.7744367771454
125.414722619572,153.422325340086,156.199030399545,129.261945376421,122.124738521043,5.30193113051874,14.691848859958
125.298035729822,153.704441607885,156.154271801921,129.159499626621,121.941846081066,5.29617763347925,14.570814743425
125.228805502038,153.881344049524,156.124789159752,129.093895655571,121.827055145418,5.29197696947865,14.495491889184
125.045078008523,154.455158110678,156.012368022885,128.865250788275,121.454020690659,5.27391373404142,14.2633731099206
124.899970009304,155.129623972057,155.84860485453,128.565206976104,121.011687996869,5.24582726151848,14.0162944203762
124.817525378656,155.801451301179,155.652865332621,128.230325445293,120.561076741132,5.21305832435255,13.8009056919545
124.789139191256,156.201637780626,155.523762853689,128.015653730432,120.286718048273,5.19220824168549,13.6852975329791
124.274573478958,157.414092494247,154.596741463345,126.684549269466,118.76916930178,5.09240668656471,13.2751451149145
123.814110436523,159.658776862904,153.446622390195,124.479181126982,116.327237452999,4.9967377491871,12.8795128663588
123.71671157845,159.82621591008,153.322807496598,124.233286150377,116.058760668538,4.9903111945228,12.8371236086522
123.599915954908,160.065958039238,153.16649642102,123.886420671057,115.677196585729,4.98469408508944,12.7738306006794
122.932281147404,161.915157825675,151.482232439952,120.37575248826,111.773639364672,4.96942061216272,12.1347761036938
122.688929378379,162.201582446741,150.584870477308,118.996557481963,110.243791409976,4.96571343393094,11.934324703546
122.631140415043,162.35506704411,150.18319506295,118.411528630267,109.591661007246,4.96531467741999,11.8597402222574
122.43094745699,163.392905008122,148.0534134075,115.546027146522,106.39546298939,4.96970364685525,11.5376243230687
122.076849585142,163.874131166935,146.05554525145,113.013417600479,103.621072114724,4.97882649274078,11.1867212372722
122.070914909988,163.855226791747,145.931361419491,112.847564643425,103.440808766262,4.97951416970245,11.1574788676311
122.06902943934,163.84922079418,145.891907706514,112.794872478424,103.383538360781,4.97973264749492,11.1481884468059
121.807270487343,163.413472047015,145.324334953176,112.088554200919,102.633502654362,4.97397784399416,11.0182049424657
121.608275439213,162.96811965733,144.889785299658,111.540838529428,102.05161834351,4.96806207632104,10.9136294511309
121.501487845972,162.702296709476,144.644601181048,111.22775560657,101.717727946807,4.96445852836011,10.853115803602
121.274357764282,162.07602252322,144.077579753426,110.487216319952,100.92200921156,4.95548562121672,10.7074715833696
121.184929604681,161.825085452541,143.837593549708,110.167057031111,100.575336798297,4.95160453518842,10.6435873659135
121.040677308241,161.489465196009,143.430782285501,109.606626005643,99.9617846458352,4.94545530808877,10.5279691764909
120.560500331905,161.000738795806,142.70669486827,108.659798368729,98.9342358292682,4.93281423457958,10.3304265440739
120.437292304733,160.940174221117,142.540384680898,108.436080945492,98.689770109702,4.93061905639487,10.2796927604717
119.829138906938,161.017411831076,141.765707663754,107.301310189612,97.4394570367891,4.92709121350357,9.98018861373327
119.765890369264,161.079748077259,141.692302154782,107.177351983256,97.3017163088378,4.92782138788482,9.94077889020591
119.746709250482,161.115052714619,141.673903152802,107.137601434451,97.2575504514896,4.92841488651908,9.92535265920709
119.63895371398,161.336565042416,141.576000047051,106.911240865672,97.006052709754,4.93227486949626,9.83378067092158
119.629987599505,161.354996623319,141.567853732884,106.892405872702,96.9851261048117,4.93259605066588,9.82616115589371
119.481290021419,161.374805766399,141.47619011558,106.73462879404,96.8195166551408,4.93265698304995,9.77015949369037
119.183122364552,161.386610584498,141.307683298739,106.433789649423,96.5069035695825,4.93254588865213,9.66110815257827
119.174461844356,161.385890517679,141.30377747929,106.425659134516,96.4986288571907,4.93254410172919,9.65793083409463
117.328128063158,159.567887187827,139.724583736339,103.833520359561,94.0504010605528,4.87760236192983,9.13696021174913
117.13193355309,159.044105652401,138.987438680606,102.912374075149,93.2498341254462,4.85638355733705,9.06644726231859
117.140983654459,158.721046770627,138.390723348013,102.193527698861,92.6697860413509,4.84216394702948,9.02374390036347
117.149907183449,158.660162197267,138.271161134663,102.050591450945,92.5566947243055,4.83944426040726,9.01573426978002
117.150847681931,158.653745246199,138.25855983305,102.035526634721,92.5447754250884,4.8391576180772,9.01489009194182
117.112106890634,158.387603536363,137.835543822231,101.557087036389,92.176427131325,4.83005239772979,8.98329782997818
117.064845816643,157.770550548531,136.901816289383,100.517959015243,91.4241471124734,4.81153277662557,8.91628345054742
117.068670596528,157.64017052337,136.707745248953,100.303339768072,91.2779666946524,4.80797256933237,8.90318516714666
117.173853239899,157.07892172497,135.934562618856,99.4484636340543,90.7675429147403,4.79470159631392,8.85592178782501
117.285872318576,156.738375818868,135.512669821191,98.9773413874267,90.5318372319026,4.78708691250018,8.83292542874616
117.293369133328,156.716967053885,135.486624535333,98.9481965563056,90.5177396909382,4.78661073065979,8.83153504614762
117.61762919815,155.865238292697,134.504001076834,97.8376643576922,90.017034893184,4.76477690661682,8.78065955908739
117.80091539337,154.390156515403,132.783978346668,95.9434466268425,88.9604693014119,4.70883648434157,8.668675472418
118.405509508014,153.636951616286,131.252757835704,94.2656866751004,87.8680351159653,4.64604724675835,8.58582809131691
118.567043785137,153.581315820224,130.989051924059,93.9774073054862,87.6590619139302,4.63392443656195,8.57313407018017
119.070431601253,153.459608525263,130.196693672949,93.1136503165582,87.0109991790162,4.59661769957041,8.53464549392548
119.818810577583,153.288853594466,128.73565868674,91.5443495090449,85.6975600027546,4.52429026396417,8.44721849623746
120.438650432048,153.393570864856,127.988452748323,90.7068764218805,84.9626362877152,4.47812210159799,8.40613373301133
121.259499978672,153.801377097951,127.608621043766,90.1256087468371,84.4124479474068,4.42256293474566,8.39112335300543
121.511551699647,154.004562121989,127.668451387809,90.080976608641,84.3496359348783,4.40383913088407,8.39745136500364
121.515474258639,154.019119909834,127.685883547903,90.0810332823953,84.3435038895682,4.40097976857228,8.39768868391482
121.508981121364,154.04052157018,127.722911203855,90.0839390295311,84.3330739814128,4.39545982859225,8.39785018469048
121.508383046206,154.04249285168,127.72632177724,90.0842066744465,84.3321132949678,4.39495139348074,8.39786506033499
121.4277111184,154.196224694252,128.024341971019,90.1570123708785,84.3073734588969,4.36061120338808,8.40304148858219
121.407403712823,154.218693923956,128.075919554955,90.180650374614,84.3163155871748,4.35692109668944,8.40480319891103
121.227525499556,154.419599276913,128.513863404715,90.3875909924292,84.3950990010567,4.32686332906877,8.42114722274141
120.921437351949,154.794305906181,129.188768077644,90.7182014106563,84.5033867586778,4.28296815849938,8.45245276324844
120.784626665612,154.994080064228,129.48012773633,90.8495737142464,84.5222919570338,4.26173528712926,8.46775019601127
120.567372489525,155.390524845515,129.936279498108,91.0153670151981,84.4710716442873,4.22049578956162,8.49487164136474
120.567246765116,155.390788289177,129.936540669203,91.0154445641984,84.4710071063582,4.22046869339259,8.49488855176319
120.376913924321,155.741562183998,130.265720322872,91.0898419655625,84.3446048800004,4.18148667319088,8.51596201176165
120.366969736855,155.750652751575,130.27019322703,91.0854630800112,84.332484453722,4.17984185320616,8.51619286110435
120.205413289223,155.898341017683,130.342861457468,91.0143223058976,84.1355721348427,4.15311958206715,8.51994331330283
120.1865790139,155.915558538287,130.351333130863,91.0060287035935,84.1126160666538,4.15000429561925,8.52038054159255
119.764368047085,156.424395565257,130.459354980797,90.6561130724138,83.3442262492562,4.06046317821163,8.53427658528986
119.762424071914,156.427361495044,130.459437060412,90.6536702909627,83.3394013807566,4.05995097540306,8.53436133151611
119.726771772189,156.481756334697,130.460942391889,90.6088699366439,83.2509138010632,4.05055722988532,8.5359155683725
119.622557513835,156.712265647908,130.424765929235,90.3832528564217,82.8425579842833,4.0108115543034,8.54446875584238
119.535166507855,157.431686068944,130.112695287578,89.4934635849228,81.387042088045,3.88401230017136,8.58793265398027
119.618497154528,157.738736634157,129.902128159357,89.0177894939697,80.6676525527059,3.82464123888782,8.62553768778632
119.633947227939,157.838984209833,129.783289343632,88.7817718081768,80.3280041098811,3.79720551376175,8.64299430580217
119.515096569257,157.868032510849,129.418711843742,88.1689905517176,79.5193335434929,3.73265255020879,8.68290015907711
119.477830071676,157.875263666154,129.334208709371,88.0120061796093,79.3191521803434,3.7136392702203,8.70183228488264
119.422956558434,157.894378380944,129.231920001486,87.8068975914555,79.0603193943752,3.68654078076918,8.73218922956354
119.307106382947,158.058242816532,129.269919165145,87.66836717985,78.9178424397922,3.63771323863069,8.82419306114579
119.252336360934,158.233805138052,129.412975042069,87.7403182567019,79.0378527088971,3.61525862203482,8.88255574684735
119.246295861336,158.267541214916,129.443486541686,87.7635867482502,79.0722551931126,3.6124530815116,8.8911538749288
119.243398265731,158.283724231974,129.458122746149,87.7747485201766,79.0887578822411,3.61110727860963,8.89527835134529
119.221750465141,158.404626791899,129.567469141867,87.8581375936925,79.212048697179,3.6010528483748,8.9260921208238
119.208239135945,158.480087311828,129.635716959601,87.9101843232888,79.2889998304177,3.59477744334135,8.94532432787768
119.185618093222,158.497792888415,129.654328928471,87.9262574394347,79.3178336321145,3.59193189209046,8.95110091240302
118.994800228888,158.609028050492,129.777765250396,88.0369044245728,79.5259691257532,3.57061666952485,8.99055724394572
118.870553485584,158.708231740263,129.884952963276,88.1430616256918,79.7146371475647,3.55376290776502,9.02262155501736
118.745985061342,158.841560369279,130.026336266727,88.2926416561655,79.9710168458372,3.53310265639958,9.06283032439088
118.724283864205,159.001022066767,130.303879608406,88.6267974987935,80.5425849681096,3.48670990259403,9.16168818140843
118.843039025109,158.939072240168,130.421215976181,88.7884235335927,80.8390226646878,3.45856740003398,9.22759936556233
119.345492918694,156.57426486714,129.984290271853,88.5654320921502,81.0862066788085,3.32296241468275,9.49433672143984
119.904828341214,154.649119806838,129.619149355036,88.2671694616181,81.0891324827837,3.21550086627863,9.728256301642
120.05783699378,153.091404451715,129.2245983823,87.8863555300891,80.9998818094599,3.08185467397924,9.93789331384074
120.110615129129,152.917557065738,129.217520034593,87.8705483728175,81.0338374732146,3.05482378183544,9.97948852640262
120.362930803195,152.534801782461,129.341149214318,87.9420954882681,81.2385545669812,2.97478288566303,10.1082331186082
120.673857745953,152.356903731075,129.623025972238,88.142552307262,81.5059289783739,2.92136360211221,10.2021317302228
120.707764978378,152.228272235411,129.682231351895,88.1734392076517,81.5482031073345,2.90535714960575,10.2203873545397
120.718359872586,152.179262259227,129.702943377796,88.1837632670526,81.5624576442767,2.89952252462574,10.2267614813149
121.57099149813,150.020791300878,131.535374494496,88.6740756147993,82.2227973820868,2.53454120117418,10.5382443896438
121.548133938771,149.961728782093,131.627526120733,88.6197899438052,82.2070870875754,2.4989719575665,10.5550724665451
121.514874384101,149.87578815118,131.761614017109,88.5408000038094,82.1842273679101,2.447215898061,10.5795586478954
121.509308325264,149.872361070254,131.796314593761,88.5215192547861,82.1822492002256,2.43468244468413,10.5861083397775
121.501523599892,149.88128062376,131.860193704864,88.4869657700764,82.1817949795093,2.41230654689311,10.5983377891682
121.484842820903,149.900393064288,131.997071151834,88.412926030178,82.1808216946445,2.3643604231849,10.6245425340615
121.626071524433,150.319994192983,132.644446570469,88.2718271911962,82.4171662237211,2.21771802265428,10.7455472328995
121.612634882481,150.268149917646,132.967379393426,88.193678122864,82.6467374207982,2.16998943937066,10.8065567789177
121.839297909343,150.13324574138,133.458096792122,88.3784512009574,83.1289316501999,2.17522615567911,10.8768756829529
121.844257936497,150.130634198763,133.467209961124,88.3828622478455,83.1382010275778,2.17555822526395,10.8781022424604
122.371411649505,149.920557539367,134.299113656853,88.9470292893006,83.9923840658269,2.24082077119264,10.9734933657712
122.70913425156,149.523998409873,135.063336840883,89.5150951808773,84.7856125186749,2.32369161860111,11.0475037865683
122.778343369667,149.375539916707,135.308564782856,89.7048096442602,85.0402343947557,2.35407076923666,11.0688952563478
122.931358067561,149.092500929285,135.88111886822,90.1570526230458,85.6291546132078,2.42575202709106,11.1188460198052
123.195686763128,148.803599735882,137.032522359942,91.0984403603466,86.8157371644894,2.57451341020641,11.2261816862557
123.088559802522,148.495276161108,138.06622977625,92.0413517418975,88.0796734026281,2.75714790578851,11.335856076637
123.003900272054,148.408137206063,138.230725899047,92.2249644953432,88.3478590657063,2.79931324904771,11.3563070517882
122.747390619256,148.245662901375,139.030889012943,93.3408381751575,90.004036667071,3.01911959875641,11.4852345936194
122.74292733127,148.248457121949,139.082094636685,93.4178247054757,90.1175385537609,3.03181834053186,11.4943597217308
122.74202065765,148.249024740729,139.092496561982,93.4334637716324,90.1405953600297,3.03439796662895,11.496213402909
122.240971948177,147.732777438792,139.68743595414,94.4085396202719,91.6573137594303,3.17507502947342,11.5909781601842
122.230554319729,147.694657346385,139.88466474805,94.6106567266038,91.93170138706,3.19360540491413,11.6153127541189
122.224304040813,147.659168629713,140.091631087616,94.8184702988077,92.2118057002626,3.21226683520099,11.6406673195508
122.262992272655,147.64921316034,140.553045008104,95.2189732198139,92.7260139467052,3.24518449145126,11.6956908642579
122.271402269012,147.648370613956,140.643317929343,95.2963257678828,92.8248538860448,3.25148583490372,11.7064318915369
122.243774303235,147.615518689077,140.752022676955,95.381431856582,92.9374629923229,3.25946454275401,11.7183733305269
122.100742018029,147.46522340493,141.144796743516,95.6774519275407,93.3333546227441,3.2886284518494,11.7603245946422
122.096874210357,147.463657671297,141.162848379216,95.6901879514117,93.3497001584026,3.28986993292367,11.7622860079515
122.076034970029,147.455221703885,141.260108224221,95.7588079772224,93.4377677602013,3.29655887008505,11.7728538455491
121.966210440609,147.763674473623,142.570862105055,96.6703278279695,94.5795654029625,3.38444282769347,11.9214524124152
121.986019072232,147.973161703595,142.912649266394,96.9080143010667,94.871287478116,3.40709272578725,11.9622664645901
122.043907841974,148.32037482991,143.308289997957,97.1871985410029,95.2123750517313,3.43375478402913,12.0111764926611
122.064007175772,148.440929344294,143.445658872142,97.2841330112703,95.3308027368713,3.44301201320692,12.0281583526075
121.999415837265,148.987344632355,143.97915431984,97.6510832288152,95.8080300368184,3.48698528228483,12.0912681852924
121.996271541563,149.005329975982,143.996131465806,97.6626878940709,95.8233485884673,3.48844584602781,12.0932548027824
121.986478580821,149.651374297401,144.494175333162,98.0062915026807,96.2689650603401,3.53354361262408,12.1507115761663
122.290504871098,151.373623153687,145.713848198951,98.7952511409867,97.2450138530787,3.65014064583978,12.2840897396363
122.419393188319,151.799281158484,146.034950281511,98.9801745206785,97.4625731555746,3.68141674175501,12.3169341632887
123.056017814945,153.919756368887,148.195606357455,99.7490753804268,98.2940992646435,3.9133748435972,12.4729558153202
123.098890877014,154.031423006877,148.355911164637,99.7800153868576,98.3174362370675,3.9291596916973,12.4813464456981
123.14837587879,154.16031101983,148.540938388849,99.8157270015474,98.3443722679017,3.94737889971677,12.4910310900672
123.193052580412,154.27562357227,148.710876229759,99.8455325223065,98.3644601239563,3.96343549569352,12.4998177255103
123.324131194699,155.74755055836,151.109866511802,99.7825442633238,98.0023358383628,4.12980463619392,12.6041099191362
123.147558336367,156.420584787826,151.865227048467,99.6021995928492,97.6768085337566,4.1537047699811,12.6484550826152
123.083041175576,157.032939851789,152.386258822859,99.5391480823342,97.517067347583,4.16153796772389,12.6984164722461
123.067356363067,157.476524869082,152.742124330277,99.533890178778,97.450039378055,4.1651977423844,12.7388119333351
123.06136637078,157.986950389019,153.144115029827,99.5437896457814,97.3919847835886,4.16868624521631,12.786960643377
123.03563299383,158.086981480232,153.22722921111,99.5401556938277,97.3722694740658,4.16877768404207,12.7967793923251
122.746047089616,159.25821389889,154.269911794972,99.580637336303,97.2211180689224,4.16871068748441,12.9183341158267
122.700649697815,159.549236653189,154.556482384703,99.628989795505,97.2225169173622,4.16880052767856,12.9507248165473
122.643595485109,160.247171018543,155.319683037864,99.8263716542179,97.3060315541535,4.16927768355901,13.0326769589857
122.630541247256,161.054240155964,156.314888342135,100.150179393841,97.4931478359388,4.16946649681775,13.1317581660762
122.388940116946,162.83418774362,158.9096960663,100.973757579626,97.9516335830585,4.15783431175612,13.3523510745204
122.238173833295,163.369329975147,159.700824822895,101.177439933809,98.0333882020273,4.15048840025116,13.4138287978728
122.134256094026,163.926535931111,160.368887959823,101.319516484985,98.0657974826225,4.14512853485986,13.4743994431575
122.090028613309,164.208101918174,160.678987802928,101.379751296879,98.0734501862139,4.14313704228395,13.5050014332194
122.076437415553,164.346842570484,160.804577053005,101.3979875771,98.0685833691686,4.14286556515041,13.5200750861087
122.051622227751,164.600159121736,161.033881407382,101.431283885976,98.0596973989145,4.14236989463086,13.5475969818265
121.729067046045,166.588371957051,162.303970717027,101.382759980352,97.6853338044657,4.16018620775648,13.7830351506692
121.722992237731,166.604924056338,162.311370977022,101.379407569047,97.6789084272325,4.16046645263185,13.785156490465
121.524835386484,167.222461952453,162.547117071631,101.279832232747,97.459852144453,4.17906334211717,13.8784624614027
121.269803901445,168.071799533658,162.918585135869,101.23306219857,97.2266010464246,4.21514230249278,14.0335805767588
120.634758312791,169.29149006671,164.005966660847,101.578780257553,97.1011265360562,4.305106801756,14.420024949823
119.560584843298,169.446657779105,164.759552070387,101.652325645951,96.7016502079528,4.35600286292105,14.7710900660808
119.119819752215,169.563615738572,164.780595007242,101.192742951271,96.0031640865896,4.36069248234161,15.0192556932438
118.954575377221,169.616301665358,164.510907545086,100.704415789064,95.4347398199784,4.35479354603723,15.1415931729843
118.931875292879,169.610315634697,164.458824036775,100.635624306865,95.361236382177,4.35363713408295,15.1518180824131
118.662232270714,169.556395573747,163.341893339226,99.2631501597649,93.945918855729,4.33082367291495,15.3435691314267
118.878624059177,169.662258359069,161.943518733587,97.768408667209,92.5249686065013,4.31105127318019,15.5849031581873
118.908086687185,169.673166967529,161.850640199314,97.6738640360689,92.4381477146059,4.31006526989731,15.6034034648792
119.200203954853,169.754492962893,161.373796163057,97.2183624833697,92.043733074965,4.30814632950241,15.745129703823
119.570697520071,169.36248678028,161.042017805155,97.0961842737341,92.0525260936809,4.31458743242284,16.0490938683064
119.910830731561,169.20465345323,161.807120693849,97.9006878646366,92.8763951409732,4.32514017246879,16.292832896874
119.953938882555,169.206858070018,161.925257123155,98.0067582122294,92.9787536892721,4.32570841135652,16.3235147278944
120.137009835097,169.238749715762,162.437290651942,98.4491049720084,93.3992824302714,4.32709645924241,16.4543227723036
120.128286422519,169.165456863052,162.61476027047,98.574240550764,93.5061993747332,4.32302287871574,16.5171328718184
120.116768897559,168.958680939946,163.020363402141,98.7561786940762,93.6175700124409,4.3037883566751,16.7194873035175
120.083757689185,167.993032691869,162.417346524513,96.9284531509972,91.2681982924235,4.19932228466783,17.4440096767332
119.995143294434,167.870515090183,162.342758770289,96.6989472346623,90.9419564804524,4.18917684081161,17.5233430032834
119.631582255333,168.003769281252,162.567693278831,96.2193463654549,89.9824118357781,4.16467042827612,17.8467126250891
119.613450497379,168.047229612512,162.603628503183,96.217023235636,89.9531266317381,4.16428355310408,17.8618671611039
118.523585271573,169.841522361076,163.842222694036,96.1956501633163,88.9929140265578,4.16044708062386,18.2516964292747
118.482678015429,169.949841403485,163.90628836311,96.2081839450672,88.9665763948173,4.16129093564892,18.263495563988
117.960058215408,171.5228957021,164.828063686912,96.4091697249839,88.6208285852342,4.17565996247946,18.4233022544057
117.897049866363,171.747584380963,164.958323149174,96.4409673595859,88.5774285185111,4.17805680874446,18.4442475173374
117.86011953024,171.88537645903,165.038395710165,96.4608335322032,88.5509868803665,4.17957816671323,18.4570253856952
117.368568706244,173.276524243865,165.838927508476,96.6086492388489,88.1554155798249,4.19609395181677,18.5800429151286
116.710613141633,174.181638219171,166.364731504119,96.5842729381059,87.5886196911628,4.20135441327329,18.6856394302203
114.763974186744,176.186174242927,166.506964443043,95.8926420929833,85.6690479436725,4.12713139067886,19.3491156192996
113.43039041759,177.109971432031,164.988270144885,94.7568689744601,83.3848626851128,4.20004044081147,20.3656907219899
113.408838622449,177.092855955082,164.945751442226,94.7319481433429,83.3141533008856,4.20346052444668,20.4006641815416
112.976816584842,176.79014100426,164.543345177839,94.4186049073275,82.4873191652767,4.20573828592592,20.7383634069761
112.867073927906,176.739530384649,164.478318670781,94.3532110799307,82.3368039055079,4.20092914949196,20.787722682053
112.263423818717,176.662423558346,164.219789946412,94.0107475662177,81.5059172050811,4.15896257962937,21.0712318339792
111.904249543442,176.837977817383,164.135802431821,93.8012699813263,80.9746494319447,4.11908893508447,21.2612167662653
111.773532713258,176.951953577268,164.111659130557,93.7165173575801,80.7623156397536,4.10105498294742,21.3372041630599
110.244638460001,177.788521951724,163.353101313113,92.4276869694242,78.3010804788033,3.87078577021873,21.9338537157401
110.028945816815,178.205594150479,163.130223300297,91.9937809741464,77.4161473539432,3.76031930208886,22.1673508143512
109.552581444147,178.293013485692,162.540196863915,91.1526299436039,75.8767740607702,3.55955138331255,22.4902369796934
109.538086857773,178.306799094765,162.511415328076,91.1049425166381,75.782483615582,3.5465305860536,22.5145073671312
109.519653793661,178.324330537838,162.474813255988,91.0442974333,75.6625725138461,3.52997176992243,22.545372518859
109.537171693962,178.645380420138,162.229461508435,90.5657741928127,74.6509057730179,3.40477109714509,22.870492694459
109.532230308798,178.644284967707,162.221961838514,90.5566087242413,74.6355438128727,3.40350784816991,22.8738576399285
109.346528427483,178.604453982146,161.939612818454,90.2113146663097,74.0565302119709,3.35613736003936,23.0009462477952
109.037664398055,178.72956061401,161.423068758778,89.5384941056023,72.8727657558229,3.28655194307818,23.2959200781775
108.694787329312,179.082154434674,160.993290095056,88.9103966246152,71.6446645853872,3.23392980841535,23.6171558086065
108.548484765854,179.083716541674,160.865095877048,88.7556737293007,71.3724751505499,3.22254864729574,23.6651657254206
108.028218196595,179.239899544934,160.410625183067,88.1664798687315,70.2538308396804,3.17332750457338,23.8807673320833
107.965294758807,179.271896850041,160.352713057751,88.0891112735146,70.1016674067254,3.16650539197298,23.9116810270369
107.903746856518,179.330992786373,160.28022347565,87.9932284335753,69.9076992207279,3.15778085292453,23.954431936216
107.794023533786,179.439124575227,160.149409827853,87.8202747235063,69.5573933512293,3.14202220602667,24.0318965186199
107.764236558418,179.47531911695,160.108017668014,87.7672174834052,69.4499134977914,3.13717995054737,24.0563375838956
107.302559820417,179.675036639734,159.443054184925,87.0672395924337,68.1928332304713,3.07972871579176,24.2912564938659
106.980237564428,179.710127279402,158.951467860365,86.6264727457516,67.4625575038499,3.04078278731588,24.4133392511734
106.571992396164,179.900435830661,158.207783780322,86.0660905066387,66.4753904461019,2.96305027841244,24.6347469809728
106.445720478259,180.010859617252,157.949743139435,85.9267823054932,66.1894045269985,2.92591341623932,24.7281453657164
105.310582079445,179.854936971061,156.085380332565,85.2181546385916,64.8821391367647,2.69413251452147,25.1369023505889
105.253764402887,179.851082477339,155.901652945943,85.1774978439533,64.7944088437263,2.675061182999,25.1822194978926
105.176069635686,179.853362026335,155.518247920409,85.0967802467989,64.6223460839012,2.64112300234852,25.2778446455093
104.985310368992,179.71573199394,154.567078576726,84.8249300736479,64.1900125446131,2.58855858149857,25.4540050201828
104.933160672129,179.663874398198,154.367655561505,84.7567534271414,64.0952608447939,2.5801403658888,25.4821518594659
104.851487969404,179.545875111412,153.729396249327,84.5447167349967,63.8098856743098,2.56539701930787,25.5765107673073
104.898750596387,179.469829373665,152.505201386188,84.1709298106131,63.3201609217856,2.56403228278298,25.7738844514852
105.040216189986,179.528139370123,151.880286194887,84.0060158997534,63.111371926902,2.57835654421055,25.8845882667961
105.381071758675,179.144366514012,148.277141649912,82.5926850988944,61.6530433772642,2.69142583260457,26.2188032803053
105.480365143849,179.071554468716,147.727488121357,82.33385251018,61.3864517072985,2.70909393460525,26.2654617261713
105.483876953979,179.068979251064,147.708047966044,82.3246981147958,61.377022888597,2.70971882033624,26.2671119428754
105.471069292252,178.785853916152,146.772155979044,81.8255105660277,60.8695261034905,2.73012490378559,26.3088916339689
105.458063991706,178.394404149961,145.451955828773,81.1053452325476,60.1376478020921,2.75684006456766,26.3654010640028
105.487380925936,178.260670133008,144.875484278262,80.7958384108557,59.8240969960773,2.76869143912969,26.3946135169815
105.503904970799,178.213376060307,144.648179812164,80.6747561732069,59.7016482049525,2.77339110226956,26.4067672496728
105.599483761383,178.079857929756,143.819092972987,80.2441408257994,59.2697984993625,2.79033379757312,26.4547737709407
105.706487862274,178.022850471439,143.214221428671,79.9417941475224,58.9708460889276,2.80237409104312,26.4934677472603
105.976618330001,177.850749547111,141.61240393289,79.1588362735174,58.2651427918032,2.81137676968034,26.5511266437235
106.032604298913,177.790219586386,141.311154082199,79.0057721397956,58.1442935236388,2.80699238055163,26.5506555059064
106.685082660753,177.19090061102,140.050400074345,78.3156322669952,57.699165338947,2.76817526471187,26.5341712650549
106.901184875255,175.803250540033,138.883502477553,77.5611238440882,57.177289653313,2.75265947184695,26.4668642838595
106.976263197679,174.604016187667,138.02317695282,77.0493161560111,56.8515960529184,2.76385293917271,26.415879190059
107.048827992338,172.977477303725,136.991446683056,76.5795964561925,56.6729872345615,2.80885956432538,26.3426419232125
106.696637050816,170.268525174208,135.538804717027,76.194869933201,56.8696136650688,2.9110667467206,26.0924785312013
106.584078109589,165.473328715616,133.394078031022,75.7395677900861,57.7203640445181,2.96748097565303,25.0860931171017
106.718548584617,164.862087306316,133.115144330531,75.7022839367031,57.8622138458889,2.95983927590264,24.9448655517147
106.729722179425,164.823389131537,133.099663390307,75.7055362633258,57.8781645746422,2.95963840611604,24.9361039885028
106.795839006108,164.594402797353,133.008058972999,75.724781056011,57.9725488427808,2.95844981165792,24.8842597283251
106.987808351007,164.041575098444,132.87147623318,75.9665760604833,58.4391935992295,2.96849306969968,24.7629621426783
106.906095971218,163.084995152259,132.729402541447,76.5969352088403,59.4599589054787,3.01640015432387,24.5825783385585
106.726506857246,162.210958490602,133.169322567039,78.2411211721635,61.6584832356413,3.15447585347201,24.4119663496169
106.714512312802,162.157301963149,133.238240267617,78.4169468966082,61.8813847344358,3.16974164250259,24.399830527225
106.705300562006,162.116094015509,133.291168720719,78.5519801831575,62.052571982798,3.18146569295696,24.390510275665
106.668216619686,161.888630435751,133.689194030821,79.473930898848,63.1987349195202,3.26360399615324,24.3302961319411
106.639617012474,161.75971664773,133.903238714728,79.9671028218019,63.8090156630912,3.3089902066273,24.2948270076944
106.504147029725,161.479991834713,134.093326676783,80.5169244848209,64.5039226776197,3.36686737095197,24.2263250632805
106.421146984909,161.301256199734,134.217868151744,80.8720425691467,64.951553102501,3.40441857635078,24.1813619147352
106.387280125271,161.205097223151,134.294203502367,81.0746011363976,65.2032989634923,3.42634586587317,24.1535598541073
106.234390731292,160.521088247837,134.904466551208,82.629946995835,67.1182983971464,3.59330058459746,23.9269537793623
106.297605143932,160.182157541967,135.335356524193,83.6574283000741,68.3606264931107,3.69509431679443,23.762613440269
106.195642387135,158.897168163787,136.577474852135,87.2151088536097,72.7340739184656,3.98374791517507,23.0794320522894
106.252973341007,158.691268637708,137.195105411767,88.5788032080221,74.3546030018833,4.06456108686846,22.8955461301732
105.917080754651,157.59251157611,138.477698468823,91.4792424979213,77.7732551272232,4.20711180256297,22.3868370851858
105.919129892372,157.451789277869,138.753545961546,91.987482361151,78.349316337089,4.22487927647344,22.3037635299331
105.780955110913,156.646802395085,139.929223742236,94.2354736575223,80.9081662553533,4.27023876394231,21.84148890415
105.663699461425,156.174821316682,140.651735813731,95.6361316218667,82.5126321367402,4.27397323973906,21.5191764785424
105.654560241593,156.008288521664,141.064364052126,96.3977789393993,83.3827179430187,4.2709526315088,21.3571919898671
105.654436555901,156.000843324984,141.084157193871,96.4341201199316,83.4242238290948,4.27078197726919,21.3495423626133
105.653761216979,155.960191645871,141.192230154385,96.6325473842477,83.6508510136402,4.26985018437159,21.3077744677137
105.321591378871,154.775976014268,143.110736373179,100.524101257116,88.1949688667664,4.2152244851879,20.3641330337944
105.308081956801,154.689389848975,143.26719600845,100.838720238185,88.5625422180055,4.21138217894384,20.2909240183379
105.296994276501,154.532722678884,143.583083103445,101.464193796396,89.2914024695487,4.20511132312373,20.1504646256569
105.306620764345,154.3979018048,143.900390833811,102.083565577146,90.011003235369,4.20166080712397,20.0191149365295
104.970006547386,153.366163195639,144.992151699088,104.659409293035,93.0806660437614,4.19355160551243,19.37592375758
104.942147000614,153.266137612468,145.116866973598,104.95266249864,93.4292426847365,4.19443769232102,19.3101339782944
104.87569656387,152.838694176874,145.844568378325,106.578936895933,95.349908225516,4.2052587709936,18.9892192609551
104.324914345113,151.319615121707,147.635361443749,111.020341607959,100.693835100125,4.26975309405702,18.1235418353809
104.309631518759,151.0877565161,148.145582455028,112.101868909064,101.972599917165,4.30233120586272,17.9574345549048
103.927728479195,150.204967768705,148.925542923625,114.032350501488,104.301878441795,4.37095703757142,17.5630467686371
103.904091878418,150.122454766693,149.037896550486,114.266145558171,104.576013687495,4.37946556540852,17.5209709472313
103.818906718761,149.373108566263,150.556146204765,117.091533903771,107.818501107122,4.47346272764403,17.0642759051261
103.439988533744,148.335712639525,151.949369052439,119.756108997929,110.885482639048,4.54011848913918,16.5466750855226
103.431901150907,147.910293929339,153.189820633999,121.952502459238,113.394856586078,4.60243391931144,16.1969193784756
103.17461996676,147.277737241455,154.1768471411,123.932752847753,115.711593976888,4.65712650107674,15.804556845794
103.07856431515,146.880480326777,155.347315731306,126.023452607736,118.091687986607,4.69469589550666,15.44173928775
103.090880979279,146.817894112941,155.765148365005,126.694907643094,118.834900228653,4.70111496732033,15.3410458975512
102.791618434085,145.751994686178,163.54758102306,138.120289839411,131.386937955738,4.74146460635011,13.7195297882881
103.00188611232,145.558422016913,166.631349303489,142.278890986879,135.897685842239,4.72300940736772,13.0829368914588
103.244826981293,145.521137587104,167.514045618441,143.46895327554,137.18646959541,4.75583693883301,12.9236989878138
103.346436458294,145.179864211609,168.434440321334,144.842723986864,138.724938505888,4.8471030885845,12.6773014894755
104.016857129051,145.367090588311,172.085242585749,149.785114178727,144.120841733529,5.40821388764062,12.0828416957364
104.036095212412,145.420346906,172.542704826096,150.368368782146,144.740714886778,5.47452531699694,12.0175766378851
104.4172433619,145.730286355116,179.728351289694,159.439626644736,154.267638714145,6.28946810422933,11.2177636176063
104.176967615427,147.718778501297,184.985290732617,165.715059743844,160.676901881753,6.83730068412359,10.7985292324107
104.414560000872,150.010481029615,188.072578394331,168.957972401324,163.645962986613,7.05899413442561,10.6289693859137
106.108579317575,155.179020006805,194.435587184782,175.315547385908,168.961663432198,7.55401191473135,10.5131272383503
106.177549447799,155.739296464054,195.161441660581,176.078135102558,169.652266011907,7.66540991097385,10.5369891175709
106.174099499578,155.955260376105,195.448918134187,176.382801873575,169.929989776635,7.71463646540761,10.5455082297865
106.167550612938,156.149144309774,195.701467817295,176.651367935237,170.17591548346,7.75969295947886,10.5547768726144
106.141684871823,157.572534036334,197.472970145088,178.538150307334,171.882524732658,8.09002550314962,10.6395710640899
106.991100315844,159.11639137874,199.431899249115,180.425013328382,172.878828038276,8.25710063843475,10.5692392245065
107.045971759677,159.128073162525,199.438323971718,180.424195891202,172.871317078823,8.23749966516186,10.5622975838748
107.135395048086,159.064728188914,199.107576221212,180.130490453494,172.809497171502,7.93527952305158,10.4628546324312
107.180617408428,159.260581398078,199.067793465334,180.221446775679,173.078983134136,7.83387240228154,10.4784648669032
107.503902565422,159.841313479808,198.70038453442,180.667487535086,173.487730561547,7.61775015439383,10.7229752112337
107.574467840812,159.882241299944,198.687786258545,180.715659201659,173.459021578236,7.60384904036056,10.7541324009669
107.585556435145,159.888343174784,198.688289685714,180.723209091804,173.45440697074,7.60202944980669,10.7585412134462
108.103866506193,160.14034155888,198.81707924912,181.073408484064,173.006318205803,7.4917112534689,11.0012245058926
108.292177836101,160.227336390262,199.081641782899,181.189158191031,172.337277673292,7.38041186757416,11.212517881625
108.503489503077,160.40254669722,199.414429465023,181.33289067826,172.016639484425,7.32258699376501,11.370853431327
108.771534664508,160.573380082579,199.763335883286,181.430214640817,171.585416163126,7.27185407595929,11.5724673151559
108.789713315841,160.56207027056,199.790009597518,181.39890342166,171.43374950278,7.2605194496262,11.6144232319377
109.188754969062,160.572467274122,200.02690176789,181.323491156023,170.329756168396,7.21575304801181,11.9767349801338
109.732780702279,160.647053628491,200.353490820306,181.918557198757,168.231342152349,7.22309958197022,12.6545646385346
109.957282933495,160.798097490223,200.312351682463,182.170719075704,166.838705807258,7.19247439683924,13.0210583466016
109.964330336164,160.797913079723,200.300769947652,182.162770238114,166.784051014516,7.19064960920242,13.0318082233693
110.308146731192,160.918149937608,200.168802232473,182.020431475602,165.788857791953,7.15631110504319,13.256764044944
110.552628359069,161.037219890285,200.179477621512,181.985509006451,165.445550591495,7.14403805995368,13.355133596258
110.973475231499,161.226525615638,200.180348800467,181.84833767353,164.840289868749,7.11858238894459,13.5236133294317
113.834470374242,160.897401385939,196.226477567966,177.007870432479,160.8809117337,6.64297055921721,16.3654973181833
114.27398388206,160.53057636323,195.531175190719,176.049637454361,160.024201326941,6.61404452107683,16.6441068186372
114.42744305608,159.99662696023,194.739037575585,175.058984588402,159.117713864842,6.59770075657648,16.7731394443239
115.184815238801,158.69936995523,192.731574988408,172.738094073432,157.216607489028,6.72084926015669,16.8856077511959
115.667654945226,156.819846509372,190.170974394092,170.013127079325,155.28491519593,6.98898044916575,16.8234858497208
115.670744988299,156.813718788033,190.162704513352,170.00441108806,155.279196621454,6.98986189524213,16.8232273181213
116.584708710323,154.802030082843,187.673767078047,167.56055005252,153.559360299788,7.19492431090466,16.5155340354618
117.651302715927,153.661471217674,186.318573747338,166.396622905296,152.809532880617,7.50522334471822,16.1769977786958
117.924069227566,153.03552639132,185.588736737394,165.746987774252,152.348274622042,7.68275913338064,16.0178872651974
118.336531443461,152.135106204904,184.466054115103,164.739327464698,151.69043790037,8.00611770479413,15.8057412510592
118.430127782954,149.390741658725,180.659424195811,161.232302214126,149.523446514,8.41273425270954,15.4636317307493
118.675744694632,148.243631383783,179.558354350556,160.429362412608,149.111122528582,8.35103412167012,15.2031861133074
118.883645972328,147.887427679835,179.350312976914,160.346106388683,149.181137866477,8.35751139995409,15.029494727564
118.924903595142,147.839695492498,179.329618591747,160.343821517881,149.206944893843,8.3607161926715,14.9971865907109
119.050962922072,147.759475701895,179.312208897779,160.355292003136,149.312085588418,8.37412273888009,14.896423754648
119.221922819818,147.412115985222,178.689399178768,159.347942230571,148.857042927643,8.25117773026103,14.2971562331907
119.261835427493,147.429117505087,178.690911393789,159.331109244133,148.851564251691,8.24386436762691,14.28304957484
119.551603747996,147.329270012157,178.47506226995,158.904232541851,148.523317925646,8.13262330690686,14.0710792083735
120.022090840162,147.404554412736,178.696237260493,158.998010583836,148.703165217608,8.07244280278099,13.8449008929974
120.077390707816,147.422154838594,178.77575744885,159.068020896673,148.793273352172,8.07346373173372,13.8090889387937
120.088471812606,147.337333173267,178.919645366897,159.181924151044,148.980429057936,8.07627325093962,13.6813973423101
119.687660505676,146.658277604891,179.066168511361,159.246018369934,149.212505964284,8.09538139621841,13.3712691070698
119.947598879382,145.507960837026,179.210376358957,159.143492128575,149.055483164133,8.07416017850994,13.0209182992718
119.391197061576,146.084032115079,181.006043945488,160.354744387065,149.646286457616,8.72596411895971,11.9731912097435
119.141603458846,146.230524446579,181.282575731837,160.412005386655,149.452533028667,8.92610323349167,11.8500532038851
119.066653491928,146.293198708695,181.710430368209,160.155258078001,148.547760512582,9.27746985755492,11.6739070479161
119.505010068937,146.533717467052,182.299946991823,159.822276858343,147.673130069431,9.53697065584574,11.5549637081777
119.478506296321,146.619780054226,182.564207245764,158.909803763585,146.534496395793,9.7078300277015,11.3569978479362
119.48885094988,146.682378213148,182.631365945509,158.790735395489,146.420810161136,9.72888404588543,11.3249408759867
119.556610258104,146.904826327908,182.848272338849,158.482073175998,146.161200232962,9.78682028204444,11.2325921771866
119.640253185225,147.088938404476,183.011952713054,158.310949501039,146.05279639599,9.82282458003295,11.171801056433
119.987843009623,147.550451124403,183.305280797478,157.6521316405,145.77080976703,9.91978439863929,10.9503511117106
120.559912844944,147.866601425926,183.402623098953,157.216347987298,145.757441517169,10.0039246861261,10.7868409685055
120.732708159838,147.956902259902,183.436025376313,157.179680668554,145.821176242223,10.0266460641795,10.7606695542878
120.818800848145,148.001893303544,183.452667562794,157.161411723903,145.852931118343,10.0379666518926,10.747630037515
NaN,NaN,NaN,NaN,NaN,NaN,NaN
NaN,NaN,NaN,NaN,NaN,NaN,NaN
NaN,NaN,NaN,NaN,NaN,NaN,NaN
NaN,NaN,NaN,NaN,NaN,NaN,NaN
NaN,NaN,NaN,NaN,NaN,NaN,NaN
NaN,NaN,NaN,NaN,NaN,NaN,NaN
NaN,NaN,NaN,NaN,NaN,NaN,NaN
NaN,NaN,NaN,NaN,NaN,NaN,NaN
NaN,NaN,NaN,NaN,NaN,NaN,NaN
NaN,NaN,NaN,NaN,NaN,NaN,NaN
NaN,NaN,NaN,NaN,NaN,NaN,NaN
NaN,NaN,NaN,NaN,NaN,NaN,NaN
NaN,NaN,NaN,NaN,NaN,NaN,NaN
NaN,NaN,NaN,NaN,NaN,NaN,NaN
NaN,NaN,NaN,NaN,NaN,NaN,NaN
NaN,NaN,NaN,NaN,NaN,NaN,NaN
NaN,NaN,NaN,NaN,NaN,NaN,NaN
NaN,NaN,NaN,NaN,NaN,NaN,NaN
NaN,NaN,NaN,NaN,NaN,NaN,NaN
NaN,NaN,NaN,NaN,NaN,NaN,NaN
NaN,NaN,NaN,NaN,NaN,NaN,NaN
NaN,NaN,NaN,NaN,NaN,NaN,NaN
NaN,NaN,NaN,NaN,NaN,NaN,NaN
NaN,NaN,NaN,NaN,NaN,NaN,NaN
NaN,NaN,NaN,NaN,NaN,NaN,NaN
NaN,NaN,NaN,NaN,NaN,NaN,NaN
NaN,NaN,NaN,NaN,NaN,NaN,NaN
NaN,NaN,NaN,NaN,NaN,NaN,NaN
NaN,NaN,NaN,NaN,NaN,NaN,NaN
NaN,NaN,NaN,NaN,NaN,NaN,NaN
NaN,NaN,NaN,NaN,NaN,NaN,NaN
NaN,NaN,NaN,NaN,NaN,NaN,NaN
NaN,NaN,NaN,NaN,NaN,NaN,NaN
NaN,NaN,NaN,NaN,NaN,NaN,NaN
NaN,NaN,NaN,NaN,NaN,NaN,NaN
NaN,NaN,NaN,NaN,NaN,NaN,NaN
NaN,NaN,NaN,NaN,NaN,NaN,NaN
NaN,NaN,NaN,NaN,NaN,NaN,NaN
NaN,NaN,NaN,NaN,NaN,NaN,NaN
NaN,NaN,NaN,NaN,NaN,NaN,NaN
NaN,NaN,NaN,NaN,NaN,NaN,NaN
NaN,NaN,NaN,NaN,NaN,NaN,NaN
NaN,NaN,NaN,NaN,NaN,NaN,NaN
NaN,NaN,NaN,NaN,NaN,NaN,NaN
NaN,NaN,NaN,NaN,NaN,NaN,NaN
NaN,NaN,NaN,NaN,NaN,NaN,NaN
NaN,NaN,NaN,NaN,NaN,NaN,NaN
NaN,NaN,NaN,NaN,NaN,NaN,NaN
NaN,NaN,NaN,NaN,NaN,NaN,NaN
NaN,NaN,NaN,NaN,NaN,NaN,NaN
NaN,NaN,NaN,NaN,NaN,NaN,NaN
NaN,NaN,NaN,NaN,NaN,NaN,NaN
NaN,NaN,NaN,NaN,NaN,NaN,NaN
NaN,NaN,NaN,NaN,NaN,NaN,NaN
NaN,NaN,NaN,NaN,NaN,NaN,NaN
NaN,NaN,NaN,NaN,NaN,NaN,NaN
NaN,NaN,NaN,NaN,NaN,NaN,NaN
NaN,NaN,NaN,NaN,NaN,NaN,NaN
NaN,NaN,NaN,NaN,NaN,NaN,NaN
NaN,NaN,NaN,NaN,NaN,NaN,NaN
NaN,NaN,NaN,NaN,NaN,NaN,NaN
NaN,NaN,NaN,NaN,NaN,NaN,NaN
NaN,NaN,NaN,NaN,NaN,NaN,NaN
NaN,NaN,NaN,NaN,NaN,NaN,NaN
NaN,NaN,NaN,NaN,NaN,NaN,NaN
NaN,NaN,NaN,NaN,NaN,NaN,NaN
NaN,NaN,NaN,NaN,NaN,NaN,NaN
NaN,NaN,NaN,NaN,NaN,NaN,NaN
NaN,NaN,NaN,NaN,NaN,NaN,NaN
NaN,NaN,NaN,NaN,NaN,NaN,NaN
NaN,NaN,NaN,NaN,NaN,NaN,NaN
NaN,NaN,NaN,NaN,NaN,NaN,NaN
NaN,NaN,NaN,NaN,NaN,NaN,NaN
NaN,NaN,NaN,NaN,NaN,NaN,NaN
NaN,NaN,NaN,NaN,NaN,NaN,NaN
NaN,NaN,NaN,NaN,NaN,NaN,NaN
NaN,NaN,NaN,NaN,NaN,NaN,NaN
NaN,NaN,NaN,NaN,NaN,NaN,NaN
NaN,NaN,NaN,NaN,NaN,NaN,NaN
NaN,NaN,NaN,NaN,NaN,NaN,NaN
NaN,NaN,NaN,NaN,NaN,NaN,NaN
NaN,NaN,NaN,NaN,NaN,NaN,NaN
NaN,NaN,NaN,NaN,NaN,NaN,NaN
NaN,NaN,NaN,NaN,NaN,NaN,NaN
NaN,NaN,NaN,NaN,NaN,NaN,NaN
NaN,NaN,NaN,NaN,NaN,NaN,NaN
NaN,NaN,NaN,NaN,NaN,NaN,NaN
NaN,NaN,NaN,NaN,NaN,NaN,NaN
NaN,NaN,NaN,NaN,NaN,NaN,NaN
NaN,NaN,NaN,NaN,NaN,NaN,NaN
NaN,NaN,NaN,NaN,NaN,NaN,NaN
NaN,NaN,NaN,NaN,NaN,NaN,NaN
NaN,NaN,NaN,NaN,NaN,NaN,NaN
NaN,NaN,NaN,NaN,NaN,NaN,NaN
NaN,NaN,NaN,NaN,NaN,NaN,NaN
NaN,NaN,NaN,NaN,NaN,NaN,NaN
NaN,NaN,NaN,NaN,NaN,NaN,NaN
NaN,NaN,NaN,NaN,NaN,NaN,NaN
NaN,NaN,NaN,NaN,NaN,NaN,NaN
NaN,NaN,NaN,NaN,NaN,NaN,NaN
NaN,NaN,NaN,NaN,NaN,NaN,NaN
NaN,NaN,NaN,NaN,NaN,NaN,NaN
NaN,NaN,NaN,NaN,NaN,NaN,NaN
NaN,NaN,NaN,NaN,NaN,NaN,NaN
NaN,NaN,NaN,NaN,NaN,NaN,NaN
NaN,NaN,NaN,NaN,NaN,NaN,NaN
NaN,NaN,NaN,NaN,NaN,NaN,NaN
NaN,NaN,NaN,NaN,NaN,NaN,NaN
NaN,NaN,NaN,NaN,NaN,NaN,NaN
NaN,NaN,NaN,NaN,NaN,NaN,NaN
NaN,NaN,NaN,NaN,NaN,NaN,NaN
NaN,NaN,NaN,NaN,NaN,NaN,NaN
NaN,NaN,NaN,NaN,NaN,NaN,NaN
NaN,NaN,NaN,NaN,NaN,NaN,NaN
NaN,NaN,NaN,NaN,NaN,NaN,NaN
NaN,NaN,NaN,NaN,NaN,NaN,NaN
NaN,NaN,NaN,NaN,NaN,NaN,NaN
NaN,NaN,NaN,NaN,NaN,NaN,NaN
NaN,NaN,NaN,NaN,NaN,NaN,NaN
NaN,NaN,NaN,NaN,NaN,NaN,NaN
NaN,NaN,NaN,NaN,NaN,NaN,NaN
NaN,NaN,NaN,NaN,NaN,NaN,NaN
