113.918231242996,127.545795429256,175.405118880123,154.374312512901,143.507515125349,4.90694890837237,93.8976855984621
122.617517127506,134.956353413301,184.316369124316,163.374352597658,152.147778486256,5.1716300050021,99.3135424976235
123.730178937657,135.880689353708,185.472672249932,164.544938601338,153.267814865561,5.20351378715515,100.01664183276
127.296826344827,138.84365649712,189.179212285057,168.29726253014,156.858101520265,5.30571753667676,102.270433054647
126.876414178703,138.443984097343,188.778212661757,167.896810249496,156.466369204278,5.28906984154286,102.026626291068
126.308053761401,137.925491977023,188.220551408843,167.33731530904,155.9231571722,5.26855558717403,101.687558208227
111.604123833961,124.917786323653,173.514993546659,152.531466268502,141.609010647299,4.7696026077889,92.7281925656559
106.468401232541,120.41173907655,168.356092248035,147.331604038489,136.584005179654,4.59711274612456,89.5787942932218
102.872601356737,117.250377221565,164.755520037945,143.70033348083,133.065079950764,4.4730394541743,87.3782598295981
96.4935860808244,111.518291315042,158.537579123123,137.423678803952,126.874551574943,4.22246840233141,83.4708183847372
101.702858535209,115.926527744544,163.997307556775,142.931334819025,132.061535785797,4.36772335752124,86.6050804662253
108.131113147541,121.417654603506,170.685386478786,149.690198486199,138.45543069958,4.56592082331031,90.3998316235575
112.055494561772,124.757089574339,174.845447628767,153.922457196914,142.40280371483,4.70044450460211,92.4764261008286
111.709265309537,124.449751840795,174.537090463629,153.627133150987,142.085406493001,4.69599548873978,92.1147088889821
108.642992447511,121.794399695123,171.506107369824,150.61193812643,139.113005850746,4.61689729889222,89.7825412081195
108.036188745364,121.271450037465,170.897995744843,150.004268420425,138.519848638293,4.60010547869369,89.3366721246229
105.956445247461,119.479105748202,168.81376950565,147.921556803036,136.486876770341,4.54255362336996,87.808511824945
103.476820686071,117.345800201777,166.329474455957,145.438684426027,134.057706522599,4.47329494238484,85.9369360483845
101.663987821057,115.798478080099,164.546974072726,143.665108308783,132.286657898193,4.4278353951651,84.3165008318879
101.781195809798,115.90849433985,164.694590277421,143.81916322263,132.408415969543,4.43624611742643,84.2121227890477
101.884866463119,116.005803897387,164.82515704634,143.955425040083,132.516111178201,4.44368541470555,84.1198002433762
101.89120640589,116.011754829557,164.833141811713,143.963758084169,132.522697241255,4.44414036234498,84.1141542901842
102.794866231093,116.808737422985,165.808507464234,144.951835958317,133.428324086602,4.48275019896874,84.406470259833
103.162832928596,117.132859390432,166.204382195622,145.352594254549,133.796829200407,4.49826395612149,84.5341983722706
104.509697094103,118.318644132456,167.65173271808,146.815091122684,135.149448555988,4.55697258262753,85.0645234563268
106.176820632946,119.791063280658,169.462863541766,148.644367976564,136.835671091246,4.63733939636321,85.7038574030182
107.449487904648,120.939810591328,170.921150650574,150.119723044099,138.163199946915,4.72671923650584,85.9827959218708
105.36871651874,119.340765172013,169.111077726548,148.325846692068,136.323254637304,4.83288074155865,83.2477341037175
103.599678127701,117.953584530261,167.350519419026,146.572203842257,134.665252056168,4.86486214087146,81.3526466155143
103.56905469038,117.929836909505,167.319684749783,146.541509758421,134.636539184227,4.86547057391557,81.3189346149938
103.386111373055,117.79239831709,167.133714743478,146.356700536171,134.466271907011,4.87069912461839,81.0978301394288
102.924502011378,117.490598144186,166.646540805741,145.875715687565,134.049471078006,4.90008239660122,80.3397070223696
103.082475393952,117.83957871989,166.745698510537,145.986568270564,134.27091492085,4.97889723565278,79.5156845812836
103.476608873573,118.280438273757,167.116631421226,146.361038779906,134.686478661578,5.01930500353411,79.3649579713046
104.131675337566,118.989163124903,167.74918602395,146.994188830936,135.369776372598,5.07535223431138,79.2510621338981
105.198555594084,120.296020853884,168.789065625167,148.011270174294,136.523283835327,5.20126283820767,78.6819752902152
105.244319537152,120.449024482298,168.830787559231,148.040871842866,136.596543382371,5.23180210103172,78.3791318984003
105.237073698567,120.450316028637,168.823197410786,148.032332896838,136.591096116986,5.23364589570246,78.3532966113265
104.909124958516,120.406075645908,168.478577172845,147.657206966692,136.316272609994,5.29112847640207,77.4760686694198
104.350106597355,120.167610385594,167.876140154658,147.024702460404,135.793111227128,5.34946362791114,76.4344714502799
104.30997857499,120.149819052519,167.831956310791,146.978595301895,135.75468348953,5.35359179606493,76.3609137418362
103.812202040929,119.927506096551,167.260294190913,146.387232223603,135.262676651385,5.40463355139251,75.4425834189061
103.691587218764,119.874313597089,167.118425577306,146.241080172415,135.14147947496,5.41720844775787,75.2165004687929
103.601431240941,119.867987470619,166.986679725777,146.106752252784,135.041857589529,5.43540059980124,74.9349426223648
103.474585214381,119.90608936291,166.768454051662,145.885474486822,134.891109426084,5.47258536500805,74.380934614679
103.489785235024,119.999673956342,166.725977148633,145.844576097937,134.887072278261,5.49232978615908,74.117665069069
103.492658529157,120.017364462795,166.717947643994,145.836844983382,134.886309127116,5.49606211855443,74.0678986339696
103.645538645483,120.288086045574,166.764969547292,145.891640567779,134.999598562818,5.52721023735637,73.6687079093281
104.239206435819,121.27176084288,167.03088360384,146.202612010644,135.460131751155,5.60391933488807,72.2552458305013
104.244904047844,121.303921236519,167.021455555348,146.195711830053,135.459537393836,5.60775618859169,72.1550509606706
104.250895580021,121.337740673941,167.011541146353,146.188455692945,135.458912375674,5.61179097234426,72.0496873830859
104.229986763569,121.369952936214,166.968965972801,146.149485396553,135.427907760871,5.6217168903286,71.8474584619733
104.17602074681,121.438362554202,166.86705704253,146.055501206247,135.351080961277,5.64556105308319,71.3815490154873
104.152569743222,121.455482900719,166.831195011043,146.021450750337,135.320209334051,5.65664903329376,71.2276926951567
104.139037951527,121.465361751402,166.810501758491,146.001802820355,135.302395664485,5.66304706389277,71.1389139070789
104.070929337099,121.527402696854,166.703016174352,145.899811596672,135.209527455296,5.70140139868498,70.6458863667451
103.845661241125,121.935671849015,166.233070498772,145.450834736203,134.814501873174,5.93644857618819,68.1783279238648
103.855200685448,121.990449715349,166.214113561882,145.434692184478,134.809520284063,5.94576020926088,67.9828957095964
103.957568647295,122.394574333788,166.081876645022,145.327918031041,134.827732171883,5.92347741457117,66.5361616272556
103.935004449771,122.40471108808,166.031971276225,145.280699429516,134.799722508067,5.90925095443519,66.3632660817549
103.931015988138,122.406502867093,166.0231499721,145.27235304005,134.794771502415,5.90673627646538,66.3327049572592
103.836010639647,122.535739734426,165.711818496118,144.978306670076,134.673737106998,5.74851803902554,65.0310626217163
103.875789734161,122.728668703474,165.577219866779,144.846549382382,134.700149603563,5.60299726268548,64.04742864337
103.919828190291,122.825917820195,165.560796094649,144.825611390407,134.736240363076,5.56245027196715,63.7157919780949
103.946128831037,122.882452159659,165.552847656472,144.814825544121,134.757832811414,5.54008294647704,63.5282671705748
103.937532085949,122.933739744989,165.487426008111,144.741094862543,134.73938777047,5.50841180597509,63.1908294122603
103.846636506629,122.979503782634,165.288240515746,144.516693295176,134.623150914547,5.46525868683012,62.498018708109
103.825998656882,123.008743079571,165.232766735073,144.450021928067,134.591516840851,5.45866444872495,62.2688689058875
103.805321885215,123.039382648882,165.176488083644,144.3821777986,134.559506475871,5.45218151417298,62.0341336848649
103.803776512112,123.073279678255,165.155827776407,144.352504811679,134.549674024308,5.45460455096909,61.8955015364711
103.804074982277,123.216334017139,165.082622642388,144.242943492542,134.51718778946,5.46679036780869,61.3496547800497
103.880922825269,123.710795504686,165.037177762188,144.097324182023,134.526584034567,5.53985247353759,60.0455121688494
103.791177533396,123.798693953034,164.918550260292,143.942987368164,134.424242635811,5.55957434599602,59.5271839724214
103.705418612808,124.001290955795,164.793900131811,143.76918790232,134.333854829637,5.57743032348722,58.7057532054409
103.70976032252,124.287826931051,164.743738323214,143.682692529082,134.342652984435,5.58224031959944,57.8678028522424
103.724776419437,124.353729554467,164.742964530159,143.677115300997,134.357794940379,5.58258926267801,57.7048771939579
103.732585891591,124.378788257928,164.744045270565,143.676890435202,134.365351056329,5.58272810872486,57.6469663173162
103.776306953409,124.564079412986,164.729387203473,143.6519800416,134.405590170501,5.58355376043798,57.1625647914713
103.713087633146,124.600937084712,164.610326878528,143.527812280796,134.333429631624,5.58268720286317,56.7780591825815
103.664905439678,124.659215856874,164.485675697143,143.398846923166,134.26567323525,5.58612331933804,56.3409610926968
103.661678482419,124.829857719323,164.308935246507,143.21661282596,134.196077060167,5.60748638828808,55.5538491354417
103.881402428828,125.268935912415,164.243277606126,143.13972831518,134.253583870456,5.67055171571653,54.4908004571504
103.881877444183,125.269772438428,164.243275722735,143.139703762602,134.253760569772,5.67066887872688,54.4890612919514
103.847654308004,125.432393122301,164.011621057311,142.892745427104,134.083935544635,5.711149833388,53.6124981189508
103.862828999165,125.60091937226,163.897280571786,142.768600144331,134.00513451007,5.73847974821899,52.9707762705138
103.882415268565,125.688098413288,163.864373203028,142.73236396181,133.986963151857,5.74990007475269,52.6952558323963
104.039806285407,126.084561047238,163.861105017204,142.729736068249,134.048588422907,5.79090527776133,51.7532882827892
104.044009817958,126.094206583838,163.86179267019,142.730555284752,134.050944289482,5.79188026827595,51.7319974273663
103.990428619082,126.166083460199,163.735689205494,142.608047686141,133.967399149718,5.80860065044549,51.2381043405862
103.959036480947,126.18296375207,163.676958712038,142.55077021841,133.925463946856,5.81471344224103,51.0478691226499
103.899225648537,126.249361860614,163.542219186711,142.421167407659,133.840201050273,5.83600914137055,50.5518721530969
103.89211622086,126.46934377206,163.38726796172,142.269694449283,133.774467010092,5.88918732143865,49.6875973377037
103.940475347909,126.635018177041,163.355370086806,142.233288824077,133.782090853575,5.92129155367516,49.2661916606932
103.945819056143,126.768238320642,163.277315522353,142.14455088174,133.739015199069,5.95207877931953,48.8225094468275
103.824063884677,127.141293585813,162.86669183351,141.664885626819,133.424521904528,6.04181132922714,47.1817354195039
103.829940779945,127.167319727715,162.861079932693,141.656454222338,133.423111069514,6.04545976027264,47.1151139586474
103.830228043312,127.168591888747,162.860805622288,141.656042094246,133.423042107725,6.04563809603301,47.1118574934077
103.892721239646,127.385147510517,162.83465182668,141.610527750943,133.43304101759,6.07403108335102,46.592768980077
103.910868205737,127.555711712828,162.765660080834,141.52726044302,133.407714770704,6.09911401788135,46.0506868336781
103.819629220039,127.648011482059,162.569625375267,141.320905566029,133.272916465108,6.12344467550163,45.3512997852012
103.784233914412,127.747818597014,162.451091304431,141.199819466992,133.20424492244,6.1438192555023,44.8090781593932
103.784006727256,127.756162849397,162.445255320529,141.194055311113,133.201682454594,6.1452550136538,44.7734733165197
103.783477798832,127.775589617826,162.431668206595,141.180635424427,133.195716615215,6.14859769072645,44.6905794866476
103.783598612074,127.864901814935,162.373105316881,141.122992106619,133.171078296432,6.1636786016208,44.3192867770375
103.809945208585,127.964002397311,162.348197316871,141.100652723502,133.172379930431,6.17746873848721,44.0079571869211
103.849232708247,128.090383707064,162.325562187786,141.081338991339,133.179915783978,6.19426333449462,43.6349168127428
103.89484123244,128.201537328285,162.323397634982,141.082184424152,133.197963355158,6.20749562745201,43.3534541206691
103.900725624227,128.215878319741,162.323118365328,141.082293501522,133.200291844876,6.20920285208547,43.3171399275921
103.904501745065,128.309622018238,162.26491632641,141.027327968237,133.167075822806,6.22359838443326,42.9327126597378
103.889348423958,128.321521317952,162.232122168412,140.995259178255,133.14103131164,6.22688390198741,42.8176469542405
103.849883260573,128.352511739397,162.146713379516,140.91173953083,133.073201237876,6.23544067222704,42.517970940287
103.826635517775,128.395144439625,162.081383757421,140.848297381147,133.023558332741,6.24374352905242,42.2413373207173
103.796363417617,128.486450198329,161.974292752384,140.74499666635,132.945951284723,6.25943270281588,41.7334783242029
103.796973720433,128.533813792078,161.946204914345,140.718858310884,132.930942969216,6.26590908384444,41.5400887245326
103.881810597084,128.915369522906,161.849808802054,140.643933888669,132.953850103429,6.3111916724204,40.2985662939844
103.921916116004,129.026101244112,161.845870358222,140.648263232696,132.990718837229,6.32311641811117,39.994841301547
103.89306587459,129.049161931338,161.784355806771,140.594281537638,132.966950381251,6.3287461068552,39.7589496473958
103.764923417685,129.117021649038,161.519856116352,140.366649474501,132.875535324405,6.34891933152366,38.8193942257986
103.746782963631,129.13247917292,161.475763741528,140.330377489949,132.866230979094,6.35257283166881,38.6501849193267
103.785920004473,129.595640323446,160.924364243565,139.950819246136,133.013819302519,6.39423151746598,36.0002536524868
103.780349949849,129.748513748533,160.676802028462,139.754495020008,133.016665158399,6.40252415368128,35.0851189289519
103.781214353499,129.754146713718,160.670665683852,139.749755385122,133.017799917423,6.40285589567673,35.0589033081538
103.825321819418,129.879252552716,160.615743249251,139.712131744106,133.074084307561,6.4128172367689,34.676819080937
103.841030691938,129.923249338758,160.597072813039,139.699436196266,133.094124411551,6.41634095006556,34.5440344885486
103.913228627258,130.167795299087,160.515475257757,139.641988600564,133.222898318216,6.44498327532846,33.8712891445833
103.886916234926,130.182992315291,160.462494981898,139.593409961626,133.21591685689,6.45066798711931,33.7252972754687
103.792095742742,130.28386334882,160.256922438192,139.407516407474,133.227543374892,6.48269067221741,33.0807396992981
103.766273096334,130.39132058396,160.16950270093,139.332261549383,133.287840931618,6.51048835534979,32.687279138188
103.762937818486,130.450320019743,160.139659811568,139.307853918296,133.326947065621,6.52471231137608,32.5118372502534
103.761967191431,130.467489938184,160.130974983153,139.300750849774,133.338327668206,6.52885174358664,32.4607804415389
103.789284919138,130.610790478519,160.113316052068,139.291554336761,133.445118962282,6.55912035032973,32.1593109134605
103.852706910484,130.818012783066,160.12319875593,139.309584171167,133.602088244521,6.59943978624536,31.8054026367905
103.85504737985,131.024627209495,160.059588940964,139.252387306467,133.719627789929,6.65121709944694,31.321749309085
103.835391410206,131.044168078908,160.028658895324,139.222320917973,133.720413864529,6.65975630361328,31.2285928886692
103.824592372035,131.055012872937,160.011643190435,139.205772930135,133.720862733418,6.6644701492411,31.1771940509627
103.784278593244,131.14028616736,159.938809603725,139.131899927693,133.729523294976,6.69126646957569,30.8955403307155
103.77165978106,131.197843068256,159.909670243333,139.100391116213,133.736387549602,6.70560980750023,30.7430506007974
103.683874896719,131.502367770902,159.778342038963,138.942661073983,133.676052576808,6.7606316183906,29.9352137092135
103.529829024312,131.46204671455,159.639843776023,138.810228516151,133.557792472392,6.76260658771027,29.7154759244895
103.468049661703,131.45615343077,159.588357241184,138.765717674591,133.522720409908,6.76417769091366,29.6193543799841
103.446494841821,131.698596462452,159.60489792461,138.863446879339,133.716559406623,6.79464876113978,29.3375428899314
103.456306092516,131.721395273635,159.614945722941,138.878967169619,133.738695238911,6.79726515182389,29.3299547094159
103.44294694161,131.789681878951,159.597591380975,138.899071073472,133.803595631729,6.8113399498885,29.2767527533684
103.438492337731,131.792564841523,159.59253998752,138.897518590414,133.806208166077,6.81250195554553,29.2717329797092
103.408750570533,131.874181001058,159.541528309529,138.903318555589,133.874926033026,6.83491178567942,29.2206969467298
103.418520540836,131.936344660098,159.53320728891,138.923143263605,133.922606181251,6.84848655260601,29.2116003155686
103.596000052755,132.374840076113,159.523555651983,138.972479193869,133.91654241461,6.94989356048888,29.2734823291804
103.458232190279,132.314966142705,159.396434662196,138.808684480445,133.642379110077,6.96790472060162,29.2494713293644
103.442956851635,132.309516715414,159.389053264842,138.794083734264,133.610253463922,6.96999335565062,29.2481267268437
103.36798029279,132.28386468654,159.355457341259,138.723691202025,133.451470783219,6.98050054808798,29.2421306100307
103.363132707487,132.283760132775,159.357021843852,138.72094541577,133.439645854423,6.98154222169819,29.242599122758
103.298012457692,132.298456411469,159.407589899423,138.696353131332,133.262197855583,6.99998054865642,29.2568407451466
102.940441431627,132.121660160968,159.311436705254,138.464365290527,132.756693963957,7.03172067861355,29.2532448958614
102.913060354499,132.136017143664,159.28880613393,138.402305152384,132.600476449944,7.05371669551332,29.2822348920205
102.825402312434,132.100823034591,159.092137897957,138.149671556991,132.207512580518,7.08879578949517,29.2605275910862
102.75966184069,132.061569091811,159.024183816567,138.068249037975,132.093033303547,7.09501826084045,29.2377218369326
102.646603277637,132.016467240859,158.950713482999,137.96344536803,131.921799362645,7.10850594604759,29.1994847248765
102.612958517264,132.011193536847,158.944808976813,137.945229672241,131.88043101896,7.1135324293618,29.188590266239
102.293066487498,132.103302988167,159.33021725712,138.187827317098,131.971291658782,7.16533014320643,29.1470609018381
102.23708044026,132.091380028859,159.355511361357,138.201384225081,131.980145088509,7.17000764749689,29.1422644169963
102.19716379903,132.083506664159,159.374847551408,138.212153682215,131.988038123279,7.17361433971791,29.1394587239458
101.986997563282,132.031494391048,159.419184478787,138.190304654942,131.958870189057,7.20578748363633,29.1298588233111
101.955334343821,132.003066307635,159.34627632303,138.08576875806,131.854946511874,7.22095935004404,29.1254357016543
101.953097504416,131.98190045023,159.275983911131,137.996803476722,131.764096192775,7.22782787128028,29.119444557637
101.954726487736,131.960379446944,159.201583424522,137.904308647892,131.669256477957,7.2340016995986,29.112859344797
101.893353666322,131.790649266917,158.797950325938,137.427847283779,131.180290370292,7.25159646305222,29.0602313791248
101.864932686464,131.735349252922,158.68723135703,137.301332028464,131.050380731101,7.2537991503711,29.0430060156093
101.724253981148,131.405276980141,157.992160600007,136.488872380988,130.202777041576,7.26664924475003,28.9367272615337
101.590191295264,130.894317572564,156.812744197216,135.021842778919,128.620330550328,7.28801283521788,28.7597198486589
101.589402717466,130.890622242201,156.80398235068,135.010698239489,128.608185488372,7.2881749127111,28.7584080577813
101.583357308838,130.843437157253,156.686094215086,134.850018235605,128.428479278123,7.2907371270591,28.7406574527106
101.577665632593,130.776485585114,156.514510546706,134.608845419841,128.15582636143,7.29472607714884,28.7147531849259
100.867907939854,129.291373455599,152.824444621601,126.977350577146,118.535685357062,7.48591669125046,28.1256967414479
100.809343097291,129.125759453398,152.396692310805,126.240595988076,117.628407560041,7.51080475613772,28.0739541668552
100.795636051561,128.855360922517,151.672340383716,125.048841202887,116.192555208265,7.55521982879263,27.9935293260563
100.795690171808,128.85500071729,151.671370159915,125.047257388474,116.190671012416,7.55528330728552,27.9934276897094
100.810119990258,128.758960948683,151.412684103986,124.624972650323,115.688297031964,7.57220826928484,27.9663288845659
100.811690976297,128.748505021172,151.384520743246,124.578998168347,115.633603169215,7.57405090362626,27.9633786156689
100.779136160078,128.611210321788,151.101642502103,124.144639075434,115.128604840656,7.58751728808543,27.9279680974215
100.720600302391,128.46390005874,150.836713412957,123.75375035536,114.681388754422,7.59720385033027,27.891451978409
100.516612875922,127.799588964675,149.622715815581,121.835604763954,112.460332890579,7.65411045928119,27.7380207668093
100.501646226423,127.469740887859,148.884044373421,120.450654610592,110.789447083132,7.71104926091067,27.667295748239
100.304627092195,127.022030419228,147.853748214622,118.574230978864,108.511729269703,7.77731002537232,27.5495279556837
100.233839309051,126.897478899197,147.530659460524,117.997468942133,107.812447994439,7.79721631758186,27.5100997868077
100.191929395829,126.812507848494,147.25837495553,117.500594950345,107.208874231213,7.81622564986138,27.477639776233
100.17089619744,126.769324829773,147.11874897936,117.245483947183,106.899026284824,7.82603219640576,27.4609994236202
100.160807801556,126.730545000872,146.952016539182,116.930451332661,106.517911818845,7.83966767565262,27.4412913301583
100.159774439438,126.726572753293,146.934938007621,116.898182300646,106.478873972168,7.84106436823642,27.4392726150489
100.15594802614,126.711864007254,146.871698297997,116.778694029239,106.334321609496,7.84623614972794,27.4317975603659
100.15203428556,126.696819574839,146.807015317212,116.656478769089,106.18647023964,7.85152596280318,27.4241519082699
100.151662230872,126.59900615568,146.313495788866,115.697321013958,105.033868607759,7.89592603215328,27.3650842126139
99.9296722454142,126.225898953879,145.41588738074,114.136660061731,103.238952469489,7.94744262994521,27.2258139303571
99.8551710743364,126.086594407992,145.093632798921,113.56563676097,102.588074327492,7.96659911675233,27.1748929049833
99.7802486608378,125.784893263501,144.313643400729,112.084430496196,100.894483001641,8.02323916451661,27.0601111086966
99.7793322547766,125.75121113767,144.217854395948,111.896345938173,100.678470603373,8.03085005061432,27.0468620922352
99.7902158044101,125.688463758858,144.020854220975,111.505102464549,100.226650454033,8.04700323868013,27.0213441267405
99.814594232202,125.567535725268,143.641330665592,110.764003607674,99.3690106818916,8.07627880825507,26.9737668119044
99.7831866036555,125.495378890493,143.492713286644,110.517994193722,99.0896069754466,8.08184515380874,26.9520204584643
99.7337390089039,125.381776492298,143.258732809054,110.130681481202,98.6497189008677,8.09060870622971,26.9177833981703
99.5994007137586,124.917397892025,142.147604634674,108.307284726904,96.55212256412,8.13157562285676,26.7721725497125
99.5928562298126,124.871565659055,142.022087507038,108.101731626963,96.3134296837135,8.13626348078486,26.7570400511716
99.6061110246155,124.68325675468,141.41096848257,107.088878098768,95.1261554214405,8.16067829488883,26.6881760398781
99.6508298343393,124.565941507871,140.947556531233,106.296537779099,94.1884391642978,8.18138492508665,26.6376488030125
99.3717395351513,123.91378809074,139.501141371399,103.945698518593,91.4582182367617,8.21532334422212,26.4179087016878
99.3332897391964,123.719875357766,139.011881829209,103.015612144902,90.3526727197736,8.23658015384437,26.3399492722131
99.3368117404817,123.63196138113,138.754606528193,102.48132793252,89.7096148430128,8.25150370819106,26.2991562631134
99.3486052652108,123.606299189217,138.658627904124,102.264657692337,89.4458569762027,8.2586326438124,26.284462431096
99.3465306349311,123.502218329083,138.354747137233,101.619349671561,88.667633927225,8.27710246953136,26.2357835858263
99.2701562690393,123.362140574289,138.071665663239,101.0950761694,88.0500839249597,8.28656201248088,26.1863640676566
99.1858958760952,123.190173331814,137.677523229301,100.357781967826,87.1799814822419,8.30150205223952,26.1228997738124
99.1114090671129,122.914698128119,136.737830867272,98.6171873991635,85.1359656194834,8.34403590610449,26.003589339922
99.1211527913238,122.864461865661,136.443690576901,98.0903943832281,84.5255076813267,8.35849362606682,25.974692127189
99.1229450406901,122.771353576661,135.91446683872,97.2006912248854,83.5147427563736,8.3809786184549,25.9236112582183
99.0917935023198,122.723932326154,135.779090193067,96.9995206030469,83.2933931850391,8.38366704188898,25.906576720246
98.9458864602803,122.493807120237,135.097586389339,95.9842529880701,82.1780518215075,8.39821915347844,25.8209545506473
98.7996053608192,122.107102937482,133.609090523924,93.5772658412131,79.4774723763865,8.45472183763622,25.6227138592945
98.7840475265009,121.999790455588,133.168182860152,92.7126910558411,78.4267476781974,8.48511911904608,25.5420807511219
98.7749197317456,121.986391066157,133.138684785359,92.6578400315434,78.3591846217631,8.48658754400109,25.5355555485796
98.6078148050251,121.726004710757,132.50294750725,91.2506204448285,76.4861845420939,8.53885494702114,25.3712765406233
98.5969163174602,121.703166000871,132.416337921838,90.988976475595,76.0998045295056,8.55255903374467,25.3424222312915
98.5964427803536,121.702173663491,132.412574752662,90.9776080974235,76.0830163951799,8.55315447357393,25.3411685173178
98.6722508958284,121.776119250695,132.217987511615,90.026043227752,74.5063869193558,8.62079300663586,25.2531428259618
98.5528274667237,121.688220149345,131.979313831749,89.4140734189324,73.5592731582607,8.6475999131252,25.174634476509
98.4956212735317,121.649447247494,131.859063592722,89.1180922942233,73.1070284928341,8.66019400991607,25.1348241197974
98.4864993078658,121.643395957395,131.83942550176,89.0696476269364,73.0330242592268,8.6622703775427,25.128294732664
98.4371645793533,121.611548348668,131.72451865792,88.7830240363576,72.5972365532119,8.67478465633722,25.0891736791182
98.4152781001066,121.599923411124,131.648793359945,88.5858153995811,72.3027539303041,8.68399174703516,25.0609826533912
98.4065119301686,121.59526728636,131.618463181063,88.5068276188734,72.1848050959087,8.68767945398802,25.0496913296721
98.4282742491678,121.615308989423,131.401370230556,87.8578266238024,71.2835409870282,8.72199590738157,24.9378593628656
98.3232849442272,121.455074775638,131.115649310626,87.3078263914439,70.7292783851868,8.73360213701501,24.7792975275546
98.2921460049153,121.395938666769,131.039758450411,87.1831812964679,70.6446077936709,8.73461485714991,24.7276991822559
98.258926216695,121.246193950137,130.851368898533,86.8943224281557,70.5531092567695,8.737984587231,24.5656834196745
98.3163683363491,121.185993709574,130.748201222808,86.7902063145177,70.6708593138759,8.74202619917279,24.449484643172
98.2367804149041,120.87572029382,130.209385891913,86.4481924501392,70.8369972432113,8.74102336927419,24.1788787875279
98.2155409183895,120.81790997186,130.090852327115,86.3830405912309,70.8586600019224,8.74096231278054,24.1334355442795
98.2800056472635,120.750869472426,129.676158450452,86.2230846002437,71.0122034239229,8.75106276290063,24.0054794871052
98.4086818959929,120.810993494357,129.489352522484,86.1837186839557,71.1377324751244,8.76276097893508,23.9596231330052
98.4266951967839,120.777020507384,129.198390246426,86.0336816940051,71.1520434307339,8.76984946985316,23.8861730892988
98.4286356053687,120.764686577852,129.105473067119,85.9799720754835,71.1507700702001,8.77205717369213,23.8605368165833
98.4419393988126,120.762495654862,129.01256547818,85.9259172644462,71.1566802864077,8.77522553082833,23.8324489859108
98.4439782316845,120.762159891546,128.998327204926,85.9176332568741,71.157586038826,8.77571108787688,23.8281444698555
98.4476824725618,120.761549862043,128.972458486338,85.9025825090177,71.1592316494981,8.7765932691936,23.8203238365173
98.5990242284117,120.857167460325,128.718275503599,85.7515055156323,71.2638115265721,8.79403213577472,23.7146803760926
98.6504245154247,120.897283970415,128.679164284778,85.7279177282913,71.3028340202119,8.79876094668244,23.6915625047712
98.6928041724235,120.932464773647,128.653984120999,85.7136206241669,71.3367373590441,8.80240365966213,23.6750458923424
98.7053742858512,120.943489594624,128.648496442249,85.710823865487,71.3472780362134,8.80341230023512,23.6708600728686
98.7237051314979,120.959566958825,128.640493826147,85.7067453858482,71.3626493793052,8.80488318868514,23.6647559425344
98.8108489572084,121.037461969668,128.503094320062,85.6145773121414,71.4453122659817,8.81405935746454,23.5954499500632
98.804804440439,121.032705283044,128.468765768569,85.5888430859713,71.443811194818,8.81438681155957,23.5824729962312
98.7772025529202,121.024064526624,128.211213648463,85.4203443991157,71.461778012856,8.81786988170792,23.4946448227056
98.8660745345906,121.184279088232,127.81797934337,85.3257675448341,71.6796826112181,8.83010743960238,23.4315555350895
98.9930512566447,121.356349969301,127.655574091305,85.3905628535209,71.8921784661414,8.83929854740893,23.4558164746434
99.0618120548308,121.44431766946,127.592238641016,85.4371376931377,72.0005831667149,8.84365237641914,23.4762829976633
99.156247771204,121.620586764051,127.009489130102,85.4869818566695,72.3733091067154,8.84897095639545,23.5543447017652
99.6279912926206,121.974654656773,126.110626598497,85.580459231733,73.2809848138883,8.81987534562413,23.7149254976168
99.6253137492315,121.958460711866,126.018233020105,85.5383209368907,73.3116009571994,8.80990798792981,23.706890240413
99.8208789356345,122.164474757732,125.745301860724,85.4653382933734,73.6649531088043,8.68960216339231,23.6901305040412
99.8602122299868,122.216756856378,125.758227025433,85.4892593700722,73.713436477222,8.67557615851975,23.6995522052763
99.9620536225849,122.356947658797,125.824421698666,85.5742076803312,73.828919789163,8.64505477152965,23.7362301781963
100.191965686246,122.82950363903,125.996962785626,85.84167662472,74.1458139642843,8.44221473884043,23.9836812509266
100.231843040837,122.887757107511,126.030601158245,85.879794697445,74.1846378024747,8.41678576340006,24.0319312322832
100.347362967677,123.013878563975,126.11899279212,85.9635177179512,74.2850620892391,8.35684437526584,24.1671652792259
100.360087043815,123.026818845833,126.128526696587,85.9721435520291,74.295854631455,8.35054835586921,24.1819594520569
100.381829285207,123.048917316225,126.144815416518,85.9868752289629,74.3142978458122,8.3397919995238,24.207239496264
100.465419314682,123.075589261676,126.189048550617,85.9970828321898,74.4097282602258,8.2493216116258,24.3997836303639
100.352461620439,122.934854901304,126.106325319081,85.9079797428429,74.4078429311616,8.1730376042032,24.4843803358218
100.293820810592,123.066165773164,126.303710081206,86.2734590087114,74.8448314586537,8.06581508922829,24.6031482725123
100.359362088162,123.42022782233,126.645945930308,86.8666662070202,75.4228471414074,8.00928491692542,24.7009019431503
100.368744059474,123.466141053554,126.689445790736,86.9421048593193,75.4955356356898,8.00284719101042,24.7129519881696
100.3471519181,123.622827170303,126.830283278936,87.2480993333957,75.7846186206044,7.97480227736113,24.7504099217186
100.284913597974,124.294991296823,127.419590185008,88.565156439602,77.0428298993268,7.86945356519742,24.9317165169966
100.307630522032,124.597618668168,127.689241179081,89.1605329636565,77.64549552978,7.83045207879762,25.0458481840566
100.314129194417,124.674314794777,127.757718866619,89.31172554951,77.799220504863,7.82065415688748,25.0754126506241
100.315863830325,124.694786646162,127.775997039253,89.35208211359,77.8402530182804,7.81803888007886,25.0833040447873
100.41759797615,125.361806789354,128.410302753765,90.7823518211588,79.4001125344847,7.72680388986828,25.4341930238474
100.442946905624,125.712846417187,128.892332227997,92.0842280678183,81.1048349371223,7.62328668310548,25.9080706898946
100.282078323714,125.587081192841,129.058850427229,92.8777119820766,82.4425195512664,7.52446884822781,26.3364102150971
100.235784091745,125.496386721422,129.107134841087,93.1053648895768,82.8861207252857,7.49194791185246,26.4935931455481
100.153315358589,125.212131980563,129.256923202592,93.6510562182683,84.0229928244379,7.41069492742151,26.9240545765141
100.135426201886,125.032924333523,129.400911341244,94.0186489927653,84.7748995068367,7.3594794811365,27.2227257925648
100.135637911636,124.815906067842,129.711116721404,94.6402321534226,85.9104680690241,7.28317482122204,27.6882545707915
100.125702700678,124.793380127828,129.733080501344,94.6884589545094,85.994436293654,7.27645244709916,27.7233595364554
100.081773763572,124.693780772936,129.830194242732,94.9016957061721,86.3657051951663,7.24672919801114,27.8785775620494
100.078095605516,124.685441345815,129.838325550105,94.9195499618748,86.3967914401516,7.24424047838193,27.8915739254671
100.547661455076,125.780589526619,132.939578529287,99.9714016939628,92.105039074476,6.92574309815472,30.3132064897508
100.617699325651,126.014951586105,133.619263516692,101.080928639966,93.3811544060885,6.85206312349574,30.8571275689281
100.829002580217,126.278189719066,134.72827516552,102.753045234761,95.5262316847461,6.72510912085414,31.7250403139002
100.83616348906,126.272553402754,134.986760020536,103.16123260794,96.0840090846237,6.68470955398185,31.9418439964033
100.823701286018,126.208811602863,135.801219408141,104.508275236506,97.8654090542224,6.55089820611592,32.6252289167431
101.034660763858,126.456980784693,136.796180251842,106.216310033208,99.8193339976879,6.44363368195469,33.4134612439205
101.060792601771,126.496413763764,136.876017683864,106.364644699326,99.9776781065058,6.43808547540011,33.4821924706976
101.10497166722,126.563864188781,137.008160691715,106.611629034489,100.240384153328,6.42923942040321,33.5967940246309
101.237159656598,126.955349873948,137.809220615417,108.380665770564,102.142694276902,6.36848206815021,34.4583667483164
101.241869444569,127.006015471169,137.88655300736,108.585067293004,102.374947500116,6.36464293870785,34.5676795987127
101.250130615305,127.094885108541,138.022197349993,108.943596357579,102.782329646145,6.35790894049045,34.7594190414067
101.252449454396,127.119830046216,138.060271542405,109.044232361448,102.896678286953,6.35601876550152,34.8132386426703
101.328639450217,127.649102105581,138.724065144551,110.721894081353,105.0346066672,6.343981850712,35.8082347278936
101.333138209082,127.675495780556,138.755129275799,110.794414408687,105.136137168544,6.34389510747171,35.8548695498141
101.344762568869,127.743694495619,138.835396000221,110.981799952567,105.398482209088,6.34367097129008,35.975369439853
101.392574008806,128.002684446184,139.155212451628,111.637638321354,106.386052307487,6.34270022033175,36.4250801633346
101.407016074054,128.078256850039,139.250541275324,111.821544338967,106.673056675078,6.34240095265703,36.5552472029093
101.257731554734,128.471539369809,140.013822640952,113.08129734806,108.942616207829,6.31618932509795,37.6112020758528
101.254357420415,128.479396109865,140.032982581646,113.105390174647,108.988624673438,6.31539489329817,37.6333279578119
101.214392843624,128.57245443585,140.259920471171,113.390755108995,109.533567074455,6.30598532993424,37.8953956247084
101.207207735052,128.615772417318,140.368340626957,113.502365054875,109.738573116109,6.30166324121204,38.0007442736776
101.190414224028,128.811500652349,140.862045587651,113.977531611475,110.598085274605,6.28221388930915,38.4539106295509
101.227351570858,129.054015929245,141.449093764814,114.471043584243,111.400835819266,6.26071339164804,38.9337461073488
101.373413249255,129.721178126866,143.034609285448,115.718851711962,113.094561239399,6.1997399085697,40.2953943596162
101.799199139699,130.930674463563,143.701157808273,117.530465119569,115.815934072577,6.191252429215,43.1178147587905
101.389682921525,131.548302049339,143.003928605638,119.356617167577,120.326825763771,6.06165729580426,45.5758956038887
101.209833271736,132.597883743888,145.463985973809,122.567558401493,124.391365063582,5.67228865243083,48.0828773577365
101.519075608639,133.021165416341,145.964675228826,123.259100931985,125.153587170823,5.62417327780809,48.8202058228416
101.661308754547,133.250389269465,145.921853552384,123.597550699119,125.797519455083,5.61486700700717,49.4411550688942
101.661792087409,133.25117757131,145.921466218487,123.598577284145,125.799777337888,5.61487214467602,49.4431796990205
101.676566116093,133.287533565057,145.901577924393,123.644416248211,125.909561303186,5.61644793864298,49.5238505507056
101.735798386356,133.479477606505,145.803954884019,123.889839942372,126.500282920072,5.62626736902105,49.923619123358
101.736165319855,133.510031385153,145.800551408177,123.935502334272,126.597608268231,5.62728386435213,49.9784816734146
101.410629705645,134.042416232287,146.017688846382,125.051118941105,128.615521138829,5.60869673631596,51.0127902194101
100.747383488338,134.236858138216,146.490789119878,125.991255532212,129.874511828128,5.53616889803246,51.630371947777
100.472011291987,134.33650419997,146.767719958242,126.422745150187,130.351455056351,5.49828791230956,51.8885771176388
100.269741339123,134.432694963466,146.989899508256,126.758499432975,130.680325949107,5.46600946278131,52.1092377691552
100.07068715579,134.543904970931,147.206610219696,127.09262285797,130.988900862701,5.43195922302726,52.3510815397522
99.7583631121231,134.693769933281,147.279865165433,127.359223219753,131.149192168936,5.37864725266318,52.7620917792022
99.4176038347399,134.866681886454,146.09003267453,126.392738297139,129.983842027616,5.33400517690783,53.3305174777513
99.4742422904398,135.053736883425,145.498699594452,125.787520474714,129.331404000052,5.33682711241043,53.5065708013424
99.657681063396,135.500656488556,144.472452123318,124.616319640284,128.082947726896,5.34356457172096,53.8188614480946
99.6352675829689,135.620672931929,143.9812536021,123.993567513279,127.422065158827,5.33567157632745,53.9167903694399
99.6329449284778,135.633109944204,143.930351893416,123.929033224226,127.353579504859,5.33485364440216,53.9269385055004
99.6144669844273,135.788079224752,143.412809186146,123.205130133106,126.581121812479,5.31891106687547,54.0500681433336
99.6427405512899,136.062758759058,142.637049913637,121.809328040057,125.113376947207,5.247645358413,54.3765440883445
99.7059260665767,136.040987919202,142.489194736404,121.443393419958,124.778479533879,5.20755365343004,54.5248595414126
99.7321636551375,136.019284888359,142.447548335618,121.335335671991,124.687500743173,5.19341972084773,54.5761817465516
99.6256430972308,135.106909809597,141.691263514488,120.490231744472,124.107718743695,5.08427776187977,54.7626261501315
99.6330542330508,135.02284175834,141.606581239942,120.423277102355,124.068983222954,5.07644236748041,54.7816953784842
99.6566202291702,134.755521415305,141.337307784185,120.21037413112,123.945811666849,5.05152731012697,54.8423318817512
99.6663314689011,134.692158163565,141.263812159537,120.154217475924,123.911443222092,5.04549228013011,54.8601821518274
99.7319037654009,134.44766740184,140.914359426851,119.89876123461,123.743593810199,5.02132443163675,54.9527464809206
99.8328092257966,134.240489804301,140.467901369527,119.560725144852,123.48116780956,4.99465533076665,55.0948841290992
99.7482984712086,133.938443513989,139.649803546987,118.810784965638,122.744480325389,4.94863393808366,55.2718866739713
99.5411559499189,133.936572672565,138.966067521489,117.835087291297,121.615585736668,4.90165502690024,55.5409020202897
99.4508860305778,134.045888631468,138.92943934788,117.48472944439,121.172904856742,4.89184346029196,55.689730904934
99.3503506134607,134.113129511786,139.053278265211,117.230265153777,120.847020048001,4.89168420131886,55.8276676731363
98.8184526108472,133.556250520688,139.629997638665,116.768910245639,120.267519324356,4.92164005656951,56.039879035533
98.7898384830118,133.411618282121,139.881431567986,116.83332499227,120.283830695141,4.94253458594793,56.1257361767274
98.7860263116957,133.387700030542,139.92416286521,116.845604817799,120.287714590002,4.94613949995599,56.1405086176613
98.801182913718,133.283011956754,140.181469693519,116.969872912711,120.339054622884,4.97122199726127,56.247580308615
98.6887673356251,132.957822165972,140.525806592954,117.159568777933,120.277789233923,5.02779996923675,56.4599204235106
98.6252806453054,132.846307738359,140.659384690908,117.282321515718,120.213783020425,5.06914970017231,56.598282529034
98.6144369793767,132.839308156025,140.70671194358,117.338487663323,120.201350333359,5.08825927569016,56.6553213197562
98.5978266529695,132.860803644831,140.832252647288,117.501696422901,120.193605330955,5.14769144334839,56.8136869436243
98.3161614575785,132.915824818091,140.841888375595,117.785082069563,120.268230682804,5.41135909456033,57.1316539244792
97.5428225515402,133.047878462495,139.803755036053,117.737104639103,120.451712675606,5.90744248982567,57.4236715071871
97.2315803241247,133.168654437956,139.448486088092,117.495475187132,120.409158301502,6.09005313589418,58.0823113291689
97.2258447830609,133.172611102918,139.45321906437,117.48905922005,120.418407324598,6.09811600907941,58.1197409344242
96.9715915711068,132.957626490165,139.471067323678,117.261106599782,120.430881033207,6.19758194331374,58.5265561231879
96.7491426043101,132.679676531019,139.826247654601,117.172442196149,120.67242474702,6.35956960015398,59.0170939863713
96.7485436750976,132.678859296091,139.828041251963,117.17251266414,120.673686937707,6.36025005716524,59.018955704537
96.7492789402258,132.694558982982,140.082645613322,117.288316764246,120.855451155464,6.44409330046146,59.1960770194946
96.8019747401024,132.826560700302,140.393584189339,117.513804216456,121.072292464968,6.54720655826126,59.3718938154439
96.8057115120399,132.944649180921,140.569475123606,117.69020846019,121.165667123757,6.62649363296952,59.4584393366533
96.7960155891784,132.968408516239,140.594436219635,117.725285904881,121.170618377391,6.64383142849816,59.468975636311
96.7697211567876,133.301164736331,140.782609876916,118.101652778548,121.191880884307,6.78753337332027,59.5356480999936
96.811784378883,133.66844464101,140.884355408391,118.437088659,121.184829178065,6.88234094189365,59.5644343349312
96.8192384330146,133.721530281369,140.896989879286,118.483918346525,121.183233651943,6.89482139995314,59.5678819803205
96.8291137237939,133.791859276234,140.913728297297,118.545959320905,121.181119864718,6.91135577845641,59.5724494948732
97.0131059517797,135.212862435743,141.019289079318,119.607990522689,121.010363018865,7.19203204544532,59.6075520246739
96.9590780711322,135.385837414806,140.951612640134,119.700911932966,120.904093476909,7.23786405514478,59.5789966509337
96.8874475199934,135.565275410864,140.873943006355,119.769756813023,120.80197494925,7.29078157451964,59.5414354127675
96.8527732706229,135.649352673515,140.837809850625,119.797683649485,120.757089187271,7.31628756711566,59.5225118301836
96.7174483547119,135.940534949582,140.726120133174,119.790075219107,120.682747680809,7.41926310522253,59.423988437745
96.2482256210225,136.377435499447,140.306684998863,119.194831606476,120.683126778465,7.65572192557473,58.8769627221654
96.2318511825918,136.444502495445,140.281136110113,119.172488081379,120.705695610375,7.67735058173529,58.8274836365629
96.2299569553863,136.452260937296,140.278180564471,119.169903338501,120.708306417187,7.67985262716976,58.821759798738
96.2541556461529,136.821621770365,140.241192739211,119.214962375856,120.86466473688,7.77352967970838,58.6652118170427
96.3588573873953,137.201497116381,140.277050560384,119.387330257865,121.053023042303,7.85532182946821,58.5916018443858
96.3575005487894,137.346323594928,140.244068939941,119.448677831251,121.106598330141,7.89915718186604,58.5349458167442
96.3814811578089,137.984807546218,140.113451534036,119.779379578128,121.465878878038,8.11482976650393,58.2995153910042
96.387199927587,138.006792709531,140.113417208888,119.788458805797,121.486858592424,8.12234117856069,58.2901159391546
96.4227185093866,138.143339878203,140.113204019578,119.844848781816,121.61716104041,8.16899364297532,58.2317370897959
96.2082526790753,138.148524786396,139.907076433025,119.504134061331,121.770837897061,8.27711142652202,57.5697778308571
96.1553915959797,138.11070617897,139.878207274164,119.434498887455,121.750987622818,8.28149266653392,57.4414495986717
96.1348918548336,138.097227762793,139.872737908894,119.411157813891,121.73994572978,8.28228956757501,57.3791913852714
96.0647588671152,138.051115883162,139.854026310316,119.331304160426,121.70216959674,8.2850158971676,57.1661957925639
96.0181100889251,138.03115129556,139.854751218492,119.29920884944,121.667897362346,8.28628467545818,56.9938888417198
95.7511087091129,138.012705252368,139.838876983427,119.354945077019,121.383891789672,8.29469218685266,56.0962714125206
95.6270861163545,137.965526118689,139.761974898873,119.354098656028,121.256565055277,8.29601712798116,55.893156021185
94.9169201531629,137.96136338445,138.899069193814,119.424008617385,120.591756867916,8.35691673033947,54.944376437961
94.7079080216863,138.024869992166,138.496646486728,119.388712337825,120.416990577694,8.39025054290557,54.7330569600647
93.9711075395324,138.095820915393,136.938965422055,118.758398223579,119.752300391285,8.49128280447438,54.2070815231827
93.0617254681355,138.126796978379,134.992897496843,117.253494752388,118.402037053317,8.59025066671056,53.450922198004
92.9047208267364,138.234751213639,134.617335940172,116.754954429523,117.8193672151,8.61701832668856,53.1547608002092
92.8916437066748,138.260831311204,134.581819191504,116.679134297125,117.7104232328,8.62131050501587,53.1010042449321
92.7191991658716,138.384732317356,134.303306634561,115.979219327083,116.607692418944,8.65303989514517,52.5721872132411
92.6139467520103,138.426292393573,134.19778471565,115.549268374891,115.800574661877,8.67497343885874,52.2001578090442
92.5963747219594,138.441617623194,134.183038816195,115.451881753574,115.599572356175,8.68143266575856,52.1089551336216
92.5397195950826,138.541445132176,134.110805344071,115.004016487476,114.630496096608,8.72374019262888,51.6780017400919
92.3852563745543,138.939452038937,133.418107471387,113.673845744822,112.057407709258,8.94834936595085,50.5903790165913
92.2267018909245,138.913851142782,133.075295553642,113.326458714922,111.617376256958,8.99737219780625,50.4063758707683
90.8286816556775,138.773569579637,130.283490539195,110.7865655427,109.080855241624,9.35194131389002,49.2860865720452
90.0849971649742,138.794014612226,129.189516835176,109.724054480094,108.188238528331,9.47957965871454,48.7987452845331
89.6652415810692,138.690382456426,128.768686686879,109.223889703808,107.698225824934,9.50991878772277,48.5158786505474
89.5676292580928,138.668899933554,128.683814535181,109.094982927074,107.553829565464,9.51598257106865,48.4308771478454
89.3764097565746,138.628480446967,128.525813800284,108.834448225537,107.251599355252,9.52723081154329,48.2521373434386
89.0653728043833,138.587219442342,128.190716067314,108.08855158366,106.290295973785,9.56220226742832,47.7066157099505
89.17768739902,138.622765902173,127.508910452209,106.850018111265,104.812368175859,9.66043500183372,46.9882331630487
89.4022882505561,138.42674243026,124.807967207888,103.647373587699,101.876008314486,9.97308386556194,45.7624135722618
89.4406586500722,138.456478610232,124.428328608249,103.210252909943,101.505491798366,10.0279744312457,45.5987870004098
89.4343190958988,138.514488950826,123.843686825022,102.492642382756,100.868666029721,10.125874267404,45.2702079131691
89.402481428101,138.49977455273,123.77260207572,102.398539296845,100.7757644492,10.1369011784704,45.2138609631242
89.3355688887343,138.468849619781,123.623204792092,102.200764871893,100.580515202197,10.1600761995025,45.0954377941594
89.3046088551047,138.454540837405,123.55407955833,102.109255822833,100.490174537942,10.1707991437714,45.0406440988612
89.0349210347698,138.363630064055,123.533945839609,101.874007002625,100.11959705228,10.2292706639215,44.6473295491184
88.9217033433394,138.32742961837,123.687100935412,101.928569880194,100.074002357116,10.2475439491951,44.4922579390832
88.7191500974761,138.234441055126,124.359246202131,102.415810236479,100.271555142054,10.2832960424166,44.1900893093103
88.0995749369156,137.680007586414,125.124090918246,103.14703575278,100.562787124475,10.3816011039729,43.6128690292393
88.0179283161114,137.648639639487,125.127055922172,103.171348181309,100.542443720058,10.4068204111311,43.5385388252235
87.9733204728975,137.687911259062,125.088336551671,103.139216786709,100.477062610652,10.4277267857401,43.4926232846643
87.8718969876229,137.831566987281,124.980178737672,103.029698828386,100.277428615807,10.4784524228276,43.3839746374716
87.0206814158749,139.18299006897,124.294101156149,101.627830549483,97.9805377553141,10.6468584500472,42.6989580559496
86.8676887540533,139.757750163024,124.416995071751,101.310654576064,97.2535978974124,10.6966143585887,42.4416240042379
86.8018509217578,139.966470805749,124.491585549464,101.174672548517,96.9300572575193,10.7210262472724,42.2993824000439
86.5159500137349,139.992258903452,124.484816989626,100.713371621986,96.0663592266374,10.7790209492276,41.7953287242221
86.4994294614221,139.966640842752,124.455531321725,100.621500369685,95.9138835686784,10.793190022274,41.6855348204571
86.4822760336552,139.940041395869,124.425123767581,100.52610967933,95.7555668165821,10.8079018894333,41.5715348910473
86.4103888853363,139.896394062161,123.417902091295,99.3060651452627,94.1549130968657,10.8465247109344,40.7504428448035
86.2129596572519,140.230236991747,122.288332487454,97.9891127888382,92.5256907087655,10.8028019180701,40.229133917439
85.9516325713004,140.848120370154,120.867141494593,96.1596758106044,90.4117861581662,10.7393171016209,39.6876191454208
85.8591975547253,140.880503988824,120.592174494368,95.8013833864167,90.0286495123815,10.7269042111022,39.5885891482696
85.3757171048395,140.912728428967,118.708419838032,93.1113420950124,87.3322455322138,10.6527588657692,38.9447985504048
84.8616973498959,140.432934719796,116.984354530218,90.4276551842663,84.4403563427948,10.5231741567583,38.2730558874282
84.8544729875331,140.423704260754,116.910153971569,90.3017588265857,84.2945482859576,10.5164952013575,38.2405360302615
84.9168873619734,140.438359793333,116.299049913308,89.2091941307043,82.9862133324238,10.4633545593311,37.937293598548
85.0076923568782,140.267204949508,115.173863967528,87.3213643529199,80.7214596670179,10.3890476151321,37.2474593870161
85.012337718665,140.260531793839,115.136777778873,87.2600257035636,80.6481072716312,10.3870770882588,37.2221895649493
85.0886021650731,140.228038743535,114.829283312968,86.7463452197013,80.0353745727197,10.3765740951295,36.978441349348
85.3133019646937,140.224880781581,114.117543855387,85.5572748447999,78.6218103670094,10.3661541103851,36.3146911307605
85.3909559043147,140.245460393848,113.871176795253,85.1490964725549,78.1374827171373,10.36567422295,36.0566625119087
85.1151243668327,139.963906473898,112.611946467335,83.328757599878,76.034559349241,10.3252388682478,34.8574891819327
84.9748312667752,139.934786582488,112.052586235827,82.5053955361821,75.0898508873525,10.3031628474247,34.2918322400761
84.9009418482638,139.946440434895,111.73250543711,82.0242986488332,74.5485586640403,10.289877820403,33.9634168537283
84.7415741461313,139.933337685481,111.169921781442,81.1837039047868,73.6508157221888,10.2635122519774,33.4188522947701
84.3211584992509,139.6876680927,110.03299439451,79.5322421400809,72.0854707725213,10.2052461360408,32.4635259622398
84.3200169994951,139.686996612113,110.028660796162,79.5257505214384,72.0799296294305,10.2050643140027,32.4599743251742
84.1506450260253,139.590472527965,109.131665414671,78.1644904925015,70.9887466963571,10.1759810604913,31.7365291910285
83.9324397735925,139.389184831196,108.126441861164,76.7040591807874,69.8978330399282,10.1537013143194,31.0041459927918
83.8531159122422,139.309593968769,107.848840329965,76.3210436492417,69.6047016222434,10.1483207907858,30.8138261554545
83.6978461654972,139.157566340228,107.230769241943,75.4740654394818,68.9405097059953,10.1409214060003,30.3874588722386
83.5902972786302,139.064695782518,106.603218252053,74.6241320170235,68.2121100250935,10.1445703802178,29.9428623791639
83.4700411812343,138.977480826647,105.796172879448,73.5649039094783,67.1127252349616,10.1674783166402,29.3683876852406
83.2069216718955,138.740698547207,105.047550593612,72.6375258753101,65.9836832810512,10.189179890757,28.8924828744497
83.2040942419113,138.738257576171,105.039281399601,72.6272334153379,65.9707219171447,10.1894836265847,28.8872827118202
83.1001313871761,138.665479570541,104.703141871952,72.194928105867,65.4065213706136,10.2079409671765,28.6841787267219
82.9296627737095,138.580018646983,104.103993388405,71.395805571737,64.3775767726555,10.2470069879209,28.3351419269099
82.8601434582437,138.564406515898,103.841037504635,71.0295676596701,63.9302798018661,10.2653963802625,28.1872804823269
82.7956802523303,138.546006442199,103.612435155798,70.7124423369226,63.5451663639821,10.2806496679998,28.059452343879
82.7752596794141,138.532197182286,103.57099547366,70.6577022190939,63.4834846811032,10.281822989403,28.0378341318571
82.1069315498549,138.127040151955,102.125262024346,68.7233648854208,61.3576401596547,10.3228886372453,27.2670026930204
81.7866517951441,138.030819431482,101.14634122671,67.3752346404097,59.9197692181071,10.354466442211,26.6982134452506
81.6214551417272,138.027579198508,100.313265270769,66.244729247176,58.6547823300787,10.3805462820458,26.2021975168951
81.5225152116366,137.972888277942,99.9209981530689,65.7384659748183,58.0660062051555,10.3875992556721,25.990580902224
81.4644763983788,137.959038528403,99.3272513070903,64.9666968356107,57.1153354577417,10.4076741464825,25.7053178755059
81.4926713531683,137.998280271105,98.9064051461211,64.4077868504924,56.3994758818694,10.4307081679835,25.5373506346144
81.5792550964485,138.073366642247,98.4689080641907,63.808473718208,55.6258078396071,10.4631348309637,25.3928228789721
81.5843786790456,138.077207252624,98.4500371953242,63.7819400415686,55.5918848298693,10.4647626936322,25.3872242689723
81.6347652833376,138.04793293093,97.7414545370688,62.8151514434374,54.4043545446073,10.5098670625788,25.1671546932312
81.6288317432771,138.030189170256,97.6595878679115,62.7058968896707,54.2742918789372,10.5137520364225,25.1409135992312
81.627816680006,138.027153707519,97.6455827633461,62.6872064816513,54.2520417831228,10.5144166471301,25.1364244796766
81.6241581152306,137.995310297829,97.4983220232703,62.4852914854776,54.016033359453,10.5223883273501,25.08307558969
81.6265573137686,137.927637078233,97.1848693982808,62.0476779276678,53.5106945310484,10.5407846427455,24.9605932041654
81.8347801298462,137.799364506805,96.494804376165,60.9680734285973,52.300848550897,10.602321060664,24.4351208239283
81.8679952819518,137.800765424972,96.4885815438556,60.9426591685284,52.2721532172492,10.6059691635154,24.3860570959548
82.0555468203158,137.708676383862,96.454863985637,60.7885023920492,52.0984573614844,10.624580847939,23.942556483456
82.2171461666909,137.453654886958,96.7775403347608,61.1385060363887,52.4292296011378,10.6276438760331,23.2383386137111
82.2357624549749,137.106065535839,97.5611382916634,62.1725424656968,53.3769667694426,10.6732287096434,22.5537254141771
82.3075331925237,136.7815567083,97.889266444885,62.4841209101648,53.6121946366573,10.7832320152725,22.3368873260881
82.4913393467292,136.574869672991,98.0152389723191,62.5995451863333,53.7116633286146,10.8148038315376,22.1483824265911
82.6183100172339,136.509730467127,98.0961914967843,62.6928640084605,53.8014231097669,10.8267705545244,22.0560663770006
82.8891623282883,136.464740908071,98.2569972576115,62.9146097548636,54.0236460151487,10.8458380633682,21.9054944960784
83.1680807727714,136.004249327203,97.9307450213786,63.2291204841389,54.3356070834288,10.9053573166248,21.4446880981748
83.1026842816692,135.812103932264,97.4599315054665,63.0434127046144,53.9673727190359,10.9350087681952,21.3516411617013
83.1083260384908,135.788863608723,97.4306800960891,63.0267423383878,53.9321572041702,10.9355677832961,21.3411617520444
83.1121097805966,135.774067676259,97.4120573620247,63.0161394708209,53.9096654814732,10.935928255284,21.3344652769753
83.1146761173696,135.764032281533,97.3994264252676,63.0089480375319,53.8944103891778,10.936172746714,21.3299233685315
83.1217712551867,135.736287478366,97.3645057406593,62.9890659196341,53.8522347155154,10.9368486908882,21.3173663780774
83.4199310922767,135.656413130567,97.2074631021526,62.9143642121019,53.6408135409902,10.9496223320665,21.2705515893759
83.6905957593828,135.467155150324,96.7887637859576,62.6237375285519,53.343210904925,10.9582330390362,21.2926289261432
83.6916110237736,135.446130739688,96.7415962283965,62.5896301609786,53.3144184553744,10.9579628169597,21.2964308061452
83.6997793932976,135.307006459855,96.318483137583,62.2960005036067,53.0708887852994,10.9557869389433,21.3405928119793
83.7167546784612,135.295465618768,96.0131290677299,62.1116867384107,52.915394991133,10.9536323927921,21.3817493413185
83.7475626341788,135.369588371665,95.7211585352476,61.9766318466897,52.767916261894,10.9465086457914,21.4054582944147
83.6116313065848,135.288672130288,95.4423997292939,61.8363910108715,52.5483592560655,10.9215119200881,21.3461748953858
83.5645136296067,135.266719998326,95.3479144614777,61.8139310679618,52.4238565047747,10.9056684299425,21.2917679231999
85.7018608983277,133.806102383063,100.141218176342,68.3069726128924,58.3130498019749,10.2034395735652,20.1177092706001
85.781104931801,133.828313309972,100.411956714596,68.6707212684479,58.6606038940248,10.1859627386977,20.0642994078874
86.0342305350121,133.940325277608,101.668313980564,70.3303012302613,60.2552788744921,10.0904139761178,19.7987627275516
86.2684114081071,134.120412688684,102.893310147751,71.8779563659389,61.7895522229912,9.99492284601142,19.5610553707193
87.0305462907996,134.378639264902,105.140100621189,74.5891269435808,64.5819080054723,9.87675855966924,19.2415663754713
87.7538881898206,134.38531407513,106.798614560595,76.5414329166273,66.3974743273992,9.85603438301805,19.1232345805336
88.8327805818718,134.407965187904,109.513258533218,79.7489539348243,69.0122841205776,9.8460185265908,19.0892575866052
89.0209110606427,134.442766084765,109.888125958332,80.1996587960985,69.408748762659,9.84465364133677,19.094796619564
89.1317890315069,134.462926949944,110.085218297815,80.4394410963296,69.6322069153663,9.84384176939753,19.0976339674015
89.1613863651467,134.468270688381,110.135243323438,80.5006440181615,69.6907490674019,9.84362424307359,19.0983450245073
89.4993843440084,134.480244256193,110.729751857608,81.2429136090429,70.4180875114789,9.83730841456821,19.0978997346989
89.9723384217882,134.213539864607,111.588347981659,82.4026091907403,71.7105207384584,9.81067597607433,19.0462954069055
90.0006949723961,134.204139822697,111.630003606538,82.4577943428908,71.7756930972186,9.80997754755711,19.04417092435
90.1357333014904,134.159375352912,111.828374207349,82.7205946686531,72.0860540629024,9.80665152172054,19.0340538061419
90.2098543695729,134.134804622995,111.937257669599,82.8648429051985,72.2564078166985,9.80482590236396,19.0285006301471
92.455617940749,134.203760094675,116.263687063695,88.124863911792,77.532828850278,9.80230413126804,18.9077901336966
92.4663546385617,134.202832353223,116.298002042677,88.1702066703503,77.5748228323138,9.80117510393871,18.9050589045468
92.6865806018457,134.170283022725,116.99112117609,89.1055004769989,78.4547600707561,9.77369499396504,18.8424642849319
93.4914823525406,134.296666832669,118.552232836383,91.2318167277322,80.5686028975091,9.70096295384656,18.7155957098196
96.1327275547131,134.358013730522,125.86126375745,99.9542296726922,88.2233670986846,9.37109517490063,18.1863080356474
97.3288910720884,134.487445099271,128.723666767607,103.321422933556,91.2538264380821,9.22875404251765,17.8473968669451
98.9144557508167,134.689423638268,133.168509896825,108.396761927578,95.6688362641416,9.01415188401123,17.3964275694312
99.1248551311644,134.690606702286,133.930669068648,109.304469849962,96.46920556288,8.96359879467371,17.2750201062234
99.1939038500613,134.673107146475,134.223211482369,109.658477989914,96.7819395958961,8.94095962705296,17.2200604973673
99.8473607256727,134.747357088873,135.994722535304,111.775176418983,98.6605082263247,8.81330403476718,16.9071380957047
101.758658823698,134.784925633334,139.795522686094,116.041328704442,102.29663033713,8.56219232308275,16.3332249676842
102.057453446564,134.844404673636,140.344713772988,116.623672778709,102.782916016892,8.54092934379557,16.2789832344233
102.441758190647,134.834807613763,141.226377403651,117.571973166493,103.571941835132,8.49736435468059,16.1619068250385
102.890325175447,134.799144148239,142.410933988976,118.871176567283,104.674408640521,8.43661972886478,15.9904602938932
103.044899060313,134.811287435958,142.787949924937,119.286992726385,105.033670574793,8.41962485090977,15.942166204925
104.857414200117,134.771259775075,147.302084862089,124.250729235799,109.357864783915,8.23187213458896,15.4837988710274
105.456983708009,134.761063523409,149.125717545578,126.135149079537,110.922419627835,8.21109399490989,15.3467503030775
105.747812093734,134.760849705876,150.054947396313,127.069488439823,111.677702043601,8.21886476443942,15.2867560013938
106.732697626021,134.664625681555,152.921013870932,129.925502965074,113.957592117549,8.30795153799343,15.1774890135448
106.923157872877,134.617163797231,153.460939454771,130.483246759191,114.416887149381,8.32954175583416,15.1645750217326
107.68264570036,134.901520439283,155.090658897495,132.239004004013,115.970088513131,8.39452445329747,15.1599911497913
107.711800900129,134.918915504155,155.164204151225,132.322696918751,116.047306350275,8.39686974121983,15.1576347594743
109.01172139349,135.81782396425,158.882826927353,136.585782136404,119.637555932666,8.75091469329393,15.1689623845608
109.014300579764,135.813892512316,158.89278528715,136.596335841412,119.64351331162,8.75320617538059,15.1703894740307
109.126106190124,135.699386698878,159.264887542433,136.988121046054,119.878571227156,8.83095750337262,15.2226841355869
109.09637721877,135.526185465197,159.442866916992,137.184199187653,119.973411699481,8.87697549876785,15.2414400418332
109.044278921106,135.217203052519,159.867565976623,137.652686096188,120.225766062929,8.97616235807372,15.2776179608175
109.121504149112,135.188614744843,160.295482686099,138.109613355084,120.525941066287,9.0560692881099,15.3119145970981
109.152566721481,135.207478039741,160.395103560158,138.213761457829,120.59859520499,9.07357618146499,15.3201770724547
109.364630232309,135.399926277712,160.874777576872,138.700663284555,120.952768183723,9.15840762468075,15.3645281888407
109.805053119254,135.712776613776,161.106864965602,138.737929111026,120.987243342662,9.4022401685836,15.4849370105105
109.913229066818,135.688552937244,161.038141723947,138.60519020759,120.920499804114,9.45394622628891,15.5221194093566
109.925162845867,135.53918034811,160.877058762984,138.379402157162,120.779875186297,9.50281596384332,15.5516987158394
109.959212369416,135.433361695835,160.775412501269,138.223121205692,120.6981514068,9.54671663070875,15.5855626657883
110.025961688063,135.384267765375,160.730547256847,138.124001989591,120.670751582669,9.59229067998364,15.6297685725846
110.131115889108,135.434655033183,160.757611750924,138.096469995269,120.711379104829,9.63726705545965,15.6853108588534
109.99713317035,135.463637170967,160.580238067267,137.834184600391,120.615228545305,9.6744251835574,15.7437985866566
109.943939522043,135.673053398844,160.460740750156,137.658577614371,120.649212675296,9.67443938971238,15.7812627700664
109.991602492469,135.899362034464,160.421082720984,137.575385491352,120.7779990275,9.66576324590375,15.8090572885576
109.871369908505,135.94690774192,160.193520868022,137.285023934027,120.817439227636,9.63282618902723,15.8063385030696
109.736432227951,136.313700704765,160.210711182755,136.751118318248,120.966995044402,9.49092493098411,15.8293835628935
109.558764178012,136.893664831233,160.500531496162,136.531005487972,120.599452749071,9.36488769586685,15.8585940071245
109.503612082252,136.892831810998,160.456562161909,136.440594326868,120.537151725835,9.34317398599794,15.8531990622761
109.436172400648,136.802185204242,160.188717885501,135.769334223789,120.413604342238,9.15940953108552,15.851828707405
NaN,NaN,NaN,NaN,NaN,NaN,NaN
NaN,NaN,NaN,NaN,NaN,NaN,NaN
NaN,NaN,NaN,NaN,NaN,NaN,NaN
NaN,NaN,NaN,NaN,NaN,NaN,NaN
NaN,NaN,NaN,NaN,NaN,NaN,NaN
NaN,NaN,NaN,NaN,NaN,NaN,NaN
NaN,NaN,NaN,NaN,NaN,NaN,NaN
NaN,NaN,NaN,NaN,NaN,NaN,NaN
NaN,NaN,NaN,NaN,NaN,NaN,NaN
NaN,NaN,NaN,NaN,NaN,NaN,NaN
NaN,NaN,NaN,NaN,NaN,NaN,NaN
NaN,NaN,NaN,NaN,NaN,NaN,NaN
NaN,NaN,NaN,NaN,NaN,NaN,NaN
NaN,NaN,NaN,NaN,NaN,NaN,NaN
NaN,NaN,NaN,NaN,NaN,NaN,NaN
NaN,NaN,NaN,NaN,NaN,NaN,NaN
NaN,NaN,NaN,NaN,NaN,NaN,NaN
NaN,NaN,NaN,NaN,NaN,NaN,NaN
NaN,NaN,NaN,NaN,NaN,NaN,NaN
NaN,NaN,NaN,NaN,NaN,NaN,NaN
NaN,NaN,NaN,NaN,NaN,NaN,NaN
NaN,NaN,NaN,NaN,NaN,NaN,NaN
NaN,NaN,NaN,NaN,NaN,NaN,NaN
NaN,NaN,NaN,NaN,NaN,NaN,NaN
NaN,NaN,NaN,NaN,NaN,NaN,NaN
NaN,NaN,NaN,NaN,NaN,NaN,NaN
NaN,NaN,NaN,NaN,NaN,NaN,NaN
NaN,NaN,NaN,NaN,NaN,NaN,NaN
NaN,NaN,NaN,NaN,NaN,NaN,NaN
NaN,NaN,NaN,NaN,NaN,NaN,NaN
NaN,NaN,NaN,NaN,NaN,NaN,NaN
NaN,NaN,NaN,NaN,NaN,NaN,NaN
NaN,NaN,NaN,NaN,NaN,NaN,NaN
NaN,NaN,NaN,NaN,NaN,NaN,NaN
NaN,NaN,NaN,NaN,NaN,NaN,NaN
NaN,NaN,NaN,NaN,NaN,NaN,NaN
NaN,NaN,NaN,NaN,NaN,NaN,NaN
NaN,NaN,NaN,NaN,NaN,NaN,NaN
NaN,NaN,NaN,NaN,NaN,NaN,NaN
NaN,NaN,NaN,NaN,NaN,NaN,NaN
NaN,NaN,NaN,NaN,NaN,NaN,NaN
NaN,NaN,NaN,NaN,NaN,NaN,NaN
NaN,NaN,NaN,NaN,NaN,NaN,NaN
NaN,NaN,NaN,NaN,NaN,NaN,NaN
NaN,NaN,NaN,NaN,NaN,NaN,NaN
NaN,NaN,NaN,NaN,NaN,NaN,NaN
NaN,NaN,NaN,NaN,NaN,NaN,NaN
NaN,NaN,NaN,NaN,NaN,NaN,NaN
NaN,NaN,NaN,NaN,NaN,NaN,NaN
NaN,NaN,NaN,NaN,NaN,NaN,NaN
NaN,NaN,NaN,NaN,NaN,NaN,NaN
NaN,NaN,NaN,NaN,NaN,NaN,NaN
NaN,NaN,NaN,NaN,NaN,NaN,NaN
NaN,NaN,NaN,NaN,NaN,NaN,NaN
NaN,NaN,NaN,NaN,NaN,NaN,NaN
NaN,NaN,NaN,NaN,NaN,NaN,NaN
NaN,NaN,NaN,NaN,NaN,NaN,NaN
NaN,NaN,NaN,NaN,NaN,NaN,NaN
NaN,NaN,NaN,NaN,NaN,NaN,NaN
NaN,NaN,NaN,NaN,NaN,NaN,NaN
NaN,NaN,NaN,NaN,NaN,NaN,NaN
NaN,NaN,NaN,NaN,NaN,NaN,NaN
NaN,NaN,NaN,NaN,NaN,NaN,NaN
NaN,NaN,NaN,NaN,NaN,NaN,NaN
NaN,NaN,NaN,NaN,NaN,NaN,NaN
NaN,NaN,NaN,NaN,NaN,NaN,NaN
NaN,NaN,NaN,NaN,NaN,NaN,NaN
NaN,NaN,NaN,NaN,NaN,NaN,NaN
NaN,NaN,NaN,NaN,NaN,NaN,NaN
NaN,NaN,NaN,NaN,NaN,NaN,NaN
NaN,NaN,NaN,NaN,NaN,NaN,NaN
NaN,NaN,NaN,NaN,NaN,NaN,NaN
NaN,NaN,NaN,NaN,NaN,NaN,NaN
NaN,NaN,NaN,NaN,NaN,NaN,NaN
NaN,NaN,NaN,NaN,NaN,NaN,NaN
NaN,NaN,NaN,NaN,NaN,NaN,NaN
NaN,NaN,NaN,NaN,NaN,NaN,NaN
NaN,NaN,NaN,NaN,NaN,NaN,NaN
NaN,NaN,NaN,NaN,NaN,NaN,NaN
NaN,NaN,NaN,NaN,NaN,NaN,NaN
NaN,NaN,NaN,NaN,NaN,NaN,NaN
NaN,NaN,NaN,NaN,NaN,NaN,NaN
NaN,NaN,NaN,NaN,NaN,NaN,NaN
NaN,NaN,NaN,NaN,NaN,NaN,NaN
NaN,NaN,NaN,NaN,NaN,NaN,NaN
NaN,NaN,NaN,NaN,NaN,NaN,NaN
NaN,NaN,NaN,NaN,NaN,NaN,NaN
NaN,NaN,NaN,NaN,NaN,NaN,NaN
NaN,NaN,NaN,NaN,NaN,NaN,NaN
NaN,NaN,NaN,NaN,NaN,NaN,NaN
NaN,NaN,NaN,NaN,NaN,NaN,NaN
NaN,NaN,NaN,NaN,NaN,NaN,NaN
NaN,NaN,NaN,NaN,NaN,NaN,NaN
NaN,NaN,NaN,NaN,NaN,NaN,NaN
NaN,NaN,NaN,NaN,NaN,NaN,NaN
NaN,NaN,NaN,NaN,NaN,NaN,NaN
NaN,NaN,NaN,NaN,NaN,NaN,NaN
NaN,NaN,NaN,NaN,NaN,NaN,NaN
NaN,NaN,NaN,NaN,NaN,NaN,NaN
NaN,NaN,NaN,NaN,NaN,NaN,NaN
NaN,NaN,NaN,NaN,NaN,NaN,NaN
NaN,NaN,NaN,NaN,NaN,NaN,NaN
NaN,NaN,NaN,NaN,NaN,NaN,NaN
NaN,NaN,NaN,NaN,NaN,NaN,NaN
NaN,NaN,NaN,NaN,NaN,NaN,NaN
NaN,NaN,NaN,NaN,NaN,NaN,NaN
NaN,NaN,NaN,NaN,NaN,NaN,NaN
NaN,NaN,NaN,NaN,NaN,NaN,NaN
NaN,NaN,NaN,NaN,NaN,NaN,NaN
NaN,NaN,NaN,NaN,NaN,NaN,NaN
NaN,NaN,NaN,NaN,NaN,NaN,NaN
NaN,NaN,NaN,NaN,NaN,NaN,NaN
NaN,NaN,NaN,NaN,NaN,NaN,NaN
NaN,NaN,NaN,NaN,NaN,NaN,NaN
NaN,NaN,NaN,NaN,NaN,NaN,NaN
