87.8273847849182,133.463822724528,135.159448740197,108.063352349885,97.7336389731814,16.953794498357,0.385571815420133
93.5822156338974,139.533089053842,140.474755669049,113.312529702548,102.734061032747,17.6697656039925,0.629406497097723
102.795590992391,149.203368886687,149.196262854846,122.064303354797,111.077807164433,18.8057855474142,1.06056229084856
102.19193681124,148.402746493103,149.343887520616,122.688353863076,111.698235201913,18.6975420352319,1.17435577246094
90.4385111318055,135.668666979017,139.726346462971,114.114596859499,103.592510719914,17.181645313706,0.939877635900172
89.1657831945612,134.290363614574,138.668891719204,113.164474027518,102.694339074297,17.0184987164431,0.912435387279809
79.1785134998857,123.381880718809,130.42263280709,105.919515406299,95.8642965148648,15.7396209295506,0.736168754518329
77.3794561522916,121.2379154648,129.12757601032,105.128772458724,95.1526390009632,15.5074897615498,0.787019278033298
77.5289021117239,121.362320767341,129.294522406052,105.350884110248,95.3689790918582,15.5261095950673,0.807615350153771
77.7100191287831,121.513090432766,129.496848606897,105.620066361349,95.6311666550555,15.5486754022503,0.832576206638394
78.9322444059487,122.668369147332,130.708543631833,107.030262673795,96.9909519175796,15.7027161984103,0.936294818748712
80.3494401170004,124.077419336257,132.036079885096,108.460612550875,98.3612316182615,15.8822172365368,1.02393492617839
80.9421824986398,124.666754851683,132.591322181086,109.058856665013,98.9343513694436,15.9572935806268,1.06059041814743
87.1706654719793,130.902927554587,138.342727177329,115.140350553807,104.741492263792,16.7488015677762,1.41232276419955
90.9487587695831,134.595708428793,141.837794498295,118.909962232173,108.330238308899,17.2326134622456,1.63933649381579
91.014893688325,134.655335486146,141.901126584218,118.983787667619,108.400412440036,17.2412442988435,1.6445362010568
92.0367504886964,135.256628888121,143.03155525504,120.653913821681,109.988020736796,17.3854331263118,1.80683872897249
90.5882983120864,133.458382795155,141.886600513923,119.867835717719,109.245368525882,17.2141550186439,1.82057265694305
85.7009184866443,127.61906061769,137.935266028821,116.884977754919,106.445984114582,16.6367449852542,1.81137470272596
84.6446960844846,126.307319146486,137.107285035029,116.333439569029,105.937507588774,16.5177201206546,1.82239170589586
84.073475910276,125.222149951257,136.872258300604,116.73792681687,106.367613442688,16.4861261968697,1.92823746578771
84.7622068107975,125.734952636594,137.610085970818,117.740813232211,107.340962297246,16.5926275602756,2.01268102546759
85.5992577265786,126.449297663459,138.455927731966,118.790168791299,108.353678537763,16.7140967791813,2.09119536169447
86.7638198681815,127.50116164115,139.609885146391,120.154199600913,109.664093221029,16.8775629255889,2.18647045277064
88.2378428416603,128.825339485814,141.079818450799,121.899817533466,111.339404463288,17.0846082908768,2.30993294031476
89.1893223705804,129.664474612074,142.041752355255,123.060147452347,112.452101100009,17.2191619303269,2.39460174689715
89.6002737712469,129.968092171707,142.517552582689,123.707884201994,113.077439267121,17.2816282522016,2.45072363290628
89.9891272705099,130.243775966926,142.979675708418,124.349720907,113.697721543674,17.341594458605,2.50768678836338
89.1375171071788,128.909802286073,142.757358879221,124.836700476378,114.23775444234,17.2672748275859,2.62872516214508
87.877498459778,127.301655932651,142.086992494055,124.696113685086,114.198066746546,17.1310224215707,2.6894571192397
86.534927785333,125.178535930205,142.047449714855,125.975467461779,115.767304951285,17.0369865344518,2.90255520194301
87.4405647071927,125.768637366373,143.378819709681,127.90019968553,117.780059544623,17.1994160407563,3.06356847756213
87.4692380253925,125.790115855763,143.416606928462,127.951650583983,117.833136378909,17.2042643451484,3.06770007423107
88.7318001026666,126.627936476418,145.257263896803,130.570852161414,120.55542835918,17.4372952642876,3.29431141574257
88.8072954855166,126.642161843596,145.438187986014,130.863560702525,120.866601987687,17.4576116722453,3.32412054485892
88.7970773965815,126.510105363374,145.705131002444,131.367811978741,121.418639976658,17.4779478195892,3.3827181123015
88.6879928501958,126.303113100481,145.866250069619,131.730809418373,121.827612698626,17.4816827600629,3.42987196876643
88.3900663990891,125.911442479299,145.970678144493,132.068151112018,122.229921515397,17.4612403161843,3.48032052631237
88.198666451997,125.668808247872,146.045989674302,132.283370022705,122.485981576447,17.4464234247661,3.51080414017152
87.6298645452332,124.98082389402,146.326928401353,132.940163290826,123.260537239176,17.3947308119585,3.59347990883784
86.9676929711067,124.114035801484,147.201238332004,134.366282192406,124.843810362302,17.3306676709963,3.72543036987799
86.955138162759,124.073112211892,147.344878709994,134.558976665485,125.044081486274,17.3302570447153,3.73924704764636
86.9271436519763,123.981861446577,147.665165726659,134.988643718535,125.490642834264,17.3293414368039,3.77005525467399
86.902442269508,123.901344945608,147.947775848325,135.367766979298,125.88467303318,17.3285335362342,3.79723934482867
87.0429649504362,123.773878847481,149.140891275368,136.870124133761,127.383327302085,17.3531197531461,3.89393544678352
87.2456582383337,123.726314822264,150.077695044036,138.011087595889,128.479623494589,17.3837823830019,3.9627497394335
87.286521204993,123.716725914823,150.266554682964,138.241105828836,128.70063680602,17.3899639691535,3.97662270077035
87.3158483382191,123.683937000423,150.443462566834,138.456204422957,128.900045438955,17.3948072999197,3.9891006303198
87.4976856273453,123.321045274748,151.831172941845,140.145647955013,130.432506058822,17.4281104754569,4.0859460309846
87.5128887493787,122.861971087032,152.868282198451,141.422645601347,131.534181160379,17.4412861307926,4.15928957907802
87.4768344839152,122.699016038256,153.194521876635,141.8316972332,131.881942110294,17.4413095403331,4.18399195401705
87.4101098073898,122.489736190077,153.663509881942,142.423197323464,132.391097554462,17.4396992696596,4.22084449573229
87.4017802503103,122.475094867714,153.710621804321,142.483074539489,132.444245038144,17.439340513966,4.22477715842837
87.306250579042,122.343925166328,154.130928410801,143.021295579814,132.926365721377,17.4334482220202,4.2605715155485
87.2800272099934,122.328565793217,154.178876337512,143.085605479531,132.987120590491,17.4308318741705,4.26516720563369
87.2041454975161,122.284120873418,154.317621697873,143.27169695049,133.162924984697,17.4232610332573,4.27846560497482
87.0032594958145,122.241914993125,154.645841947195,143.716104389672,133.606162849957,17.4015827582873,4.31201440062884
86.8190089075461,122.289754011155,154.931523093841,144.104179639122,134.020763340103,17.3798300139925,4.34349031677355
86.7119979041326,122.350544251343,155.102724734704,144.335651565323,134.277296973196,17.3664856421023,4.36302479975324
86.6245026840356,122.436780391422,155.273572702629,144.561841172082,134.531882115193,17.3547722606315,4.38262295837653
86.514318729861,122.568195654434,155.5080034923,144.869751180773,134.880487831281,17.3395201293039,4.40956800710552
86.3757935001606,122.842467350811,155.95853887428,145.442970192364,135.519421769079,17.3175102924531,4.45979028551667
86.038768426969,122.955648455245,156.370055225762,145.99389904532,136.128411201389,17.2647627493534,4.51126462211732
86.0341668787413,122.957863322656,156.378112002379,146.004228237285,136.139307393453,17.2639815793092,4.51214681752742
85.8765724387388,123.058355553614,156.739945344567,146.458883031348,136.607134270417,17.2355448640536,4.54849909798868
85.6797371860694,123.425428079239,157.967626087359,147.953136082957,138.082237791862,17.1883374187448,4.64758348123792
84.8833858490958,123.694261470474,159.360898880034,149.751581419551,139.987833981207,17.0670911329192,4.76195110780666
84.8113605927269,123.790951421838,159.575265663205,150.013663032825,140.274448547693,17.0562485337848,4.78102211742946
84.7868140677743,123.835507059809,159.665628390456,150.122381104508,140.393367768383,17.052445252732,4.78924969078156
84.6770372233376,123.970823730464,159.964999401445,150.485211796595,140.792938350968,17.0357416995626,4.81731524317723
84.4160923732325,124.030652764855,160.250788425112,150.84508185832,141.203049980831,16.9966478353359,4.8484066141528
84.2053547897185,124.142766367716,160.614195226101,151.285092287503,141.686798024092,16.9593639237862,4.88312046472609
84.1884604493873,124.159172533773,160.659576138485,151.339308167569,141.745000637628,16.9556856511834,4.88697847774241
84.0023309047467,124.430069591305,161.360732079543,152.179438917165,142.637771848567,16.9069208283853,4.94176488145579
83.9628148457449,124.555330647796,161.659844315625,152.544322283767,143.022482034688,16.8908010972306,4.96204976330312
83.8340970086478,124.670798865171,162.03619658822,153.023636978298,143.53563704082,16.8580688638224,4.98683122677044
83.7099809132521,124.689248847775,162.208476326374,153.259029101798,143.79373742767,16.8328525376833,4.99769188494842
83.4047586410231,124.78523010094,162.69027408091,153.922905486445,144.526494232244,16.7745405997233,5.02802047939264
83.2746622740627,124.855891270012,162.929662100643,154.250994818873,144.89072591164,16.7526235752379,5.04435050693778
83.0119927563628,125.092983988593,163.529288408098,155.04987604263,145.781606382645,16.7208861202353,5.09330457908346
82.9648232762651,125.157225687099,163.665024727776,155.224605463738,145.977105439496,16.7184049280966,5.10629059716591
82.8812924068113,125.207349377729,163.799757810778,155.402428234523,146.180945085989,16.7133964789016,5.12102634516907
82.8773059643641,125.207012589925,163.801658043502,155.405271630687,146.184568578115,16.7131311009722,5.12137537199383
82.8393041975894,125.203802075349,163.819772490588,155.432377020844,146.219110429526,16.7106013190142,5.1247025581174
82.6612874230602,125.188762631188,163.904628425361,155.559350436493,146.380919458327,16.6987507219854,5.14028854246092
82.5446390168022,125.182124766785,163.963603404641,155.636125648944,146.482685331101,16.6948810075144,5.15353976328938
82.4319543499773,125.177803423153,164.024879304629,155.711603734068,146.583749269825,16.6922610490295,5.16755131881464
82.4276620805047,125.178155868541,164.028376292266,155.715058734438,146.588537784378,16.6923719329599,5.16834880245723
82.3556390317733,125.184069800916,164.087054740264,155.773032648147,146.668887683001,16.6942325334581,5.18173034889047
82.2909955585709,125.209112460177,164.189202519921,155.860195238466,146.791805857163,16.7002659558332,5.20217013780397
82.2780602235304,125.21866912281,164.221039842635,155.885728042583,146.828103301166,16.7024783117115,5.20820175359912
82.2744549830638,125.270131199906,164.369817700216,155.993808738058,146.991967157362,16.710741753738,5.2328826189259
82.1898984865135,125.194342517621,164.344461964148,155.940583569792,146.975929667059,16.7005691254371,5.23860449240505
82.1718325892413,125.178149905528,164.339044590655,155.929211759683,146.972503181051,16.6983956950637,5.2398269978623
82.0386150735395,125.059855382243,164.321900693167,155.857401309864,146.987817780371,16.6794597116308,5.25703611809897
81.978998477486,125.021991971088,164.359876333081,155.857321100763,147.066213159691,16.6708664460827,5.2821100056936
81.9716052102127,125.019259895234,164.369331351606,155.860874515823,147.082840050487,16.670105085609,5.28723530880811
81.9580226353201,125.030999307689,164.426699216075,155.897555669449,147.171257641606,16.6714651972425,5.3137861741438
81.9534545197553,125.056136339771,164.496642994023,155.948730094471,147.272076329517,16.6768519884244,5.34616102151129
81.9555617409476,125.070275861131,164.525895517825,155.972294447901,147.311902622212,16.6803540902471,5.35970233992324
81.9600915133847,125.100670778553,164.588777989072,156.022949385815,147.397514917487,16.6878823575055,5.3888113348064
81.7896541173657,124.972069231477,164.528768423926,155.939388381876,147.368370681809,16.6956366537364,5.46180423286164
81.6379593538002,124.771957179736,164.526369765242,155.991407958869,147.347856693238,16.7846303561976,5.69588856427617
81.6947460256504,124.734347578605,164.60539464894,156.139410192364,147.394914583393,16.8349220186332,5.79592892920313
81.6252122493459,124.562515248801,164.530008012663,156.11851936247,147.289024808615,16.8529809765176,5.85629739841593
81.6192605298857,124.548175576713,164.523525789939,156.116469041095,147.28004820482,16.8543975524093,5.86116662459577
81.5727029199332,124.360589914001,164.461069412802,156.122969028335,147.18035511801,16.8784319193026,5.93758100971936
81.5768177242856,124.300011857361,164.456718844003,156.144961322112,147.158710035892,16.8922284256953,5.9765655243931
81.6442901078925,124.242837050008,164.508155649052,156.227303839235,147.168992953013,16.9313650183686,6.07523989685508
81.6777485005281,124.245960128249,164.538054991092,156.258204563916,147.185803445751,16.9451282395572,6.10751001026946
81.7285838152853,124.286715851639,164.588307868143,156.289274793813,147.220386890459,16.9620745377226,6.14314609799462
81.8123713118954,124.373216809998,164.664237032074,156.268348726692,147.241212578079,17.0046389442315,6.24317137709185
81.8383835081342,124.518455905937,164.656315377364,155.975586757812,147.113583447177,17.0621560976644,6.38843601014756
81.9223896565748,124.743760516637,164.71291753722,155.786416876775,147.073515391735,17.1083195152669,6.47957104180289
81.9233526658724,124.74606899507,164.713658604025,155.785019729676,147.07339597458,17.1086983886793,6.48023668155481
81.9926916793705,124.912285061301,164.767017217868,155.684421737717,147.064797648739,17.1359781965929,6.52816436393627
82.1654882195223,125.314842184651,164.908160548569,155.477682625168,147.060906856977,17.1929258141,6.62282377867537
82.1775467485789,125.429618075708,164.902078221359,155.315585914234,146.984688246935,17.2052157717507,6.65084304888899
82.0553386392293,126.547119075194,164.865606676521,153.876595224897,146.260270417393,17.1935648437737,6.73529711972956
81.9610797870169,126.611842355373,164.810779362366,153.685949483044,146.139597005673,17.1777594427206,6.73112597661678
81.9477966398739,126.624005909338,164.804538852214,153.659096613261,146.123654299906,17.1755885721922,6.73067477564927
81.8946790724108,126.679822195092,164.783088188085,153.551746895508,146.062408132963,17.1670406985442,6.72919265607765
81.8554649099218,126.72102869237,164.767252187515,153.472495727275,146.017193013803,17.1607302117847,6.72809847800277
81.814554670771,126.764017438047,164.75073125402,153.389816816403,145.970022266791,17.1541467861523,6.72695697493664
81.6118068281796,127.215638343954,164.752152267704,152.892492072109,145.750330908188,17.1212955280223,6.72922796180058
81.5102920427789,127.683153438842,164.81582564425,152.496050382423,145.611078573198,17.0981568512277,6.7314428398088
81.398173502573,127.784456112536,164.748545717207,152.232016342026,145.453003190601,17.0764173379548,6.72279307808961
81.296895097655,127.981544461889,164.696114399655,151.879852571871,145.258736629223,17.0452332876259,6.70583044818874
81.2932459661741,128.006771350631,164.696263431407,151.849230003226,145.24412631103,17.0422777508251,6.70385245550379
81.2848517120989,128.064801847677,164.696606255557,151.778787591658,145.210517567781,17.0354790024203,6.69930239386768
81.2769884928029,128.2469074392,164.71299841774,151.590831984488,145.128939930141,17.0166732234504,6.68603172836733
81.2808607912672,128.282624998123,164.720701435773,151.563665765374,145.119939702707,17.0137258701595,6.68372419275408
81.2928976836308,128.90536399251,164.803580483417,150.978400386524,144.885207676805,16.9449035466371,6.63139982341301
81.2720235895697,128.950757454688,164.789945609371,150.892919983428,144.837503510553,16.9346451017399,6.62415958107114
81.2051201469884,129.703725590638,164.884015281726,150.195164357091,144.562885751194,16.848600601045,6.56211528144531
81.205398685396,129.709608127065,164.885643035335,150.191690643489,144.562138617452,16.8481662086772,6.56178714265148
81.2246016693644,129.854101614624,164.937902834978,150.132326215486,144.561194467477,16.840587221167,6.55532006469505
81.1296644613464,131.154091240833,165.11450931884,148.91543316572,143.99164147846,16.6817160871928,6.41075311768118
81.1612200427843,131.280270379953,165.159136570763,148.858388203629,143.978504286983,16.6727490904877,6.4008446039787
81.1756164879099,131.595339187204,165.19876570818,148.561108630058,143.823726786561,16.6310933085914,6.36146048047674
81.1333502146185,132.104457993357,165.17466046308,147.916067411785,143.43217561877,16.5426710287132,6.28470637820011
81.1336498702234,132.109027436171,165.175126427918,147.911915716026,143.42987059935,16.5420844240318,6.28419124046689
81.1701002445231,132.401877538982,165.223569185285,147.690358961708,143.314630499437,16.5107727386646,6.25610976549959
81.1843790362885,133.17778899301,165.276215095099,146.986917724812,142.889307993936,16.427259989333,6.17970983707943
81.1614980941763,133.25703310435,165.260574768968,146.873576088635,142.811051653267,16.4160336421437,6.16913324867225
81.1470181209626,134.025519379444,165.352568505489,146.242594617496,142.469330031906,16.3720460584422,6.11485138835416
81.1546253517468,134.0756548309,165.367511840121,146.218192542467,142.462777221479,16.3716886132999,6.11334621137995
81.096012134402,134.670568863484,165.390110940771,145.598016833419,142.140504467692,16.3459963424741,6.07905117733561
81.060716037678,134.933909868979,165.376551038753,145.272505457936,141.966201196935,16.3361656417214,6.06607797885198
81.1217429392004,135.405433343108,165.43373147676,144.877929018242,141.794215353594,16.345207768109,6.0646876024841
81.1342421588263,135.457056769165,165.443300322559,144.842947007614,141.78118430285,16.3475822905443,6.06563102983864
81.2409491083006,135.786677677421,165.467059024416,144.579238294061,141.654387290808,16.3835546427739,6.08690415412975
81.2357319832441,135.787455665035,165.453646629048,144.554748767752,141.634642987705,16.384850472538,6.087784137321
81.2283867909772,135.78855099408,165.434763312726,144.520269954743,141.606844976175,16.3866748717347,6.08902306597642
81.212559900706,135.790911130068,165.394074905326,144.445977496445,141.546947826823,16.3906059554759,6.0916926200426
81.1939474354653,135.781240463684,165.335832378634,144.360196385584,141.472078399505,16.4003101179877,6.09840660640042
81.1453951328885,135.657600965992,165.070995373824,144.131200693268,141.22958610942,16.4943551953855,6.16206663088153
81.1482378096782,135.63185598249,165.033932465878,144.131328887831,141.22017445328,16.5233426005649,6.18086071206606
80.8535770371231,135.164095966178,164.343282866034,143.585382861381,140.734922755426,16.6770715943398,6.25626672692402
80.886342045734,135.171717176183,164.312350889563,143.547644301504,140.712695800664,16.6898724079812,6.25905658479401
81.0019824701032,135.045952561084,163.964041201761,143.14490359998,140.375416540106,16.7172546959928,6.24236374808761
81.1048347449512,134.947567151238,163.758562487569,142.936865125189,140.189346131108,16.7285439904603,6.2280435998525
81.2597979838914,134.894121730225,163.625889475948,142.831685740314,140.103737439568,16.7501794137243,6.22108221285212
81.420257579235,134.87543790065,163.553060571138,142.802385497155,140.098543331204,16.7788463288938,6.22157349162124
81.4311867429005,134.874666071179,163.548949842836,142.80145951379,140.099379308719,16.7809146145035,6.221725691375
81.4531952881411,134.873111803685,163.540671885567,142.79959481971,140.101062753997,16.7850796136569,6.22203218282016
81.544337758992,134.401754200218,162.875069812994,142.292152906286,139.770848464498,16.8677310876532,6.22112155762849
81.677311826691,134.387479397825,162.809389187473,142.25392993331,139.779593473899,16.9032739575919,6.23312879375471
81.7511904412844,134.390972024628,162.788975435566,142.244043417519,139.789250678289,16.9204373346989,6.23949230380104
82.4507759655844,133.985098542799,162.127983037374,141.677518426385,139.285259409845,17.0776932922007,6.29930149097985
82.641894839692,133.890331504422,162.003173932479,141.599228791392,139.209131971101,17.1336175018785,6.32754878804168
82.7051505868781,133.743407137336,161.834514921899,141.464995679876,139.079658083998,17.1705365283472,6.34640884150831
82.7233792730616,133.711765461277,161.799112509436,141.438964572852,139.055595196057,17.1813183566239,6.35240106933399
82.8335067225199,133.559647125556,161.629548993535,141.319479111966,138.948055187534,17.2428682811175,6.38771861390537
83.4867728317214,133.139050696224,161.140838220178,140.948801664207,138.609157863308,17.5260943214321,6.57198320666158
83.5777723908293,133.055835071138,161.041279565567,140.848067137764,138.502137731431,17.5598342484008,6.59566695251964
83.608019870361,133.043166643499,161.02525242102,140.831085526313,138.482196854974,17.5681027581637,6.60144197952389
83.9520791487569,132.949904268985,160.902361304825,140.698525339713,138.314057960945,17.6542781423067,6.66085258049136
84.2531859319411,132.94400231081,160.884070269163,140.676083818102,138.258574740247,17.7213630217307,6.70526499672645
84.3116275200816,132.903037288783,160.83645231057,140.624948950194,138.19580211646,17.7391704162015,6.71685768414217
84.3199514714174,132.885546844199,160.816724688098,140.603912292015,138.171657089966,17.743074774534,6.71937870192072
84.5724694479482,132.591881972807,160.466616666232,140.228247710062,137.721393593297,17.8681515726401,6.80013262933653
84.841554773115,132.613288415248,160.440350495599,140.189575019101,137.630295583636,17.9856339803925,6.87692171720572
84.8491826939073,132.614942823835,160.440690638271,140.189591344763,137.628868043508,17.9887820957177,6.87897807344578
84.8882880131227,132.602378486933,160.413784743348,140.157578731447,137.583225865943,18.0119723069914,6.89406459076492
84.8971131672887,132.505050114092,160.279079625051,140.00624621872,137.40085713876,18.0488641514591,6.91787297750323
84.9150275884576,132.468620909117,160.224726608273,139.943763889761,137.320501978228,18.0671792283619,6.92907593648236
85.0824390299224,132.361185671427,160.045602308185,139.732824495424,137.016215577097,18.1510601500271,6.97491127687457
85.3528272498053,132.362288528501,160.022124804413,139.701503556013,136.910362174215,18.2124009336719,6.9945430857013
85.5105241019408,132.109035746136,159.734925161953,139.378502495808,136.551016966773,18.2413088086199,6.96069041293676
85.5430488340349,132.087174396922,159.703322208792,139.332949726824,136.51863815987,18.2460948336923,6.95275595684059
85.6748834763187,132.076674156439,159.651640056903,139.224574102871,136.477552488926,18.2685402861203,6.932241696576
85.737802847552,132.093931885957,159.648216699627,139.193893880914,136.48249998456,18.2805784838283,6.92628987841562
85.7893502440442,132.123209696173,159.658962335947,139.18193716703,136.501424851542,18.2922201563138,6.92491570033577
86.1131629729895,132.079655835643,159.335866405089,138.543928350064,136.301164544505,18.4731220724832,6.8999663458006
86.109102266062,131.46310341678,158.985264994252,138.467060385014,136.127137837826,18.5384707291381,6.85677640861681
86.1829887591138,130.791456132033,158.774063218867,138.732064571666,136.169421287988,18.5849118163955,6.82578253342005
86.183468562809,130.789275323191,158.773568644159,138.733317082804,136.169869535353,18.5850911596056,6.8257140552946
86.327012942925,129.983298687515,158.535091657985,139.090886733493,136.274904848602,18.6450482334526,6.82382483062919
86.3301960767465,129.936634158942,158.515965040579,139.101017302041,136.273586166419,18.6477453475437,6.82424310341418
86.3473680601958,129.835817664923,158.47838624334,139.130734656693,136.278631378004,18.6556622437836,6.82705188583945
86.9330508101964,128.798008243264,158.239392834383,139.737608774198,136.621889194151,18.8110849260106,6.90784934188071
87.3842061458489,127.993011365273,157.975333284152,140.034721676003,136.770463780864,18.9132379638421,6.95490583626818
87.7769663292402,127.403133191849,157.820451259081,140.319906922578,136.938441819303,18.9846016312494,6.97827291269796
88.7870319927901,125.514963858742,157.30010397226,141.238452174564,137.476591500624,19.1994927956275,7.07080890522128
89.1612848900075,124.701256314079,157.034925952255,141.632376121624,137.675398876651,19.323936920695,7.15228341914762
89.3351222613589,124.147711880606,156.809480692952,141.804789441255,137.709827384348,19.3958058350031,7.19915990844655
89.7417871011937,123.51763588699,156.654531434154,142.199844226026,137.903089088186,19.5141451624802,7.27511286812548
89.772712867347,123.483596519413,156.650452231822,142.229414271561,137.920144675523,19.5220369748495,7.28021532975571
89.9051312577645,123.207817967506,156.56025306311,142.346240082194,137.957921219151,19.5630116332974,7.30735613837196
89.9693118865461,122.877638397814,156.406617728876,142.388275396701,137.923214083863,19.5937313523248,7.32883923517884
90.1467517214952,122.372735059984,156.208906789389,142.538214097034,137.941146181745,19.6563728596277,7.37566749208346
90.711732876234,121.558276875495,156.008702081208,143.088718896974,138.218171178366,19.8123494808426,7.498634604597
90.7405252091259,121.401590690963,155.933317706419,143.114620610781,138.204412357007,19.8264488990179,7.51111852799533
90.8475549268383,120.971933724842,155.746723340413,143.219964400988,138.19291279828,19.8686069563585,7.54751798362097
90.8883029302875,120.834634407448,155.691794852529,143.261577374998,138.195335121637,19.882883458545,7.55964336351003
91.2616039213705,120.159857881109,155.548215944204,143.657380414064,138.362058540325,19.9698341316487,7.62775811936843
91.3376009322275,120.068949575951,155.547337827438,143.737498801933,138.407191388163,19.9831381245304,7.63753133102252
91.5236055090063,119.671784704962,155.464799821943,143.933444794574,138.47973372018,20.0160985399795,7.66273374688323
91.610993582092,119.18603150872,155.287403751176,144.029420156395,138.452019220608,20.0291508004679,7.67480311668432
91.6677394537419,118.960199948978,155.211881263169,144.09397625943,138.454856817004,20.0359393385996,7.68109752135263
91.7154459950042,118.832151830719,155.17397646634,144.14926920055,138.470778504521,20.0411039915968,7.68580644174619
92.264143901518,117.639648474647,154.777645143671,144.802037103459,138.695440130508,20.1035373898076,7.74159024937744
92.3473274678135,117.309535197787,154.624173453837,144.91315500975,138.690415405401,20.1138239412626,7.75066339246468
92.3583893635022,117.271187069424,154.607100018745,144.927660543477,138.690910492592,20.1152404725838,7.75182702790591
92.3703304221474,117.229791158397,154.588669643387,144.943318929145,138.691444927678,20.1167695851388,7.75308314525112
92.4377321389354,117.071429456329,154.532193306191,145.024504250037,138.709015368719,20.1256708956562,7.75919024881047
92.5517297247678,116.858594931171,154.4714121062,145.156555483275,138.749363939159,20.1409231876635,7.76880114903141
93.3099056295721,116.049045607061,154.489621167894,145.707832703723,138.958350405216,20.2169436364,7.79561813864703
93.621320122969,115.883473094826,154.539662636087,145.726231343231,138.943306563103,20.2232050188357,7.78813082979963
93.7485800753597,115.879312044787,154.571748625543,145.72877110382,138.951894056516,20.2244041116376,7.78584088885305
94.236116163974,115.979012475872,154.69437239302,145.735871725206,139.021983583775,20.2247661824402,7.77816078836051
94.3778077416948,115.94470563401,154.616687451061,145.602578926848,138.941606366232,20.2005448696424,7.75977493454904
95.2808053094301,115.369555601659,154.710144639998,145.832036650549,139.535201704257,20.0265489001136,7.57631711160931
95.4513656958009,115.701098602018,154.470403531595,145.500221221609,139.370483027657,20.0648524410976,7.65596019436218
95.6282633482896,116.788339654707,152.890527040949,143.746734051987,138.141460448735,20.1719607374597,7.93055911814587
95.725607750949,116.658973512224,151.90845457848,142.704975099106,137.368828606719,20.1433734569997,7.96952425623192
95.7573716747152,116.594947810552,151.789093072405,142.574795217919,137.266444922344,20.133079451687,7.96517031547124
95.8649404843761,116.39534152369,151.50296669664,142.257339559794,137.01012782871,20.1013212871372,7.9452503868179
96.4063886977921,115.407249712379,150.535146314728,141.121569575089,135.971111693379,19.9218667319694,7.78971685530161
96.5286687925835,114.926234422504,150.002413686449,140.502550530406,135.380820578211,19.8187535626206,7.70631685107449
96.8251783642438,114.48834747359,149.146271031416,139.547435900865,134.590973830613,19.6740837879913,7.60568077398508
96.552719687326,114.487212555742,147.885616196891,138.408988909683,134.18778982406,19.6423084365256,7.66981223663205
95.9071472361087,114.054442609411,146.765518047093,137.390971678456,133.709188251836,19.7387967830482,7.82236065238563
95.2610792986579,113.156811107906,145.605862150109,136.168458213285,132.643476330799,19.7532214108833,7.87649434155196
95.1116040117073,112.915009913269,145.308302753914,135.847630098289,132.349619527791,19.7557616290261,7.88797574901342
94.8351980814736,112.359486131737,144.652351493473,135.123059404489,131.657577033043,19.7587946418625,7.90654347730028
93.6680885076162,109.263295078021,141.169769144729,131.218629418008,127.930887336711,19.7299650130294,7.9030339653625
92.172724828632,106.153227612454,137.765616373327,127.679532773227,125.349108652911,19.6492771822189,7.67015474667716
90.6685348032956,104.418639901072,135.84042784292,125.703341998391,124.011887797867,19.5270748963808,7.40109573850229
88.7098488766022,102.450849388615,133.694529265251,123.38675395475,122.102667215538,19.3267620576231,7.05677702699064
87.5807422380157,100.979705114118,132.051172161715,121.692418175617,120.782173746391,19.1908325926899,6.79336880494314
87.5281095958129,100.904842078359,131.965936442299,121.604782128734,120.713448774455,19.1835432634555,6.78014416703454
87.5266829183266,100.902812816608,131.963626015217,121.602406637596,120.711585893055,19.1833456765308,6.7797856957061
87.414308051788,100.720737005691,131.751061034507,121.381541640007,120.539598219168,19.165312012793,6.74497311797447
86.8263820547018,99.5505779935276,130.299910433127,119.756149077198,119.201992615713,19.0099804567899,6.46699191052376
86.688775674523,99.2713233736991,129.944803123163,119.305833765949,118.794994032471,18.9480973575075,6.37997673575677
86.4444055384112,98.3129666756588,128.796037026596,117.871182693478,117.651093752559,18.7238241440162,6.0370335820364
86.3685564355091,98.1213360993735,128.576383326212,117.61718220944,117.451225376834,18.6868855829178,5.98286854036769
86.2832022104996,97.8441928731667,128.238517236771,117.20964126712,117.118171539543,18.6292697114382,5.8936228179565
86.2723705465807,97.7897759905971,128.163331584435,117.109934956343,117.029812794089,18.6150547974431,5.87110082233468
86.2703178656928,97.658102782674,127.927714855287,116.741199318079,116.665424569414,18.5584669131999,5.78330630067474
NaN,NaN,NaN,NaN,NaN,NaN,NaN
NaN,NaN,NaN,NaN,NaN,NaN,NaN
NaN,NaN,NaN,NaN,NaN,NaN,NaN
NaN,NaN,NaN,NaN,NaN,NaN,NaN
NaN,NaN,NaN,NaN,NaN,NaN,NaN
NaN,NaN,NaN,NaN,NaN,NaN,NaN
NaN,NaN,NaN,NaN,NaN,NaN,NaN
NaN,NaN,NaN,NaN,NaN,NaN,NaN
NaN,NaN,NaN,NaN,NaN,NaN,NaN
NaN,NaN,NaN,NaN,NaN,NaN,NaN
NaN,NaN,NaN,NaN,NaN,NaN,NaN
NaN,NaN,NaN,NaN,NaN,NaN,NaN
NaN,NaN,NaN,NaN,NaN,NaN,NaN
NaN,NaN,NaN,NaN,NaN,NaN,NaN
NaN,NaN,NaN,NaN,NaN,NaN,NaN
NaN,NaN,NaN,NaN,NaN,NaN,NaN
NaN,NaN,NaN,NaN,NaN,NaN,NaN
NaN,NaN,NaN,NaN,NaN,NaN,NaN
NaN,NaN,NaN,NaN,NaN,NaN,NaN
NaN,NaN,NaN,NaN,NaN,NaN,NaN
NaN,NaN,NaN,NaN,NaN,NaN,NaN
NaN,NaN,NaN,NaN,NaN,NaN,NaN
NaN,NaN,NaN,NaN,NaN,NaN,NaN
NaN,NaN,NaN,NaN,NaN,NaN,NaN
NaN,NaN,NaN,NaN,NaN,NaN,NaN
NaN,NaN,NaN,NaN,NaN,NaN,NaN
NaN,NaN,NaN,NaN,NaN,NaN,NaN
NaN,NaN,NaN,NaN,NaN,NaN,NaN
NaN,NaN,NaN,NaN,NaN,NaN,NaN
NaN,NaN,NaN,NaN,NaN,NaN,NaN
NaN,NaN,NaN,NaN,NaN,NaN,NaN
NaN,NaN,NaN,NaN,NaN,NaN,NaN
NaN,NaN,NaN,NaN,NaN,NaN,NaN
NaN,NaN,NaN,NaN,NaN,NaN,NaN
NaN,NaN,NaN,NaN,NaN,NaN,NaN
NaN,NaN,NaN,NaN,NaN,NaN,NaN
NaN,NaN,NaN,NaN,NaN,NaN,NaN
NaN,NaN,NaN,NaN,NaN,NaN,NaN
NaN,NaN,NaN,NaN,NaN,NaN,NaN
NaN,NaN,NaN,NaN,NaN,NaN,NaN
NaN,NaN,NaN,NaN,NaN,NaN,NaN
NaN,NaN,NaN,NaN,NaN,NaN,NaN
NaN,NaN,NaN,NaN,NaN,NaN,NaN
NaN,NaN,NaN,NaN,NaN,NaN,NaN
