NaN,NaN,NaN,NaN,NaN,NaN,NaN
144.426281000811,196.600217369128,220.42945053803,189.385564452008,173.939749197284,10.9283631542689,25.0331086731502
150.67157033808,203.036406010478,226.7501185856,195.615105623856,179.808195866028,11.279088224144,25.9842728968928
161.080323860117,213.807153115418,237.461268063206,206.033256685643,189.445121449025,11.9023409610408,27.5748714491596
160.774236626253,213.535520026892,237.335504254306,205.74013927002,188.978994788885,11.92655776747,27.5363763535644
159.985257255086,212.738680427452,236.606172375673,204.954838604576,188.167169113195,11.8979423828061,27.4195657319599
158.989139389727,211.732638710984,235.685361844206,203.963365251644,187.142206878867,11.8618143204899,27.2720876719547
157.336169828596,210.054806555309,234.123694331144,202.309038306561,185.466060117987,11.7946446083,27.0266407468547
143.084135294198,195.485010044944,220.252445329129,187.885096978887,171.252851456083,11.1313462613882,24.9077804729904
142.020133894257,194.395468122768,219.211054071448,186.797577921278,170.185348404512,11.0811169893635,24.7505650843875
127.387377977666,179.397796077315,204.879098959294,171.640065277123,155.289630905756,10.3978370511142,22.6098733710212
122.718283185353,174.601631290001,200.307423957054,166.456082967437,150.135196364684,10.201478789594,21.9700853760359
121.699238285338,173.548353575335,199.31758642926,164.798276086388,148.388068873729,10.1968570752841,21.9015915065098
122.271366463522,174.131052044758,199.88477701953,164.969467762896,148.470624266104,10.2549769236454,22.0431741335951
125.675066583043,177.625914004187,203.217698318115,167.769575066447,151.074124755739,10.4727838386649,22.6505832426651
132.01124363003,184.1468781139,209.38598055232,173.190965550404,156.183198147646,10.8655483485366,23.7657050357624
140.363418026888,192.808308952267,217.327532397116,180.235081121533,162.897675040557,11.4014908948474,25.3209534738107
141.283548990563,193.831250750111,217.981901956634,180.606393232507,163.270702648993,11.5007867623519,25.629471579892
140.199424975011,192.789238390231,216.680241960236,179.164408360166,161.90868383105,11.4822244924048,25.5995203163728
136.317784012724,188.917556914168,212.465619988294,174.840841128093,157.790104906325,11.33212519758,25.2101693532832
129.919781317475,182.517093387947,205.549790606114,167.816188050656,151.061818858437,11.0716987423897,24.5305231744883
129.084738294705,181.687617041841,204.622355050336,166.865545839849,150.146537529422,11.0405473206489,24.4522411558476
128.738114237092,181.349043371738,204.214028854848,166.437606462474,149.731366064341,11.0305484661796,24.4301163143671
127.382349936988,180.024766868712,202.616926557758,164.763790356204,148.107489595246,10.9914395537029,24.3435785522991
128.99816036929,181.839938088812,203.561748643851,165.37222611377,148.59985691628,11.1631717839085,24.8648727522654
131.441325936438,184.430656440566,205.591902570168,167.155832220671,150.246075516398,11.346191173889,25.3785611473715
133.195680390227,186.291654753618,207.018342424313,168.387158008917,151.374010588075,11.4833071328492,25.7461679985386
133.274246480688,186.375107727979,207.08122523481,168.440785142044,151.422884363455,11.4896079148969,25.7627781552605
134.723618536524,187.937069635998,208.057311953406,169.150216815836,152.024080848921,11.6337314421831,26.1187742021768
134.731567562698,187.967592896232,207.870407112299,168.861294021184,151.711921022267,11.6635563575032,26.1755271675093
134.541250322828,187.786664825441,207.528685394205,168.442847775229,151.282367059689,11.6768656653029,26.1900823187314
134.393224742971,187.645485193148,207.26646489233,168.122801151723,150.954072422995,11.6866804311252,26.2004270132956
133.16364839501,186.391573966277,205.72204610696,166.426722410858,149.259055147839,11.6727493962155,26.1128477337062
131.53365801617,184.705778744318,203.741780740597,164.275935790787,147.109073824979,11.6448003621688,25.9889270604277
129.745449935094,182.832109235869,201.556863869259,161.893997080102,144.708463788415,11.617341294588,25.8764172410473
129.382465842273,182.354588757252,200.013504218794,159.711363275641,142.274436792872,11.7883477365799,26.3767359629578
129.493417171632,182.465993647524,200.055609296563,159.715759102085,142.261330096612,11.8048649702986,26.426850241322
131.101669597488,184.200120700897,200.682563128741,159.844243926921,142.208310341194,12.0346401267918,27.1316992525962
131.153245169219,184.292543001813,200.53832228913,159.609857233285,141.95903909729,12.0652827271446,27.2282124310919
131.187887764316,184.354621777503,200.441437720809,159.452422947028,141.791607065379,12.0858649361461,27.2930389924258
130.979707091754,184.264118725072,199.719292360683,158.498175447853,140.819154635618,12.1472063781376,27.4919740985912
130.449007755676,183.845410127874,198.741739692081,157.319657882488,139.643769405492,12.1809036188847,27.6106986183567
130.084668383843,183.545182385776,198.128818774207,156.5939178181,138.922849380967,12.1956706399173,27.6663862210579
129.744357898175,183.261145029203,197.574133945635,155.938709542228,138.271488370039,12.2065822359516,27.7113749419102
129.393071120906,182.967946400843,197.001558447566,155.262368338049,137.599118519552,12.2178457719494,27.7578147180182
128.98700480772,182.627028614273,196.343901689298,154.486672491589,136.823351915619,12.229779440781,27.8115154246329
128.474778188914,182.210733825492,195.453411403604,153.419186096072,135.749322315425,12.2527572429399,27.9080538980757
128.065294918981,182.047883932925,193.985791812367,151.482555691425,133.746951279007,12.3719142673214,28.3333661101684
128.066824154899,182.051370304275,193.978414989108,151.47150005124,133.735209869473,12.3731972729721,28.3376527065925
128.229901126182,182.344280510117,193.538929383066,150.794017213713,133.014096565854,12.464057989729,28.6340467247114
128.231396249003,182.346694213211,193.536096256941,150.789533744622,133.009314722676,12.4647326729616,28.6362103536229
128.308779854783,182.583241805637,192.853491423797,149.837606184106,132.016102897069,12.5744009412624,28.9852837954128
128.29584673113,182.59083435612,192.741494605462,149.691938008557,131.866282961402,12.5875456714017,29.0271037172242
128.160730005431,182.553712280925,192.130584134684,148.920962366158,131.078871083468,12.646883016877,29.2166840304586
128.125168481993,182.537071918707,192.00250976038,148.760778916497,130.915513656234,12.6578025489182,29.2523081146684
127.642078945695,182.214317504437,190.71242951145,147.154411865209,129.275778164098,12.7388414747461,29.5420602484908
126.837193393061,181.547530233292,188.977514734515,144.810956672588,126.816778139461,12.7660260062683,29.848414985833
126.620869085883,181.335115094283,188.558142754004,144.170893709428,126.126554331627,12.7404136171591,29.8977424087609
126.617565532402,181.331618526921,188.550990357058,144.159034512103,126.113692432374,12.7396769629922,29.8985225538451
126.608647931986,181.32217990553,188.531683202403,144.127021837392,126.078973067678,12.7376884413771,29.9006284746865
126.456878911519,181.15655920284,188.168298394067,143.508298009442,125.410432497317,12.6954921138518,29.9406973658363
126.440547634163,181.13637406203,188.112697786687,143.406680698253,125.301675852722,12.6869907034854,29.9470137793716
126.126946546992,180.753810768371,187.118116464501,141.785563984539,123.664224354228,12.549898596167,29.9990799224991
126.055491133245,180.669401720943,186.912463218953,141.493866543526,123.391729700547,12.5283665786745,30.0022204427142
125.913380237954,180.489733515879,186.415623149845,140.783729684857,122.746745121397,12.4799190246969,30.020055093139
125.8825059141,180.446680781659,186.277754066464,140.585151765558,122.571508435396,12.4674771037168,30.0278783661125
125.873592016413,180.41819976138,186.157565799443,140.402009664124,122.423131808495,12.4585706371631,30.0426612474209
125.868824279894,180.373385649947,185.96197453808,140.094783905462,122.183031260254,12.4449179535199,30.0719319907709
125.873104113929,180.369057685954,185.941806768174,140.058091453213,122.158804255894,12.4438940635825,30.077628255043
125.875006010619,180.367134401003,185.932844501289,140.041785855161,122.148038123601,12.4434390616203,30.0801595929592
125.883858282437,180.35818257872,185.891130131127,139.965892360618,122.097927762737,12.4413212804251,30.0919415637721
125.888908047671,180.353076025072,185.867334230984,139.922599030034,122.069342382243,12.440113195306,30.0986625714211
125.792431039634,180.194922914225,185.689578392266,139.672149613561,121.896372990432,12.4300918382694,30.1066570583899
125.402641372545,179.409351003059,185.386997844165,139.135354442102,121.832392501214,12.3989472458577,30.1148670775915
125.39240362975,179.356347704311,185.398899994396,139.127702791868,121.884643948437,12.3973768458965,30.1186767950828
125.395458967163,179.2977319893,185.420372822229,139.121898173783,121.983019178465,12.3956287398588,30.1275951582718
125.399281495587,179.224397949069,185.447237447523,139.114636024101,122.106096293112,12.3934416868053,30.1387529101609
125.219729228218,178.913543874634,185.264839178068,138.895137726,122.148129658946,12.3768824197581,30.1254844730772
125.056157404646,178.59835805474,185.049550533563,138.643197262072,122.229288315523,12.3596487633489,30.1174021843587
124.960643633713,178.372479692496,184.87539386497,138.442715978423,122.330837013613,12.3474595298689,30.1173115146042
124.84211556102,177.578762369363,184.169396238993,137.668232264567,123.06252287648,12.3119241208536,30.1518438357465
124.682799149708,177.174977308792,183.817688478722,137.323185627283,123.17985868625,12.2922789602196,30.1282257882017
124.631449537111,177.005177512639,183.679380170169,137.189692687003,123.248471371926,12.2838684356502,30.1171177880406
124.539922124281,176.457724719727,183.25338608913,136.778766281005,123.536433814573,12.2550001061065,30.0791452561779
124.542617264636,176.443337455355,183.242372160352,136.767836494922,123.547511039852,12.2540964441983,30.0781298444249
124.592988511567,175.763206228833,182.5440140989,136.060449868778,123.639872905857,12.2020624072214,30.0123049309622
124.592070375065,175.749732967039,182.52480883227,136.040996801438,123.631199701339,12.2008692036047,30.0108571346296
124.609346717774,175.510339878611,182.150016971312,135.660468230179,123.470526770506,12.1794151857971,29.9900790761371
124.680857395836,175.408775304619,181.93231415851,135.43853121012,123.399419591151,12.1704292699228,29.9914440335423
124.685416388563,175.406421858661,181.925047413698,135.431144587177,123.398404885609,12.1702741191566,29.9919940750034
124.747746227159,175.374245912019,181.825697610284,135.330155828614,123.384531989468,12.1681529220424,29.9995141562016
124.75885259406,175.368512576639,181.80799476694,135.312160944771,123.382060019734,12.1677749522939,30.0008541369042
124.782650036467,175.356227846656,181.770063155401,135.273603582523,123.376763368011,12.1669650822975,30.0037252930509
124.931769337742,175.004289260853,181.163209975222,134.696040566234,123.345094357449,12.1642341012369,30.0433255704186
124.92223293022,174.939458703826,181.084611470541,134.624866816158,123.34465445811,12.1647778124814,30.0467572978885
124.901830449223,174.781073704856,180.897055696611,134.45640452231,123.365977225379,12.1692901908139,30.0603400915168
124.900361199275,174.763704347029,180.877671934307,134.439367847263,123.374257714364,12.1706297834589,30.0632089320468
124.894511586718,174.694550685418,180.800498203854,134.371538715471,123.407225319666,12.1759631836568,30.0746308181752
124.894490931149,174.682301813417,180.786248260829,134.358949610162,123.438469391856,12.1822936695495,30.0851069202007
124.894491034404,174.682007772491,180.785905840598,134.358647062603,123.439234411324,12.1824488138796,30.0853633919176
124.894491107224,174.681800397492,180.78566434566,134.358433688224,123.439773948164,12.1825582308096,30.0855442708958
124.850270916357,174.703502185151,180.78127342079,134.344189539328,123.536271837824,12.2199576657675,30.1357609538226
124.436943986076,174.569351868733,180.580340064589,134.123253083333,123.198640105844,12.2399707787086,30.1149141987827
124.217156365482,174.59197943475,180.521635385089,134.038948843764,122.975909007952,12.2597001944234,30.1059800032666
123.995972191147,174.751601787617,180.523887579676,133.98525389136,122.704299237795,12.3017883185269,30.1044394634332
123.963830209966,174.819478569783,180.543249743734,133.981961465584,122.653166745291,12.3178114982836,30.1080777627104
123.859006859668,174.811905740355,180.489173733725,133.901173291687,122.53738677798,12.3323125257741,30.1001795865539
123.559271551276,174.611490044319,180.237834249909,133.581072758865,122.239614553419,12.3527529513931,30.0679963686
123.38998587391,174.373534359562,180.014898979393,133.19156334934,122.057764648969,12.3795120812831,30.0704693495539
123.387782938064,174.355747786197,180.002733960085,133.159452630753,122.052472752108,12.3816819203805,30.0734815140154
123.404976617598,174.246536257031,179.941908123297,132.944765005195,122.039837691802,12.3950467161395,30.1015243626132
123.42333339496,174.205313530863,179.924452282872,132.857441739624,122.042702182449,12.3998820359144,30.1157067302355
123.34558948998,174.066439335422,179.816069786821,132.687250104259,121.958694518926,12.3952194727423,30.1117328536549
123.215465428108,173.829767699095,179.632403934079,132.395512139408,121.817441845322,12.3867844749108,30.1051927321622
123.074037069173,173.532652149068,179.412537546155,132.018821173309,121.666223857936,12.3725176410456,30.0977692798914
123.019238768616,173.229988712228,179.252720512926,131.683216411553,121.75433627936,12.3561358636036,30.0727604984382
122.797659756356,172.780402909683,178.990920374949,131.407652367844,121.969262548132,12.3354234759972,29.9653504077504
122.721823995967,172.642161537649,178.909523450022,131.329638573853,122.043261006666,12.3303308736676,29.9300156106431
122.679260306641,172.561673683413,178.864001261793,131.284074338936,122.093995066278,12.3276543126331,29.9092690274304
122.645062418537,172.486475466543,178.828017729927,131.241005483202,122.168188534999,12.3261640485349,29.8892775024791
122.522704016477,172.172687461781,178.709083098904,131.016873321965,122.615943077314,12.3239531703441,29.8073025129327
122.518168033656,172.156336710026,178.707029686903,130.995003196171,122.661306937569,12.3243113036717,29.8033994117044
122.511816764207,172.133442436795,178.70415450562,130.964380712078,122.724825277707,12.3248127608754,29.7979343011513
122.501246200849,172.095338972961,178.699369275491,130.913415009722,122.83054030748,12.3256473475966,29.7888385923595
121.721037444679,171.568570875284,178.086578073592,129.956202168957,123.226006767219,12.2785921134323,29.6571548411796
121.683550738036,171.680663052712,178.113114575616,130.065163359886,123.534729390098,12.2788794262166,29.6358501949761
121.646530118348,171.743417408571,178.123777866268,130.154514646873,123.740790767168,12.278625498981,29.6155523593521
121.547851537645,171.732923947344,178.080355054886,130.225119275472,123.892257164926,12.2745998078799,29.5782185682147
121.324550973301,171.750299237195,178.037070974199,130.551631783082,124.403000254627,12.2691065362419,29.4697707893324
121.160278339485,171.908276372534,178.247345507485,131.412930999762,125.414869935982,12.2801169370376,29.2980965492632
121.146727355035,172.089064961009,178.611914076521,132.234678695264,126.2754141686,12.3014495754027,29.1684802519156
121.154683619445,172.138781193131,178.731071340957,132.452464851925,126.495694664132,12.3083603423556,29.1359246321418
121.160669933082,172.176187812992,178.820725570657,132.61632771171,126.661434270847,12.3135600210385,29.1114297007835
121.163257763426,172.19235836332,178.859482299784,132.687164174104,126.73308203431,12.3158077960619,29.1008407589922
120.90931838751,172.168326398098,179.480501696093,133.788296535322,127.823322787595,12.3444764872804,28.8179664649761
120.75877088624,172.204250269705,180.280533273482,134.72845882858,128.787183079384,12.3837547544467,28.5535519869292
120.802496744616,172.366720445935,180.991661803654,135.382166830351,129.558614636138,12.4244669727833,28.3877854527397
120.830581314503,172.422405826731,181.180849410816,135.548592218743,129.770782704609,12.4360488344897,28.348694028557
120.747736592634,172.435185046128,181.784330857009,136.082497379757,130.600401032188,12.4728105036139,28.1328011328157
120.762039247553,172.478742269028,182.495550088233,136.847691636944,131.897239423917,12.5220527481059,27.9078405049052
120.927956300289,172.57321828748,183.173411351742,137.724228419006,133.29288318098,12.5701522098942,27.778863505225
121.000510102849,172.603488100464,183.408338969526,138.050260679448,133.796139015164,12.5864177911215,27.7470440721727
120.975393704923,172.436503307816,183.78571447774,138.700473947557,134.889822765729,12.6095216236509,27.6449644084687
120.96130338173,172.39983365872,183.830335569844,138.787285148525,135.041535000128,12.6120160222873,27.6288935763195
120.926118293861,172.262269740478,184.018431607126,139.14918703618,135.658743588565,12.6213886931335,27.5780489402425
120.900256815831,172.084878773573,184.311334624558,139.693274462931,136.577730401511,12.6353951602594,27.5116361635464
121.000668341824,171.806428508977,185.303961525674,141.364301999645,139.368301070422,12.6777961436617,27.3188140567827
120.892190535828,171.603187087518,185.513406868711,141.799455870318,140.179737531037,12.6775490811119,27.1937085589963
120.858364932298,171.522465649156,185.683826029003,142.102306082306,140.69641902098,12.6782922543452,27.1105893128217
120.841849145301,171.483052366231,185.767035381027,142.250176602597,140.948695419405,12.6786551182572,27.0700052693194
120.936919291657,171.451503764864,186.623362392828,143.510008140104,142.715432649012,12.6906256346513,26.7892971551989
121.105340920306,171.519507320616,187.406902080175,144.572986150658,143.994904647067,12.7056268227544,26.5962557184074
121.098189963336,171.180160121386,188.912733294592,146.75749738066,146.352533387154,12.7126639183445,26.114168913118
121.13975358591,171.114465958492,189.35453517322,147.383131123927,146.989834027783,12.7189288665413,26.0039382290735
121.216121072433,171.057218603587,189.906190917448,148.157226263524,147.783830586108,12.72918603403,25.8789181977167
121.304166361774,171.022037141017,190.418062189952,148.870015979744,148.52117207833,12.7403765308724,25.7714294699036
121.468801775543,171.007355020633,191.186563009268,149.92547192581,149.651729112198,12.7600681140241,25.6226170239405
121.412895104705,170.718088182943,191.931272458521,151.029493832671,150.956099740615,12.7616544604603,25.3673466131636
121.522489624811,170.487965798945,193.517936637301,153.004140307935,153.49260848533,12.7567086375174,24.9255436331556
121.656071219486,170.491158563506,194.400339890983,153.949915989524,154.739012416014,12.7505244101438,24.7255187639721
121.662740011945,170.402103103156,194.98411880766,154.557251458301,155.570921434638,12.7367021795454,24.5597106300073
121.596460332518,170.211440851595,195.665617358149,155.256129236722,156.559028820915,12.7128094683975,24.335371719816
121.592278736703,170.193882086954,195.741388352554,155.332952535161,156.667205749369,12.7105410211745,24.3120439096172
121.723042837471,169.861667386275,198.367211518257,158.350405263812,161.253829024508,12.7549231337338,23.5814884245575
121.657388847537,169.718934103717,198.749926336939,159.325151864393,163.389436959913,12.9353772669457,23.4400400238508
121.71083027845,169.780652784503,199.012129988903,159.827533747915,164.403178729329,13.0549944570684,23.450333422226
121.689212327271,169.769883957621,199.182924859395,160.133440073544,165.018956506598,13.1342240978635,23.4577650866396
121.645753624397,169.729523518752,199.211308457016,160.19831895439,165.169512086346,13.1556468225388,23.4550251346752
121.573680896594,169.662589010074,199.258380347574,160.305915307023,165.419196283087,13.1911746708689,23.4504811469567
121.337798181268,169.454933606246,199.618459814089,160.833650825705,166.417046501499,13.3326967804751,23.4513244111192
120.655593442078,169.063991543,200.380217229399,162.207796488162,168.571262995834,13.6970669285575,23.4952574078754
120.544846039166,169.085735899185,200.326950401967,162.366028468324,168.727580419258,13.7565275078901,23.5228516427267
120.508240741674,169.128557159425,200.319742704133,162.471183604416,168.805341063197,13.788085652018,23.542124023098
120.380707429747,169.234894650349,200.36267143086,162.769665130591,168.907087816567,13.8580047579108,23.5821681437257
120.355401550916,169.228409208006,200.356883868345,162.781937834225,168.898666879617,13.8618222134701,23.5822503553828
120.217333137631,169.193024752888,200.325307032839,162.848897481378,168.852722401224,13.8826501813654,23.5826989006848
119.880770676163,169.225115669953,200.515986444532,163.264585049825,168.783505293055,13.9479043972398,23.5942519514536
119.679725977972,169.343004079492,200.833142370457,163.714333946255,168.796048809255,14.0005885737283,23.608110217275
119.568088434899,169.448820900376,201.086193969533,164.042906665544,168.827293025397,14.0356330782638,23.618170387348
119.310368908095,169.676700388871,201.637224079291,164.742009130198,168.88582586702,14.1066268041162,23.6273182984603
119.049035178091,169.681436406652,201.811777055071,165.002821627326,168.80077177071,14.1352737386484,23.6087310535547
118.893020113513,169.704384777048,201.932084978379,165.181244289271,168.754090841803,14.1554336471117,23.5985559741423
118.549960917904,169.795406851679,202.235878928672,165.628972063152,168.663780102819,14.2071215863159,23.5782987857998
118.53167973901,169.803117892818,202.254960751648,165.656914199745,168.659912467843,14.2104168923487,23.5773733469838
117.6097658195,170.163417639685,203.230512094632,167.106268316758,168.395181560911,14.3999974769988,23.4826965866421
117.490423887486,170.2047571502,203.390187572182,167.30159719199,168.322317961221,14.4277377631212,23.4534082016766
117.417669156605,170.293239317745,203.600824759975,167.530594358259,168.274858836863,14.4585356417482,23.4250693975102
117.186439685755,170.548025987672,204.174425016707,168.064697030613,167.952493960696,14.5465737771931,23.2857717751911
117.079379678768,170.669913361051,204.375029534689,168.157109162966,167.551347093676,14.6004454762934,23.1588724142301
117.097307367605,170.700293387813,204.408718567138,168.172209541967,167.515377856876,14.6089563700169,23.1456986777572
117.117699629842,170.734849848388,204.44703893238,168.189385815565,167.47446382072,14.6186372819432,23.1307139080399
117.189871714879,170.688862312098,204.458678062687,168.087632350855,167.139181187174,14.661497856296,23.0323508492093
117.205126495551,170.524444846069,204.383134349759,167.973698831458,166.910000026499,14.6779030585559,22.9815014716776
117.387886880915,170.526872584631,204.570010573772,168.189865689812,166.777567566036,14.71672588059,22.9715108399883
117.288939567215,170.444199418884,204.518759554449,168.160445906429,166.611330296548,14.7160269116461,22.953578922655
117.140767935463,170.369793873983,204.468108879514,168.129373369561,166.322651031251,14.7163744004897,22.9286917307719
117.11309594908,170.359297370039,204.460445403902,168.124463808937,166.266003475556,14.7165352374469,22.9241791474138
116.961670506161,170.471741477502,204.498350222528,168.052366034358,165.634559988221,14.7268730165881,22.8910369241247
116.956467658643,170.493577522172,204.507607324816,168.038319556506,165.566844606191,14.728481289732,22.8881327515751
116.812993508953,170.537551777577,204.429727430178,167.656185262497,164.788621867759,14.7315589924111,22.8352294674617
116.507811840835,170.3507831063,204.104579968905,166.653427700129,163.424791518864,14.7217336895464,22.7247866221834
116.273521593573,170.207404573421,203.909540415467,165.692926784113,162.33174897739,14.7327115701619,22.6372752057417
116.269494635004,170.204886901588,203.906640008611,165.687481370755,162.326058545855,14.7327390481275,22.6364867278103
116.196355263792,170.234878617599,203.868169654543,165.715351701276,162.374077084544,14.7484287787243,22.6178327199355
116.203285438106,170.247832047681,203.873687003867,165.739074732967,162.401431418581,14.7502742462714,22.6183904722482
116.325752197803,170.377121451119,203.852757459658,166.222088575392,162.987337666705,14.7746252687904,22.617805015132
116.576590064501,170.270685608522,203.571899080289,167.306098294467,164.418096606379,14.8046594808631,22.5928132368125
116.904540252156,169.776979880364,203.308264211984,169.092678958416,166.776856867939,14.8489700651296,22.5914956364251
117.371823661833,169.328885309061,203.064733232155,170.474248913187,168.625793165312,14.8878298670478,22.6275734999378
117.491684178452,169.151917835742,202.896404572337,170.713336232482,168.928617360872,14.8921306417135,22.624980008741
117.55339115735,169.105451796682,202.855791185663,170.819717365286,169.044328950036,14.8952022608353,22.6264306976481
117.840890071226,168.952986096968,202.842385256189,171.480861119487,169.556665017862,14.917055131432,22.6410980038292
117.703191986136,168.505486553362,202.805988028038,172.112717627225,169.718275555034,14.9186103856549,22.6144350660043
117.722893517548,168.495083290883,202.873229684652,172.262939756994,169.775271089584,14.9223426617177,22.6196412477228
117.744017720193,168.487437324478,202.941340246913,172.410976748878,169.831951535469,14.9261145986875,22.6250892430536
117.866468257884,168.550806949179,203.168067555774,172.800405072447,169.990546329722,14.9392037751476,22.649495577164
117.821183911674,168.468446499779,203.156833345572,172.870851140772,169.898071510528,14.93504025384,22.6428568838683
117.81321359854,168.455587008429,203.152868613579,172.877357312505,169.882925570461,14.9342948526939,22.6416244535651
118.234559929816,168.863486989598,203.144269607925,172.986703602475,169.542290705667,14.9517880147621,22.6937496944396
118.259007549053,168.950671888443,202.820184164089,172.72508216169,169.261907090456,14.9495006494065,22.6963891039354
118.259954752516,168.989830425928,202.637522076538,172.583102854683,169.149077501592,14.9478972850673,22.698926270924
118.366580376026,169.18958224213,202.196737165241,172.248961099539,169.0303143761,14.9477160082902,22.7294271374982
119.061610495318,169.741463059634,199.602851368816,169.190971478224,168.100143188808,14.8664098625904,22.8546445659448
119.075443419618,169.751267513351,199.580928557184,169.159276048813,168.089000911586,14.8659547451346,22.8562398798131
119.170521413334,169.818656575026,199.430246250152,168.94142349841,168.012416572604,14.8628265812222,22.8672049685135
119.267124056958,169.885879390874,199.266665269293,168.707356171235,167.926718997375,14.8592284187076,22.8780704411947
119.590837902633,169.95936023738,197.463312242061,166.603141132816,166.674666899678,14.8023238016248,22.8673898744261
119.800767883358,170.081077429846,196.978543300237,166.174633344722,166.401501473397,14.7926251954829,22.8744822048815
120.187806361542,170.260895710747,196.006869242921,165.60189676543,165.959252116592,14.7646616381622,22.8796155459864
120.545238762473,170.385142162274,195.319256082196,165.640788728725,165.851681700171,14.7246382461407,22.8993977716347
120.607137326291,170.427164050456,195.322734198744,165.718552936242,165.897243437404,14.723104688377,22.9089025566125
120.797150865645,170.592669205945,195.587337677949,166.252854202931,166.135816079019,14.7171463236629,22.9628502329166
120.760312830006,170.602209275551,195.760244398578,166.485011538433,166.154642183141,14.7126703461033,22.9780844607951
120.748268968064,170.734453268415,196.206782392378,167.000504718698,166.212570759825,14.7172024995528,23.0153228545477
120.75960570868,170.79532405751,196.346893031737,167.165267007397,166.231511909003,14.7206810064947,23.0271755736275
120.793430789236,170.924859260503,196.609603993563,167.4932416388,166.268932217882,14.7285140641023,23.0497667092448
120.806846570216,170.966957162684,196.686128340701,167.594174374583,166.280372367399,14.7311673185759,23.0564512550133
120.83094394145,171.044464629385,196.827623947268,167.781345831578,166.300777677742,14.7360420260741,23.0687393343663
120.487305333068,171.003888569853,197.08445766594,168.563141521378,165.96610779821,14.7349986895749,23.0480948814636
120.453810059833,171.056182456912,197.273955064348,169.011563726026,165.989863284128,14.7492066964378,23.0550316747507
120.479868841354,171.156133969603,197.618473871743,169.657569263404,166.136915045478,14.7820379579929,23.0817354664459
120.397359662336,171.091971465508,197.64667198666,169.745945513048,166.092446255504,14.7871132698806,23.0783664100088
120.194457152717,170.973145970097,197.853435133728,170.03249230948,165.933839584476,14.815770539786,23.0919134287985
120.169598810805,170.977941341274,197.935454178976,170.10102830394,165.885154888998,14.8260025798881,23.103047950407
120.17399398327,170.997835602071,197.976127534983,170.126413794995,165.858202226068,14.8309376879366,23.1108688129746
120.283223304724,171.177195941207,198.153520609374,170.225358276567,165.055600893814,14.9119658766664,23.2834841906284
120.290789339333,171.178594008888,198.157719198473,170.235274885244,165.064523160168,14.9135254208227,23.2862569785933
120.46418611017,171.114522565648,198.250586059048,170.502001958515,165.493216830821,14.9544071156651,23.3483526546769
120.455975854292,171.062341867418,198.229130656515,170.509326019268,165.541895720685,14.9584995407773,23.3525408562753
120.532547009571,170.682923109087,197.920561927974,170.423198208329,166.106098675455,14.9926011621634,23.4134479900001
120.716342050326,170.433104635665,193.002289320525,165.260005814349,162.131757319681,14.5699246865772,23.3648130394705
120.770639689173,169.532945554105,190.41114687517,162.744319878165,160.059625117979,14.30783737704,23.2834238057003
120.774783961791,169.245854306265,189.913561020731,162.286763216356,159.716427421334,14.2581711862336,23.2622145136271
120.806400883551,169.048955635285,189.627674599123,162.034965243279,159.54761280282,14.2299169346278,23.2503286450201
121.359488633629,167.697378478175,187.932024303264,160.610007678188,158.723531528002,14.0717704805698,23.1810467380108
121.687384675164,166.204292331392,185.949808821348,158.734563216947,157.241001313019,13.9328267456817,23.0266109299868
121.691739336506,166.192802757763,185.93108882823,158.715650383917,157.225238685899,13.931673834342,23.0252925763497
122.158354879394,165.284191743984,184.27035085308,156.984384858591,155.829526979307,13.8345554299186,22.9290821830538
122.299414422732,164.136274662594,182.424408669892,155.069832403581,154.429451700616,13.722878385413,22.8224879629099
122.895979944249,161.961061356467,179.223605364279,152.639302450686,153.597265913524,13.4997103741919,22.725330348225
123.402689449479,160.328352969397,176.847121422292,151.476356895118,153.301527199451,13.3813959218197,22.6586967915611
123.444421142588,160.218423998349,176.695370286175,151.399280665,153.275013360772,13.3769570114874,22.6559801762098
123.516446011339,157.508214579057,173.497612581952,149.325627161781,152.117936003213,13.283607293786,22.5143997963501
123.612303188258,156.723042115324,172.597127700156,148.69621231417,151.821523854497,13.2459766522723,22.4732177452857
123.655909159577,156.61602630903,172.458084422996,148.600196190303,151.789593680399,13.2344884870112,22.4662337638608
123.662019916965,156.448491388061,172.234445325882,148.425819147993,151.694666899698,13.2071588696243,22.4438875107001
123.642199941404,156.390880424511,172.155437911466,148.357368886737,151.646174387792,13.1944651522759,22.432178084929
123.623650034987,156.336961186357,172.081493312534,148.293304935869,151.600789288551,13.1825848516076,22.4212190021801
124.175020281358,157.827666988316,172.498300376463,148.221779111199,151.355539664705,12.5611287705927,22.1527768326405
124.177645968892,157.840287455952,172.499853575469,148.212913303681,151.347110319597,12.5520680952925,22.1498675275321
124.226580759049,158.183569947195,172.552673416938,147.996479381597,151.215122463067,12.3535599110876,22.1258465529814
123.649288832074,158.365315898885,172.208817915868,147.278028266807,150.669142158627,12.1076090096063,22.0949017796534
123.653137850911,158.643297665066,172.221649538502,147.153287487418,150.624169084518,12.0224866632432,22.1136434879244
123.551676394379,158.828920776748,171.959487507842,146.686668006312,150.303268163456,11.8547908594901,22.1027257015477
123.551443504658,158.829107855861,171.958575863964,146.685310691787,150.302282919838,11.8543538460596,22.1026661384483
123.606725665547,159.124325056912,171.516396209508,146.012823189523,149.835242492657,11.5860116845738,22.0998506052133
123.631821084126,159.198132938062,171.482815474328,145.956380660625,149.796200591581,11.5516605202932,22.1051924558544
123.358783200911,159.18888492632,171.161693892536,145.575362224262,149.41437319806,11.4293078508149,22.0795198513778
122.944833733982,159.631787363085,171.080896597183,145.25957552237,148.801187073209,11.1409994862309,22.0539835772517
122.856021432116,159.576711475962,171.047835897516,145.070984693555,148.457007876566,11.0326559623072,22.0128514868783
122.892474256928,159.576446110297,171.085659902309,145.022786372439,148.331032404958,10.9835644428311,21.9992326597367
123.162764546374,159.662659548638,171.330302145624,145.022149941494,148.107241598298,10.8600337535074,21.981766649638
123.560623039309,159.81080115977,172.235631974382,145.464205511725,147.704833106928,10.5607463444034,21.9454416502269
123.56875108547,159.846196220415,172.390218091971,145.596697815147,147.707476550728,10.5299413053768,21.9451645744962
123.571572728679,159.85848358081,172.443882510231,145.642692387609,147.708394219636,10.5192473664603,21.9450683879295
NaN,NaN,NaN,NaN,NaN,NaN,NaN
NaN,NaN,NaN,NaN,NaN,NaN,NaN
NaN,NaN,NaN,NaN,NaN,NaN,NaN
NaN,NaN,NaN,NaN,NaN,NaN,NaN
NaN,NaN,NaN,NaN,NaN,NaN,NaN
NaN,NaN,NaN,NaN,NaN,NaN,NaN
NaN,NaN,NaN,NaN,NaN,NaN,NaN
NaN,NaN,NaN,NaN,NaN,NaN,NaN
NaN,NaN,NaN,NaN,NaN,NaN,NaN
NaN,NaN,NaN,NaN,NaN,NaN,NaN
NaN,NaN,NaN,NaN,NaN,NaN,NaN
NaN,NaN,NaN,NaN,NaN,NaN,NaN
NaN,NaN,NaN,NaN,NaN,NaN,NaN
NaN,NaN,NaN,NaN,NaN,NaN,NaN
NaN,NaN,NaN,NaN,NaN,NaN,NaN
NaN,NaN,NaN,NaN,NaN,NaN,NaN
NaN,NaN,NaN,NaN,NaN,NaN,NaN
NaN,NaN,NaN,NaN,NaN,NaN,NaN
NaN,NaN,NaN,NaN,NaN,NaN,NaN
NaN,NaN,NaN,NaN,NaN,NaN,NaN
NaN,NaN,NaN,NaN,NaN,NaN,NaN
NaN,NaN,NaN,NaN,NaN,NaN,NaN
NaN,NaN,NaN,NaN,NaN,NaN,NaN
NaN,NaN,NaN,NaN,NaN,NaN,NaN
NaN,NaN,NaN,NaN,NaN,NaN,NaN
NaN,NaN,NaN,NaN,NaN,NaN,NaN
NaN,NaN,NaN,NaN,NaN,NaN,NaN
NaN,NaN,NaN,NaN,NaN,NaN,NaN
NaN,NaN,NaN,NaN,NaN,NaN,NaN
NaN,NaN,NaN,NaN,NaN,NaN,NaN
NaN,NaN,NaN,NaN,NaN,NaN,NaN
NaN,NaN,NaN,NaN,NaN,NaN,NaN
NaN,NaN,NaN,NaN,NaN,NaN,NaN
NaN,NaN,NaN,NaN,NaN,NaN,NaN
NaN,NaN,NaN,NaN,NaN,NaN,NaN
NaN,NaN,NaN,NaN,NaN,NaN,NaN
NaN,NaN,NaN,NaN,NaN,NaN,NaN
NaN,NaN,NaN,NaN,NaN,NaN,NaN
NaN,NaN,NaN,NaN,NaN,NaN,NaN
NaN,NaN,NaN,NaN,NaN,NaN,NaN
NaN,NaN,NaN,NaN,NaN,NaN,NaN
NaN,NaN,NaN,NaN,NaN,NaN,NaN
NaN,NaN,NaN,NaN,NaN,NaN,NaN
NaN,NaN,NaN,NaN,NaN,NaN,NaN
NaN,NaN,NaN,NaN,NaN,NaN,NaN
NaN,NaN,NaN,NaN,NaN,NaN,NaN
NaN,NaN,NaN,NaN,NaN,NaN,NaN
NaN,NaN,NaN,NaN,NaN,NaN,NaN
NaN,NaN,NaN,NaN,NaN,NaN,NaN
NaN,NaN,NaN,NaN,NaN,NaN,NaN
NaN,NaN,NaN,NaN,NaN,NaN,NaN
