126.035969378831,157.504155506965,179.365241738782,153.187236479719,160.147555339191,13.4688825914399,14.9269537145468
131.220424775193,162.301907492511,184.106357389059,157.99016573286,165.290032229724,13.849729992526,15.5123798103463
147.268233630913,177.129499241602,199.393365667299,173.47832829416,181.737583006957,15.0151732126282,17.3251494561562
144.39206291353,174.433043358743,197.259824349336,171.320269270985,179.316718458311,14.7902430378309,16.9989492913335
142.16982180397,172.351699803072,195.397698440062,169.436288068567,177.262653613157,14.6198853387839,16.7456439748277
140.668130339856,170.945275896717,194.13357573826,168.157317747959,175.869640389591,14.5048580595829,16.5744371631997
138.713237516838,169.114401801498,192.487948486441,166.492361956199,174.056224239738,14.3551162464774,16.3515611761533
117.4671985481,149.041214211595,174.043951922072,147.84674877519,153.924140523751,12.7012785019713,13.8959276476998
112.123551379833,143.824361722221,169.132590119276,142.895471607159,148.693788128026,12.2545742732575,13.2453320275261
110.613730584856,142.298603022624,167.672397130584,141.427139649153,147.175659474206,12.117952754488,13.0505039310192
110.862849356617,142.197997009282,167.424723999149,141.200587053097,147.173455509602,12.0636408819755,12.9999834762109
117.0090495683,147.388961179802,171.898340566045,145.76097371102,152.627026681473,12.3795382248245,13.529110627647
120.147073019761,150.139418837994,174.286815953051,148.186829412124,155.479474089082,12.5539350269411,13.8104833473002
120.453823725316,150.408283886424,174.520296206305,148.423963697256,155.758308925207,12.570982809701,13.8379883298514
122.254605426966,151.986816942644,175.888030552106,149.813127243535,157.395007828432,12.6704091831057,13.9984801491069
126.213202761141,155.462186253774,178.797158124716,152.768631598637,160.98612688603,12.8671220852228,14.3185972408735
127.744983547489,156.794218627507,179.829012302754,153.818773002353,162.350238656191,12.9233920601409,14.4150656162153
129.110096230567,157.916869473333,180.329958887929,154.338589525816,163.440394766618,12.8850000612701,14.3798949807781
127.479138402091,156.346651252073,178.324578253413,152.32084758727,161.685712671569,12.6314889002636,14.0147110821803
117.994867167328,147.531886288917,168.857049998637,142.741457924891,151.829968131575,11.5569236471229,12.4550634772115
117.031367326599,146.559889041546,167.739840624483,141.514159045353,150.154906452976,11.2667663363101,12.0844054489305
117.218772031986,146.72562179724,167.903136588557,141.665503344872,150.27321521721,11.2655230518044,12.0884116268217
117.728507383488,147.180198480227,168.356329557568,142.090721726655,150.626955412423,11.2709719925413,12.1097382991031
118.279018818906,147.671138850598,168.845775524296,142.54995528978,151.008992918861,11.2768568192022,12.132770990353
119.446802061385,148.718666613747,169.902030776061,143.540257100102,151.848367817405,11.2976831251819,12.1917137173712
119.712626716445,148.959071287722,170.148226457169,143.770843393978,152.048699821478,11.3050916146108,12.2083554763738
120.018520473455,149.235713380639,170.431532465173,144.036187132439,152.279228887193,11.3136168233228,12.2275057323325
123.76333776533,152.635076691193,174.020292669057,147.297362405439,154.964543304692,11.3935661535307,12.4374982166234
123.99572388802,152.853106448153,174.273013904338,147.493071073864,155.070044743995,11.3859963324394,12.4370844957636
124.445566682975,153.275158824255,174.762220512322,147.871915272399,155.274269771627,11.3713430070275,12.4362836331917
123.19760568171,152.343010938216,173.871582670546,146.50014091809,153.208036178286,11.0992041608448,12.096348015947
122.290199857417,151.646781168548,173.046884258117,145.54296466923,152.085638102141,10.9814049607671,11.935759108516
120.329331746053,150.235312404555,171.150508054434,143.409712114856,149.694469621718,10.7372139583366,11.5986792696736
119.605260989356,149.834999784373,170.378476581996,142.546449989377,148.755180814333,10.6368538719619,11.461828498121
119.263598163759,150.570095782114,169.696824180618,141.677194935105,147.780985688433,10.47589634522,11.265703723717
119.740580252047,151.513512566214,170.045038135314,141.965238246243,148.026422191294,10.4568950127036,11.2582298627377
119.930866336799,151.851534084283,170.220233084374,142.120436386447,148.157296433768,10.4546104400925,11.2615786632603
120.500889580566,152.864115337633,170.745049143759,142.585349768956,148.54934486084,10.4477667473856,11.2716103696727
121.150651056429,154.370220488226,171.542862027585,143.24322084744,148.965817081127,10.4125763803905,11.2538868597983
121.157281917592,154.410614302714,171.56186611984,143.255721489798,148.966051508114,10.4100641890651,11.251333388219
121.184462774152,154.576194376026,171.639766635767,143.306963426326,148.967012458152,10.3997663543814,11.2408663398192
121.216433620535,154.770954061991,171.731395294427,143.367235554891,148.968142753145,10.3876537673472,11.2285547191117
121.244434242413,154.941527973562,171.811645263214,143.420022930661,148.969132685107,10.3770453534991,11.2177719881197
120.891270902052,155.809032521765,172.010344963641,143.355471179615,148.422373025424,10.2490064938921,11.0628691098028
120.625621444286,155.919558706574,171.921734551922,143.178290391178,148.096658676201,10.1994988472277,10.9977286389898
120.48314786316,155.978836303037,171.874210861158,143.08326448129,147.92197098759,10.1729468197071,10.9627923879204
120.273718093202,156.039902488872,171.770291339168,142.914689222138,147.65814171376,10.1359630996626,10.9130162346664
120.1917845286,156.059900219488,171.724549532583,142.844424713686,147.553873702419,10.1217998474227,10.8937784162902
119.292617517566,156.221175890594,171.095443168708,141.964594144891,146.377197591437,9.972454288159,10.6880505392672
119.253258876314,156.22636357345,171.063816526617,141.922584489625,146.324649384671,9.96611288435193,10.6792188801353
118.995759200804,156.363875097759,170.779567285373,141.553545537713,145.910457521988,9.91460314457238,10.6082761707965
118.98906866556,156.368038447393,170.771740859693,141.543419933537,145.899294368173,9.91320765168393,10.6063578526174
118.925909314408,156.407340902562,170.697858584248,141.447833173059,145.793913030795,9.90003405313597,10.5882487287456
118.77248434908,156.717200157211,170.404976874453,141.066524964695,145.414802269873,9.84630137979953,10.5173896229028
118.7386146878,156.850062816561,170.306222836445,140.937515567177,145.29409235587,9.82790549635506,10.4936683740308
118.959112161792,158.167226421438,169.9451466731,140.411495501459,144.91693117377,9.71387364493573,10.3711810258381
118.936317351862,158.321246122003,169.865818834548,140.304795156259,144.820910833604,9.68999298895143,10.3459792721371
118.229285362247,158.984296539958,169.09724588003,139.278335891252,143.704176351122,9.47595645138599,10.1084497988333
117.925233220298,159.079566317768,168.84682911668,138.938458513486,143.299735296533,9.41202507715626,10.0338096260269
117.62961861413,159.206146359763,168.58397483598,138.578768238495,142.875476725556,9.34997532267917,9.95968949329157
117.235043578974,159.30091096495,168.183945107103,138.069001950414,142.303737511288,9.28016430916551,9.87247938626371
117.196415515969,159.306822063188,168.142945690629,138.018153773356,142.247833453982,9.27386324987539,9.86443770330371
116.594645862827,159.457842519088,167.285235349226,137.021342920453,141.234600093323,9.17462318766301,9.73292717875851
115.946502608737,159.840645335969,165.410419686701,135.090913905525,139.539408130527,9.00005710239999,9.50551738372102
115.797667896473,159.836281749656,164.98736573929,134.670682764719,139.179572598542,8.95416743387045,9.44810958827026
115.766933892902,159.837625081523,164.891146458455,134.575017769449,139.098716747438,8.94312490749761,9.43446422763919
115.603941934041,159.887844703836,164.252242432277,133.930993629029,138.568597036626,8.86181656253535,9.33484411930567
115.529083285721,160.085197553706,163.479711881681,133.113653828354,137.943644090849,8.74274860644963,9.18665574684716
115.531077094761,160.168280925406,163.264128526697,132.876180193333,137.772694451035,8.70650051874968,9.13990579421063
115.186684505291,160.10474312574,162.240159395301,131.775621006648,136.90465998226,8.56883391607891,8.94656642437401
115.130548329206,160.093892521565,162.077811808264,131.602948403225,136.771300803369,8.54765310761891,8.91573749834342
115.01919537504,160.092685542323,161.730171432537,131.244343108881,136.503841997014,8.50121851766277,8.84674554635145
114.912816349342,160.11661216976,161.372748247732,130.889412380531,136.247279610675,8.45113240609795,8.77169020975265
114.826917239674,160.186464405844,161.04218326302,130.5885075732,136.041624094827,8.39877902114648,8.69338681205947
114.440543759775,160.318964963023,160.33644748493,130.138587902371,135.67462898843,8.24343298166559,8.47692532664717
114.409298542542,160.330744497561,160.301274727781,130.130481384083,135.662110193151,8.23129273908925,8.4612439672946
114.40682534409,160.331676900315,160.298490647007,130.129839716965,135.661119274608,8.23033178468364,8.46000271768522
114.35835842856,160.349949063418,160.243931415204,130.117265058444,135.641700385989,8.21150009895439,8.43567812702915
114.333547131633,160.364170288041,160.2172867535,130.115292700617,135.634691264096,8.20071035898648,8.4219331489268
114.454636058053,161.430833525529,160.500984853225,130.905355722374,136.135403479386,7.96979307634499,8.15970543925551
114.451761691808,161.456266045831,160.502167650793,130.916686535657,136.136697265612,7.96160345533536,8.1501548828384
114.445664228703,161.562879107887,160.508181384217,130.961241050507,136.142182632926,7.9283617988657,8.11138208772965
114.685704620269,162.328879030456,160.588083366181,131.135613318772,136.1793173419,7.7336192624844,7.8843317018634
114.711542124959,162.384912287697,160.594226323516,131.144017248456,136.181624793986,7.71993591206991,7.86846453331534
114.713283524518,162.388688824581,160.594640347367,131.14458365762,136.181780311947,7.71901367980864,7.86739511579063
114.732205631097,162.429724802251,160.599139144553,131.150738278783,136.183470175377,7.70899267282624,7.85577478875122
114.810744175696,162.596262479755,160.618177202188,131.175841799628,136.190136708414,7.66741625826439,7.80787065249643
114.915401267783,162.811339013858,160.644206582451,131.208494881186,136.198392311017,7.61204406337581,7.74462747234888
114.931913330048,162.897881651178,160.623571081944,131.193345081641,136.163598550294,7.57484908259489,7.70161406853842
114.91893407869,162.907984266364,160.603047331415,131.175104052935,136.1373421885,7.56182253781333,7.68636446350887
114.860027237603,162.953835381416,160.509899485084,131.092316429085,136.018176661219,7.50270105366739,7.61715353328104
114.709970768731,163.071253302899,160.361270456667,130.984522133406,135.799411991579,7.37135188658928,7.46809943369015
114.624467419775,163.167788257711,160.340565421949,130.99697237429,135.727247684058,7.30372523109436,7.39431284920298
114.464256638476,163.518311533335,160.477662741779,131.213553090673,135.70151810059,7.1826041206058,7.26599264672319
114.272920507403,163.729093199366,160.574918413714,131.351923887101,135.647688179748,7.12589599608109,7.2024638561033
114.179048565444,163.758776502346,160.575384679536,131.361896391458,135.597821751188,7.11081681733382,7.18394468191149
114.119824096012,163.778656383906,160.576379281833,131.368745176268,135.566348261257,7.1014490330457,7.17234618440399
114.071717843011,163.816322819079,160.590265366067,131.384709480041,135.540551599211,7.09656173446889,7.16451925604846
113.845083086493,164.11481534318,160.717756062423,131.510605211232,135.403281424608,7.08286440563962,7.12856188977883
113.84298934775,164.120343412894,160.720354611892,131.512928420593,135.401653028958,7.0829513563362,7.1282506748645
113.837188992542,164.28932031819,160.803809007204,131.583477967256,135.371991496692,7.09330898581904,7.12572168444164
113.997752296879,164.717506458376,161.028359497772,131.7676518207,135.35121025325,7.14137274178268,7.13663453139382
114.069223238077,164.873039281084,161.037798179963,131.747355032239,135.145136982957,7.19391005392752,7.13730984803049
114.430581025891,165.065395667746,161.150492924521,131.885883215946,134.958861671569,7.31148555899836,7.15924111909294
115.072118316779,165.416547125772,161.611806675398,132.487695594836,135.15807898702,7.46466498591221,7.22766591498398
115.387227873361,165.487864817582,161.872965851035,132.983164911922,135.171807037585,7.62396301639522,7.31097455679306
115.393580676164,165.49000358583,161.878237669924,132.993380985189,135.172601223467,7.62718259865464,7.31290590658347
116.290775059084,166.112499351552,162.117998672978,133.656122013534,135.155080242777,7.9235441395584,7.52401542369226
116.354351031209,166.149719389106,161.965578075831,133.546566197258,134.987056601956,7.95519149048874,7.5363656058103
116.521935879784,166.316439281318,161.692488957303,133.298254240107,134.701366178831,7.99296966962315,7.529800061889
116.869230581261,167.370691924961,161.712151433219,133.011301489639,134.452465680501,7.9776658063599,7.28811639261575
116.8386506926,167.465080966375,161.776267055046,133.026409986214,134.458779895749,7.97104075213763,7.25442407170492
116.780268160545,167.862206053774,162.147316103566,133.22751458606,134.595308978531,7.9635701618011,7.15997519592713
116.782045995937,167.916547306392,162.20501732164,133.266368385687,134.622666774533,7.96530622830639,7.15275783345752
116.845965252938,168.431744001205,162.749799796957,133.649647624642,134.893084634765,7.99484716167556,7.10778998851344
116.719539372054,168.607427435743,162.937257149857,133.72624908486,134.875917595087,8.03397838911485,7.09128604671853
116.715320010328,168.616224058317,162.943529055334,133.727219349538,134.873451473723,8.03696261416063,7.09177533563757
116.697001001179,168.876872946277,163.110584317061,133.772988215002,134.863999661018,8.11239129011631,7.11461593109874
116.783900451352,169.0946121653,163.256307230584,133.854230594363,134.940164286148,8.1533510610213,7.13377973325075
116.811688365198,169.16047129527,163.300851354561,133.879853094993,134.964798997448,8.16526586445233,7.13945406299261
116.850692610347,169.242623650427,163.365907586581,133.923584712211,135.006153488091,8.1762327327776,7.14427945605954
116.969972400091,169.489409085255,163.565951815195,134.060677588796,135.135548750079,8.20728295504728,7.15767953863606
116.964029364882,169.740067209802,163.806932515394,134.179900605683,135.206897993874,8.24203857733647,7.15455304105802
116.97064133365,169.938132334474,164.048106492609,134.331526632314,135.287409688207,8.25941391519744,7.14804898669282
116.973212505515,169.994200622961,164.11707984107,134.37549446492,135.310847420374,8.26415003741204,7.14620708374164
117.095387917437,170.582584270947,164.949935100885,134.98703278782,135.609121454856,8.30336261711068,7.13868557209137
117.302951313334,171.161586876577,165.892792390966,135.745661910568,135.935107584053,8.34502249256242,7.15237820462247
117.318058328697,171.198234240317,165.955762116782,135.797686187361,135.956424410053,8.34793008126154,7.15388270134311
117.355573469984,171.486073122073,166.700181140516,136.412478054455,136.085082484957,8.3869475743198,7.17444756519688
117.505662230633,171.859049327737,168.378832772582,137.988474249094,136.537218793939,8.51904986439391,7.29646923432276
117.52419149571,171.876903711761,168.467222102703,138.080336416537,136.582424598438,8.52738905297861,7.30509542258276
117.824301444858,172.112808271132,169.805278264034,139.537228568002,137.453066961925,8.65948741634884,7.43742800678214
117.829100268711,172.038858074918,170.40289453322,140.270176256362,137.981945842444,8.72911036539421,7.49439820565247
117.867640131851,172.016655835696,170.831977316875,140.809005991275,138.426087289069,8.77737669095525,7.53095492978511
117.988779247002,172.055007898312,171.403839096604,141.529679839165,139.070966152177,8.83731854779856,7.57194429811578
118.256563336279,172.208303065644,172.145824332913,142.439771388694,139.888346205274,8.90785424976384,7.61548493501313
118.664798295949,172.301437269569,173.427758690323,143.936405527974,140.972293521503,9.02432584921605,7.66513413423096
119.4558410511,172.681389347615,175.594885858346,146.025959071248,142.178807009293,9.16060917598455,7.74316238509
119.813470806141,172.811655485844,178.260366137702,148.410940105468,143.729620092181,9.28205005092411,7.7950567972616
119.81413774605,172.812110774373,178.264927149971,148.415023014946,143.73259290947,9.28224222799788,7.79514093028184
119.999002983475,172.961228934253,179.246269664694,149.299499945179,144.405492783521,9.32260417257686,7.81391289585963
120.093814846998,173.039695415955,179.641350246891,149.65879851367,144.681394115375,9.33840774482424,7.82169509930559
120.186010226153,173.116146433345,180.006770943626,149.991840773137,144.937358769038,9.35292761983447,7.82893966916249
120.25018868605,173.108811349945,180.852233141236,150.758872841943,145.453963930519,9.38118419682924,7.83087528196464
120.261210811058,173.104722195979,180.952679555612,150.852372125137,145.508265877827,9.3834715841847,7.83027762210162
120.701119314466,173.204448498347,182.793432891697,152.613935510921,146.466390484758,9.40268934829138,7.81711312573923
120.946058013922,173.319864301426,183.486425873617,153.290012660321,146.830346730211,9.39915383356056,7.80978808254177
120.971404558844,173.265746472821,183.856096212323,153.647830172969,146.978117863225,9.38739030210268,7.79181946009494
120.985259836935,173.236163838687,184.058170513198,153.843425318531,147.058894558747,9.38095995823607,7.78199720378049
120.990731266237,173.224728246093,184.137206899168,153.919908990443,147.090576486592,9.37844668653372,7.77816032076965
121.321475543411,173.295774553,186.417364935573,156.063967615531,148.230201771677,9.3171368443518,7.6840484231618
121.361976707873,173.321916796873,186.621797025786,156.252803500315,148.339389837238,9.31259873538746,7.67649488195937
121.386477844451,173.340635531506,186.725135000123,156.34754757925,148.395223687647,9.31057536659185,7.67284877688074
121.519235029198,173.396084643771,187.858569137107,157.378803384398,148.926042170673,9.27495560557289,7.60924406118201
121.527422781051,173.356844826025,188.248720106001,157.741559908525,149.065692891276,9.25468671204342,7.57340662462101
121.708950917239,173.383118088018,188.938575846943,158.444405469231,149.350091870921,9.21862388636561,7.51376999962884
121.820060509246,173.420655715844,189.159316572227,158.688924400404,149.458323965571,9.20761997574759,7.49740047544051
121.980724047243,173.480522407225,189.401296715031,158.97005544065,149.595254835486,9.19677849046686,7.48339294988978
122.474415230225,173.285772351666,190.34453803698,160.138642224532,150.006269760571,9.11865140984913,7.3894363828435
122.527561607165,173.27608380135,190.441408790234,160.246432846627,150.050743563197,9.11321369977294,7.38364548569667
122.835334791131,173.300394584079,191.007862722534,160.795554339083,150.287422415216,9.09542383798486,7.36661928056389
122.920335306506,173.325922955343,191.172227512344,160.932065512585,150.343295643863,9.09343119102384,7.36526377002058
122.970733796364,173.161994742367,191.827037813915,161.282493832199,150.212536097276,9.0709465513818,7.3355082322056
122.968604705564,173.158847999771,191.835930414888,161.284387024383,150.206676947391,9.0705984205239,7.33499497354326
122.741662077626,173.171605566501,192.217913778485,160.668099333651,148.676495060832,8.98474266823612,7.28678531355352
123.310389446933,172.839740531366,191.2335911248,159.027942101556,146.675543448157,8.93737078271781,7.31687346342729
123.672627459073,172.560516112001,190.031908555721,157.139050382657,144.535477300097,8.91367112243999,7.33624312853898
123.746677418658,172.396431619336,188.433769867477,155.005115156426,142.195904764426,8.86242843505709,7.31047661186491
123.731952787282,172.37069449655,188.235520646094,154.773146910886,141.952855704797,8.85471104051704,7.30443729628863
123.884827137373,172.315264257231,186.737271089352,153.203803785281,140.445341273726,8.8070861546743,7.27502527752968
124.078117070742,172.318403282191,186.202201246882,152.691220144875,140.016427085464,8.79915335013154,7.27629358513366
124.114581604485,172.319027063478,186.103436803849,152.596793300964,139.937768276518,8.79774667266841,7.27659948631553
124.204557291949,172.184729704876,185.532516358821,152.048982741453,139.482159191716,8.78851626559396,7.27196127609145
124.211050954428,172.168823977686,185.476344854415,151.995046613941,139.437315094662,8.78758665145898,7.27137984791308
124.237889053378,172.103086116879,185.244189826618,151.772130327217,139.251975878483,8.78374458602689,7.26897682388265
124.355838121334,171.947917469127,184.677661486332,151.218386815234,138.798303196321,8.77800556576999,7.26712961819687
124.930690702591,171.588484415691,183.149154703542,149.648470688715,137.497492163028,8.77757652268237,7.28015814322842
126.127814315127,171.192456208013,180.923734618166,146.88845198556,134.593758748567,8.78668384994525,7.34001679947622
126.143498865249,171.19345439811,180.901169373523,146.85265060768,134.541894733522,8.78678049211678,7.34239127448195
126.594084695522,171.388495810225,180.568431993383,146.18808078942,133.376994181995,8.8062360134879,7.45747197369029
126.624638980074,171.366416462759,180.394674079546,145.900130559055,132.878774493262,8.81945345458505,7.53080857425249
126.602301479159,171.320332283397,180.283266993741,145.739069088074,132.630044077085,8.82658135749047,7.56906948121331
126.59548408092,171.29952504112,180.225545191388,145.655614556947,132.507140518013,8.83232953247871,7.59361917747635
126.606583248031,171.210908292018,179.885611770917,145.154251857544,131.826088630271,8.87786553612026,7.75955635949243
126.620190713413,171.022943635446,179.075421011521,143.882301175858,130.547446181524,8.99892457705637,8.10223680640136
126.601512483112,171.001872909076,179.031593555482,143.809798691473,130.48049048149,9.00395715784657,8.11501207714869
126.272784948185,170.704094350921,178.652216892272,142.673943656167,129.445296788311,9.17287909255299,8.44848956709418
126.17065982969,170.59472702856,178.625192912822,142.596476224772,129.36742785186,9.19166409088336,8.4783291211727
125.661170465481,169.789923571729,178.632805072673,142.452122002543,129.170124443784,9.39541944617581,8.78187846980044
125.638562273693,169.629443683747,178.649865128229,142.497423578436,129.194596033904,9.45591033839961,8.86976330460549
125.67852885407,169.426975190922,178.633678838226,142.557534873005,129.224699955953,9.54692464501407,9.00205423824331
125.507590743497,168.872202969346,178.23367313804,142.30180443439,128.933329428939,9.65697417581189,9.16261167431431
125.496840793608,168.819418013005,178.186612564167,142.270487124774,128.898811747548,9.6682035454298,9.17911562065757
125.444595434932,168.338921032059,177.702005508025,141.935994515156,128.537176093067,9.77855044727562,9.34282346392731
125.418705699817,166.962339970943,176.087122338203,140.600878605292,126.892384404565,9.98439236268097,9.75021352800083
125.408674573882,166.943684264686,176.07271246925,140.593041901436,126.877450578733,9.98454855733611,9.75194678051778
125.257167061049,166.643437518964,175.839430214177,140.47465117895,126.644533379884,9.98922754048089,9.7833606017046
125.217589857894,166.536435749912,175.754307330695,140.443682789123,126.572307912154,9.99403716480582,9.79966221656883
125.203473258279,166.14465608544,175.403079933402,140.342670879159,126.38214380842,10.0376451171072,9.8982443821283
125.296129161509,165.798938357959,175.028313380025,140.15290597254,126.268896718319,10.0934329047038,10.0033982751556
125.246277822807,165.626908333986,174.846992025214,140.008294055949,126.167587643269,10.1031386912841,10.0230164778254
125.183586297761,165.391919497375,174.597038972622,139.805489697021,126.029517251689,10.1165609822856,10.0501716594824
125.178673517472,165.366547909985,174.569271261583,139.781783840795,126.014718184211,10.118066646153,10.0532262583713
125.100994688953,164.858507895311,174.004327555452,139.291081096784,125.715726373469,10.1490794684934,10.1166109310219
125.040099772382,163.562810621161,172.420078656425,137.80696277499,124.771588602316,10.2271216810902,10.2861315797032
125.023758844443,163.513707022627,172.361757015541,137.75101425821,124.729199631577,10.2283735501107,10.2895046230166
124.902515962522,163.1173649669,171.873847019869,137.284771341533,124.378025499564,10.2443081752471,10.3247128564007
124.674151709548,162.04783069006,170.49712858444,135.990348397157,123.619189175534,10.3660025454837,10.5191000867196
124.341272606589,161.446357009918,169.838817345085,135.370761443392,123.346158083855,10.4227803092545,10.5982297523634
124.332316775213,161.431053404461,169.822800184523,135.355894844,123.342072852277,10.4243154849557,10.6003431044509
124.04512833714,160.930116539578,169.303263491645,134.880417249102,123.24867133886,10.4766880192047,10.6732230284879
123.916626756577,160.689109082323,169.059465467374,134.667844477387,123.260448972006,10.5047272312474,10.7134840143329
123.815956470257,160.458483387691,168.830173433174,134.4893132123,123.345754112808,10.5341974489353,10.7587119396756
123.319623740993,159.341629078832,167.665131921207,133.719783203458,123.492674183156,10.5799711584383,10.8652381525596
123.26669845562,159.110002568815,167.387400773044,133.566152218624,123.508537057341,10.5857016974942,10.8847531154544
123.30296551456,158.56410703614,166.649420609505,133.194368664268,123.634640166363,10.6331241598099,10.9716839975174
122.786072374213,156.939463488619,164.493740982978,131.585546643201,123.374441545975,10.8257393181733,11.19911123343
122.482028492086,156.292553767019,163.563209766567,130.811632258574,123.316975033952,10.9588624970487,11.3356928141676
122.057376902872,155.459692230103,162.363152869023,129.847742910465,123.177646659557,11.1534250286786,11.5237272926115
122.054809158333,155.263441953924,162.054524206081,129.643910246484,123.246066445308,11.2439343624968,11.6133723912817
121.807307443569,153.688535576294,160.428503468928,128.483094262165,123.628411344088,11.7487397350514,12.0946673826347
120.769501777702,152.220830612889,160.435338288366,128.906606120318,125.796432959698,12.2092413910845,12.4497704662819
120.774570472338,152.000530511113,161.284186548793,130.320040481098,127.388675360111,12.529218950272,12.7060655946466
120.803831605093,152.000106713921,161.384756946277,130.470073532675,127.547635982875,12.5595189844893,12.7323787700584
120.355516542135,151.809569634933,166.540807128892,137.667358622772,135.231133991589,13.3686691673529,13.4278871169897
120.260979833402,151.877827494465,167.681345807218,139.205242745919,136.904561734586,13.492620611556,13.5330668348084
119.947603404835,151.723223714018,170.493001555315,142.675944667639,140.55930286348,13.8600582862585,13.8672662065174
119.587933241603,151.714403110786,172.460043680319,144.722264033551,142.480923168923,14.1042737003385,14.0971823063548
119.576696795472,151.717490968714,172.522585263843,144.785225895186,142.5384700183,14.1117060118608,14.10415942686
119.531083074696,151.741513212242,172.769529956194,145.029586503816,142.758763325531,14.1396870159733,14.1300190254244
118.142197292757,151.934916431346,176.324001221021,148.545163393928,145.958009324676,14.4858637087258,14.4140554275885
117.550428810199,151.996689340336,178.666479029817,151.365270098856,149.395143101963,14.7249763155238,14.587238454906
117.469068263295,151.84258656673,179.03465954317,151.96327106047,150.32813808497,14.7905742054383,14.636684738111
117.439154891761,151.733209066188,179.708762076043,153.022658134818,151.909038091961,14.9251695730996,14.7482610860264
117.422207094958,151.758431639955,179.957596151727,153.378371970739,152.388452163581,14.9704585580764,14.7862904898706
117.190412812267,151.681607138941,180.154241683464,153.692431832814,152.810226229052,15.0051837967359,14.8083566364596
116.801807586659,151.636830954664,180.458104976337,154.134391564286,153.342030787994,15.0331368376953,14.8183413555265
116.114272769508,152.278488658328,181.820761233851,155.82737046524,155.194472954498,14.953677077711,14.676267798363
116.630490479673,153.650250162031,183.87970079799,158.427986518461,158.229127413073,14.7879311566406,14.1778588161819
116.77954568882,154.287103420986,184.816176595144,159.441336028237,159.045414836375,15.0097804140705,14.1210844994459
117.291757033397,155.834995596561,186.749769520467,161.373843254241,160.472303176338,15.8265255495699,14.3430343141602
118.119554833469,156.91371682136,187.915896394504,162.702898652822,162.026608236516,17.0839050262662,14.8509079091239
118.409443214928,157.129620334948,188.110539423726,162.949925421733,162.398607713456,17.3201721899368,14.970992424273
NaN,NaN,NaN,NaN,NaN,NaN,NaN
NaN,NaN,NaN,NaN,NaN,NaN,NaN
NaN,NaN,NaN,NaN,NaN,NaN,NaN
NaN,NaN,NaN,NaN,NaN,NaN,NaN
NaN,NaN,NaN,NaN,NaN,NaN,NaN
NaN,NaN,NaN,NaN,NaN,NaN,NaN
NaN,NaN,NaN,NaN,NaN,NaN,NaN
NaN,NaN,NaN,NaN,NaN,NaN,NaN
NaN,NaN,NaN,NaN,NaN,NaN,NaN
NaN,NaN,NaN,NaN,NaN,NaN,NaN
NaN,NaN,NaN,NaN,NaN,NaN,NaN
NaN,NaN,NaN,NaN,NaN,NaN,NaN
NaN,NaN,NaN,NaN,NaN,NaN,NaN
NaN,NaN,NaN,NaN,NaN,NaN,NaN
NaN,NaN,NaN,NaN,NaN,NaN,NaN
NaN,NaN,NaN,NaN,NaN,NaN,NaN
NaN,NaN,NaN,NaN,NaN,NaN,NaN
NaN,NaN,NaN,NaN,NaN,NaN,NaN
NaN,NaN,NaN,NaN,NaN,NaN,NaN
NaN,NaN,NaN,NaN,NaN,NaN,NaN
NaN,NaN,NaN,NaN,NaN,NaN,NaN
NaN,NaN,NaN,NaN,NaN,NaN,NaN
NaN,NaN,NaN,NaN,NaN,NaN,NaN
NaN,NaN,NaN,NaN,NaN,NaN,NaN
NaN,NaN,NaN,NaN,NaN,NaN,NaN
NaN,NaN,NaN,NaN,NaN,NaN,NaN
NaN,NaN,NaN,NaN,NaN,NaN,NaN
NaN,NaN,NaN,NaN,NaN,NaN,NaN
NaN,NaN,NaN,NaN,NaN,NaN,NaN
NaN,NaN,NaN,NaN,NaN,NaN,NaN
NaN,NaN,NaN,NaN,NaN,NaN,NaN
NaN,NaN,NaN,NaN,NaN,NaN,NaN
NaN,NaN,NaN,NaN,NaN,NaN,NaN
NaN,NaN,NaN,NaN,NaN,NaN,NaN
NaN,NaN,NaN,NaN,NaN,NaN,NaN
NaN,NaN,NaN,NaN,NaN,NaN,NaN
NaN,NaN,NaN,NaN,NaN,NaN,NaN
NaN,NaN,NaN,NaN,NaN,NaN,NaN
NaN,NaN,NaN,NaN,NaN,NaN,NaN
NaN,NaN,NaN,NaN,NaN,NaN,NaN
NaN,NaN,NaN,NaN,NaN,NaN,NaN
NaN,NaN,NaN,NaN,NaN,NaN,NaN
NaN,NaN,NaN,NaN,NaN,NaN,NaN
NaN,NaN,NaN,NaN,NaN,NaN,NaN
NaN,NaN,NaN,NaN,NaN,NaN,NaN
NaN,NaN,NaN,NaN,NaN,NaN,NaN
NaN,NaN,NaN,NaN,NaN,NaN,NaN
NaN,NaN,NaN,NaN,NaN,NaN,NaN
NaN,NaN,NaN,NaN,NaN,NaN,NaN
NaN,NaN,NaN,NaN,NaN,NaN,NaN
NaN,NaN,NaN,NaN,NaN,NaN,NaN
NaN,NaN,NaN,NaN,NaN,NaN,NaN
NaN,NaN,NaN,NaN,NaN,NaN,NaN
NaN,NaN,NaN,NaN,NaN,NaN,NaN
NaN,NaN,NaN,NaN,NaN,NaN,NaN
NaN,NaN,NaN,NaN,NaN,NaN,NaN
NaN,NaN,NaN,NaN,NaN,NaN,NaN
NaN,NaN,NaN,NaN,NaN,NaN,NaN
