101.303372587765,117.586545154259,127.376959914381,98.5844965042385,95.1753831385729,6.55185711966487,8.87199944599871
104.215655048563,120.057440991433,129.604416506181,100.72700521589,97.370251491359,6.68107752644996,9.13104627485854
108.879920581347,123.467411177489,132.509429127726,103.991624642325,100.964251319801,6.85452742291934,9.49571506234631
107.903229829131,122.379987181049,131.445252277891,103.200061414535,100.274045748665,6.79378219276665,9.38358119688869
94.2311241880358,109.168776120626,118.955002006092,92.819824255867,90.4299076292676,6.05431105451326,7.98292873210732
87.6718687860367,103.04439634752,113.18161335283,88.0121476020554,85.8046336763936,5.69734650272131,7.31088026026672
84.7812250833874,100.356052593329,110.639571582341,85.9249990208169,83.7979916578366,5.53680768942657,7.01053116450667
82.2040163417798,97.8990389437035,108.162558528399,84.6563671606656,82.6974902802427,5.32811332092805,6.64376132567985
82.3390069363599,98.0096018066243,108.239687105902,84.862729701425,82.9183687900673,5.32380997527271,6.63950348453489
86.9910223882337,102.141684299796,111.944373151134,89.2215116106044,87.2988900957339,5.48754657512482,6.9617051212137
87.2279273916814,102.352167637005,112.136188584266,89.4374197436203,87.5140364590907,5.49696517166115,6.97941589472814
90.4116109585575,105.176163712975,114.712048697516,92.3536886309726,90.417519950324,5.62373535277045,7.21618045733952
92.2708230299975,106.807556128985,116.209064388026,94.1135337579668,92.1600893368175,5.69852494396566,7.34965656831236
93.6340646934859,107.992929470137,117.298677800851,95.4472205376329,93.479191276365,5.75195776585371,7.44273898207469
93.8025742562471,108.132289853709,117.428034639825,95.6407378460723,93.6696365749009,5.75763226440184,7.45107651426202
94.7888971230446,108.915180597398,118.15740653335,96.9063409903031,94.9144219002699,5.78504112210719,7.48430281979178
94.7168978513082,108.836864547661,118.086244314466,96.8996813126051,94.9074521518664,5.7792958502859,7.47183110733959
94.6321856274314,108.744720188719,118.002516942337,96.8918457318486,94.8992517510446,5.77253613256901,7.45715725756445
92.2178770962014,106.377318928968,115.821253965711,95.6030843682094,93.6403658475344,5.61821285681683,7.1590386687882
92.17083241536,106.332238567857,115.779582467566,95.5736466501856,93.6116737646075,5.61536134696458,7.15371709511547
87.1759739841675,101.633496263523,111.365861201853,91.9491568587031,90.1742358617116,5.29308265606199,6.62156293722802
85.9358315627138,100.469224912521,110.240009580241,90.9528285787305,89.2858316568994,5.19509489558322,6.48613052121014
85.0997533843729,99.6743244429543,109.434301422116,90.1984239189691,88.6969240801439,5.10282374055986,6.38438500505849
85.1239876317613,99.6891492613365,109.42710750734,90.1731696708773,88.7294609387378,5.08848533623386,6.37971582279032
89.6560458264716,103.681641335118,112.97017595653,93.2151755462756,93.0157605105127,5.18006414773781,6.66793998703839
89.7814348080611,103.767834697755,113.046367077862,93.3084703693787,93.2918079441859,5.19571261197679,6.65995684073464
89.7549610700874,103.739675944081,113.019172647585,93.2884751817854,93.2945431751372,5.19653745491245,6.65503706560858
89.4135656270626,103.378871153498,112.670473249725,93.0298920995403,93.3146535246486,5.20616018425309,6.59315691454472
88.4473005074693,102.434479897233,111.749413538052,92.2737593345006,92.8695913182759,5.19982023831725,6.46977638688982
88.3489818894755,102.338724103062,111.655258737201,92.1958525927208,92.8211118381485,5.19903212730445,6.45746808345609
88.3472818977002,102.337080260519,111.653615436961,92.1944715028386,92.8201614632991,5.19901347928655,6.45726389519238
87.637143843818,101.650397441541,110.967159154204,91.6175484286561,92.4231611037815,5.19122363740125,6.37196827299223
86.6328125194752,100.681779864064,109.98023122638,90.7760416175647,91.8336630616611,5.17983087765076,6.25127662681834
85.9695434802869,100.043842109517,109.316066853464,90.2011638288488,91.4248284102542,5.17220666878459,6.17134694102641
85.3342309612569,99.4279479430403,108.616036297128,89.5954782123963,91.1112550033703,5.18206862762139,6.07659895882244
85.3289375190775,99.4224592500679,108.6053672689,89.5876658526443,91.1231424029747,5.18449139326284,6.07337173695159
85.8455796334525,99.9338949265316,109.192816066516,90.1723834993896,91.8576880425076,5.23582260853388,6.09082647770823
86.3848899872605,100.766206146121,111.534823836383,92.7004788579211,94.1034309932244,5.32073620990979,6.09692097239604
85.7801144503165,100.366125637032,111.972955021555,93.3100491504266,94.5312039685028,5.32545523765415,6.02831413380757
84.9037506420923,99.7505970340028,112.399342948258,93.9466732143023,94.9639599778202,5.32680264088027,5.93485309907294
84.028540227295,99.2002990503644,113.095317690844,94.8203142122196,95.6459212639554,5.32358646698557,5.84632655353766
83.8918269099799,99.2096090849308,113.656346954226,95.4252050827225,96.192871736634,5.32249499808228,5.83845974350858
83.8858386323155,99.358386399101,114.377252835134,96.1878844480764,96.9071711292018,5.31881994439924,5.85149284359978
83.8305992368183,99.4508563707538,114.990690528477,96.8519905613647,97.5261476208545,5.30776454683737,5.86495937072863
83.7395141901641,99.4542587751537,115.31734172898,97.2176701970085,97.8604170666386,5.29742417460129,5.86993035932449
83.6010730365036,99.4092099941515,115.588678497658,97.5370447859848,98.143843358943,5.28587122515769,5.87219630846529
83.3615301271667,99.3017365627232,115.931471023995,97.9572514787934,98.5061217392583,5.27038593148436,5.87356199048335
83.3593535336134,99.3006371544301,115.934058605267,97.9605187412341,98.5088804171521,5.2702639687411,5.87356376818984
83.3536508875119,99.2977567193545,115.940838033714,97.9690789252848,98.5161081164682,5.26994442797918,5.87356842575716
83.2955090887332,99.2683890059135,116.009958255732,98.0563549879625,98.5897987211087,5.26668652377991,5.87361591236892
82.284762524667,98.7056251911718,117.036714434895,99.3977790734697,99.6751577118998,5.25107732163132,5.88519280482138
81.7086692722974,98.3690604829567,117.547774478106,100.051775376649,100.196695055855,5.27353383301408,5.89643475823694
81.58549178333,98.3100112825609,117.70512756389,100.240038597242,100.35754408967,5.28449965492413,5.90213898896821
81.1867294077077,98.1728283935199,118.414395076311,101.061027701296,101.090542484268,5.33821274969291,5.93253037001955
81.033597737856,98.1655345844122,118.856107646939,101.560264231288,101.553392872702,5.37187931048557,5.95407879563806
80.9919797123445,98.1666862777067,118.987898932628,101.708812520756,101.691775865834,5.38188722851576,5.96062132387705
80.9884965334607,98.1667826675213,118.998929072039,101.721245120782,101.703357691585,5.3827248311729,5.96116889421294
80.6764434081488,98.0639709394225,119.515486510874,102.318026335457,102.25162635822,5.42357027942445,5.97913729359976
79.8567374399593,97.7722022317461,120.867881038979,103.884183486427,103.616051568709,5.55230449551851,6.04831927052035
79.7529994031876,97.7311912096918,121.031211792694,104.075407309017,103.76994758716,5.57330195005967,6.06150540097129
79.7090772320345,97.7124975966227,121.094328037386,104.150386055314,103.828359543042,5.58274087343886,6.06742634775462
79.4198746769064,97.5582841125066,121.366350169004,104.495425742101,104.064874693286,5.64607903879387,6.10458573269049
79.1398622863374,97.3490164704052,121.348067974331,104.523562544662,104.031130824804,5.68301766841886,6.11475792523894
79.0330203624554,97.2678774674748,121.332619215577,104.527514571414,104.012686496239,5.69804167305005,6.1185389562703
78.9546538411055,97.2056179566162,121.303261855047,104.515980797237,103.987310126409,5.71103929303483,6.12109891727331
78.3402898288475,96.7288101694155,120.989340636113,104.432755201643,103.843420912026,5.8455566980656,6.14117462662642
78.262938671174,96.6772263642216,120.938498086715,104.445503048653,103.865343323677,5.87376865276814,6.14410050026641
78.1878473190109,96.6384153775083,120.898899226016,104.499269117912,103.941599099491,5.91032375300739,6.14791166604419
78.1703781620728,96.6343562746736,120.893991820788,104.530036403885,103.983590491977,5.92287200408414,6.14922654022677
77.8714542287797,96.5174487240721,120.804840813944,104.916953611653,104.554168538838,6.05590702274521,6.14176327358013
77.8485602405774,96.5158651519751,120.813179262604,104.985738543512,104.648644941138,6.0702253738299,6.14117124621255
77.8459649968752,96.5156856395426,120.814124502297,104.993535946902,104.659354708519,6.07184849035072,6.14110413447633
77.8428360748894,96.5154692127014,120.8152641183,105.002936785396,104.672266800972,6.07380537978008,6.14102322208002
77.7928229371875,96.5478497188996,120.903806953517,105.341026949299,105.111153712645,6.13329467882273,6.14702035244319
77.7862969099051,96.5859248379375,120.981854248389,105.5625534384,105.387434372678,6.16791265274237,6.15506145322178
77.8261114062994,96.6778098858326,121.144033309731,105.910375914566,105.786958101047,6.21844508411024,6.1835172893574
77.8689938379484,96.7527180953625,121.269993578092,106.152164315127,106.045014882429,6.25550654262346,6.21365263181309
77.8205727961374,96.8006600705719,121.4594134668,106.586448901088,106.370536446468,6.37485398272035,6.35299375915655
77.7653733638324,96.7905664438808,121.475905381502,106.621268249973,106.260553563604,6.42727426788692,6.43931603022069
77.7322839969478,96.8066218057747,121.501633876787,106.631246873357,106.115721671355,6.47169281174814,6.52060946196547
77.711405469036,96.8627963795036,121.564334811091,106.655450531605,105.939596900258,6.52275074870836,6.61905488673789
77.7111151393884,96.8749048514185,121.578196392802,106.664416564031,105.923516791564,6.52900915496675,6.63116420863401
77.708901177537,96.9672402195627,121.683900420474,106.732788684862,105.800894980444,6.57673377702692,6.72350605846544
77.520351867975,96.9677598377884,121.72459193496,106.72856765439,105.494092817804,6.64733146663506,6.85215385585552
77.4333681899998,96.9854794417627,121.772727317646,106.768991424432,105.369715352956,6.69211437897972,6.92930952484864
77.4092308199074,97.0083840734113,121.815627813725,106.82032477669,105.330831091722,6.72285268913086,6.98003707906749
77.4043791824605,97.0129879291002,121.824250859752,106.830642835912,105.323015313234,6.72903112265594,6.99023337223031
77.3987700569513,97.0183105865881,121.834220225345,106.842571857779,105.313979254179,6.73617419743659,7.00202161665374
77.4490982511793,97.0364013785276,121.892881625786,106.996380556879,105.129774361732,6.89431962683161,7.25849725756483
77.4158285629593,96.9749948382288,121.827918856148,106.944430908833,105.027823171866,6.9169729298702,7.2946705921035
77.3781144988366,96.8890244590024,121.727660654259,106.857047296512,104.84134630802,6.95685894618611,7.36073839846955
77.3555646952945,96.8478380765293,121.679382051712,106.814433450677,104.712959115259,6.98813391578394,7.41353777552109
77.3092129059671,96.9581141219062,121.837790619787,106.969974924408,104.536489913718,7.08941916889595,7.58889193468869
77.191664182128,97.3456367271773,122.42018221963,107.552186069904,104.821885861959,7.16886567744028,7.72227593865985
76.974149438285,97.6453655261443,122.927346443922,108.067123242238,105.140609545802,7.2193196244957,7.79988256501651
76.9643189515677,97.6639896027955,122.957785581254,108.098466826644,105.16408045272,7.22171666226189,7.80336178159695
76.729346387668,98.1251372949491,123.709515185642,108.873812258507,105.754592581751,7.27996015199959,7.88727217011824
76.6767390956179,98.2599409877699,123.925510558221,109.099037726662,105.945035195344,7.29487238642395,7.90753645779684
76.6400151501238,98.3540443577519,124.076291979967,109.256262466694,106.077978821386,7.30528227567796,7.92168249282705
76.0578158954468,100.240163146305,127.077178160193,112.410005542589,108.928735786549,7.51029079377017,8.1874180251782
75.9157799948542,100.562960876655,127.616010264019,112.980090255647,109.463542191036,7.54915233316274,8.23369831382523
75.4676603202823,101.380765717394,129.021490357202,114.467026465983,110.849782349131,7.65537796501538,8.35628403812139
75.4517645127538,101.411567545365,129.073917221245,114.522349775111,110.900753911951,7.65945250621832,8.36103004918643
75.3603345391508,101.58873440608,129.37546760093,114.840560012882,111.193933647221,7.68288857223521,8.38832829531952
75.0214508699728,102.406856923562,130.710363257023,116.23431062521,112.387853749449,7.78712792085477,8.52193864739128
74.6516059982504,103.763852251946,132.704573521978,118.262506197938,113.729471963527,7.91730611115191,8.77603276234012
74.5323292798385,104.028941257234,133.07926687242,118.635583920002,113.900279011724,7.93435398674243,8.83554071540657
74.3818862533743,104.557307262393,133.762348907202,119.312883940519,114.201815221768,7.95494733602622,8.96252900688052
74.3535021371422,104.739552170172,133.984373334213,119.534033211379,114.315073996995,7.95983511693158,9.01014117425966
74.2638684116031,105.607403579859,135.019793021829,120.569994364257,114.900103239075,7.98091050987883,9.24904033314659
74.2420986975394,106.470598518374,136.02436726646,121.586478661774,115.595844071337,8.00207838985608,9.5152742574986
74.2425060948919,106.729610078523,136.324285556505,121.891866047818,115.823727737275,8.00900258378486,9.60011350133625
74.242679854213,106.840081274765,136.452203909867,122.022117029025,115.920922554239,8.01195582643505,9.63629834478338
74.2316574180494,107.055218669264,136.703175326322,122.278332932336,116.116030806243,8.01765604327163,9.71156485954401
74.0518151977118,107.922782156601,137.740863265573,123.34772717273,116.990519455298,8.0413676656362,10.0794687072439
74.0497833009553,107.933881852493,137.754337568984,123.36174238524,117.002834276022,8.04176458363693,10.0845606189992
74.0368522952276,108.004520397831,137.840088133831,123.450935299523,117.081205884628,8.04429057267872,10.116965582422
73.7150896522973,110.195519568271,140.611822595208,126.355885367535,119.648997372108,8.15517907954924,11.2075110478335
73.6552569121782,110.812993983359,141.467872256687,127.256558537628,120.367306202274,8.2037393624252,11.5498994724635
73.480124782864,111.181516915833,142.066566858388,127.885373135963,120.76094828928,8.24248567563991,11.8209297076729
73.4774466641989,111.18715236461,142.075722089891,127.894988962136,120.766967859902,8.24307818385089,11.8250742991568
73.2995970217078,111.832488438065,143.208785952114,129.058517911759,121.272151892702,8.3321723255843,12.287216142901
73.3080993009624,112.021405626418,143.542510544553,129.392420838895,121.383096189618,8.36244238404172,12.4080280695852
73.4504815733547,112.453736959392,144.278083809492,130.112468852881,121.615295635003,8.43565831995215,12.6529769145832
73.5724975265885,112.703946228286,144.704872839849,130.518581364394,121.737277942809,8.48320723252296,12.7990765632588
73.609130007536,112.786185744331,144.862462226636,130.662357582696,121.761474438347,8.50372126479254,12.8632051456074
73.782274312673,113.044887292911,145.313128189897,131.069786214189,121.888536117021,8.56197402069189,13.050974323776
73.875447031778,113.156762954668,145.491540824799,131.230382498399,121.962195514428,8.58439579470376,13.1272367809236
74.4262728948899,113.71556576578,146.282015281904,131.94426841791,122.436493416191,8.67473871830913,13.4786533457723
74.6060010959553,113.887501515406,146.506963063036,132.14871128365,122.592237807891,8.6975816198603,13.5805729360693
74.9243202623547,114.189481666336,146.908936837037,132.506212209531,122.848053712617,8.73922891201924,13.7836783641917
74.9379383455919,114.2022569462,146.92729843386,132.521503530995,122.85647350967,8.74132397439616,13.7956081267892
75.4278521225349,114.658888427517,147.555705565887,133.043185378646,123.095539031338,8.81568201409305,14.1580089654788
75.4771154306269,114.704989099038,147.616156400515,133.09325049299,123.114106526638,8.82344277292295,14.1866352561217
75.4996991886602,114.726123010891,147.64386885173,133.116201822732,123.122618415859,8.8270005343961,14.1997583947478
75.5802047197261,114.801460197675,147.742656909894,133.198017656345,123.152961202968,8.83968307715,14.2465391494293
75.7346033062014,114.948483782566,147.927401567127,133.350756066941,123.207603494769,8.86664245649006,14.3141362484347
76.4518796490375,115.642813359682,148.779090225661,134.024780611529,123.405317555053,9.02307471880301,14.5574236682141
77.0664419469892,116.229155122039,149.455796299857,134.507274053165,123.532936544413,9.19564898299358,14.6667031027104
77.1061198335687,116.266529834052,149.49737939451,134.537746785427,123.546000522468,9.20581832274546,14.6719902399205
77.2028948051703,116.357510906401,149.597090679861,134.612004088969,123.583041659622,9.22875114081177,14.6843058060915
77.4194428125278,116.560697949877,149.816366967368,134.778016955586,123.677557098326,9.27586546500678,14.7105612326108
77.5802967239337,116.711832003616,149.97899886058,134.901534816005,123.749126049722,9.30982438300163,14.730394802985
77.9253349161471,117.038117328221,150.325305678008,135.168552974715,123.916588090524,9.37204034200874,14.7763251805611
78.1534402916361,117.256477914314,150.554438298365,135.312454397681,123.957585905571,9.41642349784826,14.815400587225
78.3010008136637,117.399984864624,150.70376469883,135.400075742249,123.968167710394,9.44044009450316,14.8458480188378
78.3883907867498,117.485943641772,150.792805591232,135.452693685288,123.973561546648,9.45160669440766,14.8657991344925
78.5118714527855,117.608913356084,150.920216384468,135.528755298801,123.981525128714,9.4650854263573,14.8955144008796
79.1640430652224,118.295806893074,151.634185025537,135.973083352105,124.052031602584,9.49283280708433,15.0801055866498
79.2794249708332,118.42041840473,151.763865552128,136.055016443335,124.070299041667,9.49553978830568,15.1137466931173
79.3526551833131,118.504200810531,151.848834143215,136.084211929476,124.034643586408,9.49519014157735,15.1432594068512
79.3570263231845,118.50937540489,151.854004438536,136.085111309808,124.030768098058,9.49509281087249,15.1453228298798
79.3678254615854,118.522159521231,151.866777933868,136.087333277754,124.021193493656,9.49485235008118,15.150420628514
79.4755844109726,118.644547861542,151.987979290161,136.109856422274,123.937230488288,9.4937618442298,15.1974525343412
79.5843069317714,118.753203967541,152.092342268755,136.133586909793,123.885668161397,9.49640979356227,15.233919304027
80.4073807871171,119.403302445537,152.682659643996,136.356323542157,123.865434832842,9.55751372538554,15.4001958248072
80.5147396615097,119.477198469748,152.747247723783,136.38840019672,123.883417839808,9.56763018609114,15.4163365263606
80.9006229068601,119.670695138664,152.87846790947,136.377404157811,123.828451544526,9.61016941293847,15.4733449743015
81.3869684422997,119.855073705123,152.974634627357,136.363857331548,123.806257860901,9.66713555847926,15.5387843428615
81.6635926749822,119.974975337783,153.054457819848,136.414263547924,123.86104616569,9.69986765411157,15.577685315531
81.8970033886804,120.089372136233,153.141179009456,136.488472775184,123.940410891974,9.72852611069266,15.6122895997018
82.164499877181,120.232441968025,153.25746979353,136.601220778809,124.059601156773,9.76490769743435,15.6550144303223
82.1734916634153,120.23385043897,153.256662024298,136.600577037373,124.059618137761,9.76715871768323,15.6570005431401
82.1805326795178,120.234953341814,153.256029500791,136.600072955792,124.059631434719,9.76892137856128,15.6585557683164
82.4289059577153,120.304526350804,153.274795965133,136.624511279965,124.0981826423,9.83341361425513,15.7090396996818
83.1418726671907,120.690763224755,153.60154696038,136.903157958194,124.371929204385,9.99179700954256,15.7868478885287
83.2499872326454,120.749946348079,153.654452738217,136.945097653165,124.411971336336,10.0134254989102,15.7957322854686
83.2812069035038,120.759812074871,153.661422634945,136.947094335189,124.413722051976,10.0207923682908,15.7971928844248
83.3063637771162,120.763505688576,153.662144638168,136.942744547914,124.409351978935,10.027389239706,15.7977188808237
83.4350686792045,120.782402559374,153.665838473723,136.920490632187,124.386994279345,10.0611394466143,15.8004099272576
83.4658057200631,120.786915471317,153.666720627957,136.915175997656,124.381654859365,10.0691996018367,15.80105259745
84.6126115420934,121.067783004691,153.94018711936,137.039953692125,124.54096785167,10.2794765569989,15.8160488591622
84.8351213202922,121.150089186123,154.03795269423,137.118636410845,124.630019814959,10.3104752895688,15.8195865540251
85.03020441663,121.225135592111,154.127750467304,137.192259154935,124.712917100618,10.3369845898386,15.8227680555234
85.4671423781882,121.311687234148,154.252728428417,137.253789440489,124.813903288819,10.4005466605779,15.8009420517011
87.3165511731256,122.84039305216,155.229406569782,137.301718556005,124.751839789539,10.5146588504053,15.6289400031345
87.5809267735392,123.025146159132,155.377017724732,137.346782024878,124.797493904256,10.5201529692661,15.6152400696782
87.8865035418629,123.213638095251,155.526963836825,137.370164736497,124.831452818531,10.522178518129,15.5935252667169
88.0516634175964,123.287247896974,155.577889555638,137.336258392196,124.813166531924,10.5180170011232,15.5728161840382
88.0888615838884,123.304229862131,155.590019495083,137.32973583802,124.810285027639,10.5170847512273,15.5683959883232
88.2468906737897,123.3872717442,155.65939481304,137.332135823346,124.831478298407,10.5132601857837,15.5562128759772
88.5674498134558,123.579524255233,155.820002687197,137.363223094906,124.900857019241,10.5068241157598,15.5390864280643
88.7342972277984,123.691165262042,155.913265610749,137.39215402209,124.949800695945,10.5041171024839,15.5338617767809
88.7711198900028,123.720504353446,155.936356270761,137.40065426342,124.962354489833,10.5038864309019,15.533711582928
89.7967307675759,124.868933394198,156.549224663235,137.280245705777,124.988936652319,10.5110736019236,15.5341756294596
89.9224872700876,125.070898370832,156.624822313988,137.179643961857,124.922679813333,10.5206765954412,15.5264754069742
90.4071490358674,125.695909193829,156.988061345802,136.913211978574,124.837342461616,10.5766958795178,15.4461509918777
90.5363322566327,125.751093425386,157.04779881346,136.595622791767,124.701383606604,10.6047423869045,15.3119169960298
90.7444393922713,125.840456000386,157.209941265746,136.482919772347,124.736447438723,10.6352459067414,15.184114491705
91.1483814345525,126.1281417518,157.498653804374,136.306340743387,124.726797013878,10.691819412814,14.9370575660944
91.2100710982768,126.218591166625,157.5174629572,136.180722289659,124.616792609804,10.7047832056594,14.8620141214158
91.4160521216888,126.564938811242,157.657109240682,135.971331828892,124.41035489555,10.7424381604792,14.7104312914139
91.6435126378587,126.944163543893,157.871797974514,135.822887597372,124.270820584384,10.7845473725447,14.5714969257458
91.6433581701867,126.94573739597,157.871545034647,135.81670213018,124.265417040488,10.7849229902783,14.5688121803094
91.6402376983812,126.977531498724,157.866435281166,135.691746689806,124.156257588804,10.7925110152186,14.5145764147796
91.8074097849868,127.170538629274,158.064713868333,135.324571220494,123.927493123167,10.8421001802943,14.2771716502055
91.8239293046046,127.183727161972,158.082271555767,135.31555637799,123.9264244212,10.8450653496846,14.2667920183776
91.9169366925693,127.25626485295,158.175353841566,135.281865687867,123.930478646905,10.8601648768883,14.2184175516
92.0612795947616,127.357531778253,158.30215193345,135.215747792796,123.922507533707,10.8827035410971,14.1437678913416
92.1819381440796,127.370722933832,158.312049366496,134.864469477686,123.682787755823,10.909379504505,13.9822042987485
92.257400915119,127.409629267868,158.344735554803,134.790581501243,123.639089419545,10.9195520512418,13.9365749989525
92.305482981113,127.435667082864,158.366821156835,134.749605787568,123.615810714341,10.9257756711145,13.9097017551919
92.3772825222584,127.477294656668,158.404296285195,134.704860685529,123.594542117963,10.9345007712135,13.8745143396003
92.549936488169,127.585620402277,158.507876403601,134.64651460152,123.58381330271,10.9537790509172,13.804701962531
92.8520255268521,127.738665797141,158.68152664316,134.496073046655,123.562097215379,10.9895886916467,13.6358703013648
92.8660787734938,127.73679016078,158.682592872466,134.463572270193,123.545921560998,10.9920730549837,13.6151383043434
92.909357955694,127.747008985195,158.706041430809,134.407938899137,123.535090017865,10.9999235498575,13.5642615959873
93.0174997249786,127.810352497148,158.79517216134,134.341639393933,123.564160136177,11.0205173226926,13.461719626127
93.1176143455422,127.919917503388,158.906927384875,134.35869362065,123.644114013747,11.0412319205639,13.3948394397615
93.2049275717885,128.039891353733,159.010288584136,134.400077239074,123.725249814105,11.060299688117,13.346128270607
93.2675630994092,128.201959659881,159.091287471828,134.389540900083,123.769192988224,11.0909117542247,13.2441646384209
93.5652766090489,128.799834341546,159.259638959525,134.316210156968,123.755398923845,11.2090022290672,12.688307330248
93.960184780589,129.090899856113,159.423754861104,134.165238471687,123.685394194895,11.3037086225767,11.7618514243865
94.0006819044754,129.113903012446,159.454710895204,134.151667000453,123.684356372212,11.3125070509765,11.6378252607582
94.15458774191,129.228132769196,159.610985451277,134.135357481852,123.711404915919,11.3449239130011,11.1643413191689
94.2637701930876,129.362213396452,159.781738245307,134.172564708428,123.769471913674,11.369667001097,10.7878028156294
94.1751369539204,129.320595862281,159.743840067926,134.068411308222,123.669596924044,11.374105047069,10.5519257450103
94.0728237604184,129.286321718386,159.706467472282,133.983251312379,123.570233067387,11.3824990414878,10.2834070420139
94.0717066629439,129.285985303838,159.706076928934,133.982417802149,123.569191906483,11.3825996728879,10.2804855819359
94.0595641366924,129.282328575063,159.70183183577,133.973357787168,123.557874788782,11.3836935070838,10.2487301563802
94.0279960726488,129.282077877737,159.701525501688,134.009097523795,123.538988651012,11.4049919799863,9.99959119664736
94.0387183039785,129.286081878163,159.709044529887,134.038007515012,123.550899949573,11.4120585304513,9.94855860601903
94.1343411504824,129.015238581982,159.58542306612,134.289186702765,123.590788728285,11.5027569041863,9.4445647915021
94.1409255059367,128.960336843259,159.564886706517,134.322798046465,123.587038975454,11.520189303312,9.36443140649104
94.1541177395903,128.898883212067,159.583168809195,134.443155445083,123.584339420868,11.5796283460903,9.11159069508647
94.1454221421623,128.921894038052,159.601942037465,134.454958818094,123.576254016859,11.5888997739242,9.07251202865379
94.1193731417379,128.983261472394,159.651007613771,134.484373054573,123.551755884682,11.6138948847018,8.96624913183509
94.0197478205888,128.974516788302,159.607845466163,134.405569196269,123.449145984815,11.6200638959426,8.9074972626798
93.3535633494729,129.31188203816,159.371044704955,133.667855302293,122.561384713002,11.6628093049171,8.51151798402393
93.3611882385585,129.491506794283,159.347284470755,133.506713923016,122.400304860495,11.6727967917179,8.44791009161946
93.3459711295599,128.649649420157,158.235210522605,132.696138774088,121.934660857393,11.652738443406,8.1600209295877
93.2666306965218,128.534396531077,158.144777265513,132.659136521636,121.91171393365,11.6471588175819,8.14371341447841
93.1080028163568,128.353745321611,158.009823822988,132.618406791701,121.881999625736,11.6376978269419,8.11638229249843
92.9248486803185,128.152151330633,157.86044211478,132.576047833274,121.849960441897,11.6270119320092,8.08556568246628
91.8269074689777,127.25041510212,157.205315679912,132.589040756636,121.764615839073,11.5694816660666,7.87292080747151
91.4242545294786,126.911746508318,156.901584886228,132.487547323437,121.609899752943,11.5444426946668,7.77823539110082
91.1710282426972,126.68823483153,156.695213035317,132.428854781876,121.513366963463,11.5271323470242,7.70846419968267
90.9801637898745,126.51495754874,156.532983757345,132.398067566739,121.453723530474,11.5123735615103,7.64938153648888
90.9297695545684,126.467931539822,156.488363649007,132.394402854154,121.44267726759,11.5079018099106,7.63196038681462
90.2782755980799,125.963219280972,155.947775397317,132.288979115211,121.451852568876,11.3989334992342,7.52860820316486
90.2238046896303,125.926560372296,155.905029142944,132.260674970135,121.443735510488,11.3877006624871,7.53179333666766
90.101445691054,125.843743316826,155.801116328816,132.190082225801,121.435929612699,11.3539771118101,7.55006917448946
90.0932895747665,125.838201825283,155.793834574118,132.185061040411,121.435878680478,11.3513469774733,7.55178799281425
89.9751999284035,125.742086884202,155.658764372043,132.09338470308,121.44615811226,11.2980092225327,7.58990943753863
89.9302096356052,125.692021862478,155.582208770313,132.042390442729,121.459402270982,11.2647705021988,7.61563925410293
89.8448759284397,125.276503162962,155.036732500691,131.652565485081,121.385036933321,11.1055975470303,7.69134382672774
89.8436498156428,124.989419200472,154.694773573425,131.417989343772,121.332330417964,11.0252983336343,7.7109801556868
89.9928587656237,124.414538019404,154.02140015582,131.025560293504,121.398693114621,10.8601498044827,7.75076003238168
90.0303589451416,124.316114535582,153.906733097997,130.96588537616,121.428994673912,10.8310457240325,7.75807273125383
89.9754810582623,122.521535002251,151.498930868508,129.556420886927,121.682806931037,10.2057321475049,7.91543183474473
89.955128217213,122.450351283463,151.357644682249,129.448772813444,121.597560701639,10.1687270335512,7.91940859873989
89.9670835605858,122.291879244712,150.986134623775,129.177284559461,121.362722055544,10.0618474019812,7.93242161376444
90.3847159001495,122.209778439736,150.473408924188,128.93977155551,121.190579293635,9.85021451743648,7.97964987424637
90.54975883778,122.220726150565,150.379309411948,128.949031835483,121.262653671071,9.79469441707519,8.00028851507722
90.6384232964418,122.212241608883,150.304162989644,128.942760581093,121.302336723216,9.75811599667201,8.01246741786646
90.6431005449812,122.201856788397,150.283186394255,128.934650568155,121.3050963733,9.75151595545046,8.01386483180976
90.9221208404259,121.855336599473,149.237850974374,128.624275094178,121.741993557488,9.40541021126699,8.13790973386665
90.9537946368639,121.854292802218,149.14946147807,128.599991739462,121.791381681578,9.37551903039692,8.15392055057578
91.1159844340907,121.841149682532,148.205475139627,128.099075743772,121.798710767671,9.1232911725032,8.2806100927058
91.1385390299164,121.805496131327,147.692797036456,127.715871245751,121.562763792863,9.01471533932423,8.32775411075665
91.1476573980276,121.798749310778,147.559491224169,127.613962310115,121.496888817746,8.9865871275538,8.34029076940205
91.521454026927,121.844115691565,146.118563796074,126.351709970809,120.539769414633,8.67732192522327,8.50837143999921
91.5789687534253,121.775258137372,145.68564775941,125.936227115918,120.210085184359,8.59217968813901,8.5499749776275
91.752890672251,121.308232905313,143.472526220092,123.706150113274,118.454618087012,8.15360397855543,8.75333603031836
91.7686484209991,121.310905314554,143.402980448181,123.632663165543,118.392553814423,8.1383148520289,8.76081190191105
91.7897118138369,121.314477525695,143.310018570351,123.534433115473,118.309592461525,8.11787786681452,8.7708049042542
91.7773234148145,121.218349295462,142.420692427523,122.597444921365,117.451446080268,7.95084855548312,8.82426464749075
91.7717857926008,121.213483082613,142.322104032793,122.491692495341,117.345232337885,7.93359240020322,8.82819317399387
91.8594931034702,121.308300363767,140.058508615275,120.021869154658,114.858160550688,7.54234661747714,8.94549846149968
91.7962128149932,121.202957958701,139.599652692915,119.529675661939,114.413279418184,7.47662114205173,8.96334660374312
91.7438907327926,121.070772689563,139.062934510481,118.951077815653,113.929481067588,7.39989212848206,8.99252532954029
91.7191716434066,120.671977844609,136.935011617188,116.615456499262,112.185303525945,7.09960027094495,9.1723103509465
91.678537412427,120.615316610341,136.58006749041,116.228702526728,111.866510412078,7.05493432610896,9.19683194740455
91.6387092700023,120.57107779484,135.97821618301,115.574623102274,111.313775096412,6.97780150176983,9.24490007148036
91.6373393642049,120.57007223007,135.945916293604,115.53956538899,111.283789496302,6.97362510763784,9.24765108837312
91.6469627352105,120.598948925062,135.527366660769,115.090808330968,110.894020996732,6.91725920263184,9.29046573643389
91.6646997396502,120.63285908385,135.278232472325,114.827462785695,110.665090948148,6.88242687263933,9.31950542593391
91.6774475157989,120.654225776579,135.169016276945,114.713918660604,110.566919908369,6.86655118819462,9.3338124211413
91.6914761058255,120.690322839034,134.877363367569,114.413193144152,110.30608480885,6.82542710915614,9.36841817119156
91.5691181796559,120.604176717766,134.304709941745,113.842218393596,109.806011904276,6.75406890286533,9.40969500917238
91.4533276653151,120.628561633478,131.501668352579,110.968989264994,107.503085413728,6.35064495306981,9.67829511309558
91.4906571547671,120.647062832546,131.021821972977,110.429921262043,107.051042389718,6.27876989821016,9.71445377958885
91.5500903467129,120.675430704311,130.711222363172,110.072909199199,106.750622201348,6.22976910712217,9.74113895069125
91.6315060252167,120.711296106324,130.434037535626,109.749031003523,106.478182609506,6.18387564376561,9.76804363322932
91.7972363589052,120.511411886702,129.056261760647,108.203212352559,105.166144817961,5.9694522963028,9.87717174893328
91.7948284602515,120.469162499836,128.917216832956,108.052798769953,105.038449163366,5.94890163917908,9.8868804963412
91.8006031659303,120.283267181888,128.14500699931,107.245085429323,104.368836246214,5.82606404275413,9.96205490467099
91.8020946666668,120.271158835768,128.07849105944,107.176727569202,104.312684964534,5.81503908266287,9.96946598049838
91.8189510699451,120.25013180433,127.73974872541,106.836632265976,104.033964665004,5.75558241650563,10.0123019547721
91.7940653388744,120.216211167046,127.517805673629,106.618038770604,103.848741076309,5.71987284330519,10.0332042660165
91.7321562487615,120.156897483138,127.29987480873,106.406529186655,103.663221291391,5.68854327829925,10.04579945504
91.6813103247735,120.108183165775,127.120888230652,106.232816405404,103.510853927164,5.66281231249175,10.0561438814002
91.6065494211682,120.050173127545,126.770247090318,105.89816538497,103.217780569728,5.60954859297915,10.078882418616
91.5702608048546,120.045367721742,125.94809170537,105.122821595672,102.55228532682,5.47033455178734,10.1449512774887
91.6274239488488,120.097248603957,125.660447101898,104.851596856118,102.328742744856,5.41442292407547,10.1744906159571
91.739084739316,120.180705511175,125.408495050489,104.607166342627,102.13830383958,5.35863834524019,10.206348702041
91.8434275076785,120.17119822542,124.563295796541,103.737791747248,101.439032204675,5.19867867065099,10.2654523494003
92.0457030601255,121.034435801704,122.173446198387,100.281243350642,98.8081810372207,4.70385888272029,10.4859672827845
92.3091963321759,121.264506062636,121.752815475003,99.7502779771708,98.484396986472,4.61982062421977,10.5360900543593
92.8354274472288,121.068629156748,120.721515077566,99.0533445553265,98.1563414236685,4.41528021821697,10.6681949489453
92.9761749386905,121.093025772063,120.556537064921,99.0381228411615,98.1857699739925,4.34582363741722,10.7383077068884
92.95228052839,121.077014704124,120.50689212057,99.0066596928038,98.1545802627141,4.33165614375677,10.7473555035259
92.8703981473471,121.024675990032,120.356527756122,98.9072218963295,98.0542269213258,4.28992211395111,10.7727781668427
92.754349323227,122.318120277296,119.852135741559,97.6628963918688,96.5255215382615,3.82794238019741,10.9966296302384
92.8435468069187,122.453392323032,119.834921893411,97.5341073155079,96.385855763013,3.79417472271192,11.0100352861645
93.1272591992163,122.75269319981,119.844199241921,97.3139028738262,96.1580421303424,3.73105463350113,11.048552703845
93.6338865010184,123.190537255159,119.91594278077,97.0722275449423,95.9218866358484,3.65145093079707,11.121779297956
94.5778663682922,123.838981239019,120.04575476459,96.6650791416605,95.5435559555835,3.52077296518296,11.3100741325084
95.0377368907939,124.118728928614,120.102045700178,96.395867575549,95.2578206284152,3.43957334573463,11.4578170034378
95.5889489645504,124.640011404189,120.397226243032,96.2874431996031,95.0255858262516,3.3375000204692,11.614646305429
95.6081203452746,124.724144944189,120.407806144775,96.1555422502792,94.8205760194501,3.29073480042109,11.6095653599828
95.6835339538894,124.965603658658,120.51632862346,96.0443765285412,94.5891608924855,3.2205495783491,11.545254617588
95.9986193541667,126.054520156068,121.263775430027,96.2392834472926,94.4631732514088,3.10211376910973,11.2657742109229
95.9929045028083,126.11345670046,121.306754727841,96.2472166971686,94.4464548065599,3.09728578140561,11.246973155498
95.9996065470969,127.448307692646,122.466784179936,96.7769033671344,94.3664632347005,3.0951013944632,11.0662767064165
95.8218098573289,129.041120144982,123.96977126386,97.4066406265867,94.0258362984837,3.18867046782665,11.0748076885465
95.8161228871592,129.678885876987,124.566937709094,97.6471169314131,93.986756608128,3.24841906392842,11.1544107751934
95.8588729832009,130.055973778179,124.918856500991,97.8018711358137,94.0599170381848,3.28805077365747,11.2287027052382
95.8593564327627,130.059655751666,124.922292842031,97.8034022321439,94.0607869251633,3.28844392940138,11.2294709666047
95.738894075221,130.379214131073,125.230151391806,97.8411393452546,94.0927800056359,3.34087315630271,11.3478071507503
95.627046650341,130.602311478628,125.472503257912,97.8615836121006,94.2094543927816,3.38289697757371,11.4790612565259
95.5890937661703,130.766540276972,125.674798377574,97.9198044152085,94.333516704479,3.40527980429394,11.5722694087064
95.3964828781012,131.05736546594,126.211366140886,98.0773205198657,94.4296969786008,3.42487549297873,11.748658041063
95.0906812010914,131.283365003487,126.949337729942,98.3836236013479,94.230412212083,3.42697679449753,11.8216638981046
94.9755776424165,131.475629929097,127.52933994813,98.7497978148054,94.2790524360304,3.44938308528177,11.8468245986335
94.9684807225601,131.474912097027,127.538302277209,98.7550849104324,94.2786606831483,3.44999843724103,11.8467618394661
94.8247717404887,131.460376366292,127.719784837939,98.8621458813932,94.2707278884913,3.46245899836743,11.8454909985613
94.6797324650539,131.455094225044,127.944240841373,99.0184528215942,94.322918941361,3.48107162802318,11.8451266339211
94.2408520229657,131.609011008913,129.234980095787,100.157330237376,95.2192550443277,3.59959381933585,11.852480596436
93.5846742574588,131.996436081512,132.226384244597,103.427058428555,98.3713528507325,3.80802815476733,11.7774670277992
93.330218908388,132.195585378551,134.27595042564,106.027968608002,101.110142201188,3.91757012054144,11.7773643034713
93.3927353272258,132.333674839745,134.818548245787,106.707193454837,101.831957205018,3.94409652860468,11.7906076874808
93.2402900191522,132.319180701477,135.608711229485,107.762485232355,102.923486901101,3.9819643385255,11.7694295203232
93.3291751291025,132.721058558517,138.025343555249,110.834169487391,105.84229114374,4.10368690389939,11.7232694280304
93.3681080696669,132.841786655582,138.806784545631,111.809943284352,106.725050436518,4.15336333756261,11.7144552222398
93.4588255460492,133.143795311811,140.574637386445,113.876678911773,108.45202883892,4.2705204667992,11.6907317363676
93.446945933649,133.314010562077,141.81245420593,115.280235739754,109.508173144353,4.35523152158911,11.6505020533404
93.4473383889243,133.315594431794,141.820777481864,115.289626851141,109.515277631592,4.35580227999853,11.6502862885998
93.4981867642582,133.437604244317,142.341890130891,115.881166435798,109.974053214363,4.39302460200036,11.6415118561667
93.4037696948208,133.396995165435,142.63726662901,116.24522176762,110.236787891731,4.42066765360587,11.6208553773739
93.3693467799739,133.380871099527,142.736653357324,116.368569728885,110.325725546944,4.43018143945551,11.6136380978217
93.2542099457494,133.349943433305,143.26887937499,117.027393312335,110.833546231665,4.482492963537,11.5892331816309
92.8015310887105,133.475274573173,145.964794708602,120.011706945373,113.244357620726,4.72332505537021,11.5205774586045
92.7375110200279,133.609061877469,146.694328696806,120.738162006801,113.850403031652,4.78088946798517,11.5048564135595
92.6865142974311,133.594850498179,146.802395316378,120.847692443742,113.938601096276,4.79185320809425,11.4969008617214
92.5950206769545,133.573779167579,147.02516394435,121.074174145657,114.124185748377,4.81484250569055,11.4816259651355
92.5639648002893,133.571771495668,147.13435857027,121.185892562281,114.218971400699,4.8265043935679,11.4752765910175
92.5975658622595,133.770165868634,149.575687762476,123.717176088321,116.50501816211,5.11570874223696,11.3619031432225
92.8014602492322,133.997711798216,150.836454722842,124.992539370273,117.64704742398,5.21336944499072,11.3187656409899
92.7365785709668,133.959169968534,151.331082638054,125.507468312084,118.079654290709,5.23162586790637,11.2831878118553
93.0054350167821,134.155861535114,152.401164935507,126.616059355216,119.036358620606,5.24713560997783,11.2511868005046
93.0808927333397,134.067285795229,153.004486214605,127.238917158242,119.560464514655,5.25251895982089,11.1834295601886
93.1630019031163,134.09016446516,153.32587464902,127.552717685935,119.8412586864,5.25959927657861,11.151395672427
93.2710109664745,134.441201917312,155.391008617166,129.7274437838,122.158391530538,5.42889923146087,10.9817619991706
93.2199606081547,134.349813818078,155.97556421367,130.610629958683,123.315833683536,5.59589433860618,10.9559127249014
93.1128906497817,134.473867936592,156.65604240304,131.402265371677,124.510265248968,5.77544201718043,10.825005625117
93.1403640609354,134.63367285068,156.902277493966,131.551684106572,124.780130943871,5.84003598606489,10.7641334209175
93.2308297392362,134.37694373561,156.795441768633,131.364591196349,124.643191520037,5.97207046872712,10.8099301217937
NaN,NaN,NaN,NaN,NaN,NaN,NaN
NaN,NaN,NaN,NaN,NaN,NaN,NaN
NaN,NaN,NaN,NaN,NaN,NaN,NaN
NaN,NaN,NaN,NaN,NaN,NaN,NaN
NaN,NaN,NaN,NaN,NaN,NaN,NaN
NaN,NaN,NaN,NaN,NaN,NaN,NaN
NaN,NaN,NaN,NaN,NaN,NaN,NaN
NaN,NaN,NaN,NaN,NaN,NaN,NaN
NaN,NaN,NaN,NaN,NaN,NaN,NaN
NaN,NaN,NaN,NaN,NaN,NaN,NaN
NaN,NaN,NaN,NaN,NaN,NaN,NaN
NaN,NaN,NaN,NaN,NaN,NaN,NaN
NaN,NaN,NaN,NaN,NaN,NaN,NaN
NaN,NaN,NaN,NaN,NaN,NaN,NaN
NaN,NaN,NaN,NaN,NaN,NaN,NaN
NaN,NaN,NaN,NaN,NaN,NaN,NaN
NaN,NaN,NaN,NaN,NaN,NaN,NaN
NaN,NaN,NaN,NaN,NaN,NaN,NaN
NaN,NaN,NaN,NaN,NaN,NaN,NaN
NaN,NaN,NaN,NaN,NaN,NaN,NaN
NaN,NaN,NaN,NaN,NaN,NaN,NaN
NaN,NaN,NaN,NaN,NaN,NaN,NaN
NaN,NaN,NaN,NaN,NaN,NaN,NaN
NaN,NaN,NaN,NaN,NaN,NaN,NaN
NaN,NaN,NaN,NaN,NaN,NaN,NaN
NaN,NaN,NaN,NaN,NaN,NaN,NaN
NaN,NaN,NaN,NaN,NaN,NaN,NaN
NaN,NaN,NaN,NaN,NaN,NaN,NaN
NaN,NaN,NaN,NaN,NaN,NaN,NaN
NaN,NaN,NaN,NaN,NaN,NaN,NaN
NaN,NaN,NaN,NaN,NaN,NaN,NaN
NaN,NaN,NaN,NaN,NaN,NaN,NaN
NaN,NaN,NaN,NaN,NaN,NaN,NaN
NaN,NaN,NaN,NaN,NaN,NaN,NaN
NaN,NaN,NaN,NaN,NaN,NaN,NaN
NaN,NaN,NaN,NaN,NaN,NaN,NaN
NaN,NaN,NaN,NaN,NaN,NaN,NaN
NaN,NaN,NaN,NaN,NaN,NaN,NaN
NaN,NaN,NaN,NaN,NaN,NaN,NaN
NaN,NaN,NaN,NaN,NaN,NaN,NaN
NaN,NaN,NaN,NaN,NaN,NaN,NaN
NaN,NaN,NaN,NaN,NaN,NaN,NaN
NaN,NaN,NaN,NaN,NaN,NaN,NaN
NaN,NaN,NaN,NaN,NaN,NaN,NaN
NaN,NaN,NaN,NaN,NaN,NaN,NaN
NaN,NaN,NaN,NaN,NaN,NaN,NaN
NaN,NaN,NaN,NaN,NaN,NaN,NaN
NaN,NaN,NaN,NaN,NaN,NaN,NaN
NaN,NaN,NaN,NaN,NaN,NaN,NaN
NaN,NaN,NaN,NaN,NaN,NaN,NaN
NaN,NaN,NaN,NaN,NaN,NaN,NaN
NaN,NaN,NaN,NaN,NaN,NaN,NaN
NaN,NaN,NaN,NaN,NaN,NaN,NaN
NaN,NaN,NaN,NaN,NaN,NaN,NaN
NaN,NaN,NaN,NaN,NaN,NaN,NaN
NaN,NaN,NaN,NaN,NaN,NaN,NaN
NaN,NaN,NaN,NaN,NaN,NaN,NaN
NaN,NaN,NaN,NaN,NaN,NaN,NaN
NaN,NaN,NaN,NaN,NaN,NaN,NaN
NaN,NaN,NaN,NaN,NaN,NaN,NaN
NaN,NaN,NaN,NaN,NaN,NaN,NaN
NaN,NaN,NaN,NaN,NaN,NaN,NaN
NaN,NaN,NaN,NaN,NaN,NaN,NaN
NaN,NaN,NaN,NaN,NaN,NaN,NaN
NaN,NaN,NaN,NaN,NaN,NaN,NaN
NaN,NaN,NaN,NaN,NaN,NaN,NaN
NaN,NaN,NaN,NaN,NaN,NaN,NaN
NaN,NaN,NaN,NaN,NaN,NaN,NaN
NaN,NaN,NaN,NaN,NaN,NaN,NaN
NaN,NaN,NaN,NaN,NaN,NaN,NaN
NaN,NaN,NaN,NaN,NaN,NaN,NaN
NaN,NaN,NaN,NaN,NaN,NaN,NaN
NaN,NaN,NaN,NaN,NaN,NaN,NaN
NaN,NaN,NaN,NaN,NaN,NaN,NaN
NaN,NaN,NaN,NaN,NaN,NaN,NaN
NaN,NaN,NaN,NaN,NaN,NaN,NaN
NaN,NaN,NaN,NaN,NaN,NaN,NaN
NaN,NaN,NaN,NaN,NaN,NaN,NaN
NaN,NaN,NaN,NaN,NaN,NaN,NaN
NaN,NaN,NaN,NaN,NaN,NaN,NaN
NaN,NaN,NaN,NaN,NaN,NaN,NaN
NaN,NaN,NaN,NaN,NaN,NaN,NaN
NaN,NaN,NaN,NaN,NaN,NaN,NaN
