118.514658314058,148.164422286115,172.850354629839,161.330834727555,152.883523678515,3.72229282884595,15.8765292663748
120.431622427077,150.040754637146,174.689591746862,163.25646105253,154.806050776124,3.76775141312175,16.1211361077581
129.604718056435,159.02611569946,183.461717393768,172.454014236493,163.996655880567,3.98836436048151,17.3010458060408
133.706529943477,163.07004280694,187.271269223708,176.500636096079,168.070844306741,4.0990124219916,17.8652763777661
131.453342201176,160.904966265051,184.833183280275,174.062808073239,165.704173076933,4.06757372276518,17.6545255753374
131.360133333254,160.815012674949,184.734715911312,173.963448486923,165.607159922145,4.06607014842004,17.645120985522
129.596890376039,159.101242319052,182.919654882397,172.111035219991,163.785864875734,4.03213291865776,17.4511083143302
128.169431083177,157.708018339137,181.473137623599,170.624444284025,162.318092209676,4.00201954528663,17.2863065565587
117.22912972781,147.007603216269,170.37547614362,159.209436737495,151.042509710602,3.76356217829262,16.0126249679342
101.500815870254,131.466386718347,154.013451380804,142.405788010892,134.45971397092,3.3657045188489,14.1648402709278
101.02537799238,130.988555740537,153.486421900657,141.868994825195,133.932969394663,3.35086189901465,14.1102127046007
103.003579180393,132.823287485676,154.884700958583,143.410097378213,135.535205369958,3.35433051179686,14.3895134473158
110.480542310736,140.102520373725,161.646495515955,150.532690595359,142.726567211154,3.48715391223955,15.3754840301511
110.967863251135,140.579875304359,162.094435226656,151.003455889765,143.201643114855,3.49663821144373,15.4399586517347
116.105198112365,145.682880980908,166.86657198243,156.018007572057,148.280221761188,3.61064125336336,16.1421149702175
114.298635199403,144.266277659843,164.77646703047,153.930517677663,146.488194734121,3.66976041891826,16.1362339751287
109.645113372285,139.724755064975,159.915693740336,148.911695739499,141.654200902468,3.63264399651279,15.6451624304008
109.283426036158,139.362606890573,159.524883754637,148.508578914881,141.267237064904,3.63029892380067,15.6062947751598
108.117481116801,138.195176400692,158.265058287316,147.209080794203,140.019810143038,3.62273928501569,15.480999967659
106.982852327145,137.022870278924,156.961066812965,145.869588641171,138.750916020789,3.62089766301752,15.362733363591
106.980660033765,137.020477743344,156.958272907965,145.866737069544,138.74827094317,3.62091350336519,15.3625177367678
106.823074999134,136.848499026621,156.757443210505,145.661762216389,138.558139160662,3.62205212913408,15.3470181869756
105.960070273423,135.834068526653,155.490318468795,144.380069193857,137.403818694392,3.64085707335672,15.2725037688138
106.14722204666,135.874881618815,155.352225818995,144.265206728867,137.375073528476,3.66780030289308,15.3142511620626
106.736701725502,136.316738438395,155.629616940382,144.583095632439,137.771709243645,3.69954901972173,15.4038176006117
106.962021912625,136.499203430374,155.766502599028,144.734045762069,137.944420644966,3.70938370080157,15.4362369312641
108.729466656943,137.960915906567,156.898074606068,145.976255230851,139.347029622864,3.78243323444562,15.6897216891213
109.561071100595,138.667687701723,157.466629680874,146.597062631142,140.036870265087,3.81424456466219,15.8084786183627
110.68379828853,139.617806834629,158.216107408375,147.421016281943,140.964128266468,3.85888328193271,15.9721171822749
112.469854772115,141.091916401505,159.265597583114,148.61397598378,142.392127536039,3.94192524501265,16.2540212225389
112.871970144508,141.390806416949,159.388091713231,148.784992788324,142.666889761071,3.96940667391125,16.3319242356856
112.829229902283,141.124503341717,158.582426100355,148.078254816213,142.293053678297,4.02567264291994,16.4167713286764
109.515323851722,137.621561373615,153.932253892516,143.456218664959,138.383179228818,4.0573017345239,16.1729767498221
109.268897409549,137.360634988584,153.564124410789,143.08704266189,138.076474758155,4.05999183542773,16.1552609394369
108.833098538656,136.873530445971,152.748415179471,142.271304144412,137.443599158574,4.07260525487187,16.1377418413823
108.861457410631,136.853463204034,152.47328327498,142.002482157983,137.308131541791,4.08842330992569,16.170327263478
109.169161694311,137.090097914177,152.360333140109,141.903118887499,137.385020930016,4.11482424239917,16.2513815183221
109.392765100736,137.285200032609,152.422069214742,141.9720753074,137.518576541365,4.12684900759347,16.2974170569072
110.665957298108,138.428446200485,152.912324490527,142.499982062647,138.354485612903,4.18980894472188,16.5612070997444
111.22581459181,138.940686622838,153.063504478135,142.662962366423,138.682244794175,4.22312308660147,16.7082778775262
111.324161783043,138.999295429389,151.535277802449,141.109587713018,137.825981425146,4.31752428320385,17.1406185876581
111.26040608489,138.937264263052,151.386797239094,140.957706088208,137.710794045464,4.32058833010161,17.1565971305064
110.816605189009,138.499457795117,150.386911216065,139.934924539966,136.918223837985,4.33237569092476,17.2477624611526
110.638760186317,138.321889306571,149.98645460296,139.523252967328,136.594294557474,4.33344740370568,17.2800050638562
110.492932831016,138.176288684245,149.658092670278,139.185695117619,136.328682650665,4.33432617475979,17.3064429924408
110.442028551882,138.124387842676,149.525730502139,139.049524785488,136.22398924084,4.33441110721228,17.3189499347063
110.377072084716,138.052338695735,149.260831842117,138.776530062152,136.025590772163,4.33331913256038,17.3526488348933
110.992280899737,138.549221799716,148.286112949814,137.781044686611,135.63684195446,4.31166112259874,17.7095093316401
111.05257292027,138.603002088735,148.273586375623,137.769700308097,135.655486942102,4.3103382304911,17.7289571930716
111.15218078054,138.69204151442,148.228562363311,137.727813415878,135.676278857137,4.30701050080036,17.7664038590453
111.294066389155,138.81941994471,148.094221453731,137.601357928844,135.67700587954,4.29897428637034,17.8350879993797
111.338887029669,138.859657872214,148.051784129231,137.561411552458,135.677235540673,4.29643570418725,17.8567848239769
111.428842035362,138.939198716955,147.729167726833,137.263509829263,135.583662244431,4.28449434039977,17.9503838988496
111.438741443002,138.946677567276,147.612517149618,137.157291922606,135.540939189186,4.28125753613646,17.9770812164555
111.218054519224,138.4434401593,144.399391195177,134.442590296442,134.132881047406,4.26128068265567,18.3718998342896
111.323164190685,138.1621138872,143.048798239408,133.360391292952,133.573604575381,4.25269369306147,18.4506893004746
111.428468963264,137.993352199858,142.383469892641,132.818794679148,133.317783871149,4.24168249015439,18.4781138029111
111.398922968151,137.860104436276,142.101063307998,132.570759903799,133.169510549646,4.23434685051354,18.4760633076439
111.406868047005,136.85044428608,140.004888862494,130.697254570497,132.216075040433,4.15784123489894,18.4907750109925
111.430556810245,136.79001746861,139.865579783198,130.571509789864,132.165571145745,4.15193493650818,18.4965978790162
111.48764339929,136.685327740775,139.605365688175,130.336887658985,132.076633852864,4.14121135618414,18.5109592458985
111.425985728132,135.659259305618,137.495658102807,128.384526835615,131.001748055947,4.07334643463822,18.5620368252493
111.467563755586,135.516458696926,137.089538041197,128.020238357957,130.807730200138,4.06393335020743,18.583699170037
111.468365805586,135.514648568525,137.083842069182,128.015172415466,130.805086330254,4.06381105186036,18.5840462141183
111.649186645823,135.254422917006,136.131377160986,127.178277203865,130.381035282051,4.04530894189165,18.6503745031124
111.635080947458,135.187442344473,135.977524166798,127.038141513035,130.291058056556,4.04205659314822,18.6528438711388
111.578983701184,134.873933818594,135.243474814903,126.371602326778,129.868800940073,4.02609939359157,18.66455243468
111.565011588374,134.656638532904,134.70129438148,125.884112848412,129.574750663509,4.01316532419441,18.6729235137317
111.573642763123,134.563528538865,134.452394318534,125.662509267178,129.450696115343,4.00646218955307,18.6764220527213
111.672444620746,134.189768848531,133.394834915982,124.726241177301,128.981368206811,3.9732907924577,18.6867622189338
111.676721997103,133.989867459654,132.919513449938,124.296125861613,128.765973643635,3.95556811873702,18.6785906144039
111.617495891749,133.845751995704,132.666302139005,124.057373750055,128.621431592316,3.94569620867529,18.6645715459991
111.581858028375,133.759034032676,132.513938412741,123.913710494113,128.534456940751,3.93975602773787,18.6561359137478
111.360035959022,133.234364750491,131.593164584636,123.030951226073,128.030958588119,3.89990192812807,18.5993914576575
111.240328553283,132.954595100439,131.079483787988,122.524873590852,127.769571429258,3.87602552402474,18.5678812301544
111.159226701267,132.763958893467,130.696700076791,122.136395643281,127.588265836724,3.8585102154086,18.5468592808597
111.103958610129,132.630605817149,130.370372409693,121.789755298526,127.446982914898,3.84592809662181,18.5325539122423
111.040627903081,132.556578226876,130.244142293374,121.649751145583,127.363003523118,3.84280532501509,18.5209818117423
110.667230360872,132.164978531625,129.527786880603,120.827021544956,126.857315922367,3.83643857656184,18.4448152125863
110.662308147187,132.160549567826,129.516113184724,120.812861976682,126.848930033181,3.83675080648298,18.4433508474221
110.596153598593,132.135293975958,129.093712792007,120.269353419272,126.547737645947,3.87558862613995,18.3779308896158
110.696951977893,132.251239315495,128.893041856847,119.998919897134,126.41441784095,3.91981314718958,18.3377779507494
110.706464009669,132.262955641649,128.816565495906,119.903525425776,126.35216770306,3.93276689157147,18.3219711414012
110.673860520813,132.232618606578,128.618649394931,119.668187289755,126.173408270282,3.95782791697611,18.2812462044449
110.657560145314,132.214343567912,128.457850790276,119.477862605248,126.029383766624,3.97947495340386,18.2481301862503
110.691437175427,132.212896017481,128.019408863667,118.96467154368,125.650324954235,4.04746612047304,18.1615831952331
110.702558794073,132.216564674186,127.958098195455,118.893258645349,125.598952426103,4.05759443910772,18.1502631348522
110.756876122481,132.240725636545,127.784548488192,118.691353285235,125.463695465705,4.0880521854739,18.1253981856686
110.591346110938,131.957023127486,126.818847876385,117.595133849079,124.711739469599,4.19456799478024,18.0767748798792
110.511553136414,131.846218462137,126.518281716244,117.269995498292,124.539242731088,4.23435246004574,18.0970442470217
110.524365115804,131.79502182716,126.170149474892,116.927946774571,124.419923541994,4.30091710946425,18.1415179447275
110.448051768028,131.688849392558,125.948216587595,116.712313683194,124.286845857614,4.32695733901857,18.1444037267197
110.378034628996,131.554455178946,125.606628548818,116.390484283726,124.103866936894,4.37236232515492,18.1589298713691
110.37695288397,131.551924858082,125.599657506034,116.383990101392,124.100292619426,4.37332790566258,18.1593001107269
110.368580290458,131.497320714912,125.417559497331,116.217690621755,124.016282044536,4.40024809399132,18.1757133257233
110.407254329864,131.439212947533,125.125292469587,115.958877452491,123.906538608226,4.44745014924186,18.2224428012406
110.471273472867,131.423087585939,124.937212235759,115.79738563292,123.855637507533,4.48012697039937,18.2720177302036
110.527852949646,131.426795577676,124.840307994238,115.716177236466,123.8424423723,4.49768227303981,18.3141076439729
110.596739338057,131.393698806744,124.624438172471,115.526325231914,123.781704566203,4.52816008397179,18.3973414194652
110.576169882985,131.34098624173,124.521872618215,115.428307945931,123.723588229259,4.53548197112103,18.4232566974587
110.551615389358,131.278061369044,124.399436450635,115.311301208733,123.654212680899,4.54422236947904,18.4541926909539
110.549162901671,131.27177647155,124.387207601693,115.299614647951,123.647283493895,4.54509535507899,18.4572825589136
110.529901367071,131.205268487279,124.25041359552,115.167909392618,123.57528080206,4.55469896830423,18.5030202388007
110.512147372657,131.130507453236,124.092342188555,115.015179657767,123.495114055622,4.5657072228195,18.5620296664147
110.605082704445,130.989912327994,123.574660354786,114.521060839139,123.322409141978,4.61481608233914,18.8487860785124
110.647627948693,130.996101432211,123.51208890659,114.46549777824,123.318194805018,4.62417886120832,18.8920324501384
110.701665798099,130.711894854549,122.631435866937,113.658392047875,122.9314868962,4.69943431019595,19.1740432526465
110.71994271111,130.684119650679,122.538362217375,113.580403385934,122.896065774558,4.70602431297974,19.2031967162058
110.783211820784,130.607509042959,122.272266234406,113.361838954027,122.801908296499,4.72394545101808,19.2930180332569
110.794867410523,130.600990911857,122.245723098574,113.342282889512,122.796179073193,4.72517698042324,19.3056291123278
110.799526218448,130.598385576432,122.235113650717,113.334466215247,122.793889068865,4.72566922998601,19.3106698349713
110.815444201186,130.589483796197,122.198863818025,113.307758592181,122.786064696205,4.72735112375979,19.3278927248847
110.855117417453,130.567297426337,122.108516474662,113.241193794156,122.76656360528,4.73154299508703,19.3708182291737
110.898432329446,130.225406979694,121.57156311969,112.876360731602,122.629624929299,4.69978150572176,19.7263010051743
110.855164067518,130.123085578809,121.491243782527,112.831061475828,122.611776227081,4.68144521828314,19.8176949705901
110.768719123148,129.913444871374,121.401503785962,112.845715062479,122.691888711972,4.62322134739996,20.1259764022412
110.767802987289,129.907641453307,121.411767935327,112.866379594464,122.71777332483,4.61786403829779,20.1606128958329
110.766502485146,129.899403201786,121.42633842519,112.895713964327,122.754517868955,4.61025906148097,20.209781186435
110.772534375281,129.884254252459,121.501845143891,113.030852349168,122.919476797518,4.58154597315512,20.4100267977298
110.788183835128,129.906290575469,121.648088608435,113.257344269625,123.183665843021,4.55121853118339,20.6881368919175
110.692375457592,129.851697222374,121.77439128046,113.495216608108,123.463004325269,4.52229570665701,21.0692824076787
110.739903763992,129.899514359298,121.856751632334,113.617496312813,123.598456483673,4.52040828692833,21.1898843642589
110.778252977047,129.936303458076,121.913210963937,113.699812619554,123.689073546026,4.51986248739197,21.2664546738752
110.778450880318,129.936493310289,121.913502325492,113.700237417484,123.689541180472,4.51985967076277,21.2668498192639
111.415664355807,130.408109913843,122.449550945937,114.442015948466,124.436471107502,4.52614266128122,21.7659039215597
111.420780125945,130.410139191703,122.453059676901,114.447968368075,124.441253143666,4.52598399633355,21.7707463014289
111.555960586957,130.478193983034,122.55404320322,114.606321022497,124.56639271142,4.52169064046094,21.877598151422
111.629518999217,130.521534345498,122.612607183178,114.692953794035,124.633953153644,4.51931037447407,21.9265169837675
112.131569137889,131.039509353123,123.198038167114,115.461311302278,125.258912114666,4.51999511755603,22.2001955819934
112.272837050869,131.271765152564,123.440401274963,115.761783364436,125.51378167566,4.52992581698978,22.2753120589062
112.30197144761,131.319664441677,123.490385045448,115.823751238695,125.566344715281,4.53197387539956,22.290803710152
112.28049147268,131.392243730427,123.5817089003,115.94346585544,125.651998276583,4.54012655411933,22.314085171672
112.195626193485,131.692156771303,123.945558371866,116.405002230708,125.994252203397,4.57846321857196,22.3828643532762
112.186126663905,131.728469106672,123.988584535889,116.458461624111,126.034861676918,4.58337640587918,22.3893575272927
112.174984673339,131.798481442517,124.070809719986,116.556824727462,126.111843715447,4.59315660122445,22.3972832919056
112.173450141718,131.809304755461,124.083501864658,116.571907448368,126.123710025382,4.59467658608058,22.3983882148771
112.14049798695,132.16593637396,124.506516055466,117.067939174956,126.514985295372,4.6442532856109,22.4291136565077
112.173896222682,132.652461600556,125.116392781913,117.755258549347,127.053955715899,4.70794664003946,22.4507906268426
112.127747649267,132.741723382869,125.27850808366,117.933368549689,127.166248109715,4.72483573707735,22.4400684602385
111.975505297627,132.873380345652,125.629387179845,118.309139469122,127.358361434955,4.75645230710265,22.3964751110535
111.927489251508,132.99446563976,125.940277598512,118.633457569116,127.523343487566,4.77358055716208,22.3707998348756
111.987304045782,133.269549636356,126.500606991214,119.213387460087,127.844745742831,4.79330877620165,22.3724589280975
111.924515531528,133.464957440543,126.971635004783,119.695243021705,128.057722151222,4.80954663960952,22.392909371695
111.833154408,133.563548492864,127.211892404399,119.940315802644,128.159783700635,4.82134597308922,22.4093688766067
111.781830864902,133.802185401437,127.630056437132,120.372676607343,128.420440210881,4.84329762898234,22.4495729450414
111.781331941294,133.862689967486,127.728369356382,120.474775192205,128.489766871645,4.84819168330788,22.4592169707977
111.736805187791,134.228982992142,128.430416342222,121.19923449782,128.9832152072,4.87470165990206,22.4990988489135
111.59749999858,134.288134457933,128.748512325335,121.518804554895,129.163726515585,4.87691730563653,22.4745898337299
111.534335176104,134.3693507018,129.068587247716,121.843014244474,129.370104802177,4.87463166810086,22.4492068714673
111.535615983441,134.527416227954,129.519777714919,122.306504166248,129.694141800755,4.86940610557911,22.4242778000465
111.537373385094,134.539130636774,129.550499891705,122.338211024128,129.716860879312,4.86903988459065,22.4228736132067
111.541567056158,134.559823861821,129.601732582269,122.39127644284,129.755409489722,4.86850358084762,22.4210215044037
111.548965155682,134.580833218466,129.644991359219,122.436664967671,129.789980017505,4.86827799431356,22.4209526549216
111.568294796249,134.63572614214,129.758017225808,122.555255406744,129.880305360396,4.86768858528951,22.4207727660544
111.578528056905,134.664786878896,129.817853990469,122.618038098955,129.9281242929,4.86737654761065,22.420677531502
111.579854077424,134.756280273627,130.046204162013,122.857244479949,130.09946244436,4.86548572146612,22.4145898895318
111.388166115202,134.855702617184,130.461425312263,123.294195845725,130.365815919446,4.86460176446707,22.3899138230774
111.370424842497,134.891349326244,130.535275508063,123.372960844664,130.421330182744,4.86676585060613,22.3933335451059
111.35557905333,134.944034251347,130.628591257384,123.47280598515,130.494927564604,4.87052166573798,22.4011746160208
111.330937552319,135.053515759842,130.815356751626,123.672549839407,130.643909356557,4.87864479953125,22.4191278522731
111.356050416241,135.426114450625,131.334013365295,124.223334004538,131.083894169026,4.91209431577625,22.5102581290727
111.356889720831,135.431814229313,131.341606219223,124.231338850725,131.090386344276,4.91263397776003,22.5117933239345
111.260778544627,135.637874086556,131.697141235837,124.594363769261,131.341966947365,4.9428692770367,22.5804190878557
111.149778727092,135.744480877157,131.934299107659,124.82400766207,131.475388755347,4.96535860832052,22.6239649512266
111.075423243959,135.874000496187,132.19818367433,125.075035101891,131.624667618602,4.98877403071843,22.6725109571245
111.03624057608,136.069495598479,132.564830365674,125.419974513338,131.834885396546,5.01853432276616,22.7418847303057
111.035922051301,136.083014191371,132.589047936925,125.442678668778,131.848918435875,5.02038910371591,22.746627424179
110.766766937664,136.628508825074,133.837647279756,126.575445012007,132.39517784499,5.11430625953799,23.0544133718276
110.760060595403,136.641536520932,133.866755313198,126.602799454246,132.408785877139,5.11630327667706,23.0656349660778
110.736535329163,136.687236546613,133.968863766626,126.698756462024,132.456521672129,5.12330863936998,23.1049993441679
110.730029638791,136.699874457447,133.99710089583,126.725292466984,132.469722555753,5.12524590631352,23.1158851914495
110.645861172336,137.170583585343,134.884826716915,127.63315593627,133.062675731114,5.18100357734821,23.5793015791627
110.451175821195,137.430316974988,135.518052733955,128.32750498341,133.553611020346,5.22228662989498,24.0172371450641
110.453046525321,137.44401795919,135.541032644481,128.352722963149,133.573978212723,5.22376031390148,24.0300773289713
110.499782865368,137.70489484917,135.969368213837,128.821914671868,133.954302653212,5.25131992090923,24.2632628425895
110.525372154078,137.909312386892,136.320367860582,129.203333375311,134.253715972731,5.27503049432101,24.4458861107606
110.456130916072,137.946803642731,136.459690020105,129.352603223712,134.345173655343,5.28625802007007,24.5297313105124
110.42545338933,137.963461198382,136.521515885422,129.418843808009,134.385769223596,5.29123972298495,24.5669279764898
110.287178325983,138.199847680828,137.145709364408,130.093371262396,134.840577011739,5.33870968142926,24.9204020151289
110.295568833632,138.389284720847,137.561133306654,130.555139177898,135.189673382063,5.36775363519714,25.1785716963964
110.226977284066,138.489448913718,137.928312848573,130.973951684352,135.493540841545,5.39507485462172,25.4805691031897
110.174211160545,138.477195858799,137.989658282602,131.045864627618,135.535294643484,5.4005756916922,25.5526900781167
110.026524542157,138.586848339337,138.606069839838,131.752261322828,136.04860509589,5.45807107943506,26.2635615472458
110.068660499872,138.698189465174,138.836966591613,132.009088330877,136.253952267143,5.48149625150267,26.5061448954957
110.083135419509,138.723277418175,138.876744626855,132.052731003756,136.289546925651,5.48589672519774,26.5453907322173
110.185139227048,139.050556546078,139.489635745688,132.724040853225,136.760564525103,5.58211446353447,27.2985343420587
110.316559628163,139.272842051615,139.788270579893,133.069086266361,136.994601745248,5.64825773210511,27.698903567792
110.570660415526,139.559727319403,140.08824337421,133.454903895885,137.29472408359,5.72025270317714,28.1034814510214
110.759803840736,139.731368930074,140.249042204117,133.691921764991,137.500786053359,5.76157440149243,28.3464238069843
110.803107480681,139.759205906402,140.281065955712,133.7632511151,137.558406870833,5.7787676844591,28.4562458269471
110.803862139845,139.757952172642,140.280897144285,133.767083571977,137.560995734199,5.78024066862286,28.4663840289973
110.827978156374,139.712582842587,140.269876992798,133.877908421601,137.645949895595,5.8193688440092,28.7624268876034
110.83997183522,139.685605786595,140.259716018438,133.923336317905,137.690050656455,5.83222045434718,28.8864174479032
110.872850154226,139.616301402588,140.241119051529,134.038935799394,137.821457775894,5.85336308649508,29.1835111771004
110.874507340013,139.612874546028,140.240313816312,134.044634951643,137.828231215223,5.85422769703867,29.1978749097755
110.931816504094,139.513858627826,140.245153318741,134.250005285766,138.087966541042,5.86819372948447,29.6696390774161
110.947293843664,139.49439493839,140.258754818592,134.311859054755,138.168295298749,5.86791684723206,29.7988340212255
110.967173851575,139.469394627566,140.276225387316,134.391307684234,138.271474293528,5.86756120333452,29.9647796279219
110.905938279076,139.354131783575,140.243441708438,134.437546464077,138.347044061834,5.86133822048345,30.1981258165943
110.724521777819,139.095105759136,140.146453732222,134.467055884273,138.42756743617,5.84266363956868,30.6217482546943
110.679488378856,139.031297535067,140.125684915831,134.479987232282,138.45585249448,5.83680728191113,30.7439369058695
110.650690033686,138.989683216104,140.113199402333,134.491764760135,138.4792782253,5.83251608923883,30.8342451574073
110.583772313392,138.884185932109,140.092837021438,134.557256927953,138.591721540627,5.81660967765726,31.1763526139496
110.642374407874,138.882112898042,140.123474135866,134.757005867868,138.898941074701,5.79259616363957,31.8431010191167
110.632748988263,138.854859949713,140.081812210158,134.766360653273,138.940662772701,5.78490771504573,32.031589557139
110.565546339279,138.76163990125,139.95464034436,134.709507250536,138.927166488688,5.77267673532548,32.2768473754628
110.553708075539,138.733287970693,139.893308336816,134.686245937519,138.928437776073,5.76733126767995,32.3963152858654
110.548475422351,138.720756080625,139.866198860983,134.675964160869,138.928999700197,5.76496850748742,32.4491215212974
110.68648355747,138.762303110251,139.665737263072,134.702796437577,139.09981693736,5.73924299894667,33.1145258705555
110.682739064045,138.736589733273,139.574787463421,134.712516463109,139.159957291994,5.72289625599903,33.4476236375179
110.464777668848,138.53638945783,139.405567581158,134.66041164908,139.139642791082,5.69748093369982,33.9385113797907
110.453522624816,138.527915984852,139.401771294955,134.664113171879,139.144692990354,5.69637132764757,33.9729936282651
110.398529801783,138.497936857391,139.406625041387,134.723578466887,139.212324099301,5.69273493263538,34.2214950699861
110.383157674868,138.507399155385,139.439906338202,134.80444499679,139.299748711928,5.69473656185489,34.4248297467134
110.099028023626,138.301778321245,139.291345701731,134.770020146823,139.2684086613,5.70503803339303,34.8419229563299
109.97677988439,138.247561907065,139.163498975537,134.756881325525,139.291055298253,5.71246230210976,35.1381004435716
109.975358442622,138.251068819833,139.158658238356,134.760104067987,139.297730002134,5.71260580858987,35.1577135394147
109.987688359727,138.287784568359,139.15490629714,134.788709723834,139.34206729676,5.71090854076321,35.2397890400054
110.002016372755,138.322295984425,139.156102077993,134.815081220877,139.381172174028,5.70899118142468,35.3045326281028
109.912652205539,138.274704282534,139.077965224692,134.76360350804,139.339245005265,5.69936989300024,35.3808052651692
109.773778087133,138.199159611162,138.971125463261,134.685643690577,139.268636176584,5.68393978002567,35.4752115966891
109.719903338583,138.175460141461,138.934219816837,134.660720796874,139.246241590069,5.67689344885275,35.5181762759727
109.691795179818,138.16722643774,138.91825404105,134.652181107717,139.23857017575,5.67293911575214,35.5457658526089
109.588196972921,138.223961430219,138.926275596969,134.717280497406,139.295479972642,5.65691191117658,35.7562390013049
109.603455308676,138.317961104731,138.999127441287,134.823657110741,139.38668562604,5.66432041121092,35.8485327427037
109.325357077852,138.200694266016,138.897801515902,134.775251023756,139.25924673627,5.70163422789639,35.8843496373796
109.255485633201,138.203474878237,138.889086980858,134.802312281171,139.245853157933,5.73487930080508,35.8638188727623
109.244953752001,138.277583156688,138.925256115159,134.886658792415,139.289432907029,5.77715910768766,35.8172271926464
109.256185817303,138.313302911413,138.944861339099,134.919717528429,139.313927036628,5.78703356862946,35.8008849461194
109.196072987595,138.343291263328,138.932773225533,134.943497056531,139.303757531735,5.8123234764641,35.7158553633056
109.14794804842,138.320190868936,138.903320648216,134.919782123199,139.269858905842,5.81592610918609,35.6845249071504
109.048116325211,138.284219394975,138.846079368396,134.875035707883,139.204201095094,5.8189527005979,35.610003187364
108.983978747581,138.266696496951,138.81110738071,134.848368203346,139.164198960671,5.81881781039656,35.5576704277822
108.912867031222,138.2740558594,138.782060486419,134.831625570788,139.130693366496,5.81027939033743,35.4833291995286
108.547808339293,138.379077500566,138.650588886637,134.7514573615,138.938670215865,5.65361322099911,35.1664729211662
108.543609637346,138.378049904681,138.648190896882,134.749220029028,138.935231786063,5.65193617365178,35.164531647234
108.476948678659,138.37336384063,138.613548519154,134.718956350765,138.87952741837,5.61584338279423,35.1355312504732
108.426709890885,138.386148206881,138.592299672511,134.703558823186,138.836064428687,5.57540887447935,35.1163654538387
108.416863455684,138.443884683932,138.606416175493,134.72693545599,138.82567324185,5.52461239181627,35.126975231661
108.447857347996,138.554480851721,138.660942217465,134.794294926314,138.852431056988,5.45990031246946,35.1788227685567
108.449562184788,138.559758816046,138.663668796355,134.797611747014,138.853919281598,5.45695962088594,35.1814398070576
108.361107468255,138.518571960786,138.610704914546,134.74171932616,138.767612996795,5.41461047258117,35.2055338729485
108.127138483748,138.462050486368,138.49605261541,134.620531095391,138.558623086828,5.27946872926708,35.3506377199654
108.059322693513,138.558872478027,138.508622458275,134.641702937443,138.534583305097,5.19567850196357,35.5162133173764
108.050071003655,138.67858652812,138.549277643757,134.69694369404,138.567660100459,5.15040058283935,35.6403542534055
107.800322952424,138.710109031971,138.437120675539,134.606454639773,138.426337385622,5.07171845097813,35.8250268043565
107.525895527356,138.822412127631,138.318599665953,134.539065290943,138.308537251926,5.00400660357561,36.0522677415032
107.456551534522,138.993902120678,138.321276146383,134.587872390573,138.335630949748,4.97753092793878,36.2107710416418
107.36665752518,139.0808716357,138.29017197947,134.587717072848,138.316396506558,4.9592483412428,36.3201367768647
107.114703502983,139.043499614936,138.13520789942,134.455257300664,138.148611984332,4.93315563864492,36.4236442374535
107.112887957262,139.043378346956,138.134132869036,134.454356618824,138.147430079253,4.93295643712615,36.4245231366965
107.104057358523,139.042788513901,138.12890404894,134.449975809337,138.141681433336,4.9319875445999,36.4287979982193
106.975030458812,139.075485069139,138.06452556621,134.401742792894,138.066300815492,4.91481882591545,36.5232552363384
106.598562265974,139.308639948622,137.923783038841,134.293210561568,137.824556627593,4.88703322056142,36.8247704633086
106.519812188515,139.457712443175,137.915225768944,134.310325914341,137.794873705339,4.89926255363018,36.935601597123
106.518132609689,139.632075932331,137.956209276902,134.385150998439,137.839551288796,4.91710041011322,37.0494423021499
106.500892414921,139.626363097798,137.94483594764,134.375039363332,137.826356652933,4.91790838854833,37.0539856430132
106.196290812131,139.660585410632,137.812529696373,134.305088670249,137.664127954779,4.94261195180533,37.3253002160485
106.21217145894,139.705362035193,137.844089535326,134.342968487503,137.693098825293,4.94277600688042,37.3650823104478
106.114841856929,139.67507631017,137.811305111614,134.309442617349,137.627603719144,4.93504208058864,37.4188663248829
106.013220420048,139.628079189844,137.769045016567,134.261285047867,137.55086185287,4.92524801112243,37.4508433376286
105.936701112516,139.60718412524,137.748994782134,134.235667992339,137.498035431222,4.91492286927622,37.4851252997729
105.603198732997,139.844282886494,137.865532917741,134.306430065411,137.361287713501,4.83925834919033,37.742234849641
105.597009697377,139.850946890255,137.868803994899,134.308463021201,137.358661417734,4.83843512753346,37.7457422447437
105.558436214012,140.117834404195,138.041329473761,134.453428622624,137.389517020726,4.82852492394685,37.8284411076189
105.508865781307,140.206972635872,138.098411369566,134.489008714263,137.362094896323,4.82492777680461,37.8368590475964
105.326519849515,140.224964292979,138.096125094923,134.439400595626,137.204591427579,4.81382077046726,37.800988790501
105.287931388801,140.24258507575,138.106812874454,134.436942211718,137.171662091186,4.81050535381819,37.7911039221309
105.221183519667,140.498435213913,138.300752138634,134.562885962545,137.132514460645,4.78730596546021,37.7489287373916
105.051362278756,140.688335778568,138.432137969746,134.612436499797,137.012848467548,4.74719772665124,37.6626680058053
104.925078046407,140.781976057597,138.485861711746,134.618853851676,136.930300446007,4.72561113152198,37.6045349988328
104.896899373661,141.085920153641,138.686238376719,134.766728964686,136.974173365995,4.71841663821545,37.5518327956854
104.556981110213,141.44394487237,138.844259053212,134.77459985921,136.757006844848,4.75573009854514,37.2553564736408
104.545043145772,141.595301291299,138.935595552786,134.829014770138,136.759837605423,4.7714365815121,37.1695487322911
104.217023591726,142.111396808602,139.232423888855,134.85805877794,136.477428573006,4.82549282074246,36.5261603588198
104.224846303879,142.186175422758,139.290029272689,134.894267884142,136.490303630618,4.8319950837197,36.4864118320509
104.23465639425,142.233077853749,139.327076281239,134.91979194465,136.503307025438,4.83621315058518,36.4671925361205
104.002987939292,142.346762009512,139.421320768115,134.869316487713,136.309376510166,4.87426842181918,36.2167322582487
103.987592729437,142.380387137584,139.450389950327,134.87755924464,136.298068652027,4.88198093280417,36.1850459813716
103.971406889359,142.514002957457,139.562943925148,134.928103711759,136.291439524416,4.90655849571542,36.0909108656443
104.008798146212,142.675060907917,139.693387649182,135.01020860185,136.331108295363,4.92778238385133,36.0149010274266
103.893022527282,142.814738417375,139.788349904041,134.982519978417,136.206073218049,4.95880188875605,35.7572345714563
103.841148913573,142.868035465996,139.81648632751,134.959771816694,136.146042710771,4.969234466443,35.6339432475891
103.833687664915,142.905157728728,139.838528605873,134.962303793838,136.134966266849,4.97401769257269,35.5844262937125
103.836717133483,143.027450952881,139.913891286483,134.989951447661,136.130326834844,4.98833971162438,35.4625760803014
103.677254371759,143.43148208721,140.102911954942,134.990152395899,136.01552888519,5.0784168351717,35.0408950463456
103.622117803953,143.679491302353,140.233642406663,135.042944909833,136.029963657812,5.13984146373589,34.9627631921286
103.63944400559,143.896026062016,140.365622658804,135.129590802619,136.098556389274,5.18016378321278,34.9486632424526
103.639715532477,143.898698318898,140.3672670167,135.13069468179,136.099451118178,5.18064796542023,34.9485337716213
103.572735201607,143.946520620677,140.380334343297,135.109828568312,136.063999418045,5.19956299756068,34.922831637635
103.380956182507,144.007992771484,140.372480563637,135.021389864384,135.942532733375,5.23564611644944,34.8523307107348
103.364866955039,144.016394066798,140.373683761096,135.014935931766,135.933173209926,5.23897353782113,34.8458420558763
103.243383108622,144.404161183195,140.570409525253,135.068292799765,135.945684179533,5.30543268737753,34.7027320631998
103.234851178922,144.539154897233,140.647867682557,135.107542019114,135.975465460695,5.32504936510823,34.6443423733953
102.959361697678,144.578760119003,140.619158402078,134.972670922381,135.799188867895,5.36748740102747,34.3923405419129
102.863402382122,144.736199180389,140.721097956114,135.006810349125,135.799675950404,5.41994972105459,34.1935401077929
102.859189796556,144.751978453066,140.732491185379,135.013342117379,135.803505491167,5.4245160100917,34.1787233655061
102.516198231024,144.985834009423,140.900523433598,135.031524470549,135.718594524796,5.549462349282,33.7422149939478
102.286934542158,145.119388099198,140.985701261672,135.028319627179,135.653264029425,5.61611256105768,33.5168754017754
102.227569686901,145.231618597733,141.057220188895,135.063740506814,135.666012137103,5.64551531441977,33.4374766690369
102.211461806222,145.262070882526,141.076625918784,135.073351501404,135.66947117017,5.65349336878798,33.4159328564982
101.97131150139,145.549126551041,141.210889715558,135.089516037041,135.625789087292,5.73567516066159,33.1891077039792
101.962378541527,145.550701984521,141.209785102582,135.085622587328,135.620564316073,5.73713641937372,33.1837165934491
101.783262881447,145.635328072612,141.205427830656,135.011722763663,135.520538872185,5.77749994583625,33.0684321732626
101.727616195575,146.216682829511,141.438120333243,135.059456638329,135.542152350071,5.93959015863829,32.9331454910658
101.723182206653,146.22593973987,141.439684293424,135.054920548505,135.536751805412,5.94492892275871,32.9304556332989
101.696673178964,146.232292067188,141.430103503534,135.027673385045,135.506234378426,5.95884442732466,32.9206426664194
101.542034626839,146.427407568591,141.447535929699,134.842411827182,135.286978842146,6.1470753763028,32.8865064512348
101.541852714448,146.43089523846,141.449098735145,134.841782572828,135.286015011827,6.14940686198691,32.886906457935
101.587903455217,146.628335154236,141.567867906688,134.879966541082,135.313428693472,6.24796662113297,32.9281289128272
101.413469954956,147.062191593696,141.780332995579,134.836552623908,135.235292237893,6.5715385644493,33.00074583671
101.220411622448,147.717409023728,142.038997347712,134.870637931355,135.294219732158,6.96916174550756,32.9030680872311
101.212004704867,147.798256820481,142.068703717665,134.874318931615,135.303518413967,7.0237306286702,32.8698508940237
101.246273099237,147.909558841198,142.128996130722,134.912185760636,135.347985840435,7.0795629868152,32.8428631909472
101.273972787166,147.97841008016,142.169291322081,134.940521042049,135.380195305636,7.1113282578167,32.8289070934569
101.299074879095,148.131703125708,142.263662922566,134.97171353022,135.415725505264,7.25005709381815,32.7161346578802
101.288634870145,148.136163287214,142.268821924442,134.966118272769,135.40949698026,7.27129419755304,32.6907243396024
101.294460037905,148.180835458296,142.313455336905,134.989710066158,135.434042238958,7.32285883533273,32.6345708320638
101.370719626606,148.327976714857,142.449801226995,135.107188585885,135.55979898442,7.39948291921378,32.5645526265898
101.41994636958,148.413307325714,142.523398278712,135.177667402023,135.636463000422,7.43030321351658,32.5409865216831
101.357211180741,148.732186820015,142.723666077502,135.331974800966,135.84657421755,7.72624486596963,32.1715125999433
101.422141578676,148.874516834929,142.806651452305,135.41658444411,135.944923144181,7.78933663825838,32.1347870533514
101.43090527321,148.893212507918,142.817576014641,135.427765470762,135.957857318557,7.79746376630832,32.1302745197202
101.345509128814,148.907714289705,142.779776570865,135.378830688923,135.914407328555,7.88292821202551,32.0309091743103
101.247724710531,149.032633444235,142.805931656119,135.397741246254,135.924333163872,8.05726246764448,31.8355323969324
101.251046793788,149.073022197155,142.832715998908,135.425814633037,135.949692935365,8.08211755145235,31.8094852540843
101.253235756197,149.099634854051,142.850364538991,135.444312540408,135.966402807517,8.0984948785465,31.7923224643071
101.115802769654,149.256141111528,142.96884997354,135.561809490273,136.044363275733,8.26034400320195,31.5484226518774
100.885776552146,149.502500839136,143.174633249601,135.755708704421,136.16266680187,8.48656360341829,31.248507360047
100.824881694107,149.595855071688,143.231620113399,135.801758232141,136.176693631167,8.57412290087342,31.2186853178249
100.702410196762,149.574463497739,143.18500334519,135.735834898138,136.074735289127,8.64948106005724,31.2203156997618
100.760801236459,149.840011345388,143.288203817226,135.822728028866,136.067754534361,8.90611497792146,31.4234689240277
100.755611658156,149.840744092126,143.286320046012,135.820558219882,136.063610636965,8.91192925431163,31.4232585360611
100.738622459043,149.843142895944,143.280153116374,135.813454884174,136.050044698878,8.93096353677448,31.4225697858686
100.834290263037,150.21213818967,143.465909544711,136.020840935489,136.247862737485,9.10701070682626,31.4530870635056
100.744992501151,150.219008818184,143.409956020716,135.964541608431,136.195663251671,9.15717079118034,31.4582587694962
100.72757459643,150.217341980859,143.397386258607,135.951823977724,136.183909163745,9.16546593344544,31.4605117813221
100.659233101325,150.239650363321,143.340142317672,135.897852961909,136.141438783751,9.21617281475939,31.5075972570948
100.730267305161,150.495145061581,143.34675372169,135.946240387787,136.237470847305,9.36058410796454,31.8255857891262
100.739195611563,150.510883174887,143.351166286257,135.95347838432,136.246942207177,9.36749052087176,31.8441047253757
100.721095331296,150.528430517282,143.312853595226,135.930204194545,136.233285280582,9.41074571224137,31.9536749714464
100.569218270209,150.451180155343,143.133075609961,135.800008391912,136.112737979092,9.52798364954613,32.2537005372419
100.578933093118,150.517217412759,143.136669892465,135.851588369674,136.166511684748,9.60239132118478,32.4666491060341
100.431364721751,150.489395621299,143.052246146662,135.84563383274,136.158965609183,9.7074234153458,32.8325350969708
100.402980062968,150.484534400895,143.03811521356,135.845135281696,136.163959508183,9.72362176168939,32.916758680433
100.423772738319,150.565941087435,143.080159035486,135.930767681268,136.281658656158,9.77171244331315,33.2130767559158
100.473224249139,150.63236114479,143.128560933908,135.998618512209,136.367681050013,9.79198380537616,33.3520363801106
100.338838761815,150.488566868654,143.014279685647,135.927490982324,136.33602595558,9.83655923047706,33.7380817314546
100.338447191918,150.455509209165,143.009156123444,135.976242353343,136.403285387189,9.87258274286706,34.103017083598
100.447105046667,150.525400064599,143.100327373144,136.146061698373,136.562450284259,9.90642047028289,34.5308345042295
100.236893336463,150.35982712389,142.938225159543,136.128871431791,136.39492456934,9.92955904215837,35.4332379809702
100.210919632625,150.33706326253,142.915525809745,136.113111832517,136.378802450995,9.93813016213878,35.5172469607796
100.227850056943,150.343393316696,142.926929934376,136.142049896023,136.412866530439,9.95633938814314,35.6691484572678
100.30580661318,150.033491847338,142.919917128461,136.268010671323,136.500101381272,10.0020851257761,36.2507462503208
100.315270987981,150.031416812431,142.925640913359,136.277106909799,136.507277830289,10.00234582232,36.2582782778603
101.288131803844,149.892868760402,143.479109611955,136.921208775959,136.784373471324,9.9206320134666,36.9461331203169
101.669904202296,149.599389946062,143.649882130582,137.101819012157,136.770616377259,9.95914481844974,37.6077802812809
101.803644125161,149.553813230931,143.773935159883,137.230396135461,136.85787982853,9.98510533097797,37.7178312524185
101.92803733016,149.265076584307,143.967495353435,137.466182940755,136.988697817524,10.0499489063601,38.0095876364959
101.974804657768,149.143260554634,144.098460973608,137.626553139371,137.04109562239,10.0950542938603,38.6583668468131
101.992447423907,149.150225309894,144.120395786355,137.650113994565,137.056482506852,10.0953198331761,38.7051618600291
102.370376358896,148.280730100021,144.369207723715,137.744552454015,136.792817317687,9.76373181793057,41.0047999990893
102.95941313277,147.59138559265,144.519800262129,137.792804175442,136.690119500448,9.33533658627155,42.9791388588597
102.965021826077,147.580115822588,144.517778506148,137.787324134481,136.683645568255,9.32955594878241,43.0070865433723
103.024643086977,147.518360270837,144.519033234054,137.764579154752,136.655430812078,9.28793723589857,43.2090320333841
103.110066110435,147.483673682153,144.542102740631,137.765054378072,136.652848528275,9.24643226204123,43.4106353802798
103.241378798559,147.487737699622,144.601364329588,137.801950632304,136.690473954022,9.20049098037547,43.6295092627166
103.316790151371,147.509257158454,144.64414681575,137.835737199253,136.726796721738,9.17900749831738,43.7262585684243
103.414289583748,147.475104307426,144.677266410745,137.840773950764,136.736386719878,9.11933441943208,43.924643359971
103.412665471048,147.293794110054,144.624630405615,137.736380122516,136.643413130418,9.00700277360322,44.1276390772327
103.533181250797,147.314645536094,144.718659403095,137.808993670176,136.733351338387,8.92822396269579,44.2650147616646
103.595570063109,147.158410367767,144.736076593669,137.801264187767,136.732790656712,8.79538323904495,44.4332568057292
103.688725039372,147.061525944681,144.748184503136,137.814303769722,136.745571898447,8.71268426163199,44.5776369077723
103.699985963223,147.061246351312,144.752682906774,137.819661858874,136.751136150153,8.70831149676818,44.5882909163829
NaN,NaN,NaN,NaN,NaN,NaN,NaN
NaN,NaN,NaN,NaN,NaN,NaN,NaN
NaN,NaN,NaN,NaN,NaN,NaN,NaN
NaN,NaN,NaN,NaN,NaN,NaN,NaN
NaN,NaN,NaN,NaN,NaN,NaN,NaN
NaN,NaN,NaN,NaN,NaN,NaN,NaN
NaN,NaN,NaN,NaN,NaN,NaN,NaN
NaN,NaN,NaN,NaN,NaN,NaN,NaN
NaN,NaN,NaN,NaN,NaN,NaN,NaN
NaN,NaN,NaN,NaN,NaN,NaN,NaN
NaN,NaN,NaN,NaN,NaN,NaN,NaN
NaN,NaN,NaN,NaN,NaN,NaN,NaN
NaN,NaN,NaN,NaN,NaN,NaN,NaN
NaN,NaN,NaN,NaN,NaN,NaN,NaN
NaN,NaN,NaN,NaN,NaN,NaN,NaN
NaN,NaN,NaN,NaN,NaN,NaN,NaN
NaN,NaN,NaN,NaN,NaN,NaN,NaN
NaN,NaN,NaN,NaN,NaN,NaN,NaN
NaN,NaN,NaN,NaN,NaN,NaN,NaN
NaN,NaN,NaN,NaN,NaN,NaN,NaN
NaN,NaN,NaN,NaN,NaN,NaN,NaN
NaN,NaN,NaN,NaN,NaN,NaN,NaN
NaN,NaN,NaN,NaN,NaN,NaN,NaN
NaN,NaN,NaN,NaN,NaN,NaN,NaN
NaN,NaN,NaN,NaN,NaN,NaN,NaN
NaN,NaN,NaN,NaN,NaN,NaN,NaN
NaN,NaN,NaN,NaN,NaN,NaN,NaN
NaN,NaN,NaN,NaN,NaN,NaN,NaN
NaN,NaN,NaN,NaN,NaN,NaN,NaN
NaN,NaN,NaN,NaN,NaN,NaN,NaN
NaN,NaN,NaN,NaN,NaN,NaN,NaN
NaN,NaN,NaN,NaN,NaN,NaN,NaN
NaN,NaN,NaN,NaN,NaN,NaN,NaN
NaN,NaN,NaN,NaN,NaN,NaN,NaN
NaN,NaN,NaN,NaN,NaN,NaN,NaN
NaN,NaN,NaN,NaN,NaN,NaN,NaN
NaN,NaN,NaN,NaN,NaN,NaN,NaN
NaN,NaN,NaN,NaN,NaN,NaN,NaN
NaN,NaN,NaN,NaN,NaN,NaN,NaN
NaN,NaN,NaN,NaN,NaN,NaN,NaN
NaN,NaN,NaN,NaN,NaN,NaN,NaN
NaN,NaN,NaN,NaN,NaN,NaN,NaN
NaN,NaN,NaN,NaN,NaN,NaN,NaN
NaN,NaN,NaN,NaN,NaN,NaN,NaN
NaN,NaN,NaN,NaN,NaN,NaN,NaN
NaN,NaN,NaN,NaN,NaN,NaN,NaN
NaN,NaN,NaN,NaN,NaN,NaN,NaN
NaN,NaN,NaN,NaN,NaN,NaN,NaN
NaN,NaN,NaN,NaN,NaN,NaN,NaN
NaN,NaN,NaN,NaN,NaN,NaN,NaN
NaN,NaN,NaN,NaN,NaN,NaN,NaN
NaN,NaN,NaN,NaN,NaN,NaN,NaN
NaN,NaN,NaN,NaN,NaN,NaN,NaN
NaN,NaN,NaN,NaN,NaN,NaN,NaN
NaN,NaN,NaN,NaN,NaN,NaN,NaN
NaN,NaN,NaN,NaN,NaN,NaN,NaN
NaN,NaN,NaN,NaN,NaN,NaN,NaN
NaN,NaN,NaN,NaN,NaN,NaN,NaN
NaN,NaN,NaN,NaN,NaN,NaN,NaN
NaN,NaN,NaN,NaN,NaN,NaN,NaN
NaN,NaN,NaN,NaN,NaN,NaN,NaN
NaN,NaN,NaN,NaN,NaN,NaN,NaN
NaN,NaN,NaN,NaN,NaN,NaN,NaN
NaN,NaN,NaN,NaN,NaN,NaN,NaN
NaN,NaN,NaN,NaN,NaN,NaN,NaN
NaN,NaN,NaN,NaN,NaN,NaN,NaN
NaN,NaN,NaN,NaN,NaN,NaN,NaN
NaN,NaN,NaN,NaN,NaN,NaN,NaN
NaN,NaN,NaN,NaN,NaN,NaN,NaN
NaN,NaN,NaN,NaN,NaN,NaN,NaN
NaN,NaN,NaN,NaN,NaN,NaN,NaN
NaN,NaN,NaN,NaN,NaN,NaN,NaN
NaN,NaN,NaN,NaN,NaN,NaN,NaN
NaN,NaN,NaN,NaN,NaN,NaN,NaN
NaN,NaN,NaN,NaN,NaN,NaN,NaN
NaN,NaN,NaN,NaN,NaN,NaN,NaN
NaN,NaN,NaN,NaN,NaN,NaN,NaN
