83.042364257152,112.207646438017,141.841787260133,123.930019575378,116.860783579976,9.88393133432936,8.34041517420327
90.5770910531712,119.534257888921,149.683186209694,131.87578628101,124.630704600445,10.5179622624496,9.13683146840582
93.2665238798859,122.092725028673,152.050812329213,134.03629420724,126.82024096474,10.939703759462,9.6738886628912
92.5163272200769,121.358783123413,151.235969772599,133.192511842766,126.00212591102,10.8916478352412,9.6141000179463
90.7770162468606,119.65715836565,149.346779009575,131.236224906073,124.105347950624,10.780231454973,9.47548163719683
74.6807385566665,103.896523837707,131.802921801265,113.068638453119,106.532291419664,9.76125818153298,8.20921335154591
73.8347631683777,103.061156670937,130.834714300896,112.047813156284,105.55886877734,9.72616162192439,8.16670392668345
72.7351822775462,101.964755235412,129.491221612536,110.594322637584,104.193350738395,9.71847527969616,8.16056382009907
74.0886527683225,103.264295766475,130.730713819138,111.763013679886,105.379816573777,9.9156464230806,8.41096117253794
78.9957811773508,108.047023883728,135.70157763675,116.68567580638,110.202594874249,10.4385228150758,9.06874954500411
79.7417394473972,108.77629313801,136.465978371982,117.444607501445,110.942019836177,10.5161296995106,9.16616510236243
81.5237100143138,110.521331687466,138.29672460599,119.256711895944,112.699488641567,10.7057914085331,9.40392888609453
83.6103479728325,112.569950170478,140.448881921637,121.377108705303,114.741596649151,10.9354867444745,9.69134371905059
84.5155109567381,113.466768166303,141.382495389524,122.276258923864,115.591424552727,11.0520648346089,9.83662806399193
84.9480365589976,113.967503527123,141.80958660241,122.490793742886,115.650242151983,11.2690838344962,10.1026942497541
84.7839521436922,113.813773301699,141.636495001368,122.298997784649,115.451540213168,11.2685374013699,10.1014679035422
83.851754363595,112.930435315013,140.654843275456,121.237639540658,114.369405958256,11.2436253434016,10.067914899315
82.5266092309712,111.673623017555,139.258544169809,119.73037204584,112.834792221998,11.2063615025554,10.0179530335834
81.9168436125825,111.092174360545,138.613659478822,119.040932003138,112.138860062858,11.1840611053516,9.98865490175588
80.0640054737025,109.325380341634,136.654108276513,116.945994592655,110.024195661255,11.11629896002,9.89962939029567
77.1829413768781,106.558604577605,133.551062549981,113.612281769701,106.66202735557,11.0311999411055,9.78579406974649
77.1696061977532,106.545768258025,133.536174430354,113.595867728611,106.645336210516,11.0312290051003,9.78578180370771
76.5897156232269,105.987570976533,132.888753037423,112.882090461067,105.919508862836,11.0324928753872,9.78524840552765
76.9830194333786,106.367990122786,133.108987189914,112.930978681721,105.895575519286,11.2335668685788,10.0324042268813
78.4763137451335,107.813520317105,134.543364282241,114.301258215141,107.205590735176,11.4535184252928,10.3077443347301
80.7115813730864,109.974960619859,136.65077016988,116.303272528685,109.103368748131,11.8154997642667,10.767093919458
80.7807866885706,110.04996268969,136.669193116654,116.279277108331,109.055980706389,11.8757555455504,10.8454696893245
80.7568788779814,110.028457712167,136.638899601637,116.243268096059,109.017637120519,11.8802521822292,10.8514700374011
80.264726884562,109.581292391835,136.059849334197,115.580613861336,108.324673379589,11.9289548094056,10.9175399813518
79.7136522649027,109.076344585283,135.453730004171,114.91317771402,107.640132685022,11.9418868513656,10.9370318204029
79.4782976557711,108.861843414409,135.196983508576,114.630515008108,107.350388573256,11.946530628494,10.9441700840591
79.1047017796212,108.524948751246,134.796035411029,114.189274252037,106.898604820494,11.9511585371021,10.9517994971236
77.0004323868707,106.666198129697,132.53212334141,111.658108670147,104.287488675737,12.0129802694081,11.0411293753999
76.6935761547156,106.43474222644,132.190002323915,111.231398464718,103.826247292917,12.067313313321,11.1125328168624
77.0399924816563,106.938633933389,132.48783024631,111.335595189348,103.822906049624,12.3066720723682,11.4177831127094
77.870869164885,107.901074987603,133.288186053254,111.963052542158,104.331098087186,12.6119265799652,11.7989545018715
77.9110748186765,107.979388089012,133.321145878452,111.953564724012,104.293179352585,12.6798297217092,11.8820755808703
77.9209538564819,108.04040395815,133.322990901955,111.900913227518,104.204506985809,12.7642392871977,11.9849595970006
77.8099194501116,107.972112838765,133.214566874798,111.756400153823,104.037943122367,12.8100928530898,12.0394649534606
77.7215007734274,107.917731403291,133.128226889604,111.641321817681,103.905305349353,12.8466068648269,12.0828685402219
77.7174652001119,107.915249345449,133.124286191175,111.636069453815,103.89925154401,12.8482734241664,12.0848495510569
77.421813171838,107.717966238619,132.848663680662,111.286949019777,103.506707233483,12.933079792093,12.1839494586006
77.2967684441807,107.631933515634,132.734286005932,111.145279205604,103.349238494728,12.9626883845009,12.2181355721838
77.1536322143496,107.533453556975,132.603360140888,110.983112567621,103.168987139841,12.9965807553932,12.2572677411489
76.5242065165555,107.143418992975,132.079793427047,110.310748701329,102.411850793589,13.1509903635029,12.4313669424516
76.4587006771268,107.106331439873,132.029202719308,110.243446810683,102.335078049365,13.1681541106372,12.4502756857763
76.0272293965539,106.878580830556,131.7075287795,109.80220194579,101.826240324864,13.2927091661414,12.5872199825031
75.7006197297765,106.85164440794,131.561838885704,109.480162474137,101.406977726558,13.4911649125501,12.8033109408619
75.6274576991693,106.920542110299,131.577021784615,109.41009848118,101.291261934215,13.591283310279,12.9118874460045
75.7533889374404,107.639876671676,132.041295908257,109.486525864251,101.194697923211,14.0597079291345,13.4119813904173
75.7075535343309,107.81631313772,132.101820984041,109.396785107119,101.054127138327,14.2289133681651,13.5872139868944
75.6764640323951,107.849660809911,132.100321830746,109.352560819994,100.997136716623,14.2751257456348,13.6346210522578
75.4836557110115,107.951693580045,132.047743193175,109.114159084599,100.707109769164,14.4697686784572,13.8341347184131
75.0918570500183,108.073804156925,131.935737921666,108.717271248306,100.23590731119,14.7536426433829,14.1290261694278
74.4038458730447,108.376881894484,131.898008948974,108.220060666189,99.6108949370322,15.1809236010296,14.5903999693047
73.9604189861176,108.648744078488,131.963890025244,107.981658818229,99.2815982600436,15.4395825624493,14.8814664123554
73.7940398444355,108.774259425787,132.007675921513,107.901846803199,99.1641910870586,15.5395258464529,14.9963618584109
73.7439745997591,108.817703829459,132.024895964338,107.879106727082,99.1292615541416,15.5703115950462,15.0323949408631
73.3180923099411,109.207698948606,132.180455799175,107.679576221403,98.8228772113334,15.8325727942572,15.3430004638784
73.3080481420435,109.217386270976,132.184342037016,107.67472449369,98.8154296090795,15.8387671844596,15.3504238504967
73.0787254168696,109.334920293034,132.194124456783,107.527695331873,98.6247835720375,15.9388628197345,15.4714762377655
72.7625643606814,109.418348226793,132.147643647368,107.297302421726,98.3461452359406,16.045425824017,15.6015565048425
72.3243249925758,109.556862856951,132.089979094654,106.962930077139,97.9435282821416,16.1916163959331,15.7834472823456
71.775490975732,109.805907226865,132.060539815826,106.53660410144,97.425564496552,16.3869799598922,16.0299236544153
71.6963933846759,109.850079784903,132.061640233323,106.475672919519,97.3507073551612,16.4169374443293,16.067852182568
71.4550311002041,109.995516333162,132.072654998056,106.292031108213,97.1236231947229,16.5111634817252,16.187098912271
71.2255057945987,110.157020957113,132.099815744762,106.122378559234,96.9105929186873,16.6068970988037,16.308146069788
70.2567624528208,110.443675140917,131.959714946907,105.364378451441,96.0261432577445,16.887485035535,16.6616141690193
70.2262847135193,110.453510180773,131.956108360958,105.341161523804,95.9989145042102,16.8966068503113,16.6730729794071
70.2005215356341,110.461823851247,131.953059673047,105.321535992174,95.975897730756,16.9043176235545,16.6827592414837
69.9088024524166,110.592031561947,131.945162779658,105.111220462791,95.7230079780606,17.0054984488675,16.8095505014537
69.7054262233046,110.694343579534,131.947444021009,104.967304165449,95.5479171466741,17.0808050655755,16.9039332482079
69.5523018081031,110.787044405578,131.959584496975,104.862394369855,95.4174739811346,17.1440489871603,16.9832378601137
69.4426783126249,110.85340997224,131.968276000615,104.787288264223,95.3240882480438,17.1893260237631,17.0400129260183
69.3062775429196,110.95125676645,131.988068397066,104.695281451313,95.2071344845701,17.2521424275882,17.119078782124
67.5924787363931,111.582414706408,131.819917622684,103.399467724906,93.6765843203723,17.7959915570629,17.8195838383221
65.3703587422286,112.647987784481,131.865471543036,101.867156257568,91.8371482486042,18.4493449616105,18.674776413941
65.3481771472278,112.660539900662,131.865932830768,101.850296627191,91.8168528781786,18.4579944289441,18.6858883591065
65.2286369589563,112.728185276541,131.868418784654,101.75943736349,91.7074778579589,18.5046078015833,18.7457724214159
65.2098923425549,112.738792476015,131.86880859709,101.745190087581,91.6903272006983,18.5119170571728,18.7551626005078
65.0359846579717,112.847395868499,131.855921087046,101.579882230727,91.491527609593,18.6034247518771,18.871255413773
64.4197584700336,112.639581787715,131.273811398869,100.679415055773,90.4912975589739,18.829234235654,19.1510355470332
64.3637447925215,112.587743680613,131.166854577761,100.54085964169,90.3325517834897,18.8591794861417,19.1869398602356
64.3246878664216,112.551538391905,131.0796892827,100.42287913737,90.1908229157898,18.8861110527443,19.2189029573431
64.2893541866486,112.51874526073,130.992584077287,100.30214054993,90.0422622552517,18.9144412977735,19.2523594756652
64.2654717493175,112.500993534029,130.936840115994,100.221047737568,89.9402464167456,18.9342374797556,19.2757204795574
64.2642228456787,112.500909429998,130.934524021385,100.216905741131,89.9346051970755,18.9353965384371,19.2770850677574
63.9678765714049,112.396607570461,130.605754121742,99.6818881630504,89.2381929555414,19.0302716961468,19.3876352873543
63.8248282955322,112.386492461074,130.530346321353,99.5209881094014,89.0171045248947,19.0555427237188,19.4174200129821
63.7865624331936,112.384359294816,130.510806419957,99.4784198319711,88.9583637435791,19.0623231246483,19.4254196860453
63.5217287878094,112.443294987915,130.455821311756,99.2456872485454,88.6053732758671,19.116847358707,19.4913395377887
63.5205277162775,112.443676120077,130.455695908138,99.2447273475586,88.6038551146315,19.1171063734678,19.4916548019957
63.1568482762843,112.744997654177,130.617256284092,99.1210796650482,88.2921412199078,19.2358940165193,19.6411628785189
62.8588680541361,112.730462325327,130.564971743441,98.9925370898261,88.108143826904,19.2815714920586,19.7014458510205
62.8348753754293,112.727462801425,130.559862195009,98.9847755246974,88.0974773835143,19.286360975335,19.7078542284853
62.7789614711689,112.720472540172,130.547954612478,98.9666875314885,88.0726196966433,19.2975226598073,19.7227886761311
62.773531744657,112.719793724995,130.546798282628,98.9649310299962,88.0702057990053,19.2986065564677,19.7242389409158
62.7283407584843,112.714144024732,130.537174282933,98.950311871098,88.0501152079701,19.3076277030917,19.7363093270923
62.6524733051697,112.699501509978,130.51378102896,98.9422340706997,88.0431738211811,19.3377293715569,19.7765253727244
62.6502550567084,112.699071511165,130.513094416634,98.9420038707437,88.0429805987006,19.3386149329154,19.7777084780481
62.6334066917331,112.696420549088,130.505863929652,98.9432121721226,88.0468151135352,19.3501220048096,19.7929696451424
62.6279053501871,112.696371166202,130.500828323648,98.947530648726,88.0551036569028,19.3602241333167,19.8062804641252
62.6261186159909,112.710755967516,130.481364088423,98.9695763670713,88.0977943157341,19.4090232515345,19.8700659347196
62.5653380485126,112.654984402324,130.364146909734,98.8877531009633,88.041930881959,19.4473087614775,19.9199866971987
62.5118923343627,112.606064148286,130.280018987811,98.8157035751674,87.9815296653335,19.4605130363126,19.9372947829296
62.4401419931915,112.559407090252,130.159382593827,98.7004577199545,87.8798699670448,19.4856143750272,19.9699378563314
62.3460597328174,112.693898839247,129.981653096761,98.4486751534496,87.6170579468778,19.5975778589022,20.1174469148117
62.1431393505131,112.666237262601,129.720085335074,98.147929943912,87.2907221633315,19.6560153522804,20.2043632825293
62.1383100125951,112.664549384672,129.713384414115,98.1410731817651,87.2833400580031,19.6571721653522,20.2062217801107
62.0992044474067,112.654175469392,129.630632017054,98.0734421093878,87.2103795645169,19.6795379550138,20.2429121490875
62.1061963684874,112.663979548554,129.606118541546,98.067478137593,87.2047727154163,19.6959552662893,20.2694793383263
62.0905851387396,112.636364286847,129.499578999585,98.0215282856849,87.1735893381595,19.7368553891916,20.3378970949962
62.0592394873239,112.59988983669,129.451889715564,97.9850813574724,87.142153645629,19.7390296884367,20.3434079174459
61.9707621192304,112.502044665098,129.312365470499,97.8765016016889,87.0527460916836,19.7539440019634,20.372018534313
61.9462942644798,112.483306008818,129.269764911103,97.840404880014,87.0252759372488,19.7676482382492,20.3941059139894
61.9416581251946,112.479755431073,129.26169300905,97.8335653172028,87.0200709258801,19.7702449002314,20.3982910037599
61.9407629552825,112.479069867036,129.260134444174,97.8322446988036,87.0190659151841,19.770746277247,20.3990990826833
61.9403006629343,112.478715821391,129.259329554949,97.831562692212,87.0185468977906,19.7710052032393,20.3995163986564
61.9295197678024,112.478706883028,129.237080139404,97.8102389173924,87.0034783020204,19.7859705790396,20.4224748832213
61.9481974123229,112.555076307332,129.243234692686,97.7977688089054,87.0023430837454,19.8428519362021,20.5055421842921
61.9489517206045,112.56602713584,129.243196027821,97.7937144424103,86.9997035290515,19.8514764687347,20.5181261489731
61.9481993258473,112.565545903945,129.242376345186,97.7927968459564,86.9988583198139,19.8516169313288,20.5183588830743
61.9218886927353,112.548717615716,129.213712709679,97.7607092437893,86.9693020397658,19.856528794075,20.526497405425
61.8925205910022,112.52993376971,129.181718171197,97.7248928512,86.9363111255751,19.8620114475792,20.5355816776024
61.7867887600515,112.482981542735,129.069145354889,97.5908408773782,86.8143020452409,19.8953073704086,20.588530504123
61.7839501082769,112.487692877761,129.066943118307,97.5861412758949,86.8106067343487,19.9000033631451,20.59562017161
61.7894719952788,112.554100928983,129.083022239159,97.5837805552883,86.8151052805791,19.9374645871383,20.6511003698652
61.8187411636962,112.621677834853,129.124880700279,97.6158916688965,86.8502901673342,19.9595798566409,20.6826911474694
61.828343763527,112.641551476525,129.138390406894,97.6269527811074,86.862076455292,19.9652758414583,20.6907146115908
61.7822480709325,112.654001420301,129.110048559945,97.5918354440737,86.8381583653854,19.9822147380091,20.7172121301202
61.6738507991362,112.662572845783,129.037218895826,97.5111854886144,86.780584123473,20.0082971394618,20.7565682645553
61.6800356120326,112.724335689353,129.059089381428,97.5261405699177,86.8013216122714,20.0330037905715,20.7898094917089
61.6979633494962,112.771789113435,129.083393610983,97.5462695249055,86.8232483692424,20.0516185573285,20.8145289313969
61.6122021984228,112.743322311366,128.989729913146,97.4564135391393,86.7461054776757,20.0854939493245,20.8620394952867
61.5299595161021,112.700170865919,128.873912635639,97.3610110024137,86.6693407813669,20.1390671794123,20.9373815298273
61.5740259140711,112.78758458016,128.897429066412,97.4085220744865,86.7381454846041,20.2194419899136,21.0480529845568
61.5186163408705,112.747616224937,128.82973724099,97.36278762339,86.7116811499851,20.2468800172858,21.0886604998583
61.4463618441969,112.695679339584,128.752864565236,97.309961538806,86.6814064046489,20.2714192931313,21.1266961315757
61.4445826641002,112.694510971641,128.751039519557,97.3087679824949,86.6808198113271,20.2721059154995,21.1277572847689
61.4350833088224,112.702930212259,128.74867166954,97.31456305777,86.6956647995738,20.2880747855661,21.1518194990783
61.4428319021834,112.73569695512,128.769525709399,97.3417979578393,86.7307149133063,20.3094974271682,21.183621733424
61.4698434959752,112.788466914162,128.812377798521,97.3868861468561,86.7793307462197,20.3314181943412,21.2156978612068
61.4981774098404,112.833719848622,128.851853412984,97.4256769673668,86.8177645578472,20.3464889091296,21.2374909179115
61.5130997639141,112.857552783037,128.872643660991,97.4461065614293,86.8380061294223,20.3544260597571,21.2489684606908
61.491867542959,112.844344720608,128.854312635843,97.4318404783332,86.8242544068433,20.3606322702456,21.2602686692566
61.4718773696863,112.827243535061,128.834518440518,97.415072960291,86.8079155308379,20.3625315203333,21.2646805875835
61.4387006094262,112.798651254731,128.79966480825,97.3865631915176,86.7786126817681,20.3683523145693,21.2764055684199
61.4205062038102,112.782802437381,128.778945404573,97.3703817479169,86.7607899547856,20.3736843562725,21.2863659288507
61.4142744641041,112.777289900545,128.770956634632,97.3646489385427,86.7541233204839,20.3766743622712,21.291652124906
61.3870174999965,112.689934261863,128.621133544209,97.2973790602197,86.693690123209,20.4453410500397,21.4024270822865
61.3339288055098,112.599766804782,128.512441343408,97.224989295721,86.6419836328469,20.4512037060365,21.4166892102911
61.3272769399267,112.576495352125,128.478605345299,97.2083924948519,86.6381534883307,20.4576655837663,21.4290608597995
61.3341442427464,112.580268651204,128.479106543479,97.2126440317756,86.6463910604821,20.4609786095262,21.4347437715252
61.3565300674559,112.595118720715,128.484944370086,97.2280527380367,86.6726257631501,20.4706484596756,21.4511881723265
61.3508550822627,112.581543454691,128.451944971315,97.2065382831517,86.6790618164931,20.4769737615933,21.4751606048328
61.3474716568738,112.578498786729,128.447934497286,97.2025215558339,86.6761354768022,20.476453202413,21.475544389502
61.3440787323026,112.575445570668,128.443912763595,97.1984935512985,86.6732009212262,20.4759311817296,21.4759292516711
61.3359405078484,112.568122166598,128.43426628582,97.1888320323566,86.6661621346427,20.474679069753,21.476852377031
61.3397570353003,112.581379684637,128.440624486071,97.1921254128497,86.6722809234157,20.476568939165,21.4852658191218
61.3408453523391,112.584201200599,128.442258504194,97.193185362712,86.6737506567581,20.4769806783352,21.4868013596174
61.3713905527493,112.631939411153,128.479731446105,97.2273268257173,86.7089704111517,20.4861492470174,21.5050351097012
61.3909527655617,112.659591258896,128.502177637903,97.2497610813123,86.7321137231157,20.4923860983163,21.5155822324705
61.413699083661,112.69083516495,128.527720173558,97.2760393012328,86.7593167044881,20.4998078748322,21.5276074254298
61.3681972659826,112.644950406526,128.47133018252,97.2341975870587,86.7268572389484,20.4981162150754,21.5310077349934
61.2971801545587,112.565398076378,128.382007371078,97.1656820967484,86.6724164628785,20.4926174973937,21.5294286859762
61.2629896213022,112.526117540469,128.337528577891,97.1329624293617,86.6480926574995,20.4908115920733,21.5300067184629
61.2076444310499,112.407030743936,128.249956637335,97.0893519131661,86.6967113452576,20.5098398835956,21.582368051058
61.1944083068494,112.371647750172,128.251235274501,97.0840376002511,86.713489017692,20.5046281420571,21.5846244096936
61.2099668565409,112.376528316517,128.285450304189,97.1100553476211,86.7517490444,20.5037408724889,21.5892613805908
61.2426955662992,112.403560444176,128.341152914948,97.1581668565323,86.808558513493,20.5051712075872,21.59563096553
61.2537563471263,112.413066332144,128.359618426481,97.1742801184258,86.827234605918,20.5057274079913,21.5977088339515
61.2553500514468,112.414435998079,128.362279049268,97.1766018148321,86.8299255704759,20.5058075487156,21.5980082258238
61.3506648012034,112.499775265663,128.524741186717,97.3298738095428,87.0027706742711,20.5081866433861,21.6109092916991
61.3185308674261,112.453677018859,128.511275692475,97.3255883368724,87.0099051117739,20.4931656076968,21.5959285632376
61.3049336743373,112.410210603499,128.581987425877,97.4810348809703,87.209732647532,20.4414601533903,21.5448632299844
61.3336435570143,112.434754859139,128.621255992996,97.5539971535609,87.2933568398593,20.4339812706222,21.5383877146771
61.2784350374911,112.362535463192,128.5558151751,97.5179482192913,87.2678222630745,20.4151447248387,21.5169643358188
61.2581303189882,112.296659416991,128.503384615819,97.5176415980828,87.2855133002143,20.4071764143602,21.5080900375835
61.2617191490942,112.297878887472,128.505735605567,97.5216412903213,87.2901670093337,20.4085259495326,21.5095578182079
61.2891545415997,112.208680042727,128.481582053788,97.5631090133811,87.3653334050616,20.4572364803809,21.5543323827149
61.2596426388515,112.131387059047,128.433831518541,97.5408685998264,87.3585017478774,20.4726508569088,21.564846916788
61.2924458141961,112.01220241866,128.433541106943,97.625910746407,87.5024015340999,20.5703150650225,21.6456049116579
61.3007415337908,112.012778539982,128.441339944755,97.6382947660181,87.5183760026962,20.577629124103,21.6520143292743
61.2994886785104,111.938476053622,128.426072430567,97.6667917692066,87.5802241950114,20.6224287430461,21.6860265806061
61.2811935561117,111.898938898016,128.401608258539,97.6551382602817,87.5781283761519,20.6299674372249,21.6899277723139
61.2421564055111,111.679257562372,128.318193915797,97.6825868849004,87.6885039373665,20.7153223519863,21.7487473507515
61.2449637349886,111.675120336882,128.319647268338,97.6883821659585,87.697397248494,20.7191517533342,21.751817696236
61.2684534050119,111.641787218507,128.332149789438,97.7364292706122,87.7707531601383,20.7504815541953,21.7769913720911
61.3147497474518,111.61303655064,128.366629181732,97.8183650213006,87.8849272188244,20.7917504151072,21.811740144624
61.2819310021769,111.517935081376,128.317359040693,97.8081112061499,87.8997277332288,20.8052699563573,21.8181204270462
61.2500718702605,111.442300316031,128.273116962168,97.7912464148698,87.9002625626225,20.8122137515935,21.8198330872275
61.1426691735006,111.022417578728,128.127643803192,97.8378747433262,88.076075784281,20.888835941331,21.8627000736913
61.1427861221592,111.005955268104,128.128558596841,97.8487096641264,88.0942662350987,20.8945316573441,21.8666780231306
61.1604563903777,110.957090337901,128.159976070808,97.9187059535332,88.1962899031732,20.9230273059208,21.8882019519552
61.0984057675002,110.779610852027,128.119009826127,97.9426987908671,88.2772972826503,20.9498374929085,21.89913931057
61.087262044502,110.756642493031,128.109684108823,97.9399575456031,88.2804164897429,20.951387022241,21.8988831887103
61.0028773530438,110.539097817677,128.069170289322,97.9721241442547,88.3843367655429,20.9809864927929,21.9084231407447
60.9993107480091,110.523852738998,128.070793798443,97.980143297314,88.3989407572075,20.9845458285464,21.9103373820978
60.9986968894322,110.521228864974,128.071073225234,97.9815234966458,88.4014542919147,20.9851584359867,21.9106668476432
60.9971156454056,110.514470003434,128.071793003307,97.9850787649611,88.4079289293807,20.9867364571985,21.9115155210106
60.9848094987674,110.45110760122,128.082469693674,98.0238986496217,88.4755378804795,21.0029229535551,21.920706733102
60.9867639430401,110.427333175655,128.096731964839,98.0527962068233,88.5189463828047,21.0126326360116,21.9273796223263
60.9920076668536,110.370687329325,128.131445109521,98.1227760352762,88.6237813433896,21.0360437848587,21.9435405554021
60.9940209443273,110.366066126971,128.136252353398,98.1315302346649,88.6361375135511,21.0387004986597,21.9455662562661
60.8474906037236,109.8475257485,128.066183503693,98.2881618603597,88.9751795151512,21.1109691463411,21.9786500414885
60.7866042398699,109.494560530444,128.025729172367,98.4246877794675,89.2514716151153,21.1700672363886,22.0124891504158
60.796682934801,109.391647866156,128.04163056093,98.5059523481602,89.3904781415174,21.2007773558051,22.0343381095281
60.699191480614,109.0793789387,127.940358673053,98.5251163849042,89.5200887889216,21.2323248809604,22.0441524625696
60.5847114999686,108.592487787665,127.862077500447,98.6467143470136,89.8451938498024,21.3151808671419,22.0868126890429
60.6079990607829,108.5178952488,127.913365242578,98.7540592770131,90.0044756937472,21.3536468621369,22.1162571086415
60.4725541494572,108.187775630001,127.81398321193,98.7756123557912,90.1184695307855,21.3865718390679,22.1265013699467
60.4405044301351,108.106454478106,127.79144408179,98.7850754348404,90.1508327141084,21.3955635602745,22.1300272136008
60.4176286868908,108.0413153978,127.776579435004,98.7979406412553,90.1835826073314,21.4042881420203,22.1342654278248
60.4163744076695,108.036668666326,127.775949697154,98.7995719982046,90.1868405795826,21.4051160329544,22.1347586796949
60.3961274379765,107.961659665366,127.765784270704,98.8259058751851,90.2394317923782,21.4184801088057,22.1427209065235
60.3760224600452,107.885825161065,127.755879584921,98.8531397435132,90.293438612125,21.4321794619852,22.1509392791314
60.371537387476,107.709633278771,127.775670755103,98.9860463903993,90.51509157161,21.4856899218959,22.1893159345043
60.3102476420257,107.437595753936,127.725044570619,99.067264999373,90.7089129162128,21.5350181083359,22.2173387840265
60.2817626875245,107.367452802449,127.69634160137,99.0639506974324,90.7275940850637,21.5406698406858,22.2181720995261
60.2530321905752,107.283177067597,127.670087201694,99.070250426553,90.7635873373882,21.5507718304169,22.2218691664294
60.1722591648262,106.985745905535,127.611965211459,99.1364882674599,90.9443435446462,21.5992853354137,22.245550309527
60.1715452271081,106.982335675752,127.611657067915,99.1377048304829,90.9469710753917,21.5999742294721,22.2459316359699
60.1681994694841,106.90672540595,127.626725665087,99.193321584858,91.038696784413,21.6231027551879,22.2609497622743
60.1688195475744,106.864973355094,127.639375684261,99.2296952194283,91.095963682291,21.6374269823451,22.2705402007427
60.1817461749446,106.804417620665,127.678582879713,99.3105899265218,91.2114551382562,21.6656991244305,22.2907606248242
60.1959757823312,106.737190621164,127.724619692332,99.4033009709832,91.3410106964897,21.6973766689378,22.3133918049719
60.1876825812893,106.71781236046,127.71936623204,99.4045103241934,91.3467531825125,21.699182220773,22.3136812742861
60.1677603862863,106.671261277637,127.706746200298,99.4074154714773,91.3605479676348,21.7035195756215,22.314376646808
60.1673741145552,106.67035869801,127.706501510318,99.4074717994206,91.3608154349259,21.7036036726582,22.3143901293961
60.034356112598,106.322956667941,127.631629665192,99.4609353563838,91.504332637218,21.7452453659135,22.3278622786869
60.0264697106269,106.28192585208,127.630034181704,99.4804151671715,91.5399214004385,21.7543683314306,22.3331549836619
60.0114888218981,106.20398434097,127.627003425639,99.5174187182127,91.6075252714759,21.7716981773845,22.3432089251924
60.0140776566926,106.066558477416,127.64177991159,99.623697946585,91.7909888076145,21.8165635639515,22.3732681316779
60.0267629539362,106.02875242531,127.653643924696,99.6692041882729,91.8674801921535,21.8346800591755,22.3864599469355
60.0275744874122,106.027010518173,127.654335954344,99.6716060873913,91.8714954569644,21.8356236137691,22.3871602764271
60.0468833669152,105.985565185361,127.67080146993,99.7287546610829,91.9670309668387,21.8580736820554,22.4038232708258
60.0429189147693,105.925097308843,127.660912181567,99.7560441764292,92.0294136620575,21.8734488077501,22.4132112304848
59.9054433266143,105.523067713765,127.484771118714,99.749273077231,92.1801114784617,21.9165016980569,22.42507104773
59.9035232557381,105.516873279042,127.482376046631,99.7496062134132,92.1829431924426,21.9172869388533,22.4253624601618
59.872245992267,105.368343579752,127.457967150263,99.7998894687426,92.2929603446698,21.9460658736518,22.4412402117215
59.8625835100449,105.219405520057,127.486964741422,99.917670878365,92.4661268733497,21.989546053873,22.4702968444242
59.8671150823427,105.193139575374,127.506937586366,99.9571625424907,92.5138079926025,22.0011355586853,22.4789794063986
59.868777235734,105.185857283543,127.513436499256,99.9693230559179,92.5281339911621,22.0046011795903,22.4816160597239
59.8728109085965,105.168184797306,127.529207900797,99.9988338900317,92.5628999711956,22.0130114629425,22.4880146249954
59.8827930796515,105.124450516762,127.568237547806,100.071864649875,92.6489356938309,22.0338244762698,22.5038492192291
59.8771709737341,105.103781907001,127.569586813126,100.082286613178,92.6625011393593,22.0374478404658,22.5058975529577
59.8353669668533,105.011115480029,127.548192956369,100.090339235911,92.6798274593023,22.0437199566141,22.5063565915385
59.8307053041919,105.000782029846,127.545807277324,100.091237202722,92.6817595577963,22.0444193749675,22.5064077800051
59.7812636022026,104.891185218234,127.520504710199,100.100761059478,92.7022514391041,22.0518374221976,22.5069506860661
59.7182616760915,104.717823927224,127.492686096912,100.133413068777,92.7582061523327,22.0687373979434,22.5130914580935
59.6992001935444,104.663911383995,127.484461262217,100.144181590817,92.7764293748091,22.074173453954,22.5151856269087
59.6978683435021,104.659426325149,127.483862218286,100.145270672,92.7783226235226,22.0747057955673,22.5154363231696
59.6930519878571,104.627892202796,127.481176302621,100.156389043597,92.7983907945855,22.0798835280074,22.5185688236412
59.6932905972511,103.933132558147,127.284805198826,100.310796822498,93.328257614651,22.2085457369723,22.6002679658984
59.6716763130834,103.814080888801,127.226814239889,100.303232192921,93.3808063237969,22.2224338074191,22.6069215406996
59.643398308567,103.573037965433,127.228081325456,100.430593431512,93.5992537713269,22.277873495744,22.6465441627021
59.6405144510368,103.52646913885,127.261260133138,100.493983828115,93.6693806730705,22.2953895834817,22.6607257576882
59.6397799242687,103.501446092612,127.298296130165,100.550345316081,93.7219149282431,22.3084229418764,22.6718322607841
59.639532080695,103.441678461712,127.434156468763,100.739760868438,93.8832865578114,22.3483290192722,22.7068202367988
59.5089903555797,103.242784624996,127.470005858019,100.835020012304,93.9299719723298,22.3669857442736,22.7159521849049
59.467032107714,103.172801389779,127.486796124906,100.874570345808,93.9539632594309,22.3756195944241,22.7212210245092
59.4110578627278,103.074986456455,127.513069708406,100.933902515287,93.9925781784794,22.3890773683293,22.7299664152411
59.3954795351175,103.047763345596,127.520381973027,100.95041539499,94.0033251900689,22.39282283396,22.7324003661044
59.3530614338516,102.925932523638,127.538608491847,101.020147526926,94.078718550571,22.4163443896867,22.7493425558413
59.3490703963564,102.912214081333,127.540243767089,101.027879641454,94.0879933201157,22.4191874328368,22.7514243218869
59.3350078666177,102.863876774778,127.546005704117,101.055123958409,94.1206732241999,22.4292049731117,22.7587594814689
59.361922724312,102.72572184694,127.496095427933,101.090529549593,94.2632466492579,22.4696037330198,22.7891505547864
59.4638323646477,102.606865258244,127.355036400006,101.049787140854,94.4304424017375,22.5153143129145,22.8229827269939
59.4650942220613,102.605589960105,127.353309969981,101.049194461473,94.4323295788871,22.5158277612213,22.8233616541893
59.6066184507612,102.210620195292,126.663669086197,100.571783697759,94.5479923958339,22.5650324710679,22.8385753565136
60.1682969948155,101.812630149018,125.372383306785,99.6186630242236,94.7529711423773,22.6603294431201,22.8737275987694
60.5790878019171,101.786032139127,124.880443033486,99.2725694942534,94.8868644942526,22.7167371033136,22.9011198422427
60.5827806241762,101.786048504308,124.87652718986,99.269870585784,94.888055995169,22.7172309545725,22.9013658655794
60.6684266872851,101.778289608084,124.773554970674,99.1972637648212,94.9056996653222,22.7272115617481,22.9045456935408
60.8125553943059,101.726972497505,124.543132563546,99.0280091949952,94.8884251532589,22.7370821744262,22.8980213047182
60.8851732757591,101.701116858267,124.4270364201,98.9427318859767,94.8797215542666,22.7420553889658,22.8947340533172
61.077198199689,101.68692459162,124.258697867596,98.8359343181928,94.8744158827765,22.7531841328029,22.8884147912743
61.2225562067968,101.682123155974,124.146476374342,98.7681094454471,94.8723418217541,22.7613865539236,22.8838915484331
61.4854936267078,101.728162696714,124.096654737183,98.7815701972351,94.9047399472157,22.7739765670276,22.8789068339632
62.3162936485289,101.965453265296,124.227956160542,99.1015716485249,95.1344849531795,22.8069162330625,22.8680847655396
62.4587823115145,102.013052476523,124.273941389069,99.1807344791664,95.1886932908595,22.8117234848711,22.8664126565503
63.8618930930575,102.236748947246,124.539312452645,99.9865402760866,95.8054841610773,22.7706190678217,22.7317033056673
64.5675968828934,102.589158566672,124.844528683911,100.652306140268,96.4839284108486,22.7574957443776,22.6669950682733
64.5934974127832,102.605812054121,124.858635299169,100.680718027403,96.5133454135295,22.7571350403412,22.6645827210721
64.6642468282351,102.660524577602,124.899449212273,100.796301051337,96.6353190133751,22.7463957831273,22.640838387265
64.6946242968226,102.687943510832,124.917944510518,100.862099338808,96.705413404328,22.7376310578425,22.6233381240362
64.7442912281117,102.732773259199,124.948184183203,100.969679040958,96.820017203166,22.7233007983204,22.5947253260732
64.7684595068852,102.80670474153,125.008378913994,101.099547461833,96.9523848440935,22.7107213509612,22.5675229004869
64.8124452340997,103.08374857234,125.248124142045,101.530932336132,97.3826833868267,22.6783975890512,22.491042805727
64.8129691149781,103.090672587539,125.254299072575,101.541007889171,97.3925984228901,22.6777807886959,22.4894585527843
64.817954771858,103.164488763783,125.320746051085,101.645350304147,97.495054412606,22.6721545671809,22.4740842647162
64.7606020774973,104.0146780437,126.067423304375,102.779645917648,98.6347318251,22.6044508885096,22.2843284574322
64.7460025638699,104.087905610742,126.121493525737,102.883326872779,98.7450692783494,22.5929319929905,22.2575614347651
64.7411232601501,104.149842831068,126.165820755954,102.969607529899,98.8362640453633,22.584546680334,22.2372277349803
64.741245431406,104.150856359291,126.16650808111,102.970981149574,98.8376987112656,22.5844461823116,22.2369573763763
64.7700472375982,104.359087557783,126.307132899494,103.252699237785,99.13061456814,22.5646490898514,22.1829148697182
64.7702140042308,104.359574811228,126.307446187712,103.253345171136,99.1312506147513,22.564625595621,22.1828287663043
64.8383580697349,104.5586759755,126.435461801803,103.517286008119,99.3911515390158,22.5550253995289,22.147645249123
64.9770538172085,104.88249710339,126.635893941965,103.95562038527,99.7861584148188,22.5483348007896,22.1069398877566
64.9770531653515,104.882508108497,126.635896226637,103.955642131837,99.7861740246638,22.5483324719437,22.1069350786323
64.9921211690316,105.146676659194,126.726642553801,104.465587742597,100.129208222831,22.5123195706384,22.024738662875
65.0751163117275,105.384119332614,126.882909434927,104.889840207046,100.397841641588,22.5174643970237,22.0111552280183
65.0981383932372,105.432977876341,126.919992584943,104.974063772268,100.45302206386,22.5207705534999,22.0117270695
65.1018399283527,105.440833448185,126.925954886046,104.987605401164,100.461894079652,22.521302123779,22.0118190112875
65.1461779584795,105.534929700203,126.9973730079,105.149810845993,100.56816558356,22.5276694222955,22.0129203159125
65.3190264733425,105.838947795022,127.245798795119,105.701705758523,100.949392786182,22.5527399860894,22.0198643800173
65.4016179322288,105.998684361719,127.368647964441,106.109684099775,101.235850685335,22.5501898284499,21.9940408711883
65.6083321911932,106.304638276443,127.606612206825,106.649042793394,101.680468507715,22.5460157729026,21.9645775884422
65.7213717984626,106.47926244758,127.736902742169,106.905811162732,101.896545429002,22.5409667641476,21.9492964866771
65.7843632754536,106.581571411326,127.811434841392,107.045095169019,102.012406290237,22.5369415729018,21.9402606595304
65.8749065296395,106.858904120863,127.965905503561,107.471114573444,102.315651025492,22.473421065864,21.8520746961328
65.8769325241987,106.869784492582,127.971865029263,107.487115731583,102.325253984927,22.4702950914367,21.8481284413779
65.9506066548897,107.181720285703,128.160213015646,107.927881514229,102.584037789935,22.3928212751651,21.7521961539957
65.9548497409823,107.196811645025,128.170086760844,107.948422767814,102.595838017858,22.3896019610465,21.7483040703679
66.2260097594589,107.848573714217,128.662098687347,108.801217322873,103.097001992248,22.3042047998698,21.6478734198038
66.3525129710903,108.391726572401,129.060775271747,109.630863059361,103.554639564391,22.2073646874207,21.5303408524744
66.3527643538616,108.392503692416,129.061315078468,109.631819362362,103.555355314935,22.2073562340653,21.530317965272
66.401623136453,108.543544822555,129.16623197116,109.817686516998,103.694468668076,22.2057132389929,21.5258696061382
66.5313092900305,108.95106678554,129.433325083033,110.286783912687,104.063577600957,22.2087512964119,21.5222342064513
66.5292477307612,109.240151802753,129.551806382154,110.60651920672,104.311192072398,22.1894961773019,21.4924592940621
66.5254532255583,109.281780091781,129.565112636111,110.650842347372,104.345555913574,22.1856492413292,21.4869109356027
66.6425958107585,109.962677814305,129.816184526823,111.297981653934,104.882470188479,22.147812874164,21.4323892166476
66.7677019760129,110.238288849487,129.931406695289,111.542686279763,105.094274335496,22.1394000939747,21.4203599955776
66.7677799317966,110.238460587421,129.931478492186,111.542838759386,105.09440631427,22.1393948518279,21.420352499965
66.8005658235792,110.289638685977,129.953733683781,111.58691179678,105.133290235143,22.1384084944387,21.418937118419
67.1278989654117,110.739370500561,130.119991035906,111.962109606456,105.462907133023,22.1195189740586,21.3952665028989
67.249070084076,110.872035868507,130.129602481361,112.061039656299,105.545995266669,22.09946975488,21.3718870100341
67.6503247176753,111.204324961409,130.1707490983,112.291908055406,105.749422020231,22.0660133239325,21.3343104015968
67.7713262992155,111.29610482662,130.185751532027,112.351429034571,105.803595057852,22.0610263512447,21.3289475568282
67.8484387511955,111.354594726989,130.195312352932,112.389360841653,105.838118703816,22.0578482300415,21.3255298981132
68.194121093428,111.622904744021,130.242799639087,112.553793093728,105.989168807865,22.0501974559432,21.3175012738275
68.5583756212725,111.920310621489,130.297710540611,112.723638454932,106.145873397589,22.0487290249448,21.3161223017438
69.3419242948452,112.657522832105,130.243129015947,112.969998549247,106.353395824327,22.0204532168511,21.2808200817078
69.3726719087171,112.693333589423,130.236290969946,112.976396140215,106.357532099515,22.0185305745365,21.2783443067442
69.386620530106,112.709579100296,130.233188897859,112.979298400357,106.359408516228,22.0176583699543,21.2772211741409
69.9414999717452,113.468588756952,130.177562093278,113.121779126713,106.448086710656,21.9950598516603,21.2438118151931
70.0266787717406,113.597796645778,130.179487070119,113.147021628001,106.463338089246,21.9934481034658,21.2404295934384
70.4713080012496,114.287422948862,130.159089117625,113.220881247869,106.477602105781,21.9814113985424,21.2158338528829
70.5614434619404,114.441812860582,130.088529327256,113.173154645684,106.412292282584,21.9665875480421,21.19497186381
72.3095863959618,116.423791042807,128.89679803084,112.455546180661,105.611403782581,22.0089952782064,21.1821064151426
72.4262360043259,116.56896754674,128.826078155705,112.407191390796,105.556572528068,22.0221858635456,21.1915037640611
72.4964232002415,116.656319162118,128.783526536366,112.3780966758,105.523580972787,22.030122539977,21.1971580785408
72.7062634624127,116.931833412717,128.71389068669,112.321583103876,105.449379129195,22.0572069808526,21.2175766036955
72.9329937009365,117.245736170324,128.709307756586,112.296172558484,105.397173109892,22.0900259414236,21.2432177267348
73.1608055494923,117.575786231922,128.778961796369,112.305151916002,105.370687304038,22.1257789033464,21.2714972911081
73.2337607818921,117.711714165569,128.798308578631,112.253988110396,105.293306590573,22.134947410349,21.2733783924238
73.6943420947664,118.507418311918,129.160615918459,112.09842300937,104.98168838054,22.2050953376177,21.3017235498048
73.8152838507788,118.685184273742,129.262358372907,112.10635471998,104.96265448134,22.2272247432348,21.3160691034443
73.9004182220302,118.810318833458,129.333977805059,112.111938078599,104.949255973708,22.242802266627,21.326167350151
74.2509401270198,119.318022863221,129.495295308137,112.115455110809,104.889605064698,22.3139549975322,21.3726810746508
74.287698809666,119.380620912176,129.482194568123,112.088380154481,104.85335667266,22.3224236494843,21.3758642486518
74.3242665572982,119.442893809126,129.469161877065,112.061445833149,104.817296565041,22.3308483128585,21.379030888345
74.3260179108948,119.445876269603,129.468537697239,112.060155857047,104.815569524049,22.3312517985927,21.3791825494719
74.3310228393206,119.454399392089,129.466753948166,112.056469429548,104.810634074934,22.3324048594162,21.379615958857
74.3368202496859,119.464292594524,129.463494524265,112.053882880882,104.806915111023,22.3339109507036,21.3804179777378
74.4550344306138,119.666060953265,129.394854610936,112.004213202583,104.734728198382,22.3649324980172,21.3973192522912
74.4863009464931,119.71942674697,129.376700012874,111.991076049552,104.715635453056,22.3731373994433,21.4017894771411
74.6825380666218,120.067313371103,129.260026350735,111.970198388694,104.659859317425,22.4281423293434,21.4370887250949
75.1854894855765,121.299471945495,128.845817883862,112.050906688635,104.601368778504,22.5906088744351,21.5298314126818
75.5377315299496,122.319695884691,128.651209197458,112.155554718565,104.68756862192,22.694412993239,21.5660042912229
75.620424411627,122.489636175727,128.64620512305,112.18786106926,104.730137015137,22.7135152557727,21.5757355649301
75.6476635233114,122.545614664726,128.644556776313,112.198502811051,104.744159083222,22.7198075587138,21.578941055487
75.68657011097,122.625570722561,128.642202384307,112.213702787636,104.76418729954,22.7287950777924,21.5835195711444
75.9094534332758,123.245743398987,128.298626767893,112.094965541125,104.711786411953,22.7935403911375,21.5917596139463
76.1304265465119,123.703592750224,128.178162565929,112.123584728252,104.732676755184,22.8573904701419,21.6290349442655
76.604956012852,124.783317019006,127.962936559858,112.241348244663,104.680453510598,23.0181136946183,21.736201928581
76.6633905148998,124.952090840202,127.90477261677,112.237749349,104.642821574714,23.0435845911447,21.7510752533355
76.6977740296998,125.042237636203,127.876315601035,112.237225728194,104.627754489044,23.0573043204944,21.7592638969217
76.8582761264603,125.391178992762,127.786343374381,112.245729036671,104.611840693113,23.1112445418966,21.7928244519523
76.9131679325091,125.489145785474,127.763174663274,112.248520005174,104.620230821389,23.1263403269768,21.8023776623904
76.9520132461377,125.558473997861,127.746778849141,112.250495091342,104.626168267935,23.1370231692463,21.8091381879103
77.0882565386321,125.791918240685,127.690773578794,112.256020073371,104.652015328521,23.1726695089842,21.83162477137
77.2464481882365,126.034650917651,127.630120243376,112.258346491912,104.696670138304,23.2087463056422,21.8541627564991
77.4308183909371,126.361036767183,127.3420350936,112.097465692527,104.64782092938,23.2494748197351,21.861673294306
77.4314746618656,126.362285358468,127.340575641317,112.096566438311,104.647445625525,23.2496171617853,21.861662581567
77.6805840774786,126.822071980938,127.011722894879,111.925483956065,104.576498793451,23.2929612978331,21.8620211209379
77.7140507225192,126.886138239081,126.983858624271,111.915418208446,104.570222676576,23.2983809168981,21.8625687787989
77.7994136774986,127.058107482849,126.937698988868,111.91049614742,104.556631251801,23.312070457986,21.8648153105392
77.8052946421238,127.070992230536,126.937538810804,111.912672604842,104.555987868982,23.3129973113064,21.8650730715345
78.1110346694691,128.081367882198,127.214031762163,112.31410149614,104.41818630007,23.3636412657653,21.8707819211881
78.0701915485595,128.403190994048,127.489552555622,112.604661293047,104.298337006914,23.3651422800079,21.8577550448013
78.0606305255153,128.469982670713,127.55549792097,112.672890144657,104.277249121032,23.3658116576204,21.8556917679923
78.0182077055148,128.767664474158,127.935610100465,113.063392425357,104.251308923909,23.3782033582288,21.8584184098273
77.9980003407401,128.930399193657,128.16479016063,113.301522845922,104.265693263451,23.3899581030928,21.8655006691459
77.9763959107146,129.135869935696,128.473636936163,113.625954648602,104.314618548941,23.4104106135374,21.8806053875912
77.9644507774484,129.292134791902,128.711271846486,113.882610457984,104.381110684979,23.4332749157368,21.8996137998397
77.8123666024001,129.596083080969,129.231009302094,114.485669879737,104.547640565531,23.5074816545755,21.9585304224293
77.5968706592922,129.721628376675,129.415724834896,114.76502691373,104.660968494657,23.5913563468728,22.0277426081324
77.3975746215281,129.894793504026,129.424400886894,114.869025928116,104.787133387017,23.7253620507731,22.1522616146657
77.3217984749682,129.99010956678,129.383006797818,114.85841939261,104.824751523836,23.792516791494,22.2178098240441
76.9041602604065,130.323185014289,128.889275292015,114.380612140313,104.612135003836,24.0519224016245,22.479349088595
76.5514048373555,130.521286070856,128.30863743348,113.687599518705,104.075362607965,24.2052212595873,22.6386500671242
76.5406313471972,130.562002315016,128.228573934304,113.581154136047,103.982466290106,24.2221534902283,22.6570548098739
76.5401567306258,130.57331633463,128.207570110355,113.552729266655,103.957219318657,24.2263239227265,22.6616408829147
76.6506047759184,130.667225949424,128.042493218881,113.322417605541,103.744707594581,24.241664473605,22.6812696757922
76.7281730056063,130.546358214012,127.90931703589,113.179191256951,103.59990273946,24.1923935019614,22.6301857930698
77.1684121518385,130.080377268963,127.723510674445,113.055928231016,103.452288162569,23.9733900204243,22.4138468351981
77.321171037737,129.968340550785,127.716545414025,113.074729142997,103.461471853639,23.9107044411224,22.3553022949739
78.0714295429525,129.61872594144,127.837071887787,113.288832109333,103.616748982495,23.6396530041527,22.13076805921
78.1176066724405,129.601171932148,127.846945929045,113.303240371937,103.627316126157,23.6235107533363,22.11814298125
78.194397036908,129.534235162949,127.842617282783,113.302294864731,103.618678952068,23.5793972338432,22.0840463969387
78.2116750241796,129.515744186,127.839757808969,113.299818835496,103.614353776135,23.5679022322253,22.0751839932094
78.5717724382805,129.181971650561,127.799758038319,113.241991121078,103.531447751354,23.3378150377188,21.9065435358511
78.5898661781343,129.168640738392,127.799054455005,113.238670575701,103.527764398377,23.3268861597771,21.8991407732783
78.7543608011141,129.066609678411,127.799061068122,113.206467014267,103.500942260746,23.2327648654239,21.8382131350376
79.229462903076,128.954349096885,127.856787486444,113.094663646255,103.50310547048,23.0164757990785,21.724407062463
80.4717559509715,128.7306731061,127.747119340133,112.182841934043,103.708605216019,22.4884988311263,21.4773425322079
81.4411577880462,128.742754384971,127.715945748534,111.583209204429,103.8756120496,22.1739997799772,21.347658148778
81.4522737664558,128.738032859676,127.710430744835,111.567735360334,103.868477826822,22.1677008751948,21.3447489097116
81.7137680679207,128.645872051372,127.597771364833,111.227212264081,103.690956304542,22.0285714810469,21.2853882643825
81.7348787551136,128.641751171936,127.591673911365,111.203844349363,103.674922987137,22.0189275880445,21.282189381573
83.1860813500445,128.687530950897,127.575190184913,110.226071724024,102.723721763783,21.729867424273,21.38577558949
84.027566817292,128.651519136468,127.533265585864,109.707245943984,102.42863938484,21.7491247471006,21.5935827132245
84.1122710203202,128.659550204646,127.536405757797,109.669536676751,102.420252548844,21.7536761511398,21.6145282785736
84.366971025469,128.702550332165,127.555053856786,109.572767724449,102.414845383024,21.7657526082375,21.6743187038987
84.4181087262857,128.712448632182,127.559415651246,109.55445402921,102.415089083553,21.7680692899828,21.6861090509787
84.7059193224793,128.708615779639,127.516464997167,109.350308577656,102.344073494953,21.7667061782778,21.7510446983005
85.0838424353415,128.624242495579,127.360508864853,108.935099301552,102.132230075461,21.7284020966635,21.8236076649503
85.94126003588,128.66411721689,127.353460157817,108.531718625115,101.941831461171,21.6296466160829,21.9338416674096
85.9836550055374,128.668266981394,127.360562633219,108.523691589789,101.939498161725,21.6253786212008,21.9386874801193
87.7370394573157,127.909745801319,127.255209810097,107.551203325468,101.187794233429,21.4763809659683,22.3332166859321
87.7374560608509,127.908685060977,127.25467885312,107.549832920922,101.186528392388,21.4763441789186,22.3336321441656
87.7640526594921,127.623137549315,127.206659184388,107.048386396185,100.692364125117,21.4678536772822,22.5415996848193
87.6771132270922,127.658198761025,127.471200240057,107.009175924378,100.631406135706,21.4360354600876,22.6355438693877
87.0799211484567,127.497259481554,128.106268968739,107.223715950338,100.845574638069,21.1806568107208,22.5423963567933
87.0243825506505,127.54573241518,128.502802094657,107.542704874151,101.184940284183,21.0669425437873,22.4731293323124
86.9704734221086,127.544232842824,129.824119704257,108.644224764515,102.387449156226,20.7045152011014,22.2218998462808
86.8125941308869,127.701542513974,131.932012612452,110.283841735496,104.056393428215,20.6086202172453,22.1396227192265
86.8705776953065,127.770352081536,132.295315498207,110.64780515432,104.436926455039,20.5976470808889,22.1252470274643
86.9650352661495,127.832052111709,132.496295801611,110.883600688311,104.689491079189,20.5833798714751,22.1121109937298
88.0598358870309,127.855268302219,132.859826180601,111.935173705744,105.963174150082,20.1434982133566,21.7275807396301
88.1174355103084,127.867601952064,132.884395064164,111.974117637392,106.007458357111,20.1237877539078,21.7105865474367
88.4742546142683,127.838084970801,133.037208432259,112.197733845151,106.26777517401,19.9316013651472,21.534066449168
88.7804484543248,127.742379624809,133.334049394779,112.433006504027,106.506296952548,19.7097210538955,21.316180429929
89.0809787360202,127.725657272844,133.754592003327,112.714789619633,106.759151418468,19.5492722000477,21.1527406792919
89.1121355674526,127.726781303999,133.799953969906,112.744525724655,106.785032831636,19.5354636917115,21.1384894590519
89.1595935943298,127.728493426136,133.869049231847,112.789819703744,106.824455351362,19.5144305978562,21.1167820272595
89.3629522025554,127.745096978401,134.153426615302,112.976428581042,106.984672206255,19.4380771689186,21.0377127124871
89.4558260367946,127.755613387515,134.279598855307,113.059285991026,107.055086163563,19.4075667875284,21.0060169620024
89.8450270958885,127.598190563437,134.793618689262,113.33210912258,107.255608628265,19.215879422057,20.8007919641342
90.0355952343484,127.518508723345,134.990109196524,113.434075315815,107.326059478962,19.1368575300512,20.715894240675
90.9774359535718,127.460367604435,135.731995464309,113.9243031874,107.734887651434,18.8988209137245,20.4681793904815
90.9977325829623,127.461798714708,135.747907476059,113.935712187665,107.7451344344,18.8943508468029,20.4636175782466
91.1682616752825,127.447813561229,135.883072984347,114.024599902387,107.82384614628,18.8448028365406,20.4120642732374
91.3085456934454,127.353719881824,135.998950106445,114.075593497194,107.865162725078,18.7659659743796,20.3276578752489
91.4536293980748,127.278914916687,136.154197807394,114.155337604086,107.935616978888,18.6830782477213,20.2387517480053
91.5162694905253,127.249393820907,136.225593049116,114.193098023789,107.969455077999,18.6471244161353,20.2001676048255
91.573046508153,127.228903207688,136.298373280163,114.233926804275,108.006675144452,18.614930630427,20.1656631541588
92.3262379230148,127.132710178081,137.560676155144,115.011596565517,108.728995924272,18.1744319578587,19.7000971432384
92.3692378389995,127.072291006468,137.676034338535,115.067339567454,108.778186825561,18.1111771781515,19.6330770013305
92.4779863980927,126.98196432139,137.893862163537,115.183570711644,108.882675810352,17.9974262970203,19.5144073487424
92.5663416154685,126.925646021478,138.050370880811,115.271006025645,108.962116607561,17.9176798093155,19.4318633162539
92.7779842710017,126.856127261854,138.3462658612,115.453114523404,109.131681269544,17.7752506082408,19.2871552523355
93.3148164150231,126.8288258699,138.930585964007,115.864838734847,109.532580775504,17.5187151062497,19.034318236759
93.5054356153108,126.720537782492,139.128022519692,115.989879431602,109.660897507134,17.3727449097358,18.8889627725673
93.6679257738923,126.59486830871,139.302645725628,116.1012954146,109.780152020328,17.2258951690515,18.7431833162602
93.7519594610322,126.539696273533,139.394437757628,116.163585235495,109.84709635946,17.1545003276537,18.6727600224319
93.8360426289579,126.50791886746,139.496094666519,116.240812018835,109.929477125487,17.0927029907915,18.6129999808714
94.5159302951917,126.398032850377,140.461811959512,117.017470089965,110.746006669512,16.6210961961545,18.1724851511423
94.6984543829457,126.175690333777,140.932591923625,117.351747906186,111.098886194789,16.2863325741491,17.8687109308651
94.7090025636663,126.172786261164,140.952961925272,117.365933000004,111.11336294845,16.2737123495087,17.8578559592629
94.7673698979836,126.156716857204,141.065677352477,117.444424839981,111.193468659864,16.2038795612532,17.7977910273765
95.3560759208316,126.157803791535,141.996906633666,118.044489598654,111.799672172632,15.5927880239986,17.2804569268113
95.3831197947996,126.12095169386,142.051879059502,118.060530608783,111.817056478737,15.516360832292,17.2132151196984
95.49248766036,126.022072896579,142.243742618965,118.131597190921,111.894456629976,15.2707327985941,16.9957296747015
95.5165870641869,126.003080285541,142.284322878986,118.14760215205,111.911907433155,15.2201448257036,16.9508411097267
95.7746603874609,125.898982301016,142.710305548259,118.40960087322,112.194089262243,14.8249799847342,16.5926800167735
96.0433590814651,125.590474272784,143.439478313296,118.96577245021,112.802299464485,14.2261672765661,16.0269233910572
96.1140949872151,125.241596209035,144.200796622922,119.565092427245,113.481489406172,13.7161995052036,15.5501047069425
96.1902056808502,125.259567188151,144.504073954175,119.7766297228,113.734172152416,13.591380761769,15.4457750003814
96.2239351484627,125.281036088919,144.622734965587,119.853398053516,113.829638998619,13.5476822061034,15.4111765112155
96.1802780947214,125.253120737116,144.655772256288,119.824512153161,113.832457090401,13.5046157944806,15.3776739550011
96.1327190140887,125.23792234485,144.688962142165,119.773786124162,113.826633638023,13.4596164977784,15.3451475154736
96.1158114142188,125.253530831013,144.696893539841,119.729152027327,113.812279295083,13.446265884259,15.3390684534081
96.1037570701871,125.264658966494,144.702548262982,119.697329961337,113.802045306256,13.4367475085206,15.334734360687
96.119472980609,125.400937526107,144.697731838521,119.543544542181,113.749711347238,13.4461448654806,15.3593663907021
96.25013447793,125.761014288712,144.497690936724,119.090130248898,113.56812429962,13.5874437767559,15.4603978207701
96.2579888522496,125.756342719365,144.361146459124,118.968339834817,113.47048477255,13.6582142754784,15.4372177826142
96.230666131565,125.6214875245,144.440971718754,119.207949376222,113.404695107795,13.6589105629306,15.2568552137918
96.2017331415694,125.5876469714,144.442643976223,119.22864315485,113.380524698579,13.6513515346799,15.229713201497
96.0462759859913,125.428791335483,144.656667677551,119.640916476005,113.40367361145,13.5756931230511,14.942052713361
95.7565917194885,125.062460223951,144.951585660117,120.284109316226,114.383402655261,13.3050941020434,14.2465750099828
95.7591626230672,125.062587439733,144.959957366379,120.296168255599,114.404098799349,13.2998346333273,14.2363559959921
95.7788560843859,125.063171288453,145.025054423078,120.390112440768,114.565595329122,13.2585923002588,14.1563048811294
95.6254398168421,124.867720197558,144.996889773074,120.434097088246,114.763522286797,13.1041395186169,13.9012755298019
95.5984824915399,124.833095912698,144.998062348935,120.450785894991,114.809043458524,13.0670852306021,13.8428910955981
95.5298488626754,124.743172107906,145.018539276926,120.519761989617,114.957431462702,12.9484588351529,13.6589129564793
95.4934175612651,124.691226887306,145.062478573917,120.606749038423,115.098773839656,12.8402807373668,13.4947092161779
95.4895976752455,124.681772751696,145.090910576466,120.652496033123,115.159966240162,12.797158277388,13.4298307517972
95.4869440668242,124.675205128017,145.110661794437,120.684275675176,115.202475537161,12.7672018539861,13.3847608102956
95.4860325336113,124.672949102952,145.117446477147,120.695192206414,115.217077780566,12.7569116112171,13.3692789674395
95.486304119418,124.665641463803,145.157071801164,120.756125102423,115.294830315777,12.7044479160222,13.2900345843728
95.509344016665,124.668716544958,145.267138855792,120.914129950667,115.480809801607,12.5891312775569,13.1144303195251
95.2906287425142,124.288887002198,145.314840577249,121.10197007914,115.759654662566,12.1724508001171,12.4256123724278
95.334763159991,124.28239824125,145.386552509438,121.172629869789,115.848202565846,12.1085525440396,12.3051794397296
95.3408286293615,124.183028483504,145.465060201562,121.186664662821,115.902112900927,11.9375416666994,11.979788163224
95.3267845125714,124.164384098791,145.469799271148,121.175548925121,115.895091747562,11.9088127375606,11.9259559101786
95.2879641305691,124.13823530782,145.538320089909,121.177503214733,115.909007547344,11.7833615220641,11.6929246295279
95.2917156970462,124.220641680707,145.715429216444,121.311478837461,116.046076719284,11.646881355701,11.4464787773313
95.2982371124857,124.252859883267,145.772843158192,121.365804952245,116.100688276125,11.6115055364778,11.3838616859077
95.0693556545768,124.107371886193,146.014664102955,121.766493967838,116.528152346004,11.1236339980149,10.5403410253867
95.0735015097963,124.10630970499,146.018673712195,121.773265006905,116.535096258015,11.1186388020631,10.5315376555541
95.1134242107752,124.098046077296,146.052286332682,121.828997577748,116.591762339801,11.0782447271916,10.4601456063934
95.1221841065779,124.09753881116,146.056339381921,121.834932060685,116.597415634881,11.0745045771149,10.4533747389748
95.174872367719,124.094487750824,146.08071731078,121.870626273697,116.631418583566,11.0520086469817,10.4126499131625
95.204586341558,124.092767080507,146.094465442237,121.890756315735,116.650594823316,11.0393218840295,10.389682816079
95.3682968716773,123.887666744027,146.024770456889,121.864288997028,116.606794571201,10.9283533842985,10.188600819602
95.3751953609001,123.880187558385,146.020609138493,121.860148796058,116.601386733095,10.9263458329332,10.1845694265069
95.6509778473953,123.647110060087,145.895292746971,121.724529483493,116.413711010866,10.8706840215198,10.0654277886319
95.6510320249751,123.647079686822,145.895277725842,121.72450983166,116.413680809876,10.8706788380161,10.0654142098664
95.8487669752458,123.563954249348,145.860764082817,121.670330604532,116.31930141759,10.85948011162,10.0290528444303
96.0006149281438,123.521671342842,145.85004512739,121.642360963531,116.259140613808,10.8568802347533,10.0113873158847
96.0587467515492,123.512923555357,145.852433576845,121.638193395019,116.241707908812,10.8569030755643,10.006609757954
96.2313054944621,123.496087044472,145.867491198307,121.633849075434,116.196831878518,10.858220472121,9.99486466124357
96.4156608219458,123.22356997002,145.689219192866,121.427011952978,115.868492365788,10.8247434623038,9.91765822647806
96.4776756434637,123.144392201197,145.645474647496,121.380840262829,115.776227312104,10.801483911303,9.88107375799146
96.6222373415564,123.063944258739,145.626197374192,121.363783166606,115.68062316936,10.7424563665668,9.80605712433053
96.7071814383993,123.040369688547,145.63236983018,121.371812987953,115.650695794032,10.7072458732725,9.76545739962708
96.9896195203939,122.774465133353,145.489579279583,121.221629716867,115.335203848506,10.457801557625,9.51115006746176
97.0172078808588,122.725934710795,145.455242230272,121.183463332889,115.275770644358,10.4204953341741,9.47468488574688
97.045526828914,122.679094386234,145.42231313748,121.146485849468,115.217686079513,10.3837071269401,9.43884105152526
97.2024063309989,122.554838396598,145.346157642166,121.042486785525,115.02784778852,10.2474240914575,9.31122997635382
97.2715968248298,122.524445749593,145.333223130339,121.016186004051,114.966538010856,10.1980487153451,9.26591961133756
97.4197784176745,122.422431169906,145.28763170413,120.926503015542,114.754125571168,10.0486417992308,9.12658489617379
97.1996605691334,122.154999810336,145.079469577554,120.690844946199,114.386340920153,9.91606958145317,8.99324955179622
97.0809496414159,122.100609313274,145.056741286819,120.65588275669,114.283278637506,9.87026543282102,8.9554689039326
97.071371546831,122.09854515637,145.057529328985,120.65547445622,114.276890281201,9.8666818392911,8.95305945214384
96.7950451897942,121.966175760336,144.976506985763,120.538383936981,114.061304549827,9.78305533873055,8.91643423251633
96.6461846725547,121.843486508637,144.868687640482,120.400154124081,113.895581623436,9.73058292304009,8.90229007123283
96.4943873026419,121.625056342203,144.659729600043,119.992867723391,113.431469220821,9.48171196966119,8.8630680501489
96.4643611260639,121.596547317131,144.631159647951,119.948804794458,113.382825117297,9.4592202013863,8.85591259546712
96.3287980352785,121.499099292336,144.539717276814,119.73530387262,113.109150676462,9.29222696730919,8.81176123193704
96.3283338904609,121.499191985521,144.539937623415,119.734218422863,113.107175740986,9.29053239275096,8.81140899451929
96.3356940231406,121.532608750961,144.582654234236,119.696840730209,113.00173954811,9.18760208907037,8.79379663761209
96.1230400683459,121.303988915415,144.350840006067,119.339780342534,112.491038253713,8.97447433526749,8.73576854985821
96.1628422889452,121.299357968307,144.32001090052,119.245947997182,112.303285882817,8.87391090429805,8.72615703461645
96.2087046040253,121.303601115714,144.261292801046,119.124509767281,112.07259528242,8.76718533137745,8.72192979106381
96.1658988262392,121.257127848969,144.188568500134,119.034243970194,111.948425623857,8.73044960247247,8.71590679332734
96.1150061449201,121.276230200389,144.079798022874,118.823587238442,111.575372571167,8.60529852999115,8.73241337218001
96.1185478681055,121.287863406526,144.083259252536,118.818199756615,111.557851677201,8.59829029947989,8.7356063273214
95.9966701580274,121.314487572596,144.027586747714,118.567592045276,111.088103891573,8.48981133751566,8.79553129347105
95.985240516738,121.369540237942,143.948462977999,118.120099575696,110.240525896832,8.43365595951809,9.0240691097451
95.9913728229145,121.381943542074,143.91751512734,118.051614987696,110.114748168406,8.45002544428771,9.07884534542335
96.0287268617574,121.430908007477,143.924671284229,118.026310843997,110.033453758565,8.47138491238175,9.13764269340487
95.9817540877343,121.424196948749,143.856094737678,117.908871880219,109.81679553183,8.49757671058654,9.22688859061141
95.9520072977339,121.402864508509,143.826238794493,117.872046734836,109.764289569761,8.49939595887465,9.23817373822707
95.8215434652941,121.352889936218,143.734924947534,117.716305599087,109.467826695166,8.50500685945506,9.32690142242742
95.8815869771019,121.494538390868,143.858661960684,117.768065907629,109.358644929933,8.50070010962953,9.41099191519315
95.7346176010555,121.476465406962,143.778392470857,117.611725438168,108.920052232813,8.47569853720393,9.51143168183092
95.7321090060753,121.573065120572,143.743643501724,117.528618217242,108.521064788398,8.53113360398734,9.71797558450529
95.6038282891441,121.634816475497,143.645177446285,117.360052641765,107.976050229342,8.65153251238402,10.0716334791673
95.588813392118,121.628874516281,143.633724717952,117.346112734551,107.950323187076,8.6549797621431,10.0823717927792
95.5596607738724,121.785552456524,143.667206669292,117.305184577218,107.654994706524,8.75224044696064,10.3172348514301
95.4323214300931,121.736361883831,143.564274957636,117.170800781982,107.415339120743,8.79081007947608,10.3986129366539
95.3402146510248,121.728982201248,143.499829851327,117.064232480209,107.175652259134,8.84674930750322,10.5048378609882
95.3262265535755,121.738265813429,143.493898783122,117.045346880283,107.116989636252,8.86436224950709,10.5374348957695
95.2075750846239,121.805998528704,143.469854909104,116.900220506835,106.598562646889,9.01025303240137,10.8321807655788
95.1853666636843,121.801489650244,143.457404729483,116.875115352374,106.534943690263,9.02163381395387,10.8597774277609
95.1487428318956,121.906118848088,143.459573925906,116.748314452275,106.080458872538,9.10572171423187,11.0867714660859
95.1167989911129,121.886931764344,143.429048252858,116.708009540261,106.016016657703,9.10977888032819,11.1004863437574
94.9946633705719,121.940131697367,143.322683952767,116.470620130998,105.493950026411,9.19277243791253,11.294085303857
94.7728066348362,121.935996967791,143.186195134042,116.22832806555,105.017701396118,9.27308647705339,11.4604517126192
94.7450471322222,121.948814983094,143.179486180244,116.20293888353,104.952900171577,9.28431799291435,11.4876782632468
94.729842507664,121.979124722771,143.187945133939,116.188750354677,104.893139681711,9.29578004026455,11.5188284113004
94.7511458465345,122.07251883248,143.245866582946,116.205225780252,104.832723478435,9.30984743401047,11.569770386817
94.6913114586846,122.105391895379,143.229353729797,116.135053053881,104.66693034,9.30668735947588,11.6157813004345
94.5701263168134,122.110227085612,143.157425965388,115.98423051686,104.387307819186,9.2733657795209,11.6586952139435
94.5696992897493,122.153578797791,143.172817601686,115.969205496432,104.326762447669,9.26000449937941,11.6760588500961
94.375470253809,122.281953330937,143.119290047894,115.722892712649,103.832459256358,9.15324864237991,11.7652489354857
94.3050260002756,122.485993839758,143.058986493284,115.365305034238,103.282916966402,9.03271545626157,11.7984884331684
94.2712842241344,122.488880819907,143.02855152237,115.298257775619,103.197445366639,9.01240578066675,11.7931095810102
94.1988423963639,122.440626308389,142.962228540578,115.214601800609,103.106498484403,8.99667572599473,11.783805124352
94.014743551741,122.356680178457,142.82418523731,115.00999352498,102.880928761205,8.93072170881165,11.7526515434288
94.0036873638076,122.375109770917,142.83029609609,114.993481671798,102.859184072254,8.9089718679181,11.746096338244
93.9335442191136,122.39111999174,142.812454760303,114.902843570123,102.756758822589,8.82700354542853,11.7167475417878
93.8894550836159,122.361345976131,142.777326450134,114.856491839543,102.710040852426,8.80922789020107,11.7073447961156
93.8495341613099,122.425657037312,142.818447908131,114.782158612282,102.579882047606,8.66330613332929,11.6790364312924
93.74198172229,122.348762492836,142.745106246493,114.705857246403,102.480632483786,8.64125988022268,11.6761360282123
93.7317512919006,122.342095815156,142.739013388079,114.69987582122,102.471719295512,8.63941964848323,11.6763072019553
93.6671568731193,122.398435654885,142.743939998885,114.726655075838,102.422408591237,8.64766374180173,11.6795692415366
93.7528025457845,122.510747179057,142.838253288306,114.810775972719,102.500390852202,8.65853350395089,11.6904831909231
93.701025385909,122.476304135662,142.799075069801,114.772448111876,102.46289683486,8.65939784791593,11.688854122801
93.6660049492492,122.45300794826,142.772576159414,114.746524356572,102.437537064981,8.65998246289197,11.6877522725427
93.6204386610077,122.432640133439,142.750129971724,114.725598704409,102.415355892778,8.66735118120986,11.6939315955782
93.4740365654067,122.4972202933,142.846771464869,114.843160941483,102.513407922025,8.83767435530464,11.8602487350353
93.4295186059571,122.562912599177,142.95221721178,114.960941418912,102.670223259959,9.02695820277706,12.0383686068791
93.3478729561949,122.493105335561,142.888967464891,114.903805380935,102.630786381296,9.05253460116639,12.0605073885126
93.2297206233105,122.389618269388,142.800468368004,114.828248082342,102.594564806582,9.11489253749636,12.1200052451213
93.211146750561,122.37237499117,142.789721499739,114.822667309106,102.605107637977,9.1453905617625,12.1511875917311
93.2110218637576,122.372138438232,142.79024889463,114.823774857882,102.608034580923,9.1493532521618,12.155298646066
93.2898316374703,122.438123396171,142.87249128768,114.917106977313,102.736633578805,9.2498779449878,12.2605096719395
93.130364103011,122.259493299908,142.713927417356,114.788963118964,102.663417654627,9.36528486200735,12.3537449319177
93.1229707704322,122.248136054505,142.707452452319,114.786243403657,102.66848336847,9.38598555782083,12.3698878564917
92.9185361742274,122.057286062648,142.72161126693,114.835549330584,102.865416626927,9.75729405574644,12.6858508561535
92.8580821873445,122.004500014354,142.706377759526,114.826194995616,102.884829185392,9.83521024186277,12.7640949220813
92.8400181794098,121.987580824123,142.693897020932,114.815065892028,102.877969872881,9.84451392753515,12.7729832254093
92.6674021216507,121.818472684833,142.584837787989,114.7222460966,102.849868073668,10.0150522452471,12.9460571234415
92.7224184695088,121.85149516037,142.647489315784,114.7822005458,102.949013431481,10.1653268453998,13.1133773688922
92.5374967311408,121.623930000293,142.451091608693,114.565082296306,102.792744894358,10.4092180340568,13.377988511353
92.527444933972,121.584400374773,142.440140163728,114.516310630782,102.773481324876,10.6901960172452,13.6800855141496
92.5113990483382,121.521333374491,142.429860300204,114.441577811081,102.740162664664,11.2410177599342,14.2546280120502
92.5211842403312,121.528781440133,142.439225737156,114.448407458848,102.747581638593,11.2591749787749,14.2740974924068
92.4242153517575,121.389595646208,142.335339542892,114.319383101996,102.641806292904,11.5036780549041,14.5300404151634
92.4494454491087,121.35781306963,142.341224726682,114.306929550721,102.64315039034,11.6409411035739,14.6955701686361
92.3998148177913,121.200697331761,142.258084499288,114.216440867964,102.592865190333,11.8485626652901,14.9802543197413
92.3997377655091,121.200047889462,142.257837129235,114.216188058862,102.592860425002,11.8500169065971,14.9822664930655
92.4629616161382,121.216397424979,142.305591492661,114.261577901666,102.657134693793,11.9927304697285,15.180390097048
92.4913895304675,121.237354716504,142.331076977164,114.28630891585,102.68474835803,12.0217799400563,15.2209760235972
92.383146268585,121.113282237221,142.218490021639,114.187088195994,102.613187803557,12.1097428677326,15.3411716651048
92.2528160975425,120.922122689669,142.0718819644,114.133532252625,102.716071641997,12.2862681041817,15.60766666748
92.3755039125807,120.960476787858,142.168182429264,114.272419818806,102.912881859365,12.4240858927609,15.8099738552052
92.2515718124267,120.746652680433,142.00116640122,114.158769324221,102.843232572437,12.6113582350454,16.0604608763636
92.2935919336637,120.733132075478,141.995071590409,114.187784844365,102.905745283656,12.8191906076758,16.3126240273189
92.1610213162227,120.564775014659,141.824719458669,114.056620514201,102.822508095207,13.0016974451957,16.510256807681
92.2411891997804,120.571030830899,141.83949962754,114.106069388077,102.919944115196,13.3123231902931,16.8511430302782
92.1404703495455,120.379425551596,141.677754445135,113.976435187775,102.82113602562,13.6160245445906,17.1794773459786
92.2695078745147,120.397323636228,141.739550121583,114.052894238182,102.905264714648,13.9910425282881,17.6163615301599
92.2450927492569,120.365293265244,141.710475788677,114.027259034873,102.883705598721,14.0231554590518,17.6538275506028
92.2371399731635,120.354859963512,141.701005361749,114.018908840889,102.876683114916,14.0336156531065,17.6660314147464
92.2331505848933,120.349626257564,141.696254667193,114.014720094024,102.873160393517,14.038862849177,17.6721532961994
92.1675280534889,120.128888521556,141.492238123614,113.850694178783,102.787496358174,14.76018405275,18.6012579034807
92.2496814068157,120.129704216934,141.489691861612,113.853375819213,102.788659227874,15.0656857314706,19.0336629707737
92.2415012444879,119.993359465959,141.295707772115,113.694039303618,102.690765967135,15.3045598608312,19.4314976180764
92.1892156679759,119.918396048762,141.202317652955,113.604193308219,102.618697508044,15.3141032234558,19.4656477898829
92.1803562278033,119.904529472853,141.184409800909,113.586796881743,102.604925193018,15.3164780022013,19.4736348327739
92.1889022209631,119.885001197194,141.142253848745,113.542890876205,102.575752894138,15.3418470468893,19.5370188412366
92.2429715553132,119.918914090289,141.158978908915,113.5554948424,102.595491149513,15.3743941274849,19.604880385976
92.1598046719062,119.832414552443,141.026393282249,113.438189965005,102.507102787017,15.509508899073,19.8487862956544
92.2217314820473,119.911719566875,141.090198195893,113.512626066998,102.586307708321,15.5762848408601,19.9731566839037
92.054849855394,119.741472890124,140.891083313961,113.340045939598,102.430265891593,15.6119077480955,20.0799796472888
92.1768163706881,119.798612546925,140.913822227757,113.364163386283,102.450367859699,15.6693859614382,20.2169828406165
92.1760265717211,119.797515388764,140.912562424174,113.36298148897,102.449230050795,15.6695796933661,20.2174040808943
92.132823324798,119.737499110058,140.843649184803,113.29832984524,102.386990112419,15.6801771348261,20.2404465872715
92.1007055021805,119.692882273804,140.792418239081,113.250267021885,102.340720180346,15.6880554025317,20.2575766685777
92.0985514767218,119.689856761953,140.788932853147,113.246999203087,102.337570984784,15.6886177007099,20.2587831939178
92.0943346617954,119.608280747277,140.66674272025,113.138342032127,102.225047678647,15.7624177657193,20.3946787287641
92.055411038517,119.516416390428,140.5213758095,113.020553092141,102.092100153071,15.7629638833749,20.4703424729471
92.1654545677425,119.6044487456,140.574581723864,113.074714378461,102.128124563067,15.6955660903031,20.4561289576445
92.0240992044795,119.444379742802,140.376174881948,112.879949435623,101.931006646376,15.6168998760216,20.4165387682084
92.0320076935458,119.412063050219,140.284533001255,112.773296913246,101.803726483662,15.5828981825297,20.4638143911455
92.0900001943009,119.354739739866,140.132541036056,112.603449245265,101.600958239725,15.3253325172055,20.2635989249692
92.1488071675789,119.366640372882,140.111640704413,112.574589048875,101.563449555392,15.2371328544303,20.1825197128899
92.153336015427,119.3350634878,140.033120640925,112.487682884731,101.466703004686,15.1520902584395,20.1159871129558
92.2489878018705,119.416833672142,140.069958832607,112.507674719009,101.468948028337,14.920428320188,19.9094813033692
92.1241102269162,119.280520513264,139.901426708879,112.338022876414,101.300550541899,14.6299219747168,19.6094662906748
92.1233024375036,119.26869103695,139.86748198081,112.299399931012,101.26010420487,14.4316206912898,19.407343451587
92.1101120776903,119.259130634853,139.783337358355,112.206240229368,101.166739471002,13.8991670224163,18.8758735243644
92.0879803895727,119.246151194333,139.758739492832,112.181752050072,101.143372322062,13.8371486897147,18.8158681310772
92.1309174643256,119.324348086291,139.797411407014,112.212416911527,101.170963921299,13.659289441606,18.655597625762
92.1631577544382,119.364585389181,139.827826653744,112.239075167276,101.195601617751,13.6177043216359,18.6196248836985
92.0488609943267,119.272667551292,139.711304734308,112.122594228627,101.084198224431,13.4881313736811,18.4876509812222
91.998093752667,119.243778249419,139.6335161655,112.032298592213,100.996154149962,13.2289642966285,18.2258215113822
92.0205373395642,119.268623293186,139.644365715589,112.037341222867,101.000310244933,13.1587469385882,18.1562940870864
92.0336221721439,119.281935344161,139.65348957443,112.044407056181,101.006878480127,13.1397181150142,18.1379963979996
92.038883184387,119.287273361071,139.657192246372,112.047298503796,101.009570094417,13.1323353136917,18.1309115884637
92.0757441784742,119.326987207473,139.67151060897,112.051620976228,101.013254863848,13.0171230823399,18.0177888219347
91.9657965886009,119.235482940102,139.511066754474,111.876347996341,100.849095718028,12.7573003841392,17.7647139840569
92.0147509562101,119.287834759319,139.542219400886,111.897603009842,100.869311915169,12.7009341669791,17.723041210996
91.9855388734891,119.267204176958,139.482821481346,111.825026898333,100.799624391377,12.5834319701118,17.6315419925441
91.9622125166368,119.245872567196,139.451838407368,111.791303658058,100.767090394474,12.5487667635905,17.6030633467586
92.0268439780418,119.314200083875,139.450112123916,111.756925234536,100.728059133293,12.2874191094153,17.3976405159366
92.0518577904007,119.33900009234,139.467661405632,111.770197892403,100.739880583646,12.2601941630861,17.3767745201302
91.9867039780005,119.280845577608,139.377344926127,111.671103529821,100.64366767643,12.1238071986454,17.2548297718523
91.9765542400251,119.283509775156,139.320210320222,111.590720547293,100.563357598165,11.8787052109567,17.0400545560985
92.0395840083712,119.354629107184,139.334432020008,111.57684557402,100.545170907052,11.6231215990367,16.8172399574556
92.1030225514282,119.420259557711,139.314316313377,111.536317505708,100.498613475067,11.1449232713107,16.3900063252144
92.0974127648012,119.414993546684,139.307699732212,111.530168819219,100.49275587066,11.1368015254883,16.3822748773967
92.0052262456497,119.334904286664,139.167352316605,111.404063302323,100.373178409211,10.7886632860858,16.0639925790759
92.0644925783108,119.394544385743,139.209700065602,111.44448073003,100.412260777176,10.6861185015898,15.9767341361399
92.0717698987067,119.403022850846,139.195349713485,111.428376306505,100.400545265347,10.5157583068337,15.8225457728913
92.026508807632,119.358435461274,139.140378699682,111.373821795275,100.352629587023,10.4126379499087,15.7238297636454
92.0088569049888,119.339626871773,139.113805088373,111.346142048827,100.330473688164,10.3249342393816,15.6405067708901
92.0158918662653,119.328493813593,139.058288983801,111.286093174125,100.320790872757,9.72859839207697,15.0637081879041
92.0442194629804,119.367225335167,139.050486802325,111.257340595629,100.309672708009,9.39181553828602,14.7538230855702
92.0102964676348,119.339291683524,139.012744540995,111.209625775079,100.26279400217,9.33842915405424,14.709999525895
92.0554656280445,119.389701809564,139.048609222564,111.220191829081,100.269293588072,9.26498736430268,14.6639825881823
92.0846840510368,119.41893391106,139.07513986086,111.240564673271,100.288332187278,9.24973027199412,14.6561211175125
92.0273723327123,119.371148990254,139.005064704683,111.142919297831,100.205126790582,9.00748177309177,14.4522272600908
92.0399804109654,119.38357767836,139.016220337174,111.152383934324,100.214720599165,8.98809058124007,14.4343398846954
92.0446918663288,119.388222098236,139.020389034693,111.155920731247,100.218305665818,8.98084437503644,14.4276556328172
92.0403770835672,119.386134824594,139.001208852927,111.118729647806,100.179251856469,8.69657268958736,14.1319858245333
92.0410581036871,119.38612793983,138.999145472882,111.112725344908,100.170889337058,8.66596934402138,14.0982544626453
92.0465229890967,119.390350182839,139.000540722497,111.108266365471,100.162793910075,8.62503746109659,14.0532672291788
92.191315483283,119.522805393683,139.124549992292,111.204436015693,100.241108716563,8.5374840631385,13.9641210998268
92.137413987688,119.465031344552,139.062095148967,111.132611130914,100.168273228873,8.47933172151643,13.8973802754936
92.1774765342248,119.494738820088,139.083819421898,111.131858296927,100.168789061021,8.35404178026392,13.764328422564
92.1989451056032,119.515081656668,139.103324252716,111.148261911224,100.185116404159,8.33741563660227,13.7473734118795
92.2339151111636,119.553201179849,139.137442347672,111.171949172865,100.213721845565,8.21219025535604,13.6081389076144
92.1961652121752,119.530631870915,139.110224542177,111.136983920832,100.184618858709,8.02273420329065,13.3826252571765
92.2696106864819,119.614098795924,139.18782751172,111.199484286679,100.238198917111,7.88545813520808,13.2117367652612
92.2308232060277,119.579308672895,139.151672336838,111.1629042878,100.201517591937,7.86064889123388,13.175608838226
92.3257196585337,119.691403767021,139.25707223927,111.248944857978,100.267379715847,7.83139478513122,13.1102551166782
92.23611814513,119.618787034068,139.182867520855,111.17391712237,100.189473755024,7.8158567587881,13.0714367913159
92.2543785022093,119.651122038425,139.212016531477,111.194198812452,100.198118991545,7.79641012808845,13.0299094635284
92.2783128308824,119.692797248604,139.24056954346,111.207506592688,100.185826175258,7.74692205040424,12.9242395721556
92.2672344207602,119.683200915449,139.229319544085,111.196177662607,100.17297195985,7.74249203316487,12.9133296985504
92.2639826347673,119.68300147474,139.223732275797,111.190116413143,100.161717255269,7.73478047205891,12.8885355375893
92.4081702686935,119.833461425682,139.356818764084,111.321341132726,100.274930406607,7.73638856307206,12.8493121060409
92.3078447833768,119.74796586745,139.262571160744,111.241057800796,100.196821040799,7.72591637165469,12.8013527410134
92.296169422019,119.738892711126,139.252030190243,111.232708724648,100.188553697916,7.72417842961174,12.7931622155421
92.3116650657074,119.859567046681,139.35255417495,111.306879893397,100.177738798422,7.69017146940429,12.4817750985656
92.3090739834428,119.870040562488,139.364096802527,111.315815456241,100.183765141517,7.70234972793372,12.4773088167473
92.3184713937349,119.931831674207,139.441795820954,111.358651833425,100.210402096313,7.78469984595393,12.442623203663
NaN,NaN,NaN,NaN,NaN,NaN,NaN
NaN,NaN,NaN,NaN,NaN,NaN,NaN
NaN,NaN,NaN,NaN,NaN,NaN,NaN
NaN,NaN,NaN,NaN,NaN,NaN,NaN
NaN,NaN,NaN,NaN,NaN,NaN,NaN
NaN,NaN,NaN,NaN,NaN,NaN,NaN
NaN,NaN,NaN,NaN,NaN,NaN,NaN
NaN,NaN,NaN,NaN,NaN,NaN,NaN
NaN,NaN,NaN,NaN,NaN,NaN,NaN
NaN,NaN,NaN,NaN,NaN,NaN,NaN
NaN,NaN,NaN,NaN,NaN,NaN,NaN
NaN,NaN,NaN,NaN,NaN,NaN,NaN
NaN,NaN,NaN,NaN,NaN,NaN,NaN
NaN,NaN,NaN,NaN,NaN,NaN,NaN
NaN,NaN,NaN,NaN,NaN,NaN,NaN
NaN,NaN,NaN,NaN,NaN,NaN,NaN
NaN,NaN,NaN,NaN,NaN,NaN,NaN
NaN,NaN,NaN,NaN,NaN,NaN,NaN
NaN,NaN,NaN,NaN,NaN,NaN,NaN
NaN,NaN,NaN,NaN,NaN,NaN,NaN
NaN,NaN,NaN,NaN,NaN,NaN,NaN
NaN,NaN,NaN,NaN,NaN,NaN,NaN
NaN,NaN,NaN,NaN,NaN,NaN,NaN
NaN,NaN,NaN,NaN,NaN,NaN,NaN
NaN,NaN,NaN,NaN,NaN,NaN,NaN
NaN,NaN,NaN,NaN,NaN,NaN,NaN
NaN,NaN,NaN,NaN,NaN,NaN,NaN
NaN,NaN,NaN,NaN,NaN,NaN,NaN
NaN,NaN,NaN,NaN,NaN,NaN,NaN
NaN,NaN,NaN,NaN,NaN,NaN,NaN
NaN,NaN,NaN,NaN,NaN,NaN,NaN
NaN,NaN,NaN,NaN,NaN,NaN,NaN
NaN,NaN,NaN,NaN,NaN,NaN,NaN
NaN,NaN,NaN,NaN,NaN,NaN,NaN
NaN,NaN,NaN,NaN,NaN,NaN,NaN
NaN,NaN,NaN,NaN,NaN,NaN,NaN
NaN,NaN,NaN,NaN,NaN,NaN,NaN
NaN,NaN,NaN,NaN,NaN,NaN,NaN
NaN,NaN,NaN,NaN,NaN,NaN,NaN
NaN,NaN,NaN,NaN,NaN,NaN,NaN
NaN,NaN,NaN,NaN,NaN,NaN,NaN
NaN,NaN,NaN,NaN,NaN,NaN,NaN
NaN,NaN,NaN,NaN,NaN,NaN,NaN
NaN,NaN,NaN,NaN,NaN,NaN,NaN
NaN,NaN,NaN,NaN,NaN,NaN,NaN
NaN,NaN,NaN,NaN,NaN,NaN,NaN
NaN,NaN,NaN,NaN,NaN,NaN,NaN
NaN,NaN,NaN,NaN,NaN,NaN,NaN
NaN,NaN,NaN,NaN,NaN,NaN,NaN
NaN,NaN,NaN,NaN,NaN,NaN,NaN
NaN,NaN,NaN,NaN,NaN,NaN,NaN
NaN,NaN,NaN,NaN,NaN,NaN,NaN
NaN,NaN,NaN,NaN,NaN,NaN,NaN
NaN,NaN,NaN,NaN,NaN,NaN,NaN
NaN,NaN,NaN,NaN,NaN,NaN,NaN
NaN,NaN,NaN,NaN,NaN,NaN,NaN
NaN,NaN,NaN,NaN,NaN,NaN,NaN
NaN,NaN,NaN,NaN,NaN,NaN,NaN
NaN,NaN,NaN,NaN,NaN,NaN,NaN
NaN,NaN,NaN,NaN,NaN,NaN,NaN
NaN,NaN,NaN,NaN,NaN,NaN,NaN
NaN,NaN,NaN,NaN,NaN,NaN,NaN
NaN,NaN,NaN,NaN,NaN,NaN,NaN
NaN,NaN,NaN,NaN,NaN,NaN,NaN
NaN,NaN,NaN,NaN,NaN,NaN,NaN
NaN,NaN,NaN,NaN,NaN,NaN,NaN
NaN,NaN,NaN,NaN,NaN,NaN,NaN
NaN,NaN,NaN,NaN,NaN,NaN,NaN
NaN,NaN,NaN,NaN,NaN,NaN,NaN
NaN,NaN,NaN,NaN,NaN,NaN,NaN
NaN,NaN,NaN,NaN,NaN,NaN,NaN
NaN,NaN,NaN,NaN,NaN,NaN,NaN
NaN,NaN,NaN,NaN,NaN,NaN,NaN
NaN,NaN,NaN,NaN,NaN,NaN,NaN
NaN,NaN,NaN,NaN,NaN,NaN,NaN
NaN,NaN,NaN,NaN,NaN,NaN,NaN
NaN,NaN,NaN,NaN,NaN,NaN,NaN
NaN,NaN,NaN,NaN,NaN,NaN,NaN
NaN,NaN,NaN,NaN,NaN,NaN,NaN
NaN,NaN,NaN,NaN,NaN,NaN,NaN
NaN,NaN,NaN,NaN,NaN,NaN,NaN
NaN,NaN,NaN,NaN,NaN,NaN,NaN
NaN,NaN,NaN,NaN,NaN,NaN,NaN
NaN,NaN,NaN,NaN,NaN,NaN,NaN
NaN,NaN,NaN,NaN,NaN,NaN,NaN
NaN,NaN,NaN,NaN,NaN,NaN,NaN
NaN,NaN,NaN,NaN,NaN,NaN,NaN
NaN,NaN,NaN,NaN,NaN,NaN,NaN
NaN,NaN,NaN,NaN,NaN,NaN,NaN
NaN,NaN,NaN,NaN,NaN,NaN,NaN
NaN,NaN,NaN,NaN,NaN,NaN,NaN
NaN,NaN,NaN,NaN,NaN,NaN,NaN
NaN,NaN,NaN,NaN,NaN,NaN,NaN
NaN,NaN,NaN,NaN,NaN,NaN,NaN
NaN,NaN,NaN,NaN,NaN,NaN,NaN
NaN,NaN,NaN,NaN,NaN,NaN,NaN
NaN,NaN,NaN,NaN,NaN,NaN,NaN
NaN,NaN,NaN,NaN,NaN,NaN,NaN
NaN,NaN,NaN,NaN,NaN,NaN,NaN
NaN,NaN,NaN,NaN,NaN,NaN,NaN
NaN,NaN,NaN,NaN,NaN,NaN,NaN
NaN,NaN,NaN,NaN,NaN,NaN,NaN
NaN,NaN,NaN,NaN,NaN,NaN,NaN
NaN,NaN,NaN,NaN,NaN,NaN,NaN
NaN,NaN,NaN,NaN,NaN,NaN,NaN
NaN,NaN,NaN,NaN,NaN,NaN,NaN
NaN,NaN,NaN,NaN,NaN,NaN,NaN
NaN,NaN,NaN,NaN,NaN,NaN,NaN
NaN,NaN,NaN,NaN,NaN,NaN,NaN
NaN,NaN,NaN,NaN,NaN,NaN,NaN
NaN,NaN,NaN,NaN,NaN,NaN,NaN
NaN,NaN,NaN,NaN,NaN,NaN,NaN
NaN,NaN,NaN,NaN,NaN,NaN,NaN
NaN,NaN,NaN,NaN,NaN,NaN,NaN
NaN,NaN,NaN,NaN,NaN,NaN,NaN
NaN,NaN,NaN,NaN,NaN,NaN,NaN
NaN,NaN,NaN,NaN,NaN,NaN,NaN
NaN,NaN,NaN,NaN,NaN,NaN,NaN
NaN,NaN,NaN,NaN,NaN,NaN,NaN
NaN,NaN,NaN,NaN,NaN,NaN,NaN
NaN,NaN,NaN,NaN,NaN,NaN,NaN
NaN,NaN,NaN,NaN,NaN,NaN,NaN
NaN,NaN,NaN,NaN,NaN,NaN,NaN
NaN,NaN,NaN,NaN,NaN,NaN,NaN
NaN,NaN,NaN,NaN,NaN,NaN,NaN
NaN,NaN,NaN,NaN,NaN,NaN,NaN
NaN,NaN,NaN,NaN,NaN,NaN,NaN
NaN,NaN,NaN,NaN,NaN,NaN,NaN
NaN,NaN,NaN,NaN,NaN,NaN,NaN
NaN,NaN,NaN,NaN,NaN,NaN,NaN
NaN,NaN,NaN,NaN,NaN,NaN,NaN
NaN,NaN,NaN,NaN,NaN,NaN,NaN
NaN,NaN,NaN,NaN,NaN,NaN,NaN
NaN,NaN,NaN,NaN,NaN,NaN,NaN
NaN,NaN,NaN,NaN,NaN,NaN,NaN
NaN,NaN,NaN,NaN,NaN,NaN,NaN
NaN,NaN,NaN,NaN,NaN,NaN,NaN
NaN,NaN,NaN,NaN,NaN,NaN,NaN
NaN,NaN,NaN,NaN,NaN,NaN,NaN
NaN,NaN,NaN,NaN,NaN,NaN,NaN
NaN,NaN,NaN,NaN,NaN,NaN,NaN
NaN,NaN,NaN,NaN,NaN,NaN,NaN
NaN,NaN,NaN,NaN,NaN,NaN,NaN
