131.853391797369,161.833572805764,193.207079194432,145.274826163034,126.866863159962,5.35816360380194,15.2881673698087
140.964227944558,170.493355659652,202.009173035402,152.529048801326,133.602206664982,5.5864187738066,16.2978436456326
144.672846651295,174.017292338594,205.591778231373,155.476930240373,136.337934769045,5.67862532570649,16.7087831842673
144.971555094112,174.296067624941,205.878750549888,155.690946534378,136.530450749263,5.68273977574643,16.7416238171887
150.477780657463,179.408546908812,211.160048798906,159.504069505462,139.922339195215,5.74029820201281,17.3459263103506
126.708921345483,156.362158738804,188.025858049109,137.60353530419,118.806589506442,4.75461078550429,14.7112212798866
113.47073544886,143.799170296974,175.214396194213,125.328216405155,106.908054311723,4.22889783916627,13.2848565353052
115.488031280044,145.937513380257,177.201375704984,126.345609461416,107.649304112177,4.23672552159284,13.5503785129329
129.425328420945,159.819507194536,190.738487811391,136.698267056196,116.973458912603,4.5659762688579,15.1899732117691
129.760563523494,160.154326632226,191.063479724313,136.94563627638,117.19606871801,4.57367824478751,15.2294867697745
130.484333107606,160.89348562659,191.761056078778,137.428690141173,117.617628267097,4.58624631958857,15.3180517440445
131.743996667588,162.202308328253,192.969529602956,138.199323172892,118.270191271037,4.60254178641192,15.4766645913201
132.117829609741,162.626430261882,193.319065492138,138.313934613274,118.333177119503,4.59876351574745,15.5313459284162
131.958523792538,162.502064785865,193.155736326062,138.084943117942,118.099996432026,4.58677150609279,15.5200593746797
131.29482423002,161.970101430471,192.478587706862,137.174553061223,117.179107409145,4.54025348611366,15.4702321633424
130.316130095205,161.074745892399,191.506628571357,136.181987788756,116.226824741736,4.49926776239243,15.3742618941753
128.410710591544,159.331578293589,189.614321437111,134.24956256872,114.372825721066,4.41947266137762,15.1874173876662
123.33884911876,154.646412165363,184.571395919408,129.21056142249,109.619071487329,4.22907557870467,14.693325748309
120.591310596816,152.136482979378,181.822229773021,126.36662610154,106.972268633873,4.13075819965226,14.4435390251578
120.230207314413,151.820903544995,181.452445225381,125.937841332448,106.581826546136,4.11841597645825,14.4177521002637
119.379707326912,151.246720999333,180.483102060671,124.290101780694,105.158421180227,4.09440272850212,14.4363970110489
119.393327756188,151.27002722111,180.490414627842,124.263263287218,105.139174444754,4.09520922402375,14.4427226439844
119.908035519226,151.815543925864,180.960454455342,124.515045272043,105.411771964589,4.11596821758609,14.5238747152105
120.44716697419,152.385679251337,181.453530551178,124.783559800893,105.70108407984,4.13767552677478,14.6082808010351
121.097466161732,153.073375240004,182.048277864779,125.107441441161,106.050051723559,4.16385883587154,14.7100912380443
121.253803564545,153.235906480336,182.192256198847,125.195656519222,106.142352683112,4.1702020380845,14.733221151842
122.187048578057,154.197654031058,183.054741734659,125.753604051102,106.718799155226,4.2082142826008,14.8672159575644
123.747443299848,155.807650778635,184.492728802892,126.677860666657,107.677586450089,4.27258218206346,15.0921304314221
125.640433027349,157.951494458478,185.815723475297,126.773214624995,108.116714555312,4.39703081058991,15.4689015891263
125.577225956169,157.89211033996,185.740348678989,126.696689595803,108.048891181176,4.39562020561785,15.4635361265042
125.285035479228,157.617592416748,185.391909852896,126.342933530856,107.735360690571,4.38909933173665,15.4387329351314
124.38444062749,156.771468234528,184.317945306858,125.252580093611,106.768991256982,4.36900057455701,15.3622840833727
122.809885188642,155.243711086468,182.415329136139,123.413546380212,105.111953333131,4.32474959422409,15.2147216065224
120.778308133361,153.189039284311,179.607961805409,120.709524229828,102.684271330889,4.25765824263189,15.0290894649302
122.190140116597,154.339431261776,178.99917870876,119.693863039797,102.05549167004,4.30509548355927,15.2854391905306
122.519341497496,154.653039699669,179.01752184703,119.633545100568,102.074093821343,4.32235161024552,15.3417173889727
122.846272718193,154.968181333033,178.995582244078,119.528135865084,102.062976897633,4.34121049529207,15.4007379859936
122.705504591551,154.927130730085,177.881975775916,118.304946537078,101.231314150742,4.37831150008823,15.4606825361777
122.387200133335,154.671171638484,177.310255130353,117.740186383728,100.79805327992,4.38295632719066,15.4474742942078
122.295837943773,154.597517815593,177.148627478332,117.580891245664,100.675529629062,4.38418743583798,15.4434919813293
121.918526912408,154.296246104386,176.491476093093,116.935688518698,100.176862306155,4.38893882835966,15.4261102401474
121.394152322424,153.883188827802,175.592530546462,116.056782384868,99.4926271910737,4.39496537367377,15.4004197803615
121.068918321761,153.632013956965,175.02717458045,115.503106995276,99.0565625029684,4.39843835990142,15.3841304955396
120.456269870821,153.232018030857,173.625148431606,114.079080273418,97.954426106462,4.42017804927446,15.3760283520941
120.431673319784,153.243987760507,173.435794755925,113.870456681376,97.7984438883376,4.42726203669322,15.3847518717113
120.431215933682,153.330470490488,173.02144770794,113.396480286983,97.4472907283136,4.44706683817824,15.4130964167039
120.452209970217,153.369322990006,172.949369487635,113.307133309362,97.382323617915,4.45221142959037,15.4216820994899
120.511055147057,153.478224496444,172.747338038699,113.056698444703,97.2002242348906,4.46663144790905,15.4457473153904
120.587852590469,153.600896460967,172.580849870342,112.836787613971,97.0390603669971,4.48160148102612,15.4709269257681
120.64584007248,153.689569606458,172.474886309806,112.692466879034,96.9329130878985,4.49212275103831,15.488673905072
120.751977293661,153.924946065742,171.963551084386,112.031005101833,96.4179032041791,4.53138551096223,15.5453092862444
120.61028663714,153.987871393568,171.057614741476,110.915837346524,95.4946949338954,4.5822887554943,15.5937859236476
120.551535812356,153.968843013628,170.88557270988,110.706642269788,95.3163354257162,4.59097534800743,15.5988812518609
120.303072427351,153.871212276272,170.24235628308,109.925261514267,94.6454238006734,4.62296355724546,15.6146558113246
120.099318453202,153.782085908355,169.813777336794,109.391634637725,94.1795363470516,4.64691881196787,15.6242531869367
119.864013879761,153.688857787029,169.339583692081,108.78110162109,93.6420219683892,4.67808162686146,15.6386443177096
119.162051988189,153.360739918437,168.292680809717,107.332003977423,92.3033081390916,4.7686538949421,15.675497378099
119.147389494959,153.353355891781,168.274638849902,107.304934281089,92.2771323892038,4.77074246412794,15.6763902842966
119.041850086538,153.299562320894,168.148718999099,107.109315015403,92.0847301206751,4.78765177394926,15.6842678970087
118.83538725135,153.186660845944,167.927274266385,106.713347786784,91.6690283480483,4.83782630166893,15.7126496305286
118.6649590878,153.024022367694,167.739025278348,106.350632202917,91.2344930212893,4.92936567009527,15.7689910618781
118.344085238638,152.614990129416,167.385705409742,106.043938322742,90.8825991787957,4.99944695957311,15.7844052947925
118.287470607221,152.533946195323,167.319027853222,105.999059136424,90.8292183720461,5.01513254770743,15.7885593247585
118.121909556895,152.197447536244,167.081325989589,106.087906399527,90.9045324564012,5.11571375980609,15.8230111097063
117.851136858581,151.749826202021,166.799462633933,106.676540563543,91.5806672762476,5.24786504916899,15.8319372881751
117.850683501073,151.749267573327,166.79905434497,106.67697221928,91.5812098271959,5.24796103879616,15.8319045391893
117.77994623446,151.664760600923,166.744098852258,106.794814424431,91.7250996482442,5.26475925098137,15.8230767731805
117.671029734382,151.535221039378,166.6613883875,106.987260509365,91.9595573174656,5.29102074972074,15.8086743361028
117.564890497651,151.410257383869,166.58982265686,107.258765473603,92.2869949565179,5.32084755958294,15.7876173718446
117.482236490365,151.313570043976,166.538535128655,107.511482409407,92.5906404084091,5.34615703697224,15.7677669310713
117.27201102531,151.055998020513,166.401597546506,108.815918138932,94.1487123920354,5.45162163023379,15.6489966803801
116.845303250775,150.603485366045,165.929065527813,109.610362249547,95.1518735596286,5.52481938953461,15.498873848844
116.721446156261,150.460852638111,165.731876122516,110.071318905613,95.6971862110755,5.56639825947378,15.4376945172434
116.660550697006,150.367132659214,165.52243808188,110.838339506853,96.5571852817802,5.63409348402084,15.3782640711977
116.713451520385,150.389570587454,165.439770906774,111.524806268174,97.2890947809884,5.69325634362828,15.3658127956903
116.583776458653,150.22965734187,165.184096545206,112.138192083555,97.9490428574646,5.75531872875476,15.3544420012906
116.567746522972,150.162983352082,165.060355164911,112.827819737567,98.6813828057487,5.81991659392268,15.3744886066748
116.584387697425,150.159741726366,165.048868916934,113.040095468027,98.9073249386343,5.83892951796397,15.3849805954682
116.58564621723,150.159496572385,165.048000248042,113.056149215414,98.924412233153,5.84036740574791,15.3857740716575
116.587294540002,150.159175486545,165.046862525212,113.077175310738,98.9467919974975,5.84225065237442,15.3868133122529
116.666080841795,150.178417421594,165.064997107928,113.572414385715,99.4804174538114,5.88511858596367,15.4162273094519
116.679211381347,150.18274349234,165.070365809159,113.638456534321,99.5520055697809,5.89073741386448,15.4204739126377
116.920059194433,150.23984215314,165.180749377385,114.666102340345,100.698828367319,5.97745399604034,15.4839911251776
116.905609371072,150.155013577367,165.125231230252,114.894181424741,100.980611935445,6.00031122726105,15.4885708719985
116.907003265472,150.062988637755,165.068999689272,115.175569939467,101.330182003242,6.02710302998663,15.4913193543606
116.981213779729,149.931927049309,164.999207118825,115.78411722894,102.07610495038,6.07831990651325,15.4883828835995
117.047164818686,149.914879975794,164.994714882645,116.069252235534,102.409364832512,6.09813862668329,15.4844517271998
117.228604352378,149.9472610378,165.026373669288,116.705703519125,103.117931432012,6.13550033388001,15.4747848202964
117.24723853731,149.954077619506,165.031547351229,116.766197415324,103.183141360735,6.13867261626135,15.4739040945364
117.292862025013,149.837495629212,164.853536686481,117.804606415879,104.273320008818,6.18644199677319,15.4164664262703
117.517515207629,149.942899446171,164.903110595637,119.277914696299,105.742053399772,6.2399030983503,15.3776002456442
117.554090645456,149.966713120488,164.92594357101,119.433911966443,105.898410174401,6.2455805569864,15.3759163483951
117.612139150794,150.004783800796,164.968506369087,119.637622720685,106.105921738579,6.25339217346597,15.375221623269
117.815643572544,149.966214956738,165.04403811057,121.177374322346,107.759022995208,6.32243902671485,15.3225140137083
117.881250033548,149.947602220958,165.069631737237,121.526549350339,108.155542737574,6.3422263948381,15.3081778472389
117.902616955056,149.944607204358,165.079177361451,121.623399881403,108.26605992579,6.34789714124822,15.3044359216924
118.001014023761,149.944685364524,165.127190700205,122.00842874152,108.704914941606,6.37102324206983,15.2908534046247
118.22255628926,149.990831270756,165.247541528886,122.688503339032,109.474702366683,6.41362452107109,15.2718545203859
118.403945428699,149.902122590168,165.252455054541,123.642656062672,110.562452317689,6.47833245560015,15.2175779777028
118.588921770281,149.785797420948,165.214346582263,124.823492403309,111.86918780909,6.54895350618468,15.1452791282164
118.850176224052,149.833827047666,165.338737095087,125.811268154237,112.941392059096,6.59348459609687,15.1077302614343
119.034648478137,149.634278931333,165.364568400133,127.348008951106,114.687715950751,6.64638303070795,14.9990843981701
119.058882964051,149.579465297867,165.365041618737,127.646177364273,115.035587368031,6.65474764524737,14.973870133325
119.091837651481,149.551950131295,165.382805382109,127.887844087308,115.31604579264,6.66096203371662,14.9555082359568
119.169909975974,149.502271599249,165.430260104809,128.413471887592,115.922554943919,6.67428829282414,14.9170845948588
119.330354882235,149.485058679924,165.557297480449,129.247796408565,116.859960710516,6.69425907066541,14.8657231428257
119.33714832563,149.485819199849,165.563207041078,129.280005592244,116.895114958873,6.69499953476333,14.8640119224267
119.379443485251,149.490554105225,165.599999253152,129.480536086976,117.113981071262,6.69960957497322,14.8533580705118
119.410822812903,149.29307791967,165.613420652894,130.669662645083,118.392155678975,6.72158367340615,14.7543191707231
119.408235874207,149.275295307969,165.610491649525,130.761900564907,118.484645431206,6.72279278109781,14.7468925329055
119.402784153935,149.237820193146,165.604319061415,130.956282959033,118.679558537501,6.72534085729371,14.7312416201134
119.421985866148,149.069267041818,165.628519800039,132.217513933467,119.894648126043,6.73847532491223,14.6501833275539
119.45535877005,149.056686071095,165.671622548405,132.573277189066,120.216430699576,6.74005268391496,14.6378597336163
119.501234642204,149.039391711391,165.7308734958,133.062325120843,120.65876728041,6.74222099147852,14.6209191754434
119.638969728843,149.046165629233,165.922094606528,134.095987411747,121.574019870225,6.74201728887285,14.601200280344
119.733703705455,148.605059760864,166.593417491219,137.640332522228,124.703802461777,6.66511146882903,14.5303466727256
119.800764653188,148.627455436156,166.74624666892,138.007166366226,125.046804797796,6.65699002596221,14.5327878000093
119.817898452005,148.634166879463,166.784548921816,138.095681960206,125.129953641737,6.65506560167246,14.5335122427325
119.839097355375,148.64247065609,166.831938631864,138.205198451177,125.232830086522,6.6526845952771,14.5344085641758
119.924294768142,148.675843150529,167.022395686055,138.645340166218,125.646285762866,6.64311544063125,14.5380108386259
119.922682024667,148.62294128574,167.167018344109,139.086018935646,126.064012845923,6.62784808828337,14.5296097517695
119.916076625752,148.5522708158,167.366373512155,139.677719378562,126.624825479268,6.60689125276381,14.5177018292931
119.99397006503,148.529420528313,167.87119874218,140.887780630584,127.756771393869,6.56901848295476,14.5064132102495
120.021924456684,148.537831522354,167.992371073725,141.153744834338,128.00207755882,6.56131854460064,14.5055891190341
120.084025964949,148.572863105837,168.193871591107,141.557654998864,128.365067177384,6.55071266784943,14.5075792412785
120.179195151176,148.628398163567,168.491380676339,142.14443110729,128.888736086613,6.53549842099116,14.5113583113325
120.258950883001,148.679065442379,168.715530281836,142.564329959784,129.254862084792,6.5250659739407,14.5161520514449
120.326969126115,148.714406847037,168.945845338773,143.012799016038,129.642441925753,6.51260740796886,14.5190724999834
120.278068473546,148.513548717175,169.594621861507,144.513449187535,130.864907132264,6.44625237205537,14.4927497351841
120.28529418862,148.508916649044,169.649516376338,144.61780098915,130.950710981411,6.4420095719046,14.4919851525752
120.540117155181,148.559724858883,170.742568517867,146.505101123184,132.557922300422,6.37541249781772,14.487075986688
120.613617099146,148.600168657203,170.962774737652,146.849612324215,132.865959438507,6.36587541851187,14.4879205494899
120.620488029914,148.603949429314,170.983360082475,146.881817962529,132.894755403998,6.36498387209547,14.4879995010132
120.640712700165,148.600728419527,171.128463524999,147.133843060624,133.125225005802,6.35628160917233,14.4828484584312
120.640590669284,148.600081986409,171.131509509686,147.139618180388,133.130595669562,6.35605208151368,14.4826297324473
120.647074930801,148.546586803857,171.534828234736,147.887042430548,133.836297129647,6.32916882046352,14.4566361259563
120.884674975411,148.751588833465,172.371421287494,149.299281522087,135.247074678519,6.3074326301367,14.4375665059925
120.992238891596,148.866580933304,172.60777571583,149.682244952783,135.635503784828,6.30736471340773,14.4402554979311
121.024610766734,148.901188355847,172.678907711705,149.797499629263,135.75240338253,6.30734427354324,14.4410647629186
121.088255803608,148.973177363491,172.799810332695,149.991612216331,135.947405436326,6.30877766395462,14.4450140054879
121.176024691772,149.073404307566,172.961974472705,150.251473843619,136.207928779011,6.31110940490441,14.4510283360198
121.294978731521,149.209242873361,173.181757131006,150.603666869971,136.561018634765,6.31426963641047,14.459179617506
121.360538000754,149.340714948782,173.484732529205,151.243672189978,137.196329681685,6.31822053834751,14.4606620011464
121.387032757528,149.392134244681,173.587116637704,151.444780714613,137.390152090897,6.3203171704606,14.4641819111273
121.439916864061,149.493307103171,173.784083038609,151.826515789113,137.756448849874,6.3245502307774,14.4718104488629
121.467643081146,149.544459342676,173.882070547712,152.006715036517,137.927771636137,6.32667327540523,14.4763389741505
121.493179272223,149.58918387209,173.965654038571,152.147509082907,138.059402536466,6.32850707737622,14.4811776903277
121.735403147533,150.004858043411,174.764450942378,153.395836025372,139.218212616494,6.34446612071681,14.5298090579593
121.936316907307,150.347793554272,175.489370950996,154.379583266385,140.12560652623,6.35543703602671,14.5743763166143
121.921293073792,150.434481298367,175.875831809802,154.911298128475,140.615030968306,6.35674477276105,14.5888126209917
121.869672938802,150.559133726149,176.550235252888,155.791214482655,141.42923662012,6.35717866417833,14.6133179624503
121.852859552431,150.721651577817,177.307530164109,156.707395795299,142.282491760839,6.35777253685133,14.646904630613
121.772979877333,151.413438094325,180.786747281098,160.812227153596,145.997810024682,6.34764486465466,14.8565548914001
121.772322120814,151.414061502174,180.792304989994,160.819015793179,146.003660624566,6.34758788433756,14.8569340668195
121.759769079602,151.433644760741,180.939753509123,160.998271037735,146.156751852151,6.346062487276,14.8673278881302
121.757538225055,151.602518245544,181.861891167741,162.103668220463,147.081317973148,6.3361866764862,14.9361281508297
121.822230049975,151.782493697299,182.644012170472,163.019604816808,147.837860310497,6.32707000881793,14.9933099209942
121.832343403454,151.802632158529,182.724292614763,163.112078666714,147.914144460905,6.32606703456689,14.9989020951716
121.835158189623,151.808237169989,182.74663656672,163.137816332691,147.935376149479,6.32578788304154,15.0004585298957
121.874457883439,151.88649364168,183.058600040212,163.497162418513,148.231810340192,6.32189040422288,15.0221892776037
121.851885974911,151.920677401381,183.467844084222,163.981760970547,148.624399820061,6.3120273355529,15.0441022368183
121.849660054351,151.920257600949,183.480012716467,163.99644701174,148.636151205886,6.31163442994533,15.0446154975176
121.829120286955,151.916383876349,183.592299237532,164.131963020493,148.744587569598,6.30800887837194,15.0493516303197
121.764689895096,151.911628521716,184.025043454395,164.647947079499,149.163853884375,6.29471399402317,15.0674193849399
121.721147464029,151.92392083,184.486302053607,165.187205368749,149.613067840427,6.28169960469757,15.0863620295933
121.823356572757,152.354122236727,187.299748881827,168.478611726783,152.613795661464,6.23582133924036,15.2280791437056
121.448681927142,152.69183901013,190.1902787702,172.424782365432,156.682056678723,6.21875277163726,15.3892281172493
121.405791786006,153.072810231639,191.378343611784,174.114793504756,158.554271153961,6.23900569792712,15.4579987028629
121.078873467619,153.327114242843,192.339654041412,175.552365153519,160.233749819217,6.27965105201536,15.4682677595121
121.061723221291,153.416711884138,192.537423023544,175.802824508134,160.511681612044,6.29138061952291,15.4698512250382
121.099415952836,153.597433873242,192.863271210321,176.157572695955,160.869528368896,6.31180017684329,15.4749065377763
121.215659657119,153.869866219838,193.313131767993,176.589151039864,161.25344326438,6.3388155234439,15.4861403546496
121.234846386489,153.910654178218,193.379243338573,176.650669698701,161.306255572014,6.34274718856437,15.487930667038
121.213586891023,154.013055212676,193.658160720516,176.858384113244,161.410039346378,6.36213231083521,15.4824981637101
121.280011058963,154.216994225242,194.126368848061,177.123302224184,161.430717768609,6.38688875335843,15.4839184151049
121.322602345466,154.284264888154,194.253472756573,177.186101252636,161.424032871653,6.39164345829344,15.4866888954362
121.399312939993,154.394815200514,194.448844353758,177.278397821826,161.411107296409,6.39767592233969,15.4915207371249
121.819425537961,154.954889515791,195.312322368494,177.433825284298,161.03523239882,6.39128260586792,15.4916688233307
121.832623134474,154.977651803704,195.340690295223,177.402533522314,160.974769918728,6.38782912437447,15.4874529086265
121.889368158664,155.07304915215,195.456835534867,177.276567178437,160.731750444467,6.37380930482396,15.4705883372193
121.919379216355,155.114129019043,195.496171617965,177.242463864239,160.66747482189,6.36953715302158,15.4664548946225
122.008665823586,155.236260214368,195.613068373077,177.141399748721,160.47689367021,6.3568622184169,15.4542112337822
122.357286424602,155.658719876433,195.996858627183,177.00270157497,160.135570821,6.32940707768152,15.4406649308279
122.471936956133,155.814509980759,196.140173046629,176.83803082173,159.845788899392,6.30928996903292,15.4242159692316
122.479007645561,155.829606654015,196.15398075032,176.791112377603,159.773779439567,6.30471918763685,15.4193495486173
122.548813475402,155.927085112294,196.257064413743,176.617117450475,159.477184084691,6.28406377032137,15.4019322607921
122.555686721913,155.936066256264,196.266816730996,176.603445042018,159.452936744744,6.28232269897162,15.4005836716583
122.635616153255,156.028821333472,196.372599761473,176.515469154282,159.274742383764,6.26731716426777,15.3911329958338
122.746472074026,156.150297315956,196.514449911774,176.439541739764,159.095610624549,6.24963230324235,15.381614505533
122.903149990652,156.314833840377,196.709041910338,176.392455488506,158.93484100725,6.22726038733634,15.3704266170693
123.120066184597,156.545321261423,196.976312970122,176.362205837102,158.772682525382,6.19418457508012,15.3501507771692
123.123937511025,156.575441408475,197.028045150019,176.175145529474,158.494080116572,6.15507557267653,15.3037610862491
123.099534119102,156.602472400502,197.05850547275,175.934360765429,158.16053070902,6.10353304523091,15.2357241430968
123.093259316973,156.630561795992,197.078880788837,175.828979653289,158.014822619104,6.07798703184492,15.2005854641728
123.092234465043,157.157245892198,197.386776576139,175.333497394574,157.261218161188,5.90196363087215,14.9263617458556
122.925996651069,157.216728814891,197.366373825795,175.11492890738,156.974172661609,5.85577141116373,14.8372746607798
122.925839890564,157.216836885656,197.366396751855,175.114738802844,156.973906609025,5.85572690076952,14.837186953167
122.569423061919,157.781289813507,197.686679743635,174.686518722172,156.308818845511,5.73107840820339,14.5951740305174
122.474830415854,158.045613779841,197.881637771729,174.548929008107,156.105820546837,5.6910405885494,14.521521365533
122.262498601716,158.086256712341,197.87440654141,174.295108147094,155.822082099985,5.65787154094315,14.4544274142474
121.970646026829,158.24829986037,197.914936881735,173.826026411683,155.312475520635,5.59350521778734,14.331143926514
121.950553491545,158.267292918085,197.92139118696,173.786164690479,155.26912724227,5.58772532902297,14.3203371601611
121.929248098058,158.294508605799,197.931546004918,173.737979707519,155.216071982878,5.58041291852721,14.3067927431837
121.919677962652,158.329408604661,197.946717017443,173.697374728941,155.169519704089,5.5733354143613,14.2940264927875
121.895131407064,158.418924032152,197.985629330219,173.593226530253,155.050117203446,5.55518223866949,14.2612821833622
121.883065691847,158.474860819142,198.010344205204,173.532519229788,154.979618358174,5.54427280910156,14.2416745655253
121.898788297905,158.62737999275,198.08366251179,173.431958096706,154.848506281061,5.52097694846809,14.2008948668221
121.69196589932,158.761049638751,197.98552702727,172.93932564177,154.257275872042,5.45046880700629,14.0626159016585
121.679250675383,158.771401427185,197.978059312421,172.906720668547,154.215715534012,5.44534744522494,14.0527035641736
121.617490078253,158.895634539293,197.955129049497,172.684520461776,153.912657971017,5.40345320648388,13.9753341654464
121.608779459025,158.948425269526,197.958258050315,172.622739693701,153.821655960822,5.3894280107056,13.9504851432916
121.615142594994,158.994980289168,197.973221880635,172.594988522757,153.773937539803,5.38011647014766,13.9354277745954
121.659895666188,159.189523058058,198.052350424778,172.513810803395,153.617708313821,5.34517549198523,13.8815752369256
121.712079008487,159.333114360291,198.131806990193,172.491524031088,153.552717633835,5.32364333397143,13.8522685262362
121.739123100871,159.407530759704,198.17298546978,172.479973879207,153.519036120228,5.31248426203562,13.8370802811669
121.48625800454,159.647119338761,198.132568735415,171.90851866061,152.823313477887,5.19172131732579,13.6527764183212
121.54282671834,160.239678034172,198.380080402145,171.579017678949,152.382005644543,5.09969093710543,13.5180395966386
121.506225446483,160.265659511245,198.35830697388,171.494594654603,152.284486764068,5.08980639086429,13.4995805672792
121.505208070846,160.266381697126,198.357701755691,171.492248016801,152.281776111458,5.0895316382119,13.4990674767282
121.505054250236,160.266490886957,198.357610250619,171.491893220356,152.28136627833,5.08949009738934,13.4989899007581
121.481354913981,160.283313902395,198.343511948246,171.437229282737,152.218222769313,5.08308985026121,13.4870376728294
121.368266787647,160.416965597811,198.27594750837,171.118033519388,151.8430969873,5.04624272104413,13.4191577438582
121.35883884144,160.434450926908,198.27028027926,171.084488472268,151.803051065934,5.04242139493184,13.4122097573292
121.34566552831,161.343826243884,198.141355588813,169.645881444249,150.231873873566,4.90012301441291,13.2102021852965
121.343605477645,161.344705635445,198.138126500219,169.636965970926,150.223393595386,4.89949325708827,13.2093172723017
121.256256189283,161.427396198768,197.945732368423,169.029580051652,149.695763914635,4.85825417784717,13.1556212684793
121.062235870586,161.683024338992,196.111700762201,164.964852333912,146.663901609449,4.73544992666394,12.7367267346889
120.905939224218,161.431207582653,195.469657425665,164.051648775789,145.86886258213,4.72175709774137,12.7023985713071
120.91585945412,161.35897073171,195.187472120448,163.602901574564,145.485212986808,4.71611674818698,12.7092507494773
120.989254648783,161.303574212374,194.817478385436,162.960382562004,144.943316794342,4.70928051592777,12.7371584213855
120.974845052329,161.281454504096,194.772541025056,162.895944196526,144.886860341878,4.70832447474364,12.7372855887894
120.836851379494,161.052132211904,194.20950337025,162.049375782889,144.143814370868,4.69755242027041,12.7434955454948
120.836363066377,161.050441486151,194.200997507239,162.035220834727,144.131235080515,4.69740373181327,12.7436855045061
120.850784637073,161.018240695906,193.861818200253,161.445686635045,143.59951498921,4.69026862765238,12.7502002595538
120.885239187121,161.033384698227,193.734427146389,161.20548933916,143.373029252585,4.68548461183197,12.7494414542104
120.843393874926,160.965580455056,193.498082514993,160.839876499983,143.019696629699,4.67557274513943,12.7349390898812
120.569228636438,160.616784407747,192.871559322857,160.004658399907,142.195996127229,4.64707784060607,12.6740454536323
120.354433781646,160.196164674298,192.156160447511,159.047969000682,141.241889814272,4.60592139388956,12.5824024862994
120.114458636353,159.634431184133,191.337349643158,158.012151621743,140.237924207146,4.55843374743841,12.4543008635076
119.780577407426,158.936863257615,190.400271256486,156.895231347152,139.188187154251,4.50915346409084,12.294398775308
119.728833658158,158.713413747256,190.037233513235,156.440916739632,138.76893150913,4.48759118128022,12.2247163489472
119.739485166923,158.582615279986,189.759711389578,156.075888604299,138.432949586964,4.46905879972826,12.169016165638
119.748515748666,158.552500909212,189.684813834162,155.975110340012,138.340174929757,4.46379370783884,12.1537623377846
119.745874595196,158.50218732526,189.577043564878,155.835507071217,138.210828925748,4.45675513028004,12.1332145822644
119.61771101321,158.260242359822,189.171895501365,155.351573569014,137.755934560292,4.43435818217475,12.0665625262504
119.53160287466,158.061703312231,188.794587816819,154.890628219283,137.31969566687,4.41237661565839,12.0039761738925
119.623862995762,157.56640507902,187.326869819779,152.996591193452,135.529814743308,4.32394639948638,11.7582864269899
119.627828073595,157.562949736779,187.311570148831,152.976345841114,135.510938208249,4.32307209500262,11.7557503393966
119.539803989179,157.244691708143,186.643970457976,152.185174595133,134.781293959892,4.29478922507295,11.6577672500838
119.460019184169,156.769020762407,185.59789725694,150.971710925745,133.698857382425,4.26021661503216,11.5107198047852
119.480306851283,156.476800986112,184.838883365484,150.103334555205,132.957115087918,4.24304083959936,11.4141304212213
119.530308857094,156.331188300304,184.366228082737,149.567024464633,132.514989698776,4.23674902816443,11.3635658883218
119.509348585718,156.201551525475,184.039233110228,149.207671066064,132.215814308359,4.2328887907891,11.3314852520227
119.484288115199,156.148796022725,183.931756029761,149.092985481218,132.118878889977,4.23161443097078,11.3214473412929
119.346746965498,155.852857171008,183.312926040066,148.431044577862,131.559800020976,4.22487783389307,11.2655823601608
119.342924066433,155.843926091836,183.292532160958,148.409061117947,131.541275865301,4.22471900131276,11.2639443337385
119.181131825899,155.351339997689,182.0221779445,147.011043175232,130.356585648621,4.21663806323613,11.1720821069952
119.190436746217,155.238665660212,181.614717952143,146.537574430194,129.947657924228,4.21435316724859,11.1485134884084
119.21171449449,154.848809823225,180.331989017451,145.005792660302,128.576755891183,4.19627153812685,11.0697738963857
119.181027861724,154.425933504509,179.197456007016,143.6387912685,127.31487754397,4.164738109826,10.9885930226174
119.369305467795,154.114991801228,178.094415313746,142.251858731495,126.018908554001,4.11280818509883,10.9136263802579
119.600803453679,153.585176910513,176.354273529631,140.112924452371,124.047574500378,3.97848145329876,10.8045871342776
119.662858708462,153.28904091437,175.367198346872,138.924780554623,123.006209477021,3.87539065003714,10.7520521229266
119.686883166243,153.252641323885,175.190583800467,138.707286702721,122.82470186584,3.85386723482728,10.7451712756772
119.726848319524,153.2135975626,174.952433895151,138.410680588694,122.582653047084,3.82325997677231,10.7374435150829
119.814753673838,153.162500020867,174.511752630579,137.852603707896,122.139835014025,3.76478219021702,10.7269255679146
119.877862510975,153.144548083433,174.240156620795,137.502749361259,121.870172844556,3.72756322060191,10.722864254477
119.833874102445,153.032841412618,173.870017825746,137.054307779557,121.519828131162,3.68840089065243,10.7102359182213
119.749630054581,152.581289429462,171.521975935967,134.073490647932,119.327329172349,3.46138109154098,10.7107194088642
119.705107991074,152.323457087553,169.974726946366,132.164469318299,117.924924236478,3.36602985320785,10.7840820002754
119.70617089989,152.234588530191,169.354288052628,131.432152221404,117.376450699347,3.33427745641677,10.8218679570997
119.805144696906,151.933712048404,166.610002064129,128.312407594072,114.95519902032,3.20642936921074,10.9685721370082
119.800140378068,151.921119300402,166.541892395756,128.236112704951,114.893935714701,3.20357266063375,10.9705975051239
119.78341885819,151.799615878746,165.465083242536,126.988274339997,113.897109418573,3.16288402376367,11.0196364925958
119.814844317206,151.794225515994,164.98052063855,126.397308078556,113.42819497733,3.14850456572154,11.0554169034708
119.865380058496,151.825253573744,164.613920723006,125.924393866066,113.054303919752,3.14221081141189,11.0961970487852
119.802593778074,151.743389953733,163.880495675471,125.003507238449,112.304380763435,3.13399924563817,11.1580713130266
119.740334687211,151.546770193952,161.218376076125,121.44014563961,109.333862151053,3.16394388131917,11.508653318886
119.757782402789,151.549830086774,161.12223359999,121.306156107691,109.218877403454,3.16616091918331,11.5256769316275
119.754489738855,151.203378793452,159.262495068229,118.915805643362,107.063097273914,3.18888842262173,11.7560653117308
119.805709545261,151.086752828568,158.681510995529,118.190493937386,106.362866010301,3.19635578798059,11.8376891198152
119.827155991325,151.0582196618,158.529814544513,118.002238593831,106.176508540717,3.19855024038696,11.8610030131578
120.310115655589,150.898519142897,157.325033728444,116.583358785504,104.548300558202,3.23565161809987,12.1592886540018
120.320137091785,150.884813048789,157.290953757997,116.551663961162,104.500795251842,3.23727629556762,12.1697217974074
120.618310389356,150.38244353332,156.683631853688,116.418319707383,103.511761484893,3.32667263970507,12.5861738893198
120.837151954882,150.363283881931,156.860340943859,116.942201965204,103.617440234323,3.38166826477915,12.7808603906416
120.830513768543,150.149154653561,156.886471375918,117.40130541447,103.638314574564,3.44215374822693,12.9699768275169
120.772876293362,149.871498491314,156.852503689896,117.930094389779,103.573988351484,3.53298216539088,13.2138982065278
120.861871104872,149.861876484848,156.914545739549,118.194851505047,103.535726163216,3.58030306180574,13.3300929353289
120.837247337039,149.807194422093,156.88571195814,118.221035752269,103.467443093561,3.59331268931163,13.3571513163145
120.83245136173,149.799630863565,156.880766026106,118.221070670152,103.45873917982,3.5944463270167,13.3592969510221
120.797410684075,149.744369483089,156.844629724537,118.22132578954,103.395146059325,3.60272898713078,13.3749735317612
120.690636073875,149.53729494492,156.744810858832,118.283236255448,103.146901488539,3.64333193191029,13.4526321206928
120.690765349406,149.435183897196,156.767244231878,118.458771163844,103.027422465909,3.68437976181987,13.5363245438807
120.776640785608,149.403255412478,156.880585416026,118.764868824503,103.026987444893,3.73218127407983,13.6416348515068
120.784248840114,149.403959197583,156.889348722224,118.786666513775,103.032653713394,3.73505278816709,13.6482509310179
120.859417541611,149.323696353074,156.993401370736,119.212553878023,103.108335316894,3.79883255602551,13.7895422967242
120.846375922173,149.295284466252,156.98382883268,119.240857197586,103.104766704079,3.80495533939168,13.8018839957272
120.736774872121,149.000883921557,156.906216388938,119.696520077241,103.208481186426,3.88620047555781,13.9608763846426
120.724201853509,148.913711414402,156.903695375474,119.963868190085,103.347807493413,3.92512975955814,14.0329440454059
120.746402481959,148.878088954892,156.940207615778,120.274713738245,103.561249532444,3.96391509862492,14.0997896025997
120.711229255908,148.760905670223,157.010652839822,121.067871547408,104.177299466349,4.06063729668957,14.2406502830336
120.663222628296,148.708976163725,156.991524492218,121.163302548849,104.253177065843,4.07452895210757,14.2560327937049
120.61187644524,148.840182571722,157.759766844144,123.32777082945,106.081928363253,4.28201609736446,14.6415714660069
120.61645709856,149.025285792367,158.51191398722,125.097044342624,107.541085418472,4.43629393467323,15.0594857222212
120.629932419434,149.045611771042,158.552973514119,125.177997446004,107.612950311647,4.44217188489774,15.0746619448347
120.635484774491,149.053792274936,158.568900371539,125.208951796475,107.64070268818,4.44436752269691,15.080240703246
120.688430131469,149.185125996704,158.908961304926,125.952849461114,108.315359760809,4.4990016568427,15.2107369403503
120.561328147415,149.44686767176,159.744244859051,127.820438454296,110.220339485518,4.60989131971487,15.4319178609964
120.572612547279,149.627131812308,160.106798908271,128.450053142954,110.896241364024,4.6372238276055,15.506181370301
120.383817510602,149.659046982397,160.392387567892,129.063310917463,111.572756838655,4.6665793638874,15.5859109022233
120.305430457086,149.8996859902,161.338123516646,130.774981145873,113.208178102848,4.76437107648185,15.7708342668001
120.290610492405,149.892942884627,161.355095700871,130.816141335797,113.243250949621,4.76721660435019,15.7747936498209
120.249164347868,149.882748340565,161.432050524974,130.980126765284,113.379844356021,4.77776465570423,15.7933015566632
120.15815219744,149.933243978197,161.812742034628,131.682376280804,113.957778972734,4.81761801549162,15.897789829724
120.079052306646,150.564575725091,163.205036948897,133.788147212425,115.684159771925,4.88659193036398,16.5960757288397
120.099248630721,150.944623800431,163.862784754591,134.753998475274,116.561655932739,4.90449244239832,16.9882482868461
120.100011592415,151.559924625827,165.736980326893,137.968479429297,119.745075382304,4.98165300603898,17.5153646002271
120.196624551928,151.824028433671,166.664317557646,139.355062497334,121.001517134625,5.01573844904543,17.543249054418
120.215538222618,152.099059090914,167.707152444048,140.801335456843,122.212447150028,5.04268028562289,17.6013981363544
120.306439854136,152.315749051348,168.264671578644,141.510128630242,122.791303954489,5.05466329633404,17.6512732846971
120.400985588959,152.505846513869,168.710141508618,142.063424362492,123.241258161435,5.06392516799106,17.6952956356487
120.567401733208,152.789588767096,169.325563144708,142.816747332679,123.854933616358,5.07715780966263,17.7587723576396
120.627404025959,153.071502662978,170.315468869896,144.116949719214,124.888045817492,5.0978857508256,17.8413370123647
120.639055074248,153.117171187036,170.4901255692,144.349947427096,125.073998655841,5.10196164759748,17.8531129133122
120.932481789792,153.589363019566,172.033435930864,146.391391521569,126.73410511649,5.14926010416424,17.9287698277623
121.053123688318,153.774127948203,172.869323331742,147.52217357964,127.651506934587,5.18073168070789,17.9547404949514
121.046776667789,153.832840713698,173.671725775508,148.63979188782,128.548435040718,5.21279943726855,17.9710760040518
121.437892121793,154.298085095014,176.102754776647,151.838126471811,131.216541192957,5.31409408932177,18.0765857291142
121.429865887774,154.282951807273,176.526103711739,152.447069377805,131.717619940759,5.33628369082192,18.0827889146989
121.444437371547,154.280246173521,176.896740865871,152.982691953272,132.155020393708,5.35710427333603,18.0879406804241
121.488283057614,154.295813526789,177.243574736004,153.487052333997,132.557786588897,5.37860318423573,18.0939503884526
121.794829749205,154.450265099053,178.646775116059,155.547935348869,134.137422509673,5.47608227471633,18.1346074499883
121.712160848766,154.192953270695,179.948493617218,157.793698218591,135.657266592205,5.59912457748946,18.1615272654151
121.758275977316,154.169272939787,180.738147327096,159.100578125871,136.578274696899,5.66453203721666,18.2001263490344
121.772940731428,154.176849155634,180.853073086004,159.285007366055,136.713580600973,5.67282729510146,18.2066445871042
121.78486526599,154.183009698596,180.946524102888,159.434974616236,136.823603579688,5.67957252168962,18.2119448433888
121.535403831005,153.820825538474,183.447692414551,163.817040268946,139.745369346283,5.84720535724898,18.3005148691748
121.591950960945,153.846959479843,184.246692258371,165.119155244118,140.494106628096,5.89038774584666,18.3434829231109
121.402466583931,153.629622985176,184.980352292474,166.458092526855,141.108941915241,5.93276831538215,18.3655984301803
121.328341633852,153.484552136656,186.374775956756,168.800469201401,142.310087685884,6.00495964474071,18.4163140432621
121.260590063814,153.207795514193,191.616728182522,177.304892100097,149.68424457581,6.27566748031631,18.2495516005535
121.42412084056,153.477754225805,193.915124157772,180.673757189431,153.3407932532,6.45588859482359,18.0546848564015
121.408392455637,153.55056326126,194.029074891767,180.637581118594,153.809944687664,6.48503098889476,17.943667654524
121.430041387382,153.601081898452,194.044697632732,180.572803859501,153.895622004144,6.49179403135923,17.9166328434826
121.47333572889,153.689678963853,194.071126084831,180.472421756784,154.004532572774,6.50188210246779,17.8808779715564
121.292492114062,153.803735363246,193.858327207282,179.678414566897,153.848964966688,6.53733118348526,17.7381758181878
121.274765143894,153.848504614841,193.857404337131,179.604629934269,153.804901687226,6.54569762665261,17.7311297888832
121.258783466645,153.904364487965,193.862251188383,179.529410010126,153.75817711687,6.55556972866067,17.7247821175192
121.293942463864,154.261868591986,194.058511891908,179.542077769995,153.669284197759,6.60750076615748,17.764248184866
121.088650433885,154.284139203388,193.976691000199,179.377228223189,153.444688785305,6.63374551547218,17.7779963407397
121.05862762428,154.435246064203,193.971430869268,179.173501828533,153.35987389558,6.66322617009098,17.7896054318196
121.097531093357,154.499586319352,193.983643424037,179.090057150542,153.363559341107,6.67250247496647,17.7880601170629
120.911446066528,154.340648949836,193.603120701016,178.246007516939,152.994108141178,6.6955750274104,17.7198217940598
120.982419559812,154.314599629626,193.321720851014,177.561140255164,152.73824745679,6.72322814833634,17.6938931726359
121.646453109805,154.345523619325,191.97214318298,175.521960297601,151.772874632171,6.83647676853203,17.7676429915709
122.660000711342,154.409972661467,190.155292511713,173.405451647477,150.506464471907,6.99622843894283,17.6742051677633
122.748204987002,154.263873477855,189.753740111798,172.943571295122,150.153809188931,7.02966158303393,17.625015032517
122.760039823492,154.241971715753,189.700057985017,172.884458689014,150.106150190444,7.0344740543344,17.6192672690955
122.926887416345,154.097758148271,189.275746867907,172.424439067214,149.736590779826,7.08068637445106,17.5755525107874
123.201704830142,154.083004133016,189.021343890459,172.165092651395,149.540518320655,7.12764528003405,17.5475747852036
123.434701571191,154.046477888251,188.7620254811,171.911008447387,149.35560005554,7.17130256792327,17.5109206113469
123.540873045077,153.813047680493,188.230353488981,171.387040679999,148.959919585276,7.22177088744924,17.4324248569983
124.478785457846,153.281935972546,186.694189693086,170.107972356175,148.419020616162,7.37472657606713,17.2533933299779
124.77178024964,153.104224370932,186.357170040884,169.939290775903,148.476531631171,7.39124607881126,17.1818445858434
125.230096676369,152.523620910778,185.579513686782,169.538017133846,148.537617516389,7.39655371528013,16.8914151019805
125.445597400893,152.026036423736,184.996400881992,169.185985724272,148.480078774194,7.38623847997613,16.6415939000819
125.533878330021,151.895662556144,184.8419123916,169.097744805791,148.475580116363,7.38271898967756,16.5705439872504
126.04110852502,151.319878086664,184.139986730073,168.690307043231,148.441769082459,7.35979836620953,16.284394823509
126.051587747099,151.238436653405,184.04537839339,168.617743839862,148.401141364328,7.35611897734321,16.2618982715178
126.1444403252,150.726190344933,183.44728787334,168.16104904093,148.139431108753,7.3313256221651,16.1389276195309
126.192478508417,150.553861793939,183.244619834616,168.008112002245,148.048794041017,7.32201911506005,16.107302499713
126.556577040145,149.794258035832,182.344307267264,167.350129409248,147.620474958192,7.26910384418871,16.0317951983999
126.230708660305,148.708195177006,181.08784590953,166.269606003715,146.602870603486,7.16909169863362,15.8269500685351
126.238002568452,148.665780337965,181.019645466354,166.219324348643,146.545446280201,7.1573926788591,15.8017891808276
126.240466333496,148.661580558201,181.011414297428,166.213701116802,146.538578386481,7.15566501623227,15.7981758921342
126.088699327205,147.865004178601,179.848732973342,165.237740908907,145.472548218376,6.9579339890133,15.4534010859539
126.108883683551,147.843255472518,179.820112930632,165.216051714973,145.446927988512,6.95029154921357,15.4438168166038
125.781494995664,146.389142161425,178.404463139384,163.983996333373,144.010484736304,6.75625808055366,15.1531845162804
125.781335845337,146.370490351678,178.387671928638,163.97252330921,143.992190153253,6.75312269356837,15.1497720841502
125.44018396898,145.857224948509,177.886196953392,163.545767917574,143.477462148212,6.69573994231931,15.0791796905347
125.247582448425,145.584329564562,177.625282419872,163.338898778902,143.214829098187,6.65619987885064,15.0441372206272
124.574796003846,144.670068999623,176.840920155614,162.729914292346,142.566215375884,6.48133886262413,14.8752447550363
124.266867361071,144.169552293545,176.391266087422,162.359081315808,142.240597591964,6.37793984978312,14.7123014505723
123.800849511811,142.943666695518,174.938248222263,160.890156606682,141.923805866482,5.97982063182846,13.9472192429525
123.680120759386,142.54677830385,174.588418048276,160.459029840023,142.215179265717,5.85576737083787,13.70743415202
123.686599714194,142.526513399379,174.569023255552,160.439491801345,142.248137884683,5.84581567443035,13.6895637809196
123.790603294588,142.467252102204,174.482880366563,160.390875113694,142.433591772237,5.79036293694369,13.5977788629868
123.712604264965,142.217410930301,174.124615111537,160.128138302066,142.331640585157,5.71591276550826,13.4720321378212
123.76450078207,142.052291771784,173.723102674117,159.909293646299,142.144351867963,5.61615269937128,13.3297051551967
123.92449812788,142.075347084725,173.566460237469,159.865020259744,142.067364092069,5.54761521515873,13.2490989803067
124.002502924231,141.98850520403,173.235163372281,159.620646488255,141.837126596374,5.43630674670888,13.1111481993478
124.049045199759,141.788483906225,172.649059888417,159.005440020901,141.592445323547,5.22991537263571,12.8527551537328
124.14339790993,141.813165608458,172.572071769004,158.935701950247,141.648871104528,5.18654687526891,12.8051808450903
124.200173472546,141.550809479471,171.776532140597,158.344811669523,141.601460957063,5.0063671015145,12.5964245164636
124.211756738461,141.54682468197,171.750965395313,158.333803486412,141.609322648637,5.00027221414352,12.5904827562098
124.215070016068,141.545684870415,171.743652282997,158.330654705501,141.611571407047,4.99852883244184,12.5887831749916
124.495809750086,141.558202979769,171.484604521683,158.323585390556,141.867707081066,4.91968200645735,12.5236334181905
NaN,NaN,NaN,NaN,NaN,NaN,NaN
NaN,NaN,NaN,NaN,NaN,NaN,NaN
NaN,NaN,NaN,NaN,NaN,NaN,NaN
NaN,NaN,NaN,NaN,NaN,NaN,NaN
NaN,NaN,NaN,NaN,NaN,NaN,NaN
NaN,NaN,NaN,NaN,NaN,NaN,NaN
NaN,NaN,NaN,NaN,NaN,NaN,NaN
NaN,NaN,NaN,NaN,NaN,NaN,NaN
NaN,NaN,NaN,NaN,NaN,NaN,NaN
NaN,NaN,NaN,NaN,NaN,NaN,NaN
NaN,NaN,NaN,NaN,NaN,NaN,NaN
NaN,NaN,NaN,NaN,NaN,NaN,NaN
NaN,NaN,NaN,NaN,NaN,NaN,NaN
NaN,NaN,NaN,NaN,NaN,NaN,NaN
NaN,NaN,NaN,NaN,NaN,NaN,NaN
NaN,NaN,NaN,NaN,NaN,NaN,NaN
NaN,NaN,NaN,NaN,NaN,NaN,NaN
NaN,NaN,NaN,NaN,NaN,NaN,NaN
NaN,NaN,NaN,NaN,NaN,NaN,NaN
NaN,NaN,NaN,NaN,NaN,NaN,NaN
NaN,NaN,NaN,NaN,NaN,NaN,NaN
NaN,NaN,NaN,NaN,NaN,NaN,NaN
NaN,NaN,NaN,NaN,NaN,NaN,NaN
NaN,NaN,NaN,NaN,NaN,NaN,NaN
NaN,NaN,NaN,NaN,NaN,NaN,NaN
NaN,NaN,NaN,NaN,NaN,NaN,NaN
NaN,NaN,NaN,NaN,NaN,NaN,NaN
NaN,NaN,NaN,NaN,NaN,NaN,NaN
NaN,NaN,NaN,NaN,NaN,NaN,NaN
NaN,NaN,NaN,NaN,NaN,NaN,NaN
NaN,NaN,NaN,NaN,NaN,NaN,NaN
NaN,NaN,NaN,NaN,NaN,NaN,NaN
NaN,NaN,NaN,NaN,NaN,NaN,NaN
NaN,NaN,NaN,NaN,NaN,NaN,NaN
NaN,NaN,NaN,NaN,NaN,NaN,NaN
NaN,NaN,NaN,NaN,NaN,NaN,NaN
NaN,NaN,NaN,NaN,NaN,NaN,NaN
NaN,NaN,NaN,NaN,NaN,NaN,NaN
NaN,NaN,NaN,NaN,NaN,NaN,NaN
NaN,NaN,NaN,NaN,NaN,NaN,NaN
NaN,NaN,NaN,NaN,NaN,NaN,NaN
NaN,NaN,NaN,NaN,NaN,NaN,NaN
NaN,NaN,NaN,NaN,NaN,NaN,NaN
NaN,NaN,NaN,NaN,NaN,NaN,NaN
NaN,NaN,NaN,NaN,NaN,NaN,NaN
NaN,NaN,NaN,NaN,NaN,NaN,NaN
NaN,NaN,NaN,NaN,NaN,NaN,NaN
NaN,NaN,NaN,NaN,NaN,NaN,NaN
NaN,NaN,NaN,NaN,NaN,NaN,NaN
NaN,NaN,NaN,NaN,NaN,NaN,NaN
NaN,NaN,NaN,NaN,NaN,NaN,NaN
NaN,NaN,NaN,NaN,NaN,NaN,NaN
NaN,NaN,NaN,NaN,NaN,NaN,NaN
NaN,NaN,NaN,NaN,NaN,NaN,NaN
NaN,NaN,NaN,NaN,NaN,NaN,NaN
NaN,NaN,NaN,NaN,NaN,NaN,NaN
NaN,NaN,NaN,NaN,NaN,NaN,NaN
NaN,NaN,NaN,NaN,NaN,NaN,NaN
NaN,NaN,NaN,NaN,NaN,NaN,NaN
NaN,NaN,NaN,NaN,NaN,NaN,NaN
NaN,NaN,NaN,NaN,NaN,NaN,NaN
NaN,NaN,NaN,NaN,NaN,NaN,NaN
NaN,NaN,NaN,NaN,NaN,NaN,NaN
NaN,NaN,NaN,NaN,NaN,NaN,NaN
NaN,NaN,NaN,NaN,NaN,NaN,NaN
NaN,NaN,NaN,NaN,NaN,NaN,NaN
NaN,NaN,NaN,NaN,NaN,NaN,NaN
NaN,NaN,NaN,NaN,NaN,NaN,NaN
NaN,NaN,NaN,NaN,NaN,NaN,NaN
NaN,NaN,NaN,NaN,NaN,NaN,NaN
NaN,NaN,NaN,NaN,NaN,NaN,NaN
NaN,NaN,NaN,NaN,NaN,NaN,NaN
NaN,NaN,NaN,NaN,NaN,NaN,NaN
NaN,NaN,NaN,NaN,NaN,NaN,NaN
NaN,NaN,NaN,NaN,NaN,NaN,NaN
NaN,NaN,NaN,NaN,NaN,NaN,NaN
NaN,NaN,NaN,NaN,NaN,NaN,NaN
NaN,NaN,NaN,NaN,NaN,NaN,NaN
NaN,NaN,NaN,NaN,NaN,NaN,NaN
NaN,NaN,NaN,NaN,NaN,NaN,NaN
NaN,NaN,NaN,NaN,NaN,NaN,NaN
NaN,NaN,NaN,NaN,NaN,NaN,NaN
NaN,NaN,NaN,NaN,NaN,NaN,NaN
