NaN,NaN,NaN,NaN,NaN,NaN,NaN
132.76078716185,161.843470732234,200.766797041897,188.90562861255,179.509059564883,3.25799337262434,30.0392106272143
137.018185133792,165.815118692275,204.879809737156,193.223147655162,183.798975526803,3.32298880636957,30.5965547570176
134.815405037686,162.951138075751,201.438810899395,188.978624978649,179.033334788334,3.17113863199551,24.5843809980958
125.680256286764,154.067204163486,192.068170502478,178.920627138018,168.884279979916,3.011702363058,21.5258078332145
114.449239515478,142.801897601904,180.095963081594,165.968417111236,155.838696208358,2.86827551456179,17.4106313906488
116.840756289938,144.464338752549,181.617053053974,167.340218632025,157.180265653088,2.9894591638638,17.0301212787276
117.919684958523,145.401803869363,182.561937205804,168.305498759528,158.140925136041,3.02067295407335,17.1696794343351
119.05851052683,146.391312513919,183.559276754307,169.324366569596,159.154915785728,3.05361958290013,17.3169851835466
120.671464210927,147.792784045732,184.971839436268,170.767420390647,160.591061934504,3.10028290678714,17.5256188474645
122.473171900565,149.385466513094,186.582387621376,172.419800931983,162.231834607845,3.14867324768753,17.8050356269508
123.877071183036,150.629145236156,187.840521444831,173.71128870498,163.513897967259,3.18601514639251,18.0272800392746
129.893266318397,155.942164406155,193.197995924966,179.190284683229,168.937939129812,3.34692326856512,18.9715135842576
136.031859561372,160.841104965976,197.832287605493,183.585920037845,173.129745197716,3.55325321205255,19.4886864864069
134.38696800174,158.870612715776,195.600270247246,181.03326538447,170.51797046136,3.54933776620845,18.8078633195373
130.532830469159,154.538928910807,190.855795229633,175.77465090284,165.241034377347,3.51156179297297,17.5215132031717
129.890278495226,153.809047386811,190.060837693631,174.898609960555,164.369837871573,3.50493321571411,17.311684184607
128.651983683713,152.34821584614,188.473961772848,173.154930749482,162.6576049541,3.49307355840273,16.9019354395007
126.488560011443,149.545113174868,185.404986928297,169.767145005976,159.385454868464,3.4818857231688,16.1015435173634
126.13055970468,148.988401091336,184.787378784306,169.0801767252,158.740086793772,3.48356245457991,15.9378128265652
126.154612980552,148.582083974122,184.296832326551,168.508076533698,158.266317586057,3.50153238626987,15.7896964029847
127.334910251042,148.919040538621,184.531086703042,168.676559089174,158.636672632803,3.55826102973424,15.7860555990826
128.231107937096,149.448047656365,185.033926877945,169.180914076273,159.230835768615,3.59078780256763,15.8782503811566
128.573781492315,149.650320829565,185.226194759376,169.373761167056,159.458022244654,3.60322486311806,15.9135023286203
131.285165099281,151.488863517489,187.014751229678,171.203868347355,161.49918543258,3.69704751261949,16.2577281919126
135.434575110972,153.838806108082,189.025298013302,173.09472659902,163.73097869107,3.92925098867719,16.4560286293709
135.351964900573,153.705505540782,188.858751967031,172.901295304594,163.536793261696,3.93705645105879,16.4004479327547
134.771014297187,152.992865138737,188.016723252172,171.945831019085,162.557337876584,3.9593888200676,16.1456659823576
131.76313586996,149.491075932915,183.908138525385,167.249792045663,157.505737563889,4.07118180778683,14.9988737856606
131.714239468171,149.415241337917,183.811667810011,167.132921402137,157.369090917866,4.07746075442926,14.9729970441723
132.139713866665,149.559244324268,183.840426508736,167.063260264812,157.159516828548,4.13712576630473,14.976524768596
132.60654571724,149.865627308433,184.104962686962,167.30276264076,157.343936126717,4.16836930569392,15.0431631661013
136.211852746656,151.563958799167,185.173672840677,168.000882601844,157.527064390845,4.49568439999414,15.4151868686484
136.137792756832,151.364102391944,184.895865768118,167.667459528523,157.154266509757,4.51793283575878,15.3590024104881
136.012301347723,151.076086159578,184.496555831142,167.188089135167,156.621075111319,4.55009338956696,15.27540461438
135.78220066624,150.585668458274,183.826761727261,166.38195078597,155.722505061176,4.60661346387134,15.1376871922713
135.743540656815,150.506813572649,183.721742343594,166.254988398179,155.580000605107,4.61617944230265,15.1172544514304
135.689141069172,150.395854643112,183.573966612262,166.076336047992,155.379478573096,4.62963999986091,15.0885029665577
135.587795713526,150.010943613968,183.027159464914,165.389505124678,154.587233864191,4.70289814522045,14.9913376938682
135.584718708387,149.980813045458,182.982455818929,165.332010933021,154.519845441143,4.71010934144199,14.9838746427127
135.659971009621,149.89292040887,182.818117419788,165.101046168062,154.234683867488,4.75558673287352,14.9628263128656
135.750736614748,149.863311783145,182.736400742757,164.974117142031,154.069821360325,4.78988945806961,14.9562963090181
135.957726700344,149.878414299831,182.67365918965,164.84791333059,153.890029102412,4.84605360926085,14.9598681642206
137.060476664964,150.135819722086,182.575516027205,164.524577796861,153.410843783227,5.12048033064385,15.0093277408929
137.063591791847,150.13148024061,182.565976490077,164.512879215482,153.3990543278,5.1237247677769,15.0080750052153
137.089175536881,149.8423016316,181.990389196126,163.838132828301,152.750202622221,5.28183341568402,14.922923094604
136.9143435065,149.586502319129,181.506154682965,163.313325113441,152.301993475234,5.3708324379462,14.8424939864171
136.547142372667,149.237106941594,180.802325531164,162.59420874142,151.768919433456,5.48091782754387,14.7396787079528
136.347188823115,149.062844517455,180.506477970204,162.303552752721,151.562298602938,5.51836626168346,14.7038544886077
136.2542106448,148.975968349007,180.368457731117,162.172591861987,151.474624685123,5.53561780914702,14.6905589406879
136.048184892804,148.767580253814,180.048474899885,161.872469379772,151.275829228054,5.5761912261282,14.6616819748095
135.802893537907,148.364624014038,179.517355212446,161.400586840583,150.973966001869,5.64917042873657,14.6242327281818
135.684704550554,147.732828421434,178.828435042865,160.819081425947,150.574962454419,5.74501761929871,14.5569486734115
135.494844633825,147.006117435208,178.108287969075,160.203755601197,150.092287879602,5.81321360788842,14.4442960554855
135.486163099223,146.956146493204,178.058413042127,160.162497242526,150.061222014051,5.81812545412715,14.4357793220241
135.45589097324,146.781900035512,177.884501384675,160.018631176364,149.952896719181,5.83525284403625,14.4060818503088
135.448938391033,146.534558276922,177.609871136728,159.806594473455,149.819033351579,5.863430216362,14.3520054764917
135.493845820016,146.024069009113,176.925159620615,159.30579120848,149.577629951368,5.93244666999141,14.2054747472
135.53976393542,145.846927488784,176.451769497484,158.977183444668,149.515120895769,5.97025180532625,14.0976806520054
135.292413122053,145.578793489951,175.733099934061,158.400224519549,149.283863518935,5.99188500973919,13.9561612767296
135.18518680559,145.512402627072,175.423837275444,158.149234936043,149.202550593456,5.99810937395606,13.8994570327263
134.888912562504,145.507375906332,174.276992078086,157.152698990782,148.900857728763,6.01246221829651,13.7339887836035
134.857570349144,145.543416906301,173.976739151207,156.864794544444,148.793230523935,6.01660793551299,13.7031578191924
134.554818960668,145.408387502445,172.617368520665,155.465035920125,148.008118793847,6.03200290201827,13.5691435771188
134.400267396434,145.288350667769,171.752828384724,154.534603539437,147.428558618122,6.04675081108882,13.4807448662136
134.36240420874,145.259314686024,171.403024819599,154.154560435275,147.196534222905,6.05444327520681,13.4432644534774
134.34428925218,145.245422946314,171.235667637779,153.972735693553,147.085526352294,6.05812359537614,13.4253326286639
134.340325341842,145.244421787706,171.174850736506,153.906899931642,147.046934948014,6.05964744265775,13.4184493312946
134.339630956966,145.245150689933,171.153464390714,153.883812423932,147.033831222373,6.06023310204529,13.4159307992206
134.317695420384,145.318505146519,170.173850049577,152.834678265342,146.456592068187,6.08786777332711,13.2977913527363
134.318572383102,145.390444178826,169.760732789062,152.400864619943,146.236743772451,6.10035088471334,13.2451215960492
133.931983636365,145.416900852987,168.489778308705,151.136046305666,145.531768392303,6.12122638317655,13.0713074546511
133.708151356174,145.514365855625,167.794535100349,150.478704578832,145.199560066541,6.13200701551456,12.9801966616037
133.118947367375,146.14843066896,165.817225523834,148.748402052427,144.380843236309,6.15793770326619,12.7930705693646
132.600833593542,146.25444750028,164.686694803421,147.730026914491,143.715334103206,6.15417342200535,12.7090125279333
132.159365449536,146.335163852842,163.721483368063,146.818788449312,143.079323896978,6.13920533167092,12.636762727808
131.804493181519,146.454516601402,162.881527084255,145.983179775963,142.496831012615,6.11571757287862,12.5660472637093
131.663889745537,146.534946610022,162.519543267593,145.600536395263,142.237449494409,6.10025939439646,12.5294554740411
131.632847243376,146.552703990552,162.439624286007,145.516056184025,142.180183103419,6.09684652944338,12.5213767190524
131.35356630241,146.750763071918,161.696124626164,144.705115395221,141.642601920563,6.0592129578574,12.4387441815377
129.769783797475,147.279643258275,158.496862906515,140.949648456294,139.100787924829,5.83622919730345,11.9973592995236
129.698420658501,147.3135705481,158.341314037667,140.760190475744,138.971859085139,5.82396937570006,11.977081786381
129.268866296755,147.669107086002,156.992896883324,139.105781690768,137.728983680458,5.72341029591454,11.8650727243105
128.750318492247,147.646167655817,155.518920856716,137.387893827028,136.083331194701,5.64494851164531,11.8004872508468
128.652248319237,147.633589875775,155.187130508775,137.007040675391,135.678956735432,5.62940548202432,11.7911391299843
128.586912332349,147.641893856209,154.87751612375,136.653374138298,135.273548457818,5.61528314270348,11.7831328186826
128.436648776825,147.923859794251,153.354779404101,134.910522324113,133.118280784237,5.53916390703478,11.7165717300423
128.218789496913,148.107003997017,152.387144767383,133.80727038354,131.762099902852,5.48194947844549,11.6150708171564
128.115809117159,148.150206927218,152.06514303114,133.440372990366,131.327894658569,5.46208865939361,11.5761449526961
127.89426643135,148.283902269779,151.320576777577,132.584629244523,130.339938058523,5.41427921286614,11.4889603543485
127.63986397387,145.537016413308,145.602317120967,126.159031431054,123.048377719453,5.46384460968144,12.5228411151527
127.952180263141,144.504819567234,144.525408457119,124.961941594518,121.528837373666,5.53908925662203,12.9364311115638
127.988330559683,144.396147814897,144.412273941398,124.835872301964,121.367555896277,5.54715174464881,12.9804268086371
128.139190951354,143.099616327995,143.063054324239,123.340144003519,119.490588251037,5.61799493574963,13.3853407784109
128.201515541451,142.726066174862,142.655996466736,122.883188357338,118.914117272634,5.63574104565844,13.5034965988426
128.299449383027,142.154740381851,142.0317486172,122.181884138604,118.029335747251,5.66264337384473,13.6850413933392
128.84571937621,140.887588207905,140.460832171917,120.347480689786,115.720029106633,5.68833636139027,14.2111762709756
129.073101270124,140.684065132076,140.149748784951,119.954469614736,115.234072519932,5.67525558989751,14.3610937088621
129.09339972852,140.581197965714,140.01905140953,119.789774825601,115.047547252714,5.66240998027222,14.4096858125619
129.104875244505,140.496685217838,139.913132580987,119.65633205155,114.897551368314,5.65151373675926,14.4481137281436
129.135493458248,140.330512387308,139.70578892452,119.388981850688,114.599365243256,5.62645331718956,14.5313267964876
129.165870603119,140.273440191207,139.636842173792,119.284907584226,114.488920806699,5.60888112264462,14.5787808866519
129.304739255379,140.143371463653,139.483430648093,119.006930098345,114.202876503335,5.5462662570542,14.7430900733474
129.53324846411,140.121922369893,139.457407478806,118.832744598621,114.038638499097,5.47711674530881,14.92636346355
129.686629974515,140.132036890271,139.457819297127,118.743414671076,113.953465662905,5.44073681498631,15.031252076345
129.864226094639,140.14235601607,139.449570565843,118.630148941288,113.841844556152,5.40151197892494,15.1497539104268
129.864490095368,140.075819413719,139.373690845537,118.508413676458,113.715961820774,5.3851381266804,15.1892008723054
129.864914315155,139.968902499439,139.251760580619,118.312798655331,113.513682276102,5.35882716857638,15.2525877494935
129.896833311365,139.597374890501,138.794799708598,117.641956899513,112.802070084659,5.28829627292153,15.4624591236112
129.901462588502,139.569559162079,138.758785136506,117.593752738041,112.750011767898,5.28433180486714,15.4783215808358
130.030948518163,138.975773349064,137.98861930047,116.647745073093,111.721019920416,5.21364322571253,15.8536445287472
129.934165859984,138.474916834519,137.431236399461,116.091738553603,111.114703492593,5.17626846301368,16.1097118534429
129.879485523557,138.346978815174,137.299325445028,115.96666772772,110.978988655726,5.16800133531038,16.1606324902117
129.850085786913,138.278326399133,137.23484561616,115.914285504885,110.918035889733,5.16274310086874,16.1979908631273
129.803921872466,138.1705273294,137.133598406382,115.832034140433,110.822326927824,5.15448654102804,16.2566515495139
129.687689294201,137.880854706128,136.880065269537,115.657282222163,110.585729058014,5.12499388140887,16.4728041666288
129.685937019684,137.876023263681,136.876278462254,115.655470677821,110.582273663258,5.12432778925873,16.4778046187464
129.67724584908,137.852059615198,136.857496138006,115.64648553264,110.565135124155,5.12102401438856,16.5026065444895
129.67237449551,137.816709231714,136.838651193831,115.658585668737,110.539710970674,5.1093744410144,16.5876346841549
129.793135008122,137.962156305494,137.012529460197,115.897647037048,110.598488014204,5.07035584129286,16.8473112810695
129.758816143917,138.140905912986,137.190760876848,116.056905317816,110.503304545174,5.02473525186625,16.9953704115563
129.766594738831,138.274622695212,137.306723606358,116.135099779145,110.441879564058,5.00447841060871,17.0400607375548
129.788493168198,138.4306686805,137.439570265487,116.221850271331,110.373944046778,4.98307719660962,17.0879709362201
129.81637703587,138.526496019767,137.51835792039,116.270054781849,110.336443836977,4.97245505928856,17.1126149900558
129.864411218012,138.691573114621,137.65408158006,116.353094346717,110.271844050135,4.95415682014802,17.1550681025367
129.995351468148,138.982583254708,137.886324941292,116.484284916506,110.149945818922,4.92532061554351,17.2423157558589
130.193533569368,139.352872115679,138.171168060304,116.59887606954,109.859174820709,4.8746193760577,17.4277544461046
130.164792427879,139.356503302361,138.166740755423,116.55283668064,109.71670510329,4.85829527459308,17.4711066448055
130.152461949456,139.358061148247,138.164841360184,116.533084935858,109.655582973636,4.85129193476569,17.4897055355576
130.216936873654,139.238546501737,138.055340897642,116.305711371388,109.227566393016,4.77292136377897,17.746705196916
130.253317591048,139.224527592496,138.042464029625,116.287196868989,109.218347037609,4.76494403197672,17.7760228104851
130.421953818976,139.184084581851,138.000499970283,116.227192484713,109.223014001376,4.73591202355883,17.8859697798708
130.454495789629,139.180028001151,137.995109076171,116.219556170046,109.231154060447,4.73152315716004,17.9032232301623
130.489713088411,139.175637922379,137.989274987921,116.211292061578,109.239963326963,4.72677347494408,17.9218951145551
130.682453982084,138.769554740036,137.600707426706,115.782840939812,109.246701356285,4.62969953725441,18.1618704933202
130.757472846387,138.717446552028,137.5558827225,115.731022135509,109.302908450602,4.60860017774159,18.2456091899179
130.757979588193,138.717094568597,137.55557993797,115.730672106823,109.303288121565,4.60845765455571,18.2461748329562
130.799176089847,138.702174830279,137.548033165652,115.721878297747,109.340898491961,4.59890632747894,18.2987623981342
130.800249497791,138.70190356013,137.54798293894,115.721817827127,109.341936311467,4.59867491874078,18.3001892446291
131.04523312617,138.657822586558,137.574955813742,115.759277357771,109.605577331555,4.54680311031412,18.6645230674775
130.976625732364,138.434060638227,137.490024474224,115.71800424626,109.709535373968,4.49332118548337,18.9629602599912
130.862675114858,138.184962517047,137.429634728638,115.749386992454,109.886733267491,4.42470862640572,19.2238187531851
130.856606370914,138.159002935279,137.428357454658,115.762991822646,109.921259948405,4.41458844026644,19.2513483104391
130.867747093857,138.044990866236,137.434651787744,115.851436666117,110.133060617429,4.35608951683191,19.3728058422077
130.880075530774,138.028258649672,137.438943647093,115.872535263501,110.181166533023,4.34352844510275,19.3907864371628
130.881196061407,138.026737859864,137.439333733842,115.874452913308,110.185538875794,4.34238677031098,19.3924206919815
131.045746571688,137.915679059795,137.410088857583,115.941794050141,110.480719802538,4.23902106327774,19.4441054636608
131.04437196932,137.908264844016,137.403227092646,115.936094952841,110.48041223377,4.2364029541363,19.4424382695525
131.043630398983,137.904265023694,137.399525308445,115.933020404451,110.480246306605,4.23499053690181,19.4415388518566
131.020180383882,137.777782285168,137.282467099435,115.835796712148,110.474999340349,4.19032693068599,19.4130973709588
131.026506468273,137.719292270518,137.213907899818,115.769096218416,110.455714358721,4.1674348704812,19.4068780825364
131.036245617692,137.679275706817,137.162455674393,115.716610847556,110.437207436499,4.15106771340195,19.4048080008937
131.069230820331,137.568363206934,137.015337739949,115.563365543959,110.377185712057,4.10569978531704,19.4075991995042
131.215681352215,137.381181892134,136.70093207839,115.186119837964,110.130896772047,4.03232156354092,19.5627348327595
131.252025863935,137.344593267674,136.635230537223,115.10177120762,110.062461935118,4.02027223382398,19.6190744763662
131.352645357974,137.24304440747,136.454400509066,114.867704225922,109.865950333548,3.98849898092351,19.7844550106698
131.433552953161,137.160267833995,136.313703986645,114.677065795655,109.676745617128,3.96996336244052,19.9590432757433
131.395017769257,136.603386376583,135.617820849552,113.789523711466,108.706028116108,3.90702327506883,20.5481523058907
131.393810277339,136.597955022822,135.611676926364,113.78160910044,108.696364311979,3.90656471208967,20.5525978496149
131.361646552477,136.453281120407,135.448022452179,113.570789162411,108.438951461134,3.89435006015954,20.6710129238779
131.323175123815,136.178621033439,135.140989514721,113.162995003215,107.910069284854,3.86938357415287,20.8575028241342
131.369026672478,135.990362691221,134.928025476323,112.845987943308,107.434181386563,3.84356674684335,20.8726571573619
131.548087429287,135.98293446089,134.845883097859,112.618108065935,106.995165332656,3.78626378242667,20.1737826541603
131.574119097576,136.073969154829,134.856469167013,112.593660507132,106.97954913742,3.76353303708027,19.852620069351
131.618693889166,136.197945859758,134.880540115727,112.589278548303,107.013706961445,3.7492957810378,19.7289853162613
131.646422207295,136.272278629648,134.89571874309,112.58943552608,107.040083772277,3.74269306854811,19.6927497241019
131.651877926394,136.286904064573,134.898705232455,112.589466412434,107.045273573907,3.74139394378806,19.6856201459107
131.721603806422,136.478809160243,134.913433200681,112.558530745343,107.09856115805,3.73522525284456,19.9422727566038
131.735906462136,136.518258888713,134.916055619025,112.551652124475,107.109270089748,3.73413736400062,20.0008341728451
131.785028761701,136.683880748272,134.876304443078,112.441818662339,107.081524903419,3.73991439631627,20.7290185362149
131.219508963395,136.389625160235,134.235713856242,111.51609567341,106.158743999935,3.76895146735838,23.5872893360264
131.199100237313,136.369188214181,134.210326616759,111.47357105065,106.102701454003,3.77116327170831,23.7206124581823
131.133185775178,136.303182609448,134.128332952436,111.336228444083,105.921699746352,3.77830677951419,24.1512087556613
130.954931890529,135.903206560097,133.804100180889,110.595691290331,104.690415776244,3.83176450750002,26.4097869051724
130.979358154641,135.816075547618,133.779687030507,110.453355269501,104.375179825895,3.84698013041358,26.8136274288243
130.945915427875,135.684498785539,133.736044781725,110.31289186992,104.071716144614,3.85655651975715,26.9344125813217
130.904628127797,135.474443101899,133.672849379572,110.08993164279,103.576855318231,3.87332912069639,27.1070059521356
130.947621558481,135.346893492087,133.670904229073,109.961759122439,103.217897698937,3.89186192183239,27.0980109406247
130.992579806215,135.25598431376,133.674317854538,109.869625178674,102.949437800941,3.90771849229777,27.0853403853931
131.001295912644,135.250454890161,133.676531145221,109.863695008582,102.927836750436,3.90978922583961,27.0819542155002
131.123964697989,135.172634858689,133.707680567494,109.780234948966,102.623827770121,3.93893232665392,27.0342979195213
131.196229875982,135.129705235704,133.725387354039,109.733318599274,102.452334261362,3.95620725735751,27.0126295799534
131.821144277114,134.949458726825,133.730891627413,109.426032957424,101.525319591864,4.15178708484106,27.8919945336118
131.816834733859,134.208491939149,133.038439616591,108.515912139346,100.184826590851,4.45672334064762,31.320551789085
131.813679187742,134.133114586945,132.969480376129,108.42753784403,100.05858861415,4.48886388539637,31.7652121931691
131.822138478729,133.639978374414,132.59904864955,107.915052907984,99.26541544622,4.693182529062,34.8637955497105
131.874404320658,133.335608818914,132.484823337198,107.688316827945,98.8098436149853,4.80620636585193,36.8287583236972
131.765843655674,132.873709722516,132.338484333432,107.40936970794,98.2507845356944,4.89483918780876,38.6408680826806
131.745615967169,132.801648998576,132.316127095595,107.366992337197,98.1658834807002,4.90721476453984,38.9030818355251
131.658638668089,132.152757555441,132.268331951914,107.105253155881,97.4425369542523,4.99437808503752,41.1372710209411
131.704571842397,131.653479322019,132.36504113274,107.01135593807,96.9330678762786,5.04166298668603,42.7865169703804
131.785222741506,131.370033994759,132.458218106971,106.993544459207,96.6723398635828,5.06308253881175,43.7200998833016
132.029245653858,129.071821082972,132.448072684315,106.467635510777,94.9737401518648,5.23260443083653,49.6088820243732
132.138801071238,128.195560451129,132.259897293564,106.187540756569,94.4471514849504,5.34765117312424,51.6620470489507
132.8123954283,125.07673317137,131.618259978461,105.317358635228,92.7813038839265,5.94121039866772,58.0182078031363
132.832944113926,124.984685442844,131.602733298125,105.294783324901,92.7325492673373,5.95970147642151,58.1811605093117
133.368248746813,123.827673866522,131.587466206358,105.140268088275,92.1229736614201,6.21627297820477,60.6858545454672
133.39390473666,123.786727116225,131.591063803588,105.137580292137,92.1011075316687,6.22569904062309,60.7894874313736
133.410125647455,123.760838675052,131.593338371987,105.13588094233,92.0872827468044,6.2316586359668,60.855008964851
134.227872318304,122.093312936631,131.613547833538,104.884340242182,91.0699276563475,6.5070418104237,65.2913467687557
134.304558661199,121.83306454319,131.581566718997,104.816014030529,90.9003273971098,6.53243893161019,65.9239596126896
134.380228420084,121.576266103749,131.550009558558,104.748593577732,90.7329754249229,6.55749937867277,66.5481862945292
134.848165416751,120.289888716656,131.381921692538,104.433690465645,89.9684990870954,6.66381380909708,69.2356818021918
135.409270747264,118.339611476388,131.042442192893,103.95616135791,88.95373575255,6.79678786554976,71.3227911518103
135.560549026907,117.376316570768,130.829751164,103.69614054186,88.4732804718614,6.84824281104539,71.6436175944963
135.63253734828,117.010586556426,130.756984880384,103.604419317936,88.2961124533112,6.86797122319146,71.7283947154415
135.701021133682,116.757727137456,130.716856407461,103.549038329816,88.1783749584838,6.88190628166039,71.7619608651166
136.111401076584,115.602569591212,130.586358023161,103.330374530261,87.6490412949114,6.94818815890391,71.9987329003137
136.414146638369,115.15613390735,130.616031257916,103.294202654751,87.4473235328094,6.98032882258678,72.3927535279327
136.472602625992,115.048202001686,130.618371148456,103.279161945223,87.3920775979848,6.98738675873695,72.5250041607929
136.473451351722,115.039093960172,130.616970106801,103.276256050623,87.3861112932923,6.98778218386827,72.5408577983242
136.790943714322,115.424102624944,131.276508363909,103.723442245522,87.4433173885684,7.28620168837026,79.1889338123231
136.761488192779,115.464737034242,131.301330836155,103.746054195424,87.460482214184,7.31706040519181,79.4771398069501
136.715903446448,115.527621992414,131.339745572728,103.781047974055,87.4870461377041,7.3648167070576,79.9231613495351
136.696387438921,115.554544667559,131.35619191385,103.796029714706,87.4984188396077,7.38526241360881,80.1141146943069
136.669958281804,115.591004153979,131.378464037537,103.816318432929,87.5138200903519,7.41295059676053,80.3727093860695
136.608699860036,115.691055060458,131.445086910145,103.872300838442,87.5598380011589,7.51761649543296,81.1010692294711
136.569992496159,115.758075498662,131.490852120965,103.909864769901,87.5914391971421,7.5936534422217,81.5928402462002
136.526353498406,115.878757773852,131.581715406024,103.966088770107,87.6444411587883,7.79943659444605,82.6654042139484
136.523263894265,115.890769603743,131.591166076817,103.971135587116,87.6495288585864,7.82323218346935,82.7811589193262
136.517938396101,115.911474190836,131.60745603749,103.979834699845,87.6582984402847,7.86424823596559,82.9806833382349
136.56719037169,115.971907739268,131.663718370024,103.959778673467,87.6632308121986,8.15517519206614,84.2031395598022
136.654063477383,115.957618237036,131.654124398701,103.887910922003,87.631222015255,8.34975306002147,85.0035242824989
136.639176720148,115.806484097328,131.517288090836,103.687603606218,87.4978481834242,8.55868573125682,85.8861752929366
136.615490162479,115.739291744979,131.455805909755,103.608782715454,87.4423023305283,8.61777436238799,86.1399800869075
136.610621947395,115.72548193657,131.443169692811,103.592582934348,87.4308861862858,8.62991864141009,86.1921436956444
136.583312389099,115.635027964773,131.358594716434,103.487189462123,87.3601535332749,8.70871878208107,86.5439355145238
136.574575341516,115.563125123776,131.286241280517,103.405436712413,87.3153848293157,8.7692475445022,86.8522620719409
136.556336634023,115.413026950191,131.135202483814,103.234776718358,87.2219295415293,8.89560217198013,87.4958980186489
136.605427298714,115.129482924379,130.825162073881,102.957470807001,87.1809727100101,9.18385436268527,89.2406207395358
136.615378037061,115.120236425586,130.813582176454,102.955246472973,87.1972466516969,9.20184485046025,89.3681874601024
136.620789832315,115.115207637114,130.807284348922,102.954036749642,87.2060973758649,9.21162913308885,89.4375657261972
136.670457000193,115.06905554349,130.749485551544,102.942934420577,87.2873255787959,9.30142514071489,90.0742901083319
136.726972436395,115.034054776144,130.703909510686,102.952889554395,87.3945324269409,9.39421710673974,90.7416894175133
136.973785188437,116.777516993551,132.915197874104,106.197457371991,91.821795519301,10.5569712704564,98.2443359935999
136.982981122897,116.824600091924,132.971993775481,106.255185589426,91.8892743630375,10.5705620763559,98.3200317311333
136.888393428681,117.801536352136,134.245457092291,107.313500290923,93.1362968032307,10.857371465714,100.145553885364
136.929767941847,118.21936367027,134.776865735892,107.70136343768,93.5759345806429,10.9483024019965,100.95715276671
137.027296293492,118.659518270699,135.331554454443,108.094565517593,94.0071274954298,11.0261755493265,101.856593166296
137.131928623678,118.952769146159,135.698635287859,108.354780327951,94.2798887767134,11.0650461575729,102.494821962801
137.153261262259,119.012557692666,135.773476426683,108.407833418642,94.3354998657708,11.0729711711479,102.624945264299
137.46517962674,119.660930706564,136.576435168332,109.007500104355,94.9224781023195,11.1251976687035,104.096873128613
137.485151712646,119.748733778526,136.693038253966,109.095399595955,94.9994191529358,11.1269286972027,104.354770190004
137.509914913067,119.927829968092,136.936220245468,109.27875357059,95.1549174213956,11.1274359041174,104.918675025477
137.746239778189,121.267755923398,138.457554149494,110.523494911795,96.0978810486777,11.0759212484078,107.657729330653
137.893374557467,122.359048958644,139.508552253183,111.367966267691,96.6911731682129,11.0404403266525,108.880024775709
137.933561417035,123.235253667597,140.313931087365,111.981868079013,97.1077114619927,11.0183621334425,109.716185784802
137.704025641439,124.21987220217,141.174387944013,112.571287715141,97.4583663788052,10.9900606458582,110.698814688971
137.660465722266,124.410408592947,141.335491351064,112.679809298633,97.5247597373746,10.9857188326959,110.900455528448
137.38312458992,125.843694971121,142.521675440798,113.517627776556,98.087214635517,10.9568897483484,112.86505695666
137.358214809221,126.061551912582,142.698645929246,113.659407539764,98.1972667046599,10.9525623687437,113.313749209764
137.354233995523,126.096367469863,142.7269274526,113.682065259248,98.2148540447348,10.9518708133978,113.385454388102
137.3445429444,126.63416630291,143.166340746623,114.135560846947,98.6174763252574,10.9324432460692,115.382291847751
137.314551388288,126.620605255103,143.152326201056,114.148821118543,98.6345508157908,10.9274392040753,115.671715460629
137.220720658779,126.466931126906,143.014585091568,114.193001366765,98.7091238947143,10.8995493014046,117.275696507644
137.296243092971,126.255570748924,142.845301429311,114.19091465877,98.7301712427107,10.8789785517089,118.530420915602
137.384409613846,126.156219196575,142.772692351922,114.187049814549,98.7274997058603,10.8706790656527,119.117405416396
137.539557266063,126.106136119403,142.752859694249,114.189517160426,98.7050905800813,10.8668962732778,119.617721443942
137.572339766239,126.095553629351,142.748669079087,114.190038507449,98.7003555605094,10.8660969740946,119.723437579678
137.861549123566,126.166136744674,142.858911157916,114.219274854954,98.6367198537963,10.8710088812352,120.228097496753
137.898781383734,126.179755453971,142.877172991882,114.223719743387,98.6279231393319,10.871971942457,120.281235656535
138.072672858253,126.328886712087,143.069698218911,114.153482957608,98.3616753991818,10.88661288367,120.445427073694
138.120434897624,126.414566167337,143.170638055296,114.12297769396,98.238578674446,10.8947185456077,120.437599367961
138.257793185987,126.777615694003,143.564680130702,114.104122096416,97.937071213267,10.9253936609036,120.252718946174
138.514110287245,127.632122890894,144.505457560357,114.324396961432,97.6224131232545,10.9937950229452,119.782862520158
138.744402297517,128.420624071611,145.440215053794,114.744230858455,97.5847665567888,11.0552515840033,119.424240795981
138.764671260509,129.509511850962,147.201111329353,116.09274922816,98.1383752891626,11.136785312201,118.846722287123
138.758286785823,129.844894969665,148.048206236772,117.129619301919,98.9455362347349,11.143758355438,118.670133391843
138.764234467099,129.899259566575,148.197905604712,117.330324464309,99.1194994025056,11.1428622326184,118.640251332494
138.886598469634,130.321874191251,149.382086259861,119.024467744925,100.75135448104,11.1156709631223,118.369791360384
138.756957099032,130.75876619966,150.831884624092,121.147115694557,102.993932776801,11.0429685940615,117.731048620356
138.748197182276,130.781120612246,150.897246837274,121.237099052913,103.092340713216,11.0394503943723,117.700980248894
138.657261181646,131.201143521563,151.942602180086,122.57476267005,104.557438387063,10.9913954250748,117.346786288908
138.650619764657,131.289673459843,152.135715837314,122.802160712437,104.805290251062,10.9842975259979,117.313252807908
138.429555111092,132.3387404401,154.682820559094,125.381966576888,107.45545764854,10.8990874443998,117.984053455704
138.423817310098,132.36355800385,154.777015708101,125.473705234099,107.541005880168,10.8932906886985,118.002447637441
138.426350221824,132.523160447013,155.352114162839,126.039818167251,108.068978140122,10.8554724216029,118.02710317331
138.52055560997,132.76007577815,156.034395966593,126.730692318035,108.731247890199,10.8045165038019,117.719114938245
138.592504263198,132.916178918519,156.404559149712,127.11143996514,109.109468742961,10.7752660864214,117.405083659118
138.592092618819,133.28681552269,157.407864353107,128.167365231332,110.188383115306,10.6725824047396,116.089809168102
138.490348018817,133.687453059575,158.348867102305,129.177368900921,111.269747009395,10.5692193716988,114.516410243752
138.376355042212,134.261430568971,159.428087476482,130.345096719326,112.562354432742,10.4663911052278,112.894104142215
138.173779593772,135.092638803739,160.810491722822,131.867076665505,114.29473949722,10.3564198473596,111.446530980298
137.797763025919,135.515162827397,161.59597136108,132.778401052288,115.373240885585,10.2851370181683,110.899693807243
137.106894678366,135.894203154793,162.509972427812,133.886946600366,116.721534018117,10.1885217801766,110.742763583246
136.908044990165,136.012408059693,162.846346830581,134.282996022841,117.19984544081,10.1529146029847,110.796068850199
136.639574229536,136.239221203787,163.519536107679,135.036584338206,118.100344581619,10.0801270051333,110.794764640412
136.328894931271,136.760966345437,165.48411563899,136.984391719344,120.429723588294,9.81796698881047,109.222759041271
136.335978821209,136.985040336219,166.460357687009,137.841831449464,121.486062758353,9.66391331550613,107.534547494451
136.623385173039,137.444021766018,167.88430231608,139.023871258064,122.977584333241,9.45657596531185,104.734157436776
136.741905014505,137.601247581122,168.305165032032,139.365714738312,123.417405688527,9.39862271321735,103.880009792782
136.763513312623,137.629912674178,168.381895872377,139.4280389512,123.497593029704,9.38805679334519,103.724283319473
137.35147137002,138.532509785414,170.591191970597,141.155216085515,125.94607183936,9.08930213965871,98.6100491855062
138.135087310891,140.180909864872,173.240190835052,143.326964827935,129.282884810919,8.90776043624414,92.9430429488984
138.413856271211,141.26242477507,174.794335687164,144.682201723675,131.210726885876,8.81857906396183,89.7597620072462
138.487795162523,141.54429229555,175.197478322506,145.036017314773,131.692726292091,8.7917326029321,88.97320784158
139.478629887053,145.752707380017,181.177252680033,150.167962423331,138.414772023395,8.07019656884572,79.6251085803365
139.48224302741,145.815451422129,181.264184219525,150.240937497382,138.51613692395,8.05658025603685,79.4903955583113
139.540822582727,146.526418129497,182.227486997723,151.055519046082,139.649108788197,7.91837108032599,77.9796653335039
139.574939741433,146.850239518448,182.658753937054,151.422713193386,140.159585338241,7.86196628252995,77.2948496625264
139.534109570139,148.593781791962,185.069407328696,153.494963434614,143.107006618566,7.62050631177933,72.6036514366521
139.733237687031,150.040269497049,187.104635349611,155.251965833329,145.481090447945,7.5270120734938,69.5403499129654
139.894931204365,150.624704943454,187.915526011807,155.947479870246,146.381925517884,7.50435409518771,68.7827229444013
140.059196908127,151.370925478643,188.9711354171,156.841078317826,147.54336060265,7.47451346555677,68.0341661820823
140.104246917024,152.124279519894,190.069367165125,157.749779642214,148.749658783443,7.43811632544621,67.5548763197955
140.155164563977,152.604417802232,190.743017935979,158.306397570622,149.478877236485,7.41840281398068,67.4293922435243
140.236901359669,153.151908089064,191.477408673666,158.91563656111,150.266125897911,7.39887116562551,67.3949937492222
140.297743636874,153.503001590827,191.934289218115,159.297223367732,150.75445743142,7.38646825737257,67.3526314829907
140.359675365119,153.834346167858,192.357937619136,159.652470883625,151.206478202993,7.37482849967908,67.301780769304
140.484445275408,156.696738810688,196.025994845604,162.705923379697,155.128787571475,7.13422618725612,63.8241568263325
140.53859588202,157.4624555931,197.036386398985,163.523616702615,156.153921511985,7.00708687559781,62.0772483521678
140.634429861223,158.15089327387,197.960039772863,164.261669979224,157.062200250802,6.86903830514689,60.4587836602334
140.669117573983,159.559923100538,200.011477103146,165.844996660242,159.021034631592,6.40676820180603,56.5932310922815
140.627313159101,160.140629434532,200.902516525109,166.532931785182,159.871458900418,6.1369591159359,54.9892718462524
140.626628720066,160.627279627984,201.626034297613,167.112638368768,160.576922208148,5.90505814398823,53.8411513555268
140.626581753945,160.660673503437,201.675681996736,167.152417762081,160.625331012155,5.88914512827645,53.7623674709467
140.391381398403,162.950547620393,204.686978049941,169.717912500552,163.791857703357,4.75651057259339,48.2386250801454
140.386098275437,162.991311474783,204.733141844259,169.75116134567,163.834171886414,4.73883088554004,48.1207591682449
140.354133298113,163.237948868884,205.012451004368,169.95232997017,164.090189380317,4.6318618069622,47.4076239213551
140.339551702704,163.73992359675,205.573045570082,170.313090910205,164.543918753925,4.43163307977584,45.9942742002055
140.342900193799,163.823366542732,205.665332143665,170.367493845267,164.611641368254,4.40034848764264,45.7636883026674
140.344946696189,163.874364494802,205.721735069051,170.400743369742,164.653031501344,4.38122823593835,45.622760769343
140.434247726999,164.482050426576,206.397325917496,170.732625061872,165.054053388744,4.16250832290199,43.9737040066249
140.424539585484,164.768336882471,206.731317829444,170.810900469529,165.155244891513,4.02113168941891,42.9148191457969
140.412589767302,164.805911684562,206.777740838565,170.809642305846,165.15612862873,3.99576854714524,42.7268012988998
140.397150860882,164.854457515503,206.837718361455,170.808016785602,165.157270398086,3.96299991634942,42.4838863106261
140.343745181859,165.106135548358,207.154835934296,170.769123881464,165.111666206701,3.77967340275228,41.1822654671102
140.487160232438,165.806849059963,208.030992177212,170.523271382892,164.52750872197,3.07109803202078,36.6154659984065
140.263871792842,165.718454206978,207.911112706148,170.383510273527,164.245221871629,2.91230255197868,35.3457727981196
139.294167493489,165.527063643092,207.469895923066,170.46614318031,164.064476733208,2.6988776642169,31.9644782710983
137.871823726523,165.551482942368,207.292733733211,171.081783740641,164.829852057026,2.73067402917852,28.2280591221163
137.569069365661,165.478434676337,207.237684878383,171.153689051523,165.003631953609,2.75206357854231,27.5380405076959
136.957544097638,163.099546583859,206.097046123487,170.858396918664,165.827486923022,2.87993813045801,20.4380690398884
137.197230765897,162.940246405681,206.120729661748,170.780780560914,165.633501128994,2.89361209533791,19.2155599745673
137.324318207269,162.936352304105,206.195930594936,170.774782463512,165.541475945334,2.90352983631908,18.5837799208287
137.5715953982,163.201654148587,206.592858793877,170.868520315925,165.344550635387,2.93915416203828,17.0444028618262
137.536047192283,163.447047959488,206.903120411333,170.87652165717,165.075131080304,2.97229484696772,15.7501151369652
137.456277942205,164.255025508131,207.757122961976,171.149300566147,164.854930595201,3.05219372301186,13.6832045800177
137.426294425053,164.723388764873,208.231053410285,171.35803926169,164.846845822791,3.09503834620653,12.7933636533922
137.476598771393,166.024080922153,209.500700215054,172.206043124441,165.339446794215,3.21005744498627,11.0360131551854
137.261985885965,166.14073636621,209.558069772297,172.441772850005,165.645368472084,3.24323372870852,10.5731037930441
137.29440034987,165.85687687487,209.151408720549,172.534501531381,166.079040719851,3.23031887293093,10.8772832262198
137.427571983501,165.559952061502,208.613290609825,172.269419835649,166.166206995629,3.17899231990522,11.4071370769089
137.351029358875,165.451330132336,208.295029901241,171.856459019089,165.868508920639,3.14542979380902,11.5476860558218
137.380002467956,165.652897993391,208.172790490251,171.363670403673,165.420473932564,3.11729600483662,11.5797102805926
138.096037209723,167.129467974841,208.303209493371,169.76628942477,163.638931810716,3.10313837876329,11.2675864940504
138.543999943161,167.408239677739,208.101143068111,169.210818627685,163.060290726648,3.10257173549056,11.3994147811516
138.629971872322,167.448892912244,208.063999361115,169.126001340678,162.973530009948,3.10234226628219,11.4324144870727
139.06196089609,167.493334751943,207.647754019751,168.497509129501,162.317869997566,3.09403184152961,11.6525831712383
139.082177892568,167.440342251528,207.51125691371,168.329171955719,162.140292356329,3.09071805806215,11.6811326892385
139.129076387071,167.371901186821,207.320660219479,168.081723776285,161.861240631439,3.0874495505229,11.7177497446522
139.256524303523,167.296411139604,207.035566005979,167.676996522746,161.375098172304,3.08604095965401,11.7635256874555
139.3960872364,167.305489494721,206.918381005479,167.465509854777,161.088468229469,3.09061998951556,11.7708187891981
139.523146910412,167.333909493113,206.855260268044,167.326714191142,160.886936423797,3.09613828877115,11.7685090806941
139.719183978861,167.409582166753,206.833266986416,167.215961860242,160.701008597259,3.10706795131152,11.7531873628589
139.910484690752,167.363286529407,206.591240291653,166.823829217134,160.179017989514,3.12757737049671,11.6793078596073
140.90903629064,167.476066936509,206.019060995211,165.93144249463,159.253115118978,3.22413132370945,11.6741108329234
141.016515223637,167.51825387033,205.994976131222,165.887993329107,159.233671078717,3.23361349670656,11.6879640990297
141.225425129932,167.541934622103,205.142845092489,164.998514895756,158.743681134646,3.34861601637506,11.7195286809388
140.919643680069,167.524478386366,204.698365477679,165.045696105365,158.676973924939,3.47714690305763,11.650890386203
140.856716735772,167.496862807284,204.631705219636,165.10861433061,158.675575422755,3.50044239622564,11.6434695468245
140.790602067064,167.471646192308,204.561117961237,165.217973626867,158.69177080612,3.53193110592082,11.6384641283677
140.783216676226,167.474907101299,204.551777321734,165.278068216342,158.714357345777,3.54353208825597,11.6409034856685
140.771505906465,167.480077816734,204.536966178894,165.373358217461,158.75017207399,3.56192738189806,11.6447714937862
140.767443551529,167.510169141946,204.526353732635,165.599867392592,158.849440632571,3.60092824746129,11.6584171997907
140.770839852223,167.521404476559,204.528185428982,165.65929281438,158.8781369618,3.61027332997913,11.6628326122404
140.301985800762,167.219346207089,204.072602126316,165.917969569467,158.814536274182,3.70604735929962,11.6757964238456
140.271403088012,167.204435304678,204.043158250609,165.941567911574,158.818550428896,3.71274794912363,11.6811746559286
140.11312473958,167.167732044771,203.871224367179,166.227002644674,158.945143511442,3.77152034332591,11.7553517274378
140.11343436019,167.184889223732,203.860275763988,166.305082051909,158.993800816593,3.7833741808025,11.7768783303454
140.05320132648,167.145533849025,203.783315583456,166.342985208826,158.995675890252,3.79700197607781,11.7970100775872
139.901460719084,167.020343970108,203.606861635889,166.318232812751,158.925641126974,3.81301688651704,11.8144999797186
139.631140451655,166.801788636752,203.142542598162,166.63322030794,158.983268806309,3.92012129339229,11.9699563114667
139.418095116402,166.70956771192,202.841997495784,166.871949663324,159.020660196459,4.02037400013772,12.0574190241998
139.371997510484,166.688786699053,202.79316473725,166.884101368597,159.008676174624,4.03361382964682,12.0644270854698
139.36630251246,166.686219367739,202.787131832551,166.885602616572,159.007195642624,4.03524950684486,12.0652928765296
139.289424605954,166.651562453731,202.705692456901,166.905868260379,158.987209647868,4.05732983737111,12.0769803615598
139.17198263791,166.628342370256,202.588780974666,166.979305464896,158.975922443113,4.10459932645182,12.1033691933334
139.146267538183,166.626247042857,202.563936099614,166.999656876725,158.975386177955,4.11631088719746,12.1100055168527
139.107747785316,166.642013346293,202.52959539731,167.061385340458,158.985695619326,4.1437931072066,12.1269901064866
138.758072597765,166.688973359251,202.164135401755,167.621130051645,158.598889278815,4.40203637179772,12.317186355291
138.783559267163,166.709496723395,202.179842548432,167.664826336658,158.600062447033,4.40582783549416,12.3247487375262
138.901693646875,166.799898634254,202.249402879397,167.864709045674,158.602619174395,4.42140101526128,12.3584059327518
139.090307468882,166.625631931775,201.977617054263,168.514669842559,157.995224458341,4.49060886594305,12.4345740573349
139.100169600717,166.506715436458,201.878761199966,168.842405929679,157.634172946768,4.56296576814467,12.5767203044987
139.11807410359,166.516945249803,201.894306676554,168.897104945808,157.621776699177,4.56913544219776,12.5992790985757
139.19051783315,166.573337553561,201.970797109492,169.092174091463,157.617080438083,4.58382837371751,12.6794642859979
139.170642811926,166.548201900971,201.977872351509,169.29556433273,157.518000073246,4.59599335921282,12.8057914601833
139.144519122513,166.523539690621,201.958541075664,169.31213689098,157.483081478382,4.59682427937441,12.8267504773727
139.016998627155,166.404789597655,201.886618873358,169.49885254816,157.318956308422,4.5951401826748,12.9866310503893
139.021651377751,166.398035639616,201.95763726072,169.906808362045,157.324026716098,4.58500416969385,13.1936888067777
139.095246689148,166.449911592108,202.065242086313,170.238777037348,157.41284820948,4.58093243276288,13.3189891401466
139.184470288535,166.514673002908,202.177106294204,170.539031831546,157.521026271437,4.58081533524304,13.4143869725184
139.163006675416,166.485499913886,202.16599997465,170.617679518785,157.517782307231,4.58199615044012,13.4446916957102
139.143186747703,166.461689156992,202.152107449289,170.655584770622,157.509544818126,4.58282129335532,13.4604210341546
138.978648819904,166.257805650109,202.133601864365,171.781824101759,157.651321587016,4.66699370365634,13.732793376667
138.897780902214,166.264848346093,202.24019404551,172.770561845934,157.884578543854,4.78069446511655,13.9007849709095
138.654072724699,166.114965171283,202.166774057414,173.328428434164,157.887164915024,4.85945808410029,14.0141708022881
138.636979513697,166.107056978383,202.183068183769,173.470598428533,157.909184721349,4.87470216906526,14.0444290684556
138.626704129002,166.102303060335,202.192863208036,173.556062264674,157.922421671437,4.88386597318111,14.0626184727185
138.870126176306,166.21756753645,202.500038180986,174.340337498566,158.14352555798,4.93639526982264,14.2451212664087
139.527672792411,166.030138318047,202.717277040358,174.518844792087,157.779334901291,4.91230657794548,14.4377578698845
140.738708947661,166.222529377704,203.197778734264,174.48647843047,157.390437551058,4.87908499781338,14.5888882081771
140.828011339725,166.199188187359,203.197491529884,174.421586705279,157.276860985141,4.87629031615281,14.6005702021758
141.060935124451,166.155639413013,203.208503408521,174.272421688592,157.000054179302,4.87107145850116,14.631566133012
141.487945193784,166.201986282274,203.32131200972,174.158929892406,156.652280671001,4.87552958851663,14.6934396281214
141.854604917568,166.362996497616,203.524492937504,174.248077084938,156.553355341165,4.89020177397232,14.7543971649033
142.269932725086,166.688261117231,203.918392471607,174.643495749873,156.719924191144,4.92477555715676,14.8544587809151
142.269394914184,166.691449907559,203.925647928787,174.658035535547,156.724949469343,4.92665160449893,14.8584213078965
142.267997517423,166.699735357444,203.944499819528,174.695814333516,156.738006674864,4.93152614770788,14.8687171616064
142.26932702725,166.76245106665,204.0403361368,174.868748863168,156.886213888758,4.94311964059498,14.8987033831286
142.284615177542,166.842399121696,204.152139729617,175.057481099717,157.071830250369,4.95209431246438,14.929223740439
142.435473857213,167.214596330846,204.62744426322,175.793410228301,157.875100059031,4.96929839251321,15.0547204509979
142.252888851703,167.394775136013,204.892394765744,176.473428918657,158.729798269094,4.93370639910324,15.2677545724295
142.241213191272,167.44005273615,204.942799810958,176.585940678776,158.86507757021,4.92122583409874,15.3073264168976
142.242044651916,167.443304099613,204.946210813452,176.591886170411,158.871746230969,4.92056951612142,15.3091330945774
142.355686235774,167.746438313067,205.26415879957,177.102245500132,159.429377467819,4.86585240563734,15.451028152392
142.149488231722,167.764775727884,205.297413486451,177.321707854913,159.697971252292,4.79850891405009,15.5375299181358
142.097820923421,167.806182469623,205.351700569564,177.44554071589,159.8447887619,4.77272932559095,15.5750098610721
142.18849401667,168.18869984628,205.819779624567,178.110323077491,160.586756623853,4.71103409065134,15.7575671610147
142.193500157956,168.289540697714,205.958081867639,178.309047182972,160.808687344977,4.69850685339387,15.8339135245265
142.158255548631,168.285465310344,205.964866692892,178.334989573218,160.842069657544,4.69507655922726,15.8554243481527
142.044635907171,168.290788836287,206.014915191109,178.457686851597,160.989893296203,4.6855398972164,15.9494415108366
141.976048710241,168.506187753059,206.359371069787,178.983135724971,161.538596451629,4.68045846551575,16.2442139948387
141.832658186933,168.68459959219,206.672274835732,179.506657466686,162.048198248567,4.66322120182413,16.5144226530637
141.698593025803,168.750618646762,206.805222065929,179.749519989285,162.286741205897,4.64285193216143,16.631093200615
141.746817928379,169.337138070135,207.559629786414,180.692644737791,163.214974086005,4.58159809437958,16.9508379347926
141.545097380849,169.504554951043,207.811981007009,181.013078306773,163.543351701653,4.54008775230954,17.1445974084044
141.779825898878,170.038681169011,209.004392621341,182.7585101331,165.01547255848,4.3946669663173,18.2435106685171
141.830216509593,169.977992540571,208.992505375448,182.759591461863,164.964502233934,4.38659843143354,18.3114969176611
141.843516920214,169.958781652977,208.987367376234,182.758033852905,164.947791784912,4.38424028007473,18.3310384780584
141.95896924668,169.864366023828,208.977044392843,182.757304078724,164.850192901056,4.37140071022693,18.4516714209793
142.104750167884,169.806757815301,208.993900070247,182.76842656251,164.768083092228,4.36153474622311,18.563140589802
142.363249724699,169.794580717,209.078586611052,182.824093813723,164.693932913403,4.35088980755802,18.7150649907386
142.911141782294,169.91882615842,209.385372497124,183.056613362127,164.685108185837,4.33178720682984,18.9999063273578
143.213264423227,169.855893535322,209.673669393383,183.242955598202,164.468692634214,4.26742314768278,19.4406567018315
143.285668674144,169.901532042063,209.829861373964,183.377353700513,164.487501681096,4.2461476128459,19.5589613141327
143.303002053897,169.917073826472,209.864301749245,183.40807815722,164.498417165757,4.24274735458679,19.5782426870073
143.478208384082,170.078298644864,210.187142027234,183.696372231736,164.61387209947,4.2152420070083,19.7403532016835
143.490167240629,170.089585790639,210.207446772312,183.714525368406,164.622103158202,4.21383456617699,19.7491735935554
143.549859409867,170.145357903336,210.435489746945,183.895627137434,164.60441892415,4.18376416055919,19.8979574851578
143.54926687676,170.14478840225,210.436772956024,183.896362813168,164.602949168923,4.1834174823685,19.8994133574259
143.658132562815,170.206484101279,210.719342714297,184.090186333669,164.49778036592,4.15237641885116,20.076399001415
144.224664318839,170.55810138977,211.484428523893,184.697926009411,164.430485042117,4.11558130098315,20.3919548548542
144.253852359184,170.551468903778,211.572239465514,184.770571646314,164.345164489707,4.10260905838741,20.440097367367
144.310832761918,170.578878291264,211.680979610073,184.871676047638,164.317616376913,4.09000159640176,20.4774510344335
144.652114601747,170.631365814305,212.298153227398,185.439468272477,164.090511848751,3.95559246735951,20.6517613335215
144.724435691848,170.625526246733,212.38385646748,185.516398710557,164.045146288295,3.92613245622597,20.6759243820576
144.873723687025,170.657568894261,212.534736066066,185.662568956479,164.032020411399,3.88714877789133,20.7151370770556
145.191433348176,170.502925382457,212.763370871858,186.115228764143,163.971320870009,3.77463123596221,20.8671599674613
145.161915781875,170.234820314205,212.72534948417,186.477713229555,164.093008085552,3.84884928685009,20.9553672916216
145.114136100514,170.171574600354,212.687478981199,186.48183958519,164.075028305145,3.86107420512082,20.9597402286284
145.081377192384,170.124193767657,212.667520033328,186.504015759936,164.073818110926,3.87383701157199,20.9669976077835
145.003865948976,169.985486587604,212.728583891843,186.883424627312,164.291444423563,3.94544269506282,21.0507447137581
144.829143851205,169.808033045688,212.6149650965,186.950387061507,164.314942824869,3.96538437094819,21.0366410237103
144.820948617644,169.79162247566,212.610766852368,186.992810797288,164.349629721867,3.973741842645,21.0273149097201
144.806208914425,169.551089140212,212.386444930487,187.065796940699,164.422486875705,4.12075975857773,20.7418652650191
144.850801373066,169.437805516891,212.245072994081,186.964648376831,164.339043225413,4.20218609897517,20.5356868359033
144.886549577709,169.436558385411,212.23519026047,186.954008594353,164.333156529347,4.21844223980087,20.4912711249362
144.889628123619,169.43645098557,212.234339184187,186.953092322916,164.332649581815,4.21984217796149,20.4874461550752
145.016962998619,168.843981066289,211.636227973585,185.808795069475,163.271540125271,4.21059573885084,19.9478880184182
144.969479214015,168.711069151511,211.520998042848,185.663869200159,163.128425702829,4.20619700037398,19.9139690273121
144.95488394886,168.65229728931,211.4709039938,185.604691553263,163.06985124687,4.20452074554724,19.8991859020102
144.905559375941,168.377258578082,211.235224647307,185.339915576591,162.810278520812,4.19576727392452,19.8299925466317
144.956052234341,168.015890647926,210.906365442131,185.061809907712,162.564143793582,4.17409753215833,19.7391720697823
145.007021390087,167.557708770776,210.378071707424,184.770977331179,162.410519882497,4.11410592268959,19.6485123012384
145.000115222251,167.53528022033,210.351733535885,184.754304791857,162.400009990383,4.11150790272322,19.6448742017551
144.917412827588,167.037928618677,209.689394982677,184.40672540261,162.29237207365,4.03409869522792,19.5680331487495
144.930340890202,166.890055472285,209.453521421039,184.310284243022,162.322234039642,4.00363046032844,19.5457883558841
144.977805404096,166.759609314893,209.208258718597,184.225027103004,162.405781257851,3.97354362065336,19.5251782115928
144.89693575508,165.767929830108,207.404087488968,183.271091731908,162.747441597985,3.86007293007348,19.3674936481773
144.014152507149,164.455800649396,204.763386284268,181.433062145242,162.830127108757,3.68792681183626,19.2578548889799
143.122235741484,163.871750022254,203.327290250826,180.301494202621,162.589971166258,3.60694532880815,19.240465216158
140.937654865285,162.768917115243,199.818089170347,177.41506471856,161.742646683713,4.29549491883491,18.9625660272384
140.099911397017,162.126199106336,198.366509456157,176.338420823798,161.383146308805,4.65990414605836,18.8374472056916
139.800625850029,161.920801729999,197.805389688771,175.976652621926,161.339428834088,4.79270882660768,18.8031722764738
138.074286061871,161.161766348069,195.101741115075,174.249794104756,161.309716538174,5.2038732850265,18.5547769102368
137.713163881972,161.06211308401,194.466807286593,173.857903524183,161.365286904369,5.25191607862996,18.503059933516
136.339561142635,160.396057853477,192.013656823959,172.309255329864,161.202909408514,5.28325783289425,18.3988405775257
136.060192501929,160.272711670737,191.490918184633,171.996678975283,161.181889974686,5.28487153362568,18.38039656777
134.135036890368,159.524792760572,188.331538343293,170.103499693889,161.163796195757,5.35157826063611,18.1407278632564
132.822235042603,159.044944196316,186.336679237775,168.874191713857,161.201172244889,5.35873258724455,17.9259586394824
132.623865059414,159.020893061615,185.984776383623,168.664738106031,161.244445467571,5.35590322673084,17.8829632782163
131.774260125981,158.64847624029,184.764606490764,167.749287291283,160.943699542681,5.33987005347378,17.7079628126661
130.359108825529,158.259054306714,182.331965970359,165.854576445737,160.467622900635,5.35309483635892,17.2697173944387
129.832330801123,158.019174875892,181.482195422352,165.163969924182,160.228233751157,5.36591960113196,17.1155406313119
129.616127378529,157.933537396357,181.111911662535,164.876413878387,160.156740855625,5.37399318241176,17.0483499563551
128.74837192304,157.700766227223,179.523815841595,163.780296108856,160.123133980888,5.42556395549528,16.7717574052635
127.764750730946,157.223935003056,178.130683162631,162.786502765773,159.871013003596,5.45844689340085,16.5530831100553
127.509673924961,157.122377616604,177.745946949484,162.52836575045,159.849880976143,5.47230757203107,16.4926345639671
127.493593056885,157.11698190806,177.72006023102,162.511563125491,159.850694837647,5.47349530382165,16.4885834308301
127.466651007848,157.107941883386,177.676689361055,162.483411837673,159.852058389444,5.47548524167778,16.4817961213941
126.217067944672,156.513729117522,175.810110348732,161.152284906217,159.674173597888,5.55776816030343,16.2122871268607
124.405029632087,155.93596947605,173.529019471649,159.884107522319,159.707334795828,5.65145824521497,16.0208845916662
122.713124014227,155.109749939333,171.42424907726,158.849146811592,159.781073888877,5.66296177851085,15.9267525204388
121.87565140902,154.761019378261,170.380425497224,158.296330681521,159.810946428651,5.61435668288315,15.9264567204974
121.714663436945,154.683980372512,170.196051504468,158.183186692907,159.779302166899,5.60065696054409,15.9255632384217
120.475889533135,153.970050480263,168.511777968157,157.188834371508,159.74615104559,5.45579838256006,15.9080946594871
120.404595451008,153.912170166754,168.41627357535,157.122097190576,159.73258355705,5.44817906987234,15.9017889171186
119.981288671338,153.57557924796,167.8473008997,156.730080009897,159.671569315983,5.40092401523938,15.8642319538303
119.660638199241,153.34240628259,167.414476998607,156.446243471439,159.673580247527,5.36017272043409,15.8362934349381
119.469233216616,153.220263815612,167.159625148607,156.287153454462,159.697957962359,5.3334929282999,15.8210715328003
117.844968836454,152.239542805195,165.25585837544,154.956229091439,159.454931045453,5.14612471898152,15.7060541931641
115.505497805333,149.599299230371,160.883424146081,151.374859716876,157.869375145795,5.06161571460569,15.5305002309956
115.138355785583,148.529675015625,159.220818815191,149.996880513533,157.360971963246,5.1620698860962,15.4792943971841
115.111449718619,148.467728319954,159.125691974404,149.91836271066,157.332990561654,5.16955811881108,15.475981077415
114.298804535127,147.323120211984,157.484189688136,148.512004900182,156.748559071789,5.33837096853539,15.3965510426249
114.265322008353,147.285065630174,157.427771983017,148.463339749688,156.734423538363,5.34853506982339,15.3943066280036
114.097130854986,147.093907894418,157.144371660264,148.218882458711,156.663417198655,5.39959190702397,15.3830323688549
113.194366619408,146.265206495529,156.037647877774,147.168876127274,156.416098786561,5.75047436783574,15.3454739106549
NaN,NaN,NaN,NaN,NaN,NaN,NaN
NaN,NaN,NaN,NaN,NaN,NaN,NaN
NaN,NaN,NaN,NaN,NaN,NaN,NaN
NaN,NaN,NaN,NaN,NaN,NaN,NaN
NaN,NaN,NaN,NaN,NaN,NaN,NaN
NaN,NaN,NaN,NaN,NaN,NaN,NaN
NaN,NaN,NaN,NaN,NaN,NaN,NaN
NaN,NaN,NaN,NaN,NaN,NaN,NaN
NaN,NaN,NaN,NaN,NaN,NaN,NaN
NaN,NaN,NaN,NaN,NaN,NaN,NaN
NaN,NaN,NaN,NaN,NaN,NaN,NaN
NaN,NaN,NaN,NaN,NaN,NaN,NaN
NaN,NaN,NaN,NaN,NaN,NaN,NaN
NaN,NaN,NaN,NaN,NaN,NaN,NaN
NaN,NaN,NaN,NaN,NaN,NaN,NaN
NaN,NaN,NaN,NaN,NaN,NaN,NaN
NaN,NaN,NaN,NaN,NaN,NaN,NaN
NaN,NaN,NaN,NaN,NaN,NaN,NaN
NaN,NaN,NaN,NaN,NaN,NaN,NaN
NaN,NaN,NaN,NaN,NaN,NaN,NaN
NaN,NaN,NaN,NaN,NaN,NaN,NaN
NaN,NaN,NaN,NaN,NaN,NaN,NaN
NaN,NaN,NaN,NaN,NaN,NaN,NaN
NaN,NaN,NaN,NaN,NaN,NaN,NaN
NaN,NaN,NaN,NaN,NaN,NaN,NaN
NaN,NaN,NaN,NaN,NaN,NaN,NaN
NaN,NaN,NaN,NaN,NaN,NaN,NaN
NaN,NaN,NaN,NaN,NaN,NaN,NaN
NaN,NaN,NaN,NaN,NaN,NaN,NaN
NaN,NaN,NaN,NaN,NaN,NaN,NaN
NaN,NaN,NaN,NaN,NaN,NaN,NaN
NaN,NaN,NaN,NaN,NaN,NaN,NaN
NaN,NaN,NaN,NaN,NaN,NaN,NaN
NaN,NaN,NaN,NaN,NaN,NaN,NaN
NaN,NaN,NaN,NaN,NaN,NaN,NaN
NaN,NaN,NaN,NaN,NaN,NaN,NaN
NaN,NaN,NaN,NaN,NaN,NaN,NaN
NaN,NaN,NaN,NaN,NaN,NaN,NaN
NaN,NaN,NaN,NaN,NaN,NaN,NaN
NaN,NaN,NaN,NaN,NaN,NaN,NaN
NaN,NaN,NaN,NaN,NaN,NaN,NaN
NaN,NaN,NaN,NaN,NaN,NaN,NaN
NaN,NaN,NaN,NaN,NaN,NaN,NaN
NaN,NaN,NaN,NaN,NaN,NaN,NaN
NaN,NaN,NaN,NaN,NaN,NaN,NaN
NaN,NaN,NaN,NaN,NaN,NaN,NaN
NaN,NaN,NaN,NaN,NaN,NaN,NaN
NaN,NaN,NaN,NaN,NaN,NaN,NaN
NaN,NaN,NaN,NaN,NaN,NaN,NaN
NaN,NaN,NaN,NaN,NaN,NaN,NaN
NaN,NaN,NaN,NaN,NaN,NaN,NaN
NaN,NaN,NaN,NaN,NaN,NaN,NaN
NaN,NaN,NaN,NaN,NaN,NaN,NaN
NaN,NaN,NaN,NaN,NaN,NaN,NaN
NaN,NaN,NaN,NaN,NaN,NaN,NaN
NaN,NaN,NaN,NaN,NaN,NaN,NaN
NaN,NaN,NaN,NaN,NaN,NaN,NaN
NaN,NaN,NaN,NaN,NaN,NaN,NaN
NaN,NaN,NaN,NaN,NaN,NaN,NaN
NaN,NaN,NaN,NaN,NaN,NaN,NaN
NaN,NaN,NaN,NaN,NaN,NaN,NaN
NaN,NaN,NaN,NaN,NaN,NaN,NaN
NaN,NaN,NaN,NaN,NaN,NaN,NaN
NaN,NaN,NaN,NaN,NaN,NaN,NaN
NaN,NaN,NaN,NaN,NaN,NaN,NaN
NaN,NaN,NaN,NaN,NaN,NaN,NaN
NaN,NaN,NaN,NaN,NaN,NaN,NaN
NaN,NaN,NaN,NaN,NaN,NaN,NaN
NaN,NaN,NaN,NaN,NaN,NaN,NaN
NaN,NaN,NaN,NaN,NaN,NaN,NaN
NaN,NaN,NaN,NaN,NaN,NaN,NaN
NaN,NaN,NaN,NaN,NaN,NaN,NaN
NaN,NaN,NaN,NaN,NaN,NaN,NaN
NaN,NaN,NaN,NaN,NaN,NaN,NaN
NaN,NaN,NaN,NaN,NaN,NaN,NaN
NaN,NaN,NaN,NaN,NaN,NaN,NaN
NaN,NaN,NaN,NaN,NaN,NaN,NaN
NaN,NaN,NaN,NaN,NaN,NaN,NaN
NaN,NaN,NaN,NaN,NaN,NaN,NaN
NaN,NaN,NaN,NaN,NaN,NaN,NaN
NaN,NaN,NaN,NaN,NaN,NaN,NaN
NaN,NaN,NaN,NaN,NaN,NaN,NaN
NaN,NaN,NaN,NaN,NaN,NaN,NaN
NaN,NaN,NaN,NaN,NaN,NaN,NaN
NaN,NaN,NaN,NaN,NaN,NaN,NaN
NaN,NaN,NaN,NaN,NaN,NaN,NaN
NaN,NaN,NaN,NaN,NaN,NaN,NaN
NaN,NaN,NaN,NaN,NaN,NaN,NaN
NaN,NaN,NaN,NaN,NaN,NaN,NaN
NaN,NaN,NaN,NaN,NaN,NaN,NaN
NaN,NaN,NaN,NaN,NaN,NaN,NaN
NaN,NaN,NaN,NaN,NaN,NaN,NaN
NaN,NaN,NaN,NaN,NaN,NaN,NaN
NaN,NaN,NaN,NaN,NaN,NaN,NaN
NaN,NaN,NaN,NaN,NaN,NaN,NaN
NaN,NaN,NaN,NaN,NaN,NaN,NaN
NaN,NaN,NaN,NaN,NaN,NaN,NaN
NaN,NaN,NaN,NaN,NaN,NaN,NaN
NaN,NaN,NaN,NaN,NaN,NaN,NaN
NaN,NaN,NaN,NaN,NaN,NaN,NaN
NaN,NaN,NaN,NaN,NaN,NaN,NaN
NaN,NaN,NaN,NaN,NaN,NaN,NaN
NaN,NaN,NaN,NaN,NaN,NaN,NaN
NaN,NaN,NaN,NaN,NaN,NaN,NaN
NaN,NaN,NaN,NaN,NaN,NaN,NaN
NaN,NaN,NaN,NaN,NaN,NaN,NaN
