NaN,NaN,NaN,NaN,NaN,NaN,NaN
128.421923313531,120.933352055632,134.641633267891,111.472451398252,110.201686565815,7.53736088415739,36.0635755608089
141.053745969911,130.961684005365,143.515324481483,119.919137000296,118.8833698287,8.12231085969196,38.7230550524063
140.786703783266,130.816893597904,143.361727769433,119.750417466347,118.667946834405,8.1195955033808,38.6272676645568
139.195277615321,129.766222553571,142.351074446634,118.717004807703,117.472467704512,8.07661094085565,38.1667322955273
137.947080655287,128.942153910018,141.558392743533,117.906472365192,116.534822310855,8.04289702980343,37.8055224202662
131.883717520973,124.57206137549,137.511053114727,113.899368762905,112.126005881897,7.83174096376236,36.2556516232543
120.211278067597,116.020077639242,129.623286084958,106.126047930359,103.638209817062,7.41673853500327,33.3238788235598
109.302426123085,107.920453093056,122.115789564509,98.7161745906925,95.5434499125476,7.04435703269387,30.5626045324166
107.635671649009,106.661044659737,120.910119265606,97.5046302574467,94.1921183029004,7.00218573101124,30.0937633170699
106.74848535257,105.94107991358,120.088525165226,96.6020068161229,93.0872386868597,7.02985586320577,29.6590783261926
111.095755991152,109.097298453165,122.729640324172,99.0290061486554,95.507900406621,7.28216698499907,30.3146897438923
115.311612273691,112.192708031638,125.386909637456,101.509278422301,98.0379979998057,7.50146696005087,30.9896219571055
121.61937884367,116.834830164845,129.344390014617,105.165166109355,101.726564498841,7.83536155170038,31.8359701821431
123.24762090323,118.035130159762,130.308811705186,105.996515387294,102.487164784201,7.94119241408335,31.8024260181218
123.428087139995,118.168198515951,130.414197452596,106.085738743788,102.566487187354,7.95344474390626,31.7922048766211
123.219688236264,118.017594900635,130.099715071488,105.614831097925,101.83504408971,8.01130646118818,30.9538258447078
122.056646834407,117.164709634599,129.28871066633,104.7872185969,100.872959522973,7.98598767822296,30.3963970746657
121.995542414401,117.119900465553,129.246312396398,104.744137704368,100.823094465574,7.98458464573499,30.3679837553546
117.672780157198,113.960293500799,126.312447184428,101.813886830064,97.4592619727663,7.87632055241343,28.4840477955147
117.216854568429,113.627763773888,126.007542709014,101.512952834502,97.115803274182,7.86427892838846,28.2940693889957
116.274415879445,112.943822713631,125.386869882043,100.905582907265,96.4200424517799,7.84014628144298,27.8952910212174
112.120483275078,110.040388235134,122.897205047762,98.5945853409802,93.6186191092744,7.78654652506784,25.6218426190394
112.651417304018,110.517592192047,123.427697636155,99.2006852016446,94.1579762099677,7.85609044997181,25.2807322838103
112.70586403384,110.560880016559,123.470773653499,99.2462841180685,94.2033468186056,7.86006990284958,25.277397401836
114.617031763096,112.072600978444,124.969056193681,100.827724602732,95.7847424394106,7.99700144642983,25.1879114783677
116.366649818143,113.429112748506,126.292024157038,102.207716122204,97.1928881337771,8.11261566400293,25.2035477169854
116.418018300396,113.4689396985,126.330866266693,102.248232433563,97.2342310468214,8.11601007735301,25.2040067942358
117.331393301623,114.172031492024,127.023128342208,102.973826092734,97.9768039474901,8.17977869419254,25.1754081223211
117.503391543442,114.304049982028,127.15361032417,103.110852901566,98.1171998348254,8.19204386623913,25.1672560875057
118.071482917526,114.740092610125,127.584578034317,103.563437458783,98.5809120897213,8.23255438755394,25.1403308084393
119.408225043965,115.744266248393,128.692552234224,104.814813905359,99.8416335923639,8.39535063090937,24.3811701358577
117.679146501942,114.382738764455,127.589028162241,103.847483538897,98.8033060289921,8.41481889787599,22.9726696025251
115.474059739771,112.664169300581,126.124504921098,102.504034614383,97.3942192596606,8.40042062159186,21.5295902829745
114.830432172039,112.174764524071,125.726882485063,102.172381733949,97.0543831557716,8.41713580028509,20.8262566161501
114.830564389162,112.176511588187,125.730651481853,102.179781305067,97.062553076128,8.41963085669575,20.7944817725973
115.446194144841,112.726241012126,126.280397551448,102.830479330814,97.7514961767152,8.51587166667789,20.0432391850566
115.500226727916,112.772765922684,126.324450774482,102.879160281085,97.8025366205486,8.52141023499117,20.0147024345215
115.722249970594,112.963939672293,126.505468206407,103.079193331898,98.0122649770834,8.54416855648408,19.8974431526449
116.768116626605,113.876580812032,127.3502298625,103.997202615675,98.9636391174615,8.63951332309734,19.5205608347966
117.035228160863,114.127131180439,127.581634241778,104.255351291086,99.2274337314722,8.66926721432843,19.3681491431567
117.055985709616,114.146601741684,127.599616945886,104.275412325628,99.2479335184849,8.67157942390604,19.3563050529026
117.836035360825,114.956567746112,128.35562986963,105.162367500958,100.142370942908,8.79393965757416,18.5426755501789
117.822811612733,114.961875006521,128.363631865125,105.182823548643,100.161133449283,8.8018009748568,18.4536913959739
117.79461333192,114.973192192714,128.380695296343,105.226443963439,100.201142561665,8.8185644242779,18.2639418521426
117.771426663784,114.982498002605,128.394726084942,105.262311826751,100.234040950661,8.83234854612242,18.107916038695
117.519837803477,114.854393146778,128.305896752484,105.247857567117,100.210758796558,8.87255253038132,17.5549247045399
117.338160172104,114.740434752783,128.221050300001,105.204539848163,100.164218428662,8.89359786539818,17.2415011946973
116.438077450595,113.970603329992,127.687287312487,104.929029286601,99.9648359276072,9.05755173036561,15.2342943802745
117.448554427533,115.016966609338,128.615765163687,106.173502700382,101.2872139668,9.36829250359678,12.756841848715
117.427616131473,115.072512218822,128.670498928041,106.292362170814,101.414274030941,9.41328196412633,12.2893485724623
117.413591074156,115.088032528356,128.687653751268,106.335010916513,101.460859132015,9.43050634156779,12.1079829452695
117.39526525062,115.072655580846,128.685623141736,106.353964875065,101.491252672663,9.4412933541967,12.0024081621153
117.39351699117,115.071146500071,128.685400533146,106.355729598111,101.494116157808,9.44230857082446,11.9924917676566
117.369809428168,115.050682359255,128.682381812335,106.37966041845,101.532946924315,9.45607558473242,11.8580188515356
117.328084875983,114.989304769554,128.667970386381,106.424923543237,101.620303212602,9.4839319772249,11.6079429568585
117.176239230978,114.244029267016,128.271122470567,106.302194060443,101.875770518418,9.55432436296455,11.3711240484408
117.171936739998,113.570261179905,127.840651825215,106.088175272563,102.023015945818,9.58285559340044,11.6467160986826
117.257633871001,113.05214874453,127.478542134062,105.931616381445,102.183326381572,9.60569624274681,11.9871693795672
117.358631283672,111.913036738057,126.556733047929,105.612837208972,102.544849039317,9.66431567245085,12.7697750964082
117.356791580933,111.886977675122,126.534207858452,105.608848689682,102.554945960219,9.66612149712952,12.7862609816554
117.356399229698,111.881420089486,126.529403937842,105.607998062875,102.557099318638,9.66650662323019,12.78977690697
117.353870061642,111.845594872665,126.498436984083,105.602514766384,102.570980262148,9.66898921674529,12.8124412067157
117.341423509747,111.669291673138,126.346042288056,105.575530345881,102.639291216569,9.68120656582746,12.9239768487818
117.345585215236,111.503767159986,126.216299917198,105.639701132232,102.797632203354,9.70291792492489,13.0543076110763
117.352422803112,111.42355940645,126.159544305541,105.700051696603,102.90391969775,9.71650748392522,13.1259990606378
117.365051819003,111.39421683213,126.15280537644,105.784752751588,103.005420593359,9.72789934143819,13.1705892935888
117.301213153575,111.190146228419,126.153398844376,106.466403461963,103.6756880382,9.80733867817128,13.4428235590166
117.286845278632,111.17502827273,126.146514619436,106.484919401724,103.691006367156,9.80981003993855,13.4510687908759
117.234541346613,111.09291884019,126.088238899773,106.578844426343,103.772708553019,9.82560842077547,13.5202295217865
117.171818611443,110.861923528433,125.8437706301,106.789664050821,103.984474976478,9.87508322081632,13.767869701997
117.207277349539,110.755525535361,125.663266364034,106.838384570681,104.065232917867,9.90122088751072,13.913932514857
117.280864083142,110.634146383337,125.420430416168,106.867201337919,104.148016929855,9.93266605901862,14.0947963902993
117.432090390627,110.504366404862,125.06896071755,106.833999466159,104.213299559096,9.96941607830074,14.3103319767449
117.572745318256,110.12813098758,124.213256952145,106.553609531985,104.141832426269,10.025801260511,14.6613741736615
117.69484682643,109.824361808815,123.461306103378,106.251110545425,104.024541974467,10.064179063332,14.9194362117223
117.775141670495,109.688737973733,123.087905413997,106.103991267571,103.971987387593,10.0821578763387,15.0483344729062
118.375198083488,109.590181549334,121.669946966521,105.93755928573,104.201172093172,10.1065625606785,15.8056759134763
118.372304052037,109.59492864561,121.667270262834,105.943547891446,104.207555934181,10.1052678824495,15.8117690564258
118.276128241599,109.998872208047,122.013415964834,106.367733991672,104.587585891303,10.0591459536511,15.9589540696676
118.210205612436,110.591932407546,122.62667605905,106.933124920692,105.096390239046,10.0174413066095,16.0839006270737
118.18609894241,111.475274239716,123.521898310022,107.708374833197,105.824579140753,9.97626585531735,16.2380161790307
118.095068735375,112.696162453425,124.671721422091,108.683996084782,106.786237053848,9.92947700605148,16.4433729789053
118.01511705073,113.093440054403,125.021301974262,108.980051833456,107.086335991227,9.91238551407752,16.5139012614181
117.918056782889,113.929828329963,125.715538416433,109.611495071357,107.729699227556,9.87802759398381,16.6889460462404
117.900212864824,114.289996004547,126.012031795589,109.902543029376,108.018976727021,9.86116613139727,16.7760192376129
117.900479129019,114.294889195997,126.016678834069,109.907774818904,108.023637146074,9.86075646148581,16.7775673530371
117.925583029076,114.692913453229,126.398872284389,110.341994901192,108.407673607557,9.82620976330365,16.9059680136435
117.928551093197,114.713556009349,126.42460902334,110.373534305696,108.43274409356,9.82305850216472,16.9143576735986
117.961912743353,114.847984808477,126.642033618107,110.654894464792,108.639413271481,9.79108561492811,16.9835680221015
117.977879604759,114.912322333587,126.746092870411,110.789553231501,108.738324989135,9.77578341444156,17.0166920443614
117.979749933671,114.923291498348,126.766275765502,110.81610343623,108.757186535988,9.77248539203568,17.0230699250347
117.728959761068,114.683941805302,127.072398241071,111.306081079914,108.949018185927,9.64385708391057,17.0857723766267
117.678082328123,114.614067631753,127.164222213544,111.439452549117,109.00361255136,9.61025585659891,17.0949514582254
117.52365092563,114.390161877122,127.903027528115,112.35184471855,109.51803171292,9.42419642299667,17.1168442687238
117.507885039829,114.385782443361,128.255153947992,112.752138736098,109.791952996917,9.35679489037296,17.119791880256
117.506942421296,114.40034478138,128.433693891248,112.95216419546,109.937163896684,9.32549662429201,17.1212293991734
117.520557468159,114.452863380625,128.647366525112,113.185409181892,110.124170859094,9.29405409799894,17.1228305700781
117.529272243098,114.486479700657,128.784134979433,113.33470558778,110.243871041254,9.27392823703451,17.1238554541064
117.5083783984,114.718861595288,129.65413033403,114.289562695704,111.039073228594,9.14134128866642,17.118178267268
117.506248708415,114.723938306873,129.671580588086,114.308830969501,111.055780318897,9.13857957807495,17.1177910596349
117.476998257713,114.79366493516,129.911252934552,114.573473098964,111.285245604768,9.10064857399984,17.1124729157448
117.557347789699,115.823008313443,131.882905743194,116.861115668307,113.473896878388,8.8651632273007,17.1302024641968
117.612371351963,116.013308879407,132.171509870114,117.233932643375,113.844932542026,8.83784002461557,17.1427871714287
117.651691451024,116.137635964058,132.355957576583,117.477039911173,114.087514810249,8.82090294481952,17.1518558492027
117.797460019964,116.556582320749,132.97726342032,118.321819395145,114.928993420568,8.7641155958896,17.1859175187451
118.001738913455,117.037366750945,133.74459076457,119.569844944926,116.159543044259,8.68376236558478,17.2436518332043
118.042042094266,117.137480982827,134.220946360833,120.845959097611,117.388543571379,8.57849542903027,17.2896218401884
118.05114492995,117.133060756716,134.277306513849,121.040512483515,117.574575046886,8.56207283512296,17.296949361936
118.095695883966,117.039231315982,134.365613497214,121.570060355213,118.082250593625,8.51423032673115,17.3163479945383
118.28463245572,116.733635586268,134.56299762404,123.015672202602,119.511113542248,8.37530763808467,17.3588755496533
118.315172333567,116.696891251791,134.595341077106,123.219091992922,119.716714723325,8.35516441669709,17.3635160666957
118.176318632322,116.49973293516,134.669974559639,123.865907830577,120.375190870705,8.26155775113125,17.3431520249696
117.995341835969,117.761586238731,136.973835402981,126.874527049031,122.80092884411,8.00787269472175,17.3463425949489
117.922971152149,118.017402994598,137.42967978393,127.312897440279,123.04361522432,7.97336451372469,17.3498416674055
117.907589068679,118.052019651369,137.495447754999,127.374424171963,123.073820554658,7.96799597247162,17.3499550313597
117.902918662395,118.062530181468,137.515416645814,127.393105310627,123.082991689691,7.96636594173817,17.3499894516465
117.663009421281,118.689643201357,138.733107133183,128.506813937777,123.582713980708,7.8670749089678,17.3571493197687
117.615615675521,118.834413043953,139.019623063933,128.763728307853,123.688287250985,7.84373390078444,17.3598549512186
117.537347088239,119.496771968729,140.404213196087,129.988317548084,124.136681093504,7.71027132421461,17.3847552400065
117.662749153993,120.061601187828,141.871732111457,131.28806035224,124.624750420682,7.39723366035365,17.4011365298506
117.681030600469,120.066576647516,141.916751933083,131.326107365501,124.654356223532,7.36012911852986,17.3971674936085
117.793987614663,120.120494809502,142.006059314938,131.398044482388,124.796533588068,7.26172950459368,17.3871905676601
117.81743594263,120.132237704086,142.020114540753,131.409104340413,124.82508019903,7.24440989140541,17.3854648544676
117.946593831968,120.251421553099,142.106944913716,131.477912878227,125.002186039342,7.18695918735174,17.3815486575973
117.953362410473,120.257772287808,142.111513405104,131.481533997556,125.011505569712,7.1840214631561,17.3813541803107
117.98123816671,120.283927193529,142.13032830874,131.496447238151,125.049887182136,7.17192272137236,17.3805532438317
118.014841979675,120.319868285777,142.157143542114,131.518079066359,125.098591106768,7.15842663137642,17.3797979653099
118.040558113759,120.357902167123,142.187531129024,131.543354336313,125.141675446727,7.15069687427038,17.3797217269589
118.056443818913,120.381396951484,142.206302544836,131.558967705137,125.168290066136,7.1459219480744,17.3796746320121
118.083001906811,120.420676073321,142.237685030302,131.585070494882,125.212785000089,7.13793911644132,17.379595897595
118.227875250982,121.018870048645,142.75825549535,131.999080947675,125.826017676912,7.01591183757546,17.3464135340863
118.304738654985,121.605921261126,143.360042979058,132.518306068924,126.337005684868,6.95135649430865,17.3225965575669
118.463831393434,122.32111789078,144.125030295083,133.212490446085,126.948671978191,6.89272423734402,17.3071221020515
118.931168354176,124.208438807197,146.167063330064,135.142805497237,128.607274903788,6.71857377656212,17.2600398898365
119.264612405404,125.557626597973,147.558801212236,136.441664261395,129.842223754946,6.56533764985405,17.2151129310935
119.389616371881,126.080899029286,148.090160998246,136.884252723894,130.288972196269,6.52396314277284,17.2092897013728
119.409715995673,126.206946467027,148.220966040368,136.981849673369,130.385690444625,6.51780342505551,17.2091790533403
119.414378009174,126.236182579236,148.251305656607,137.004486828215,130.408123788866,6.51637470741092,17.209153389048
119.4386171168,126.38818927553,148.409049777932,137.122183705866,130.524760998376,6.5089464061531,17.2090199532387
119.411868701944,126.462870296247,148.492051631638,137.168618187022,130.565999985017,6.50526457207518,17.2052577175205
119.338270344592,126.521735756995,148.564950135221,137.189745892545,130.5766817813,6.50231857467627,17.1972703958988
119.266799315455,126.578899737438,148.635741539557,137.210262911013,130.58705482495,6.49945773003905,17.1895139443027
118.790075401026,126.843304791022,149.006632265043,137.247872238517,130.49450077074,6.51719854111252,17.1479458354808
117.85564609357,127.412141904134,149.846484211781,137.397676304928,130.126459198165,6.6155946713879,17.0563758827413
117.762979987214,127.485446745414,149.94932809336,137.429685849429,130.09239639918,6.62641893339101,17.0451631774752
117.072601797378,127.705286401309,150.305858448032,137.461854547476,129.765324628023,6.65632165051221,16.9448662582251
115.848802874336,128.828274960817,151.658853231196,138.198035473755,129.551844798226,6.7153488869864,16.7588288141223
115.629031858789,128.999252867446,151.872192173086,138.323705065123,129.516913031489,6.7277281470128,16.7423992936546
115.266702771649,129.159946159382,152.099520540872,138.428190111407,129.403705783407,6.74633942908571,16.7224520770712
115.061611759292,129.255785323677,152.240934082693,138.49047204726,129.333371567821,6.76244069945321,16.7188600650092
115.05873417239,129.25713002192,152.242918225007,138.491345911409,129.332384723906,6.7626666128377,16.7188096662777
114.757744354857,129.410246763981,152.480069533125,138.589336686173,129.214781945889,6.7952079267192,16.7236324376676
114.353391367031,129.646218853297,152.86728346548,138.736738635881,129.025251254756,6.8540828981136,16.7452500578961
114.337514710169,129.65591818681,152.883456868926,138.742751220009,129.017371741978,6.8565841292893,16.746275717229
114.3226403799,129.665444198185,152.899552960235,138.748592607345,129.009569778398,6.85901417984247,16.7472961603766
114.180891355992,129.76522177729,153.072285451597,138.808530282609,128.926613736971,6.88394932952625,16.7582408294905
112.877725613896,129.915658261379,153.656877573889,138.664899947477,127.947253141084,6.96252244288294,16.7339156989231
112.580231664084,130.029789056587,153.879675582292,138.688706631939,127.747171395289,6.97204649488367,16.733416396031
111.575531486434,130.372310610517,154.536790021804,138.818898500783,127.225231134037,6.99316656643926,16.7476099429366
111.237296043508,130.483270522462,154.751156382509,138.881772170396,127.074660603754,7.007458736431,16.7567957868501
110.935751528961,130.640434319123,155.021818678345,138.999808156521,126.962012045428,7.03149938435207,16.7712953707617
110.822692133796,130.729785451943,155.166878813433,139.076218958169,126.928062130395,7.0467478724041,16.7782495226655
110.628041936157,130.898581625047,155.438871667447,139.223256634076,126.872073654498,7.07617265605671,16.7898390640628
110.602626627728,130.927834846345,155.485110917841,139.249919738584,126.865950090936,7.0815437914635,16.7911675841473
110.435227107153,131.120513020376,155.789668636243,139.425537946169,126.825616856051,7.11692111118172,16.7999179648811
110.08825856921,131.211036257133,156.016333574087,139.490359061637,126.626810128693,7.1535394900881,16.7781096868383
109.966242469433,131.244726597435,156.098715450828,139.51386041958,126.555017363789,7.16701191670851,16.769201898344
109.625763922776,131.373187884605,156.375375013181,139.604168366213,126.347775238462,7.21152531649275,16.7373708145238
109.22090121796,131.650350487438,156.857500491532,139.800572234289,126.113704792465,7.28106112699297,16.6908282865262
109.206583449021,131.66333742588,156.878316542406,139.809825335619,126.106193892895,7.28386695307196,16.6891466056291
109.167564934123,131.698729186514,156.935044053135,139.835041713508,126.085725330508,7.29151333758402,16.6845637204455
108.923342661882,131.974361962841,157.350680581194,140.033251175207,125.982042536297,7.3435668183842,16.659875917823
108.809293403459,132.029508169232,157.446341492363,140.060956046389,125.921045388018,7.35672477555026,16.6488432604784
107.834659646593,132.266615350835,157.95308078466,140.103748289659,125.378481084287,7.4310631419449,16.570270489068
107.55197542721,132.394334059233,158.196612942405,140.186309368423,125.242174758194,7.46114779142872,16.553072945605
107.341794778515,132.512937398621,158.433839134158,140.284846230919,125.142211255391,7.48922274301332,16.5377420539332
106.801239887833,132.51245143964,158.678490586768,140.275836199046,124.771059426798,7.52724651831042,16.471465897698
106.05882154367,132.35637831165,159.018660204951,140.198425885558,124.171600514181,7.57523760762905,16.3275862550531
105.953934985325,132.331808060345,159.101327196399,140.200252530979,124.090197755515,7.5837467298389,16.300454935956
105.766119317335,132.284429712082,159.310835840853,140.233692756171,123.975954567063,7.60054174806979,16.2415923419539
105.730839918617,132.266419138787,159.326767016802,140.227391019022,123.953462841251,7.60165232532946,16.2320849309417
105.647077058352,132.212151426629,159.332880175037,140.195479868954,123.897788444703,7.60163723411685,16.2117981885329
105.386461557933,132.043305628908,159.351900344447,140.096193140711,123.724565960766,7.60159028008601,16.1486790506711
105.236490132978,131.943737037985,159.385762201541,140.058415026738,123.644297511704,7.60138662479775,16.1063417225579
105.024017351205,131.802352879151,159.438014946724,140.008543532233,123.534051485823,7.60109765291389,16.0452623483265
104.955140932004,131.758286571441,159.476713369602,140.011907377555,123.512056525182,7.60185470152243,16.0205452968969
104.724791114248,131.610911518153,159.606136106162,140.023157398475,123.438496731657,7.60438656962809,15.9378817618541
104.575018676411,131.525283383108,159.757946643215,140.094149120656,123.427794529496,7.61059411804363,15.8697241154159
104.482607805538,131.472650591006,159.852945732496,140.13920396907,123.421921346309,7.61451393725498,15.8273868581705
103.499952593243,130.89103650074,160.752071960089,140.705101624356,123.375678624559,7.68172059192782,15.3759631270135
103.116268809518,130.663795015753,161.174888438732,141.045971998925,123.442346102678,7.72990973704344,15.1922642988753
102.811350558738,130.499412447771,161.6765665414,141.501724200333,123.646601948052,7.79824386307007,15.0365136935555
102.795704409905,130.491194120104,161.70454194108,141.527613830073,123.659213943591,7.80217187003207,15.02843150833
102.765616956389,130.476890923408,161.776993637415,141.599233271889,123.704786719393,7.81408022075391,15.013705665955
102.526377560592,130.338484294063,162.195737168033,142.021335975338,123.974124179768,7.89313019164315,14.9214536368255
102.131659003466,130.030098029285,162.421129178565,142.286000969425,124.147719559552,7.98105639869422,14.8453389896372
102.083654443144,129.990548165055,162.449848236476,142.322674064953,124.176142568949,7.99403149600351,14.8384723079187
101.800783519752,129.739543106512,162.659850275904,142.609568926547,124.417461836336,8.09990084335122,14.817080679952
101.765408162957,129.70500520405,162.700647802149,142.666221992413,124.463816416905,8.12084605664674,14.8175070602919
101.574172279178,129.517391880503,162.984193271856,143.046466124117,124.750096035001,8.25625057869309,14.819259994809
101.067903264993,129.048500090729,163.068845328273,143.22222104324,124.74809527745,8.38708612866299,14.7471847187388
101.047055177997,129.029436717038,163.075347988224,143.23266314872,124.750153863132,8.39279188580646,14.7436269680148
100.878782580461,128.881621225016,163.181732742774,143.376660238465,124.82606696773,8.44566839262539,14.7111493342101
100.826109441739,128.836309445111,163.223563942955,143.431185358268,124.859214180023,8.46329981445299,14.7003877523049
100.646010877132,128.695641426526,163.468292252269,143.732855138832,125.11289263054,8.53678243337184,14.6642868130969
100.554980616132,128.637660068116,163.678403750078,143.985059657035,125.378368984291,8.58577397425834,14.6515512758497
100.3806516862,128.515293815913,163.91035502043,144.27736069099,125.746342420943,8.64563865282128,14.6391246710919
100.289497223363,128.444092829521,163.956192449753,144.344747269304,125.856017320126,8.66338412385433,14.6341536215386
99.8354616252529,128.082098476993,164.319936445803,144.866194047841,126.826554075224,8.79434914160879,14.672780254053
99.7446186094211,127.99867075785,164.462833976177,145.059976714814,127.208299184602,8.85133070425614,14.7111369051251
99.7277437537411,127.982172457729,164.494253424668,145.101952550583,127.291229654548,8.86433182155203,14.7203147720141
99.5888068591863,127.808846190856,164.711177251785,145.380844451208,127.87275251713,8.99581290840094,14.7984964704151
99.3930177973705,127.574138042008,164.660617739351,145.338936671354,127.940537231263,9.06720387496237,14.8135234311224
99.3918238255569,127.572429041254,164.660210043003,145.338422262219,127.940433138198,9.06780395606329,14.8135786251626
99.3073890455502,127.451572668409,164.631378749806,145.302044500518,127.933071929991,9.11024023065876,14.8174818133182
99.2388612788075,127.353484921547,164.607979101758,145.272520094008,127.927097529882,9.14468176205936,14.820649663906
99.091252108965,127.080656628097,164.56141013383,145.17324838738,127.834928400129,9.26182368746274,14.8223202710679
99.073173589022,127.028602574131,164.561826091006,145.15376774433,127.806147988798,9.29093273851189,14.8220508230735
99.0160660288419,126.791455691574,164.609342706848,145.076679375542,127.672261491926,9.45112353924079,14.8260852784036
98.4171687493762,126.052547940729,164.529316521753,144.680094325152,127.375123774548,9.84949098394645,14.9142944053106
98.3938896494326,126.045354189984,164.562787384209,144.700954190848,127.415701802704,9.88247382709684,14.9342545079982
98.3702559660546,126.039388258971,164.598597241282,144.724191365249,127.459648915833,9.91678791974226,14.9553041345958
98.3401075505302,126.031777791983,164.644278248075,144.753833972296,127.515710250264,9.96056084784973,14.9821561863539
97.9046769364246,125.756902270241,164.596762622946,144.665609291851,127.604674318883,10.1620406405185,15.08137582854
97.9021725771725,125.755414363226,164.596538452125,144.665271686478,127.605606312324,10.1632610596294,15.0819894635732
97.5414384629614,125.557713049143,164.607597056293,144.673540756007,127.8996420039,10.3750829202673,15.1913081391732
97.367257547685,125.482532233569,164.69458457627,144.77708859213,128.369939660333,10.540105119559,15.2773763590956
96.407564647752,124.832759376977,164.612902675817,144.757461602772,129.943535227182,10.9441103522054,15.3771606032079
96.2204923147521,124.762458462599,164.679339624984,144.823228816927,130.2645041002,11.0210406573583,15.3878669117842
96.0111960412333,124.710139689299,164.780393717009,144.915862195587,130.572977297935,11.1036064616906,15.398068777926
95.6883066622908,124.561048313407,164.763249449168,144.884239995921,130.659423206081,11.1648682054988,15.389390089202
95.3660803166512,124.420784110487,164.750891548934,144.854460519804,130.718316747564,11.2226525615882,15.3812214936785
95.1017184051216,124.324351296679,164.758448805236,144.842590867073,130.739702225046,11.2677603355853,15.37670438324
94.3844867793971,124.126387737463,164.838804493415,144.851217572205,130.738561957268,11.380242580279,15.3755465251293
93.8724184847391,124.062890652212,164.96485905266,144.900805144426,130.691935972221,11.4438083082081,15.3903700581658
93.85028193915,124.062363881289,164.971907354913,144.903748135126,130.689502743108,11.4458207377476,15.3914984200052
93.7393903226867,124.05972505587,165.007215376526,144.918490859762,130.677313636706,11.4559018754638,15.3971508768358
93.4811452411315,124.053579742933,165.089440915407,144.952823807981,130.64892757041,11.479378891263,15.4103143532261
92.9117854629423,123.896191229374,165.041839277968,144.82576425763,130.443493709247,11.4897479025248,15.4123944811818
92.733204972657,123.849170021989,165.02516466431,144.783504720253,130.381146545123,11.4911391775894,15.4133777133212
92.5085638292507,123.797168124219,165.006477118616,144.730941365698,130.309417655795,11.4907378870927,15.4157736422269
92.3310987862835,123.756086963028,164.991714079001,144.689416657298,130.252752299513,11.4904208702089,15.4176664104872
91.9349754708178,123.682079908206,164.967541923327,144.603254514402,130.148686776483,11.4900374448707,15.4233481989665
91.7102673643629,123.64539235379,164.956457582902,144.556330476817,130.096362730793,11.489916959542,15.4270072939734
91.4494575202725,123.613351636465,164.949355027773,144.507229059328,130.04873104452,11.4928169117615,15.4314556366819
89.6434540427424,123.356950851375,164.755580341894,144.062761366505,129.683903942224,11.5644850519096,15.4324016856184
88.957723748939,123.22616228813,164.591859535945,143.820869011284,129.464657064513,11.6059374081642,15.4232131420635
88.7127520993262,123.191637269506,164.536090261933,143.735257212727,129.384138638375,11.6221838760724,15.4216895188632
88.1268606995246,123.139331930731,164.409239222605,143.531982257211,129.185813699794,11.6639683290632,15.4223760688371
87.2797100034091,123.235880012196,164.239270230061,143.209088345437,128.847744890798,11.7089587892695,15.4389018161383
86.8034248345388,123.257669364201,164.031361229841,142.908181541843,128.546333737282,11.6946673348505,15.4284423989434
86.5613051853266,123.243654548337,163.893273081982,142.725070797626,128.366692083784,11.6784733331387,15.4161917263378
85.9813709815358,123.328538039978,163.45537902159,142.116019054043,127.793108104406,11.5553616905808,15.3270617728128
85.8704994957979,123.365370729784,163.355718135172,141.971635681869,127.660544811206,11.5182702066508,15.2968642644439
85.4048304330864,123.591331058598,162.751134396287,141.041852564771,126.823845857188,11.2758499237326,14.9749932463244
85.1460962661742,123.539830128332,162.327918152667,140.41610014893,126.234211145542,11.194682218943,14.7753330242253
85.1376937684584,123.574614011518,162.138359800763,140.052778977951,125.867530654396,11.1852034740533,14.6956067550933
85.1740362877861,123.602957762574,162.105386767004,139.961676500824,125.769448967601,11.190466176284,14.6908278097198
85.4756402854534,123.728760172581,161.948078066624,139.486906085638,125.227945748153,11.2299404831335,14.8327071522996
85.557098880915,123.697206147759,161.811625979314,139.226852715212,124.931702036934,11.2277764452213,14.9623591219539
85.5789987102873,123.691979329093,161.78308669601,139.170778151912,124.86628327804,11.225391180538,14.9975606713923
85.6350300657375,123.679239774492,161.708440245584,139.025027995156,124.69411131258,11.2139884254584,15.0969468299726
85.6408766583248,123.67808868419,161.700193243353,139.009177697182,124.674796570976,11.2113073901022,15.1099401264569
85.7248902352953,123.653939048378,161.550376752485,138.731234310723,124.334113922235,11.1548590466674,15.3385933252639
85.7379432758996,123.637211539004,161.47370718941,138.602478635444,124.173515988342,11.1155249732309,15.4456459152521
85.7265456355403,123.61481159034,161.396345034319,138.484176145155,124.026209189798,11.0748565610364,15.533656111422
85.7004064288891,123.593113171922,161.334637471177,138.397873159039,123.918939875917,11.0417382608691,15.589972653907
84.5501887675389,122.729123528142,159.978655407724,136.945410489785,122.304159547646,10.7060881412953,15.7554856082116
84.1463852438569,122.443731446129,159.255865609374,136.231730463283,121.531115187834,10.7067281796849,15.5619788672731
84.1251102968095,122.401954221529,159.089700804615,136.062442646833,121.360656816803,10.7421516594563,15.4898526194881
84.1003482946025,122.331088466927,158.850371015272,135.816117241462,121.119321230798,10.7974739044861,15.3861338451916
84.1085099526346,122.332525987384,158.837827558259,135.801905734075,121.105953827615,10.8035098051122,15.3779749318813
84.1324585927214,122.339741381793,158.813523018996,135.773250028969,121.07943465826,10.8179022044825,15.3598244921337
84.3019122476215,122.393040235725,158.649429815374,135.578468606273,120.899497908519,10.9174643170748,15.2348858921869
84.3493227375891,122.420240348832,158.646646496539,135.567643161633,120.891332284307,10.9328706376083,15.2190267290597
85.3772762568228,123.138701279725,158.87258892974,135.596850228271,120.961582288193,11.1708387281415,14.9611013343052
85.6709535813505,123.391865427345,159.025503063445,135.682754058432,121.052779439706,11.2074774934241,14.9052833740045
85.9872483652344,123.771283969026,159.232033206659,135.728644942116,121.100156937546,11.1894856966605,14.7347126643254
86.2053409671697,124.270704532894,159.620980813704,135.939802374846,121.267369976517,11.0650999271056,14.513185512158
86.2325794818613,124.357899554408,159.695628413668,135.986925196932,121.303611182139,11.0383075378461,14.4745777805232
86.3016127648889,124.681742781903,159.994873554964,136.20267704936,121.465651286159,10.9246746288615,14.3308376910331
86.3597049861175,124.968728526654,160.266577158436,136.414728135006,121.622730829142,10.8217118991106,14.2037745480489
86.2324879026681,125.404190180924,160.620052481916,136.647913360403,121.710866404493,10.5153904184437,13.79608411453
86.262414090643,125.555293820124,160.720202293012,136.706078340538,121.722960799852,10.4171932933116,13.6679864748496
86.2952113363682,125.621199364016,160.76183760387,136.726718538265,121.727054982976,10.3797897269093,13.6239585516002
86.4444239294704,125.824179251255,160.887202308006,136.774625193805,121.733356505427,10.2773548316446,13.5237988482292
86.4588644219285,125.891525422475,160.838843405356,136.564214423627,121.475076568367,10.1067590890381,13.3967505293644
86.4194001981908,125.919752316887,160.833053908961,136.459612737698,121.331859853632,10.0122107833306,13.3306233094106
86.4124192359661,125.946133427029,160.855495636929,136.450659018329,121.30555883197,9.98321025985059,13.3085598583224
86.4130938812887,126.188670449648,161.105505928298,136.538554601798,121.269461962627,9.83492678476641,13.174925407528
86.4284335225655,126.264968417095,161.190946432717,136.599664434984,121.298376014353,9.81292607145428,13.1462976228126
86.4439126693278,126.34196027202,161.277163970891,136.661330028034,121.32755302326,9.79072527392004,13.1174094843553
86.3399934788117,126.714160955078,161.717444968885,136.983088359116,121.391944697392,9.65392277306068,12.8633373390173
86.3284675071587,126.81026833774,161.831049119384,137.084215640504,121.426748209899,9.63553871702431,12.8078439994724
86.3372096732743,126.85163352991,161.878146459597,137.130796148763,121.449134322215,9.63396500801549,12.7931663454627
86.3526615651955,126.924747043226,161.961391618877,137.213127800868,121.488702065892,9.63118345694471,12.7672234017556
86.3633913937159,126.975517231395,162.019197244803,137.270299085354,121.516177996139,9.62925194162202,12.7492085632676
86.4115768807265,127.055765933072,162.104912932432,137.362178937194,121.569680984121,9.63846822273346,12.7421439216452
86.4553389397889,127.125796972752,162.179404954713,137.442443156321,121.616923952017,9.64718364251587,12.737152484453
86.4764292067327,127.159497827346,162.215246020885,137.481064914158,121.63966236296,9.65138760197316,12.7347697820448
86.6142675816443,127.205153764624,162.222031139055,137.525092628926,121.611154323051,9.72569787240518,12.7899340475735
86.6188217831039,127.165825300524,162.168003331842,137.471458649436,121.552013311327,9.73863345458037,12.7930775516622
86.6522013238718,127.14081282759,162.124568378091,137.416375299274,121.480216796848,9.75340621982092,12.7735212123442
86.7459441356295,127.213717647065,162.190334297054,137.445970453457,121.4652641454,9.75710108764845,12.693313566307
86.8458467523869,127.34357789323,162.325660498921,137.545978582011,121.512113175782,9.75196243599049,12.6001057835264
86.9014874936722,127.427710550707,162.415304561631,137.617519966165,121.552024750214,9.747789577145,12.5471590893359
86.9578257018671,127.512897826496,162.506072329128,137.689958134707,121.592436623561,9.74356441074761,12.493548698611
86.9649208179661,127.525585150846,162.519593868976,137.700637288668,121.597592889495,9.74269139731751,12.4840844326119
86.9605526169645,127.672068797049,162.675914735454,137.81664999372,121.599685855675,9.71637876703426,12.2762565432437
86.977909657685,127.771396776044,162.778471092843,137.91128185746,121.636708610694,9.71070812050132,12.1938506923179
86.9806411939925,127.786460074858,162.794007159846,137.925711008773,121.642497193546,9.70990764001517,12.1816396650999
86.983810269084,127.803936220037,162.812031801446,137.942451428402,121.64921299435,9.70897893818426,12.167472669738
87.0207245100898,127.954996236172,162.963319099897,138.091098431056,121.71792657926,9.70656999930099,12.0670075991206
87.1414330367602,128.233745650329,163.212723764161,138.380926927058,121.89529182272,9.7316782376103,11.9917051460288
87.4443383784456,127.967104297639,162.227513014622,137.888651064614,121.832508934396,9.91662950390577,12.3507532481312
87.4636932311849,127.919756785707,162.121234070597,137.807131779892,121.805635687928,9.91914404584873,12.3512792748307
87.6185896373876,127.818133301486,161.771623961379,137.511633363717,121.741027107504,9.89822737686946,12.2237546833082
87.7374550221582,127.821826568207,161.641509122633,137.386022251617,121.732397711625,9.87455464315948,12.099575887127
88.0368851025269,127.897129510385,161.304030640824,136.975075188023,121.6315770521,9.75846775736636,11.5467599231415
88.4817387590776,128.463388018582,161.424088731868,136.814637068341,121.6138767955,9.64455744091396,10.9898668929104
88.5457854324966,128.559466095712,161.471687164322,136.822018588752,121.624748582377,9.63752692849402,10.9517703265713
88.5778753564341,128.609371761728,161.500041154432,136.830843449824,121.632100555661,9.63714764003092,10.9474659836274
88.9787052485705,129.261086285373,161.933029786173,137.033668099926,121.756562879711,9.69711548483052,11.2009344286841
89.180999299831,129.590188808969,162.167933574812,137.161741176323,121.824608576255,9.7624598697799,11.5009270456963
89.3495479761387,129.907376177446,162.368201523739,137.240536101158,121.826095004394,9.86648002003991,12.0079761599464
89.4620895397462,130.163406551858,162.504022550078,137.260846872838,121.764779395433,9.9950681716058,12.6541550856006
89.5658220365014,130.359678095485,162.604267905445,137.276680389016,121.715226416623,10.1328915343145,13.3575314569122
89.7690247394098,130.675391542283,162.764498536224,137.307428891228,121.651836944591,10.3798573485524,14.6410514128631
89.8485615416605,130.784867349499,162.82024459533,137.319842527223,121.634783437602,10.4699904647893,15.115230613475
90.0865925449424,131.043989517651,162.96350961711,137.368982909288,121.641422487244,10.6654749473649,16.1893366874655
90.5104955241687,131.445811167699,163.193167781181,137.432847789503,121.690645939668,10.863267458657,17.4748459414245
90.6262448710083,131.55207783264,163.228646144684,137.390663210204,121.657300564016,10.8852805158734,17.7716072614708
90.6973420992743,131.623186073538,163.269531337373,137.388919890957,121.659467321004,10.8730525890811,17.8124138970746
91.1599623135896,132.118689900391,163.628465964691,137.502179086647,121.758482312411,10.7132425989057,17.5676969324779
91.3864330280223,132.369209646101,163.835049451687,137.604119297341,121.831176544691,10.615829741934,17.2981467737686
92.0286176485075,133.021820924999,164.361019276021,137.819069355129,121.869465148285,10.3188303074341,16.4506232432271
94.1629457938723,133.889369924613,165.22102548468,138.111894620989,121.664060153311,10.0347869494087,16.3055873725841
94.2682202727946,133.893348969669,165.241831292885,138.109994983495,121.64937825582,10.0223078509507,16.3207129885014
94.2800434960395,133.894826966988,165.245920936633,138.111712504093,121.650230849154,10.0204028645077,16.3205979061869
94.5418546461801,133.927555451431,165.336481210352,138.149744945331,121.669110509684,9.97821921616375,16.3180495458534
94.8000856664574,133.970690435181,165.440271012967,138.202036542169,121.703906454593,9.93214831895083,16.3021427780115
94.8877091982753,133.993477220525,165.486352908603,138.230877727851,121.727858627696,9.91316342703495,16.2866884800607
98.1058089637047,135.142141481441,167.700180777102,140.291290732322,123.357656270834,9.25882076030072,15.6894948925085
98.3908242885885,135.161166309024,167.797419159293,140.417023797988,123.492347692851,9.27486543424241,15.6706061080379
100.450030809877,135.375369940379,168.602608732151,141.358268022095,124.470762862105,9.3561218532336,15.5535182389798
101.538689213671,135.309812212467,168.964445590695,141.783339304656,124.86427226587,9.3698396060938,15.4989012871775
102.070166736204,135.312274786623,169.187207392955,142.035242073769,125.080814407409,9.37551258267408,15.4902026498759
102.945878789973,135.358713937702,169.60357919903,142.50246065188,125.476277005091,9.38731693324757,15.4864348628394
103.39538295061,135.39996376429,169.834942691453,142.761802522223,125.696950002588,9.39528087244043,15.4854367569985
104.222332498603,135.470441848101,170.265686856371,143.251075748276,126.116826022434,9.41344962740166,15.4737094335228
106.914291129378,135.668210637175,171.605316993382,144.756085035876,127.477336140124,9.49286458664157,15.4297865266661
107.203869846334,135.764657832599,171.786880008735,144.940539763937,127.654439929803,9.49937257930212,15.4558076861424
107.590261777866,135.893936826848,172.02947296057,145.186881701283,127.890998379249,9.5080062930228,15.4908239687672
107.767626957558,135.944166946251,172.137226920342,145.295766732867,127.993812036637,9.5084224296096,15.5122553363369
108.24932669893,136.07243960378,172.43702991504,145.59720390792,128.270590734887,9.49552999510549,15.5901671035831
108.872915343822,136.442614023048,173.032843443008,146.214726257495,128.813953809287,9.43575679409023,15.7013153184871
108.953435654972,136.532263658757,173.155826956054,146.35322680184,128.933922834754,9.4195547917668,15.6966022354239
109.111371099666,136.710167102698,173.399232596488,146.628416171087,129.172345560886,9.38752919494177,15.6843271130752
109.274409234944,136.939589188454,173.698935967419,146.990862046256,129.487550179375,9.34899781826708,15.6043626536568
109.277922011557,136.944532256136,173.705393297114,146.99867120938,129.494341494856,9.34816763139936,15.6026397605286
109.568147398356,137.398420148594,174.33433969499,147.947312106887,130.264436290108,9.24645932717465,14.927170285495
109.609740251032,137.434234660104,174.377831669601,148.009539734966,130.316233398951,9.24533194909834,14.8809987083283
110.165124256223,137.844664760826,174.857527714467,148.657569966156,130.865359834037,9.25189088871337,14.4469796820082
110.176609204626,137.852540151416,174.86653531861,148.669319809221,130.875428877804,9.25222162532138,14.4396519802826
112.031126340016,138.857055227426,176.022776575022,150.065858748527,132.108419728819,9.29845362875252,13.7233064444122
112.310967711732,138.986430720094,176.18187511699,150.244903845074,132.275801101274,9.29569586040501,13.660137888429
114.169942230908,139.785473403829,177.435447539431,151.67706307926,133.858992828146,9.04513393077694,13.4833375375781
114.320215520161,139.72520173285,177.566065953739,151.90872189904,134.232135298772,8.88377745289276,13.4753298873987
114.28092621532,139.541464222948,177.540797590615,151.986799130228,134.450266691522,8.73214166127016,13.4621032167757
114.279189043022,139.537998151259,177.539414125073,151.987120094215,134.452782420609,8.7299742311561,13.4618717967559
114.228722836834,139.43730607327,177.499223375219,151.99644434766,134.525866306943,8.66700870082073,13.4551488652157
114.030885218652,139.05597965289,177.31706528381,151.998082004252,134.758725639431,8.45065933864301,13.4272275146542
113.972489946526,138.948914571589,177.253223214121,151.984267241287,134.805490405014,8.39928517285263,13.4183446950042
113.551071770905,137.976059627176,176.540910995239,151.720973317845,135.07341286385,8.02653334706066,13.3268477497448
113.212187017472,136.37340776871,174.916165013853,150.676403664329,134.752752320298,7.7602597977822,13.1839470298222
113.748335900541,134.327455411818,172.423741795384,148.806060241548,134.03779897423,7.79871771566416,13.1816409827127
113.78238966612,134.264565429182,172.344738048459,148.746388510002,134.025543852987,7.80504421029118,13.1860567742714
113.719016814426,132.174967667713,170.130412942054,147.225966009802,134.188026929076,7.89479912101812,13.1882462434334
113.60149562087,131.59488689379,169.611062872092,147.090768941641,134.712841737842,7.88864408466588,13.0958535408289
113.592152690328,131.570006525197,169.587274742846,147.080500837288,134.724136050207,7.88816563061414,13.0917707966263
113.461654141224,130.763073126718,168.758956707851,146.731319271264,135.115809734992,7.89567701135835,12.9903989241283
113.620558400539,130.036486272175,167.92780779497,146.337293732373,135.438757661763,7.93756185409602,12.9913088860023
113.685175433895,129.86398639514,167.72325848564,146.227572169528,135.503696890663,7.94961328140946,13.0073509380555
113.762322251894,129.579795990025,167.388762575294,146.035872146459,135.580073910886,7.96632469672409,13.0311010192624
113.708510643002,128.891437902924,166.599623374613,145.4819016205,135.520306437465,7.97952602958538,13.0666090067118
112.980236342029,126.464658994789,163.873452578879,144.063256155399,136.787960255534,7.86141140286515,12.8614099401941
112.926835760835,126.330840699766,163.713512246936,144.029655017704,136.965762545199,7.87074108056617,12.9008095164253
112.681623429654,125.706639613967,163.002476136229,143.694387554388,137.352414861186,7.91105537034732,13.1117732826565
112.227135333365,124.818760921086,162.05106187519,143.036725777154,137.47720441563,7.91818471658888,13.2777088952664
111.695924531145,124.093620550404,161.489530352865,142.689680043251,138.229774820707,7.77164799190678,12.9410961986705
111.085061348196,124.384646402582,162.471568468417,143.959661409289,139.946677632763,7.69811023836887,12.8261279273276
111.010686948161,124.332650981985,162.486693817591,144.051547967233,140.078034218507,7.71971424309926,12.9325168512808
110.154095279898,122.828057191454,161.505998036738,144.096757364669,140.931506449679,7.79723593388536,13.3045945408308
109.823907340104,121.959015455691,160.834561300253,143.970428202156,141.450215807934,7.56683338665645,12.1315907423119
109.534165031113,121.430495333675,160.396835778628,143.820039027987,141.692996303163,7.34812563530448,11.0116808397776
109.499785744129,121.369374055955,160.34695513527,143.806192901691,141.730808845214,7.31633232208553,10.8462284123745
109.454971329132,121.289700666973,160.281934244848,143.788144067514,141.780098609494,7.27488880019513,10.630556291332
109.422323335743,121.23165737271,160.234565522065,143.774995213089,141.81600696395,7.24469655448957,10.4734358205484
109.010248333901,120.544113341388,159.703691443714,143.837884732428,142.75382019334,6.71309841097049,7.48023533557796
108.913388326672,120.370831089088,159.570832820145,143.924399327221,143.144784653776,6.58508039241309,6.64212592137802
108.889575832856,120.339404545208,159.540851605351,143.915165613672,143.16267569546,6.57884189307418,6.59181730507659
108.131971680674,119.109512224743,158.355032715695,143.569257438243,143.841915262637,6.57948356253478,5.82555672982435
108.008856513357,118.7614251567,158.027489431453,143.50863600261,144.079910551809,6.66272662470722,6.04492242339923
107.875752109158,118.303253375969,157.609814294815,143.470962958093,144.459587153706,6.77841999293041,6.40004489284883
107.513109485115,117.613316093216,156.965423825209,143.277490815002,144.751619646785,6.87416696710728,6.73050253533195
107.431099340222,117.483960902456,156.847327808488,143.254471021468,144.826363734181,6.88255049998819,6.75891158697359
107.097164181154,116.990786789791,156.400357105775,143.197784491345,145.16179678761,6.90388598669387,6.82171199073814
106.278668244422,116.225077598268,155.716923813865,143.486472078185,146.278794885329,6.84248452387997,6.45614869713143
105.761986154586,115.861277259618,155.339860375744,143.498433382305,146.557068172057,6.81560939792881,6.26886397987164
105.265810956764,115.509796554045,154.957009595774,143.498980811216,146.790238368932,6.81435584161855,6.15599421793366
103.90226486354,113.244250288683,152.558841192387,143.404539815542,148.009177237149,7.133308157741,6.3750982313558
103.891201330562,113.009457148319,152.340466262976,143.412620308897,148.156396171196,7.1419815748351,6.32971305511224
103.891230033509,112.987627125288,152.320815375897,143.41570017321,148.173316911144,7.14211663242446,6.3235955897808
103.887011994837,112.752265722638,152.114392910819,143.471276694731,148.38428309651,7.13773746576051,6.24621157141447
103.886767400409,112.748443636014,152.111252532772,143.473049325515,148.3888188685,7.137439388147,6.2445104129007
103.880770387063,112.654732979215,152.034256138293,143.516511028853,148.500027800696,7.13013106374538,6.20280108045278
103.318259976288,111.924551868749,151.389826606647,143.50778657761,148.779888606438,7.04290710651209,5.97920359304228
103.289895145229,111.896558629861,151.365864820246,143.509199184647,148.790955968932,7.03880359493782,5.97185605863404
102.602883249477,111.407587487717,151.027097574923,143.776508600433,149.232150402548,6.94640848408373,5.90673208078665
101.864061569075,110.945914289651,150.774620729499,144.10986917187,149.713669137957,6.85699743891457,5.88999446575727
101.58015851796,110.74852489214,150.645083936218,144.157234127046,149.808618541812,6.82501315353142,5.87315608719429
100.264313910543,109.834241086452,150.116549775773,144.673735245567,150.726735360326,6.61655363146096,5.65677960607512
99.0328671731285,108.976409268807,149.345055952146,144.695516686773,151.16803729976,6.46157270692943,5.43161539681647
98.4772752227721,108.577312813072,148.967467134596,144.823129646831,151.586521067962,6.40600839047116,5.3430012967799
98.3616704207245,108.476490239085,148.880826014435,144.893382369325,151.751590551608,6.39497872172861,5.32100430189142
97.9993268339151,108.106170442137,148.558286997627,145.002546588833,152.131518005671,6.36486310742957,5.25124948090531
97.794643677679,107.870755057144,148.350770690328,144.999607604127,152.264219032134,6.34885832764533,5.21121369898388
97.4263103281181,107.259682563018,147.868562730427,145.071868470413,152.763551142367,6.2988471110745,5.0971459980205
97.2937461887827,106.891035069899,147.617716276413,145.170131394347,153.193236620039,6.25127269223815,5.01862470394915
96.9255026797009,106.242884998201,147.155051930078,145.141698598673,153.729346020237,6.13877758577844,4.8917099962931
95.57219465629,105.25253984561,146.533537333248,145.1329360764,154.871125630218,5.95956303475295,4.73594259624799
95.3006973192806,105.117198613043,146.451347149725,145.135589961484,155.012149479898,5.95520827201523,4.71731264174507
94.9559590789558,104.947367116138,146.346449027862,145.135623188274,155.175592348527,5.95382417187424,4.69415628240203
94.6094638034921,104.804508829763,146.280391527683,145.192420511985,155.400570983087,5.96454417011943,4.67304399417887
94.0179295465728,104.802543848039,146.490298918785,145.735234964059,156.262787283947,6.0340585989711,4.6374157108754
93.8435011697357,104.919090305046,146.668993957058,146.002939769438,156.540031951895,6.05472610534166,4.61948534187543
93.6135805849629,105.090935727674,146.892022608994,146.263823283991,156.696620623941,6.0549059125105,4.58830625216957
93.5882384071139,105.147685609708,146.960808020792,146.333744393595,156.73472848501,6.05198352418301,4.58266371764781
93.4276183599687,105.829560291492,147.809182901501,147.188872711251,157.235857021188,6.00684014396012,4.5293606573879
93.4153494248156,105.904121482178,147.906928723193,147.290199834363,157.301525803329,6.00134349876748,4.52417600752011
93.4008890661929,105.992000466229,148.022133475512,147.409625564479,157.378924055762,5.99486506688117,4.5180652981973
93.1450979144099,106.33997633054,148.532325777394,147.951476700594,157.683846121654,5.95280861323754,4.47169963518177
92.9855394948942,106.489613166992,148.773391310094,148.218341287706,157.836408732735,5.9308699095351,4.44642280654642
92.8403222800657,106.636703034149,149.013061217325,148.488557381492,158.002115242862,5.91043836980815,4.42301472469418
92.4711033636378,107.169284661338,149.863571120629,149.478098467073,158.683511123494,5.84454078409297,4.35519694078038
91.9543539687519,108.153277515815,151.316108577595,151.201288331351,159.757412966395,5.682292373247,4.23284783482336
92.0517697883179,109.189914070037,152.494222144358,152.444271777675,160.151269048374,5.57478019431469,4.16276813037289
91.9391307876345,109.412555404944,152.752466614613,152.704528572741,160.074338824474,5.55488403473448,4.12822942971487
91.7880934066008,110.624445553595,154.236895838299,154.289734419838,160.511011170437,5.48788718510505,4.00004311169433
91.7872851991886,110.646123141314,154.263207520527,154.317755453988,160.522952713289,5.48560414522607,3.99773149528435
91.6941347552231,110.756362463836,154.399158449877,154.453940010076,160.524334050092,5.45259678176263,3.96847827876127
91.679521085417,110.773657078767,154.420486764663,154.475304976797,160.524550757593,5.44741850573635,3.96388896250216
91.5593125553262,111.018706238922,154.696524411503,154.72979307585,160.540704853175,5.36458449801102,3.90681602836484
91.5566287374256,111.111916274817,154.789765893509,154.804479230492,160.550859334833,5.33096803313252,3.88974480157989
91.6945727020174,111.602555606112,155.244917615964,155.127214511628,160.610069216879,5.15511003428802,3.81795174787039
91.7687215898266,111.733208753914,155.358621892722,155.197396342221,160.625988396581,5.10950523305888,3.80318519575712
91.8224726317276,111.954403562288,155.506967651615,155.187460834305,160.441327496751,4.9614735692363,3.74218550378975
91.869637869203,112.104483118378,155.594421603301,155.139805558939,160.254061350659,4.83627579825826,3.68665966883221
91.8982727830514,112.153974845899,155.629287782349,155.141968842226,160.220912438397,4.80256224353013,3.67187402063556
91.9459618293413,112.236399165289,155.687354477971,155.145571609023,160.165705706514,4.74641514699831,3.64724976421178
92.0474723229491,112.370347336991,155.794265884008,155.193646322569,160.142333045413,4.67173405254212,3.61618796156852
92.2650538225844,112.652847714239,155.992914599581,155.264405311134,160.02131480584,4.4617136470647,3.53035945510589
92.700253335654,113.058459837819,156.171710482984,155.215878731772,159.574473192145,4.14394586846171,3.4609399087226
92.8659498352302,113.194008831119,156.230527885669,155.169110561243,159.366020273072,4.0595924739534,3.4635211671443
92.8802913594852,113.201832054048,156.203936864036,155.088934536552,159.207705032833,4.02223785183958,3.46163424860838
92.8933566736056,113.208487919602,156.193368259745,155.043883068786,159.112467100431,3.99822057038722,3.46118613493683
92.9647358095544,113.243247309031,156.187146390696,154.905379538393,158.779774757821,3.89837205118999,3.46148093847262
92.8089706080631,113.039942457205,156.108801020504,154.674225754079,158.273084056794,3.48553403019517,3.43820208561167
92.8394785596732,113.091591027268,156.121794477958,154.640363255478,158.178397996355,3.44337932822091,3.45635644935791
92.9418334013732,113.234857635716,156.175370534032,154.585469096194,157.993434049669,3.38846481035931,3.50099542127879
93.0111328804949,113.340142004178,156.203122694299,154.517078093857,157.813881725815,3.35456799045316,3.53793241417966
93.0884648250262,113.559830206089,156.146415943514,154.081018612982,156.962548257982,3.27926058733906,3.66268189704739
93.480173341118,114.135989470953,156.302693142562,153.528369123512,155.710265168623,3.20517848917812,3.94112128138385
93.5891900535009,114.274817309518,156.363925361603,153.436389246624,155.479755042472,3.19363990174731,4.0078346124101
94.0397786882719,114.813125440825,156.59001980481,152.876727256154,154.369507783727,3.13125487996431,4.39178772067602
94.2927141386918,115.007826495237,156.631466755648,152.501800161175,153.930903801831,3.08118802513474,4.6714598882608
94.3520995341709,115.043985001317,156.641813421649,152.473705692434,153.930052514225,3.0750176881049,4.71186016793123
94.5604113101858,115.172744295622,156.678142225333,152.402947253862,153.960715824979,3.05790421175062,4.83768716170716
94.7830206338895,115.295576337925,156.638356899661,152.259544801585,153.966279690449,3.04172472169699,4.98095957178487
94.9482998348017,115.37723159582,156.509713519544,152.026030417044,153.852715361106,3.032229550439,5.11669702782299
94.9575545185421,115.382738534935,156.505232832245,152.01683018572,153.848270361309,3.03205112607786,5.12297108676763
96.144810520352,116.336531151059,156.830540891761,151.874998147421,153.714731000729,3.08436386406457,5.68716322358007
96.2326903139697,116.413496545835,156.872338116407,151.84921054489,153.64863682958,3.09191897585142,5.75044242869232
96.3207305714721,116.490602475376,156.914211660587,151.823375855552,153.582421973948,3.09948788287533,5.81383717830746
96.9130545839344,117.005533204111,157.34119782327,151.85963540663,153.361171755836,3.14852169071297,6.19449584852671
97.9703982777724,117.895468741067,158.249089376317,152.285284165291,153.483229933112,3.22181651791598,6.70713822098239
98.0593298462315,117.968535102703,158.316423055073,152.306780692856,153.478922138504,3.22823925831325,6.75218956527586
98.723572809152,118.52058945652,158.719610483656,152.345780164193,153.337630565415,3.28147155976914,7.08311475506907
98.7970100408742,118.584944652017,158.759000780646,152.355598113575,153.337078227348,3.2875300847243,7.10974415651603
99.2574359801569,118.996555501298,159.002577813945,152.425774311855,153.357207636526,3.32706499492446,7.26378953100343
99.3008865659163,119.036276676772,159.025198680619,152.433327592087,153.361654271735,3.33096326426632,7.27693291683405
100.020235828637,119.712836539054,159.389388912283,152.546236815854,153.455504920164,3.40306143906121,7.48350895841971
100.274186001842,119.977558898184,159.439431678274,152.42506145685,153.341687669243,3.44695063663401,7.58798437960928
100.659557858687,120.377481036177,159.532593833987,152.26096782523,153.25675076428,3.52077323321778,7.7409948746316
100.856765403935,120.575880193145,159.584685821597,152.184073483115,153.246462648544,3.55991523915526,7.81729314490813
102.113472924237,121.611590486514,159.488969373716,151.060219080032,153.13166318055,3.86826005334329,8.38795742357482
102.439445293967,121.797424158597,159.347667325843,150.659922832184,153.100357465242,3.95160163444631,8.54256429718353
103.172094834782,122.216251485612,159.227618957304,150.176674829938,153.217443503433,4.09027422016069,8.82680047221189
103.220730375568,122.230026278606,159.18258796191,150.09562175809,153.191765255803,4.10290833093402,8.85779248510616
103.301983247239,122.253039109745,159.107357016992,149.960210601167,153.148865941316,4.12401548353804,8.9095692312026
103.746315242782,122.41730811453,158.883528833615,149.520718543387,153.068096681948,4.20605552168999,9.15579614495938
105.435445217915,123.096764087019,158.370460995099,148.372769155308,152.993264328624,4.43177646758595,10.0933467583524
105.78414172597,123.313207254068,158.378111699851,148.268285150994,153.068393939198,4.48956176649867,10.2462873789943
106.197736967671,123.545911149405,158.249558947175,147.945194251157,153.023825838526,4.59147957114732,10.4841685571743
106.199336551335,123.5466798093,158.248770457241,147.943614865033,153.023501152775,4.59190515526305,10.4851966302334
106.219981716507,123.556600584841,158.238593743575,147.923230381173,153.019310567993,4.59739799352987,10.4984655442543
106.581285748486,123.723011172941,158.099889733595,147.637974714499,153.005290329061,4.6764492952871,10.710165502098
107.345098208052,123.986214140961,157.855735082223,147.184522270611,153.141802945348,4.7687843588501,11.1024185710938
107.400430353022,123.968700393217,157.764013312467,147.060977683079,153.104921879132,4.77672551532373,11.1541922131877
108.05914413103,124.055063336673,157.234921985309,146.274844698049,153.015724576781,4.87052310129105,11.5831718214211
108.475785904067,124.338418262201,157.291685013063,146.22996337943,153.14527636744,4.94966568459067,11.7284135786684
109.480529302846,125.536673743084,157.927256014997,146.444942756808,153.011106782076,5.36955217130585,11.8426177394322
109.865988066758,125.953209394111,158.185008582317,146.530106266925,152.843788555028,5.50764534413431,11.8104882510187
110.729285921807,126.365789172953,157.843132908235,145.404546004398,150.975807665223,5.78245001060074,11.6823694012396
110.956105750022,126.455624977766,157.774110373363,145.182122632446,150.628716519351,5.81560813975266,11.6705665377935
112.542074701757,127.133914580374,157.300638176375,143.5697240198,147.980179431784,6.10550535771172,11.5299706285114
113.041584269645,127.020139666576,156.737989702249,142.539317886664,146.876186290652,6.27112543118771,11.4439281011346
113.115558358532,126.784313335347,156.311527015512,141.925490462156,146.359803226049,6.34211858887962,11.4060050443436
113.68852605414,126.743080012864,155.103414716723,140.326166827236,145.566359520359,7.07952785459135,11.0940060078335
113.723660523891,126.797915281436,155.137991972009,140.37408705625,145.616668852805,7.10115338430744,11.0824536773345
113.751744538758,126.90914736973,155.111383912969,140.416606740592,145.67913774529,7.21890239905986,10.9918359225785
113.842404222039,126.979025220796,155.106771865768,140.436665586208,145.728631759675,7.27425190284789,10.9530274318623
113.869949349784,126.997454142571,155.106444087597,140.441542737172,145.741923985426,7.28766838555618,10.9440024294225
114.341519975432,127.208640927877,155.082172824692,140.388190566121,145.781016549011,7.43011519133339,10.8643039118025
114.784181120634,127.451663666732,155.239274647977,140.575216059032,146.01956409925,7.54784340911915,10.7711853702132
114.837323159096,127.485329638276,155.276318216086,140.623854984528,146.076130723965,7.55657075711737,10.7626797356774
114.883125115466,127.514345600109,155.308245254253,140.665775806684,146.124884256049,7.56409266677306,10.7553489159879
114.985406305985,127.564117459147,155.367273437714,140.756190257219,146.236996273833,7.58596673990452,10.7278652743126
114.987220610013,127.559545912948,155.363866462294,140.756632436714,146.240161074463,7.58819782623696,10.7233432559539
115.285097701847,127.551030109832,155.366321204124,140.857805685777,146.41721879248,7.67324215498723,10.5924955503306
115.603899152064,127.725032819245,155.479383038409,140.935173249371,146.447767681447,7.72763230099916,10.5686801488356
115.673110843658,127.732674986488,155.414293523406,140.809312030487,146.247325745676,7.76959460622669,10.5447242655038
115.673710957619,127.732932908663,155.414161798677,140.80885874817,146.246452170694,7.76985807354612,10.544593332109
115.754163568097,127.773407247326,155.427851421633,140.804788870843,146.211870964512,7.79732803284361,10.5276723063571
115.855441508752,127.825737393614,155.484435981575,140.87936289042,146.287429325769,7.82153890700914,10.5030223826785
115.805997035399,127.289370534907,155.551198595856,141.874456703998,147.917245647179,7.8075630443396,10.0337835734751
115.732659600757,127.060415561359,155.59492475996,142.402194246448,148.665709454383,7.7707241235378,9.79113588528447
115.417471445742,126.763439401629,155.665574684647,143.245380705751,149.386819107104,7.71509385101554,9.30047858847022
115.385554923121,126.748902707878,155.673475838758,143.303271521754,149.40689013278,7.71214907549687,9.26262982860464
115.295695664449,126.767054805248,155.780136886268,143.577902238019,149.448069109589,7.70740244454045,9.11963325756321
115.234486962052,126.873023940257,156.007610667164,143.969034446854,149.469285670143,7.70991134744322,8.95824576550627
115.217173995721,126.995217070342,156.247137440185,144.307144857287,149.483665133022,7.71653361370766,8.84324966238413
114.77356142446,126.936777487903,156.632701991315,144.927544360977,149.188624703109,7.72297444780451,8.47807371212035
114.099853259694,126.502317643283,156.932889986201,145.80082112536,149.219862937811,7.69146343145508,7.68928754726792
113.836767470368,126.279796234781,156.783900187406,145.838622852667,149.116174631767,7.67115286126341,7.42586716207713
113.676085935928,126.155419980117,156.67835705529,145.893468542919,149.054426388944,7.65387150541482,7.20842341950645
113.641491117599,126.131369900147,156.656523052141,145.913379214326,149.042270311943,7.64928405561766,7.15317995853887
113.385771899454,125.997378756907,156.533002823084,146.155306838142,148.949997770057,7.6021878263111,6.68979551245972
112.142930930733,125.091093896729,156.373210952773,146.693401850152,148.309239144021,7.38310798982915,5.8345537448638
111.774739499084,124.790739014771,156.365113741617,146.807859106201,148.070548697145,7.3202407011137,5.66816521902495
111.504753268797,124.594311391803,156.464443573416,147.035069515074,147.890736235457,7.2598880874788,5.50674239783891
111.328721814042,124.530897925929,156.719339482721,147.440793429422,147.77067430935,7.19627045113109,5.33214900217888
111.316497472706,124.53329228417,156.754378797718,147.491897548984,147.762336486161,7.18973234419504,5.31409144702199
110.553945313044,124.474412541569,157.624231631042,148.709133470026,147.073130414163,6.97662589912783,4.76304305694029
110.471691812497,124.546123335996,157.846071265181,148.943410011972,147.011098430812,6.94400011289181,4.68422737684745
110.408297675895,124.611660867693,158.032924780053,149.132416217568,146.966641472832,6.91818851403689,4.6215691421144
109.575685643525,124.851433714749,159.076053738992,149.917449186019,146.340235835897,6.75117166117011,4.17620115186209
109.573225807828,124.852489977273,159.079320381357,149.919368910122,146.338493422488,6.7507921807598,4.17489119176721
108.991266634341,125.248080539225,160.062685193879,150.516436197971,145.947266263423,6.66125846415036,3.81967477086492
108.965656368847,125.279906029108,160.127316579797,150.558012850108,145.931862591587,6.65718917579587,3.79941999721486
108.752412267377,125.419866767769,160.466246059525,150.756217639974,145.778482876377,6.63063216750846,3.6718596573532
108.27548340975,125.535899538233,160.926119545677,150.982279920312,145.389394782681,6.58042178792963,3.45022290988346
107.746613215422,125.902056905552,161.983227181276,151.665870796562,144.979793635439,6.47180735693769,3.12253977057466
107.112705843583,126.031667849136,162.804227224367,152.143562623542,144.485373055578,6.32283741625469,2.85894223864663
105.535408794524,126.554791493814,164.456454532744,153.18775328959,143.497374225651,6.06536693591863,2.31236946697256
105.051805198103,126.614165366646,164.733706348165,153.365632070915,143.213622791296,6.02066519633042,2.19111983145212
104.562301309719,126.679154471552,165.047734515939,153.584474877487,142.961688549947,5.97180937603645,2.08039476103815
103.062211276834,126.547016952051,165.771890763875,154.036477985339,142.304834354912,5.7522879396288,1.91918856365454
102.70876710431,126.40492886895,165.785496840291,153.991248184563,142.133822728741,5.68779633058996,1.92602029405314
101.24817814473,126.045975015706,165.921978483701,153.882475498834,141.823062638926,5.32869237267731,2.16075198156095
99.976859929836,125.964841928373,166.192869030315,154.137216113051,142.084130159136,5.16042442257339,2.35314826571492
99.6676695176582,126.0029662425,166.419797322253,154.384026723856,142.321761960959,5.1347137297543,2.40226890688795
99.6651244000074,126.003399181835,166.422322192551,154.386790589838,142.324390790362,5.1345522385015,2.40267816492489
99.6037993228677,126.013830934602,166.483159406,154.453386448174,142.387732917563,5.13066107711189,2.41253931247429
98.7642649448165,126.141334512209,167.430035051179,155.48811206216,143.366068635048,5.08484668826309,2.54646392694486
98.661304380988,126.12196994517,167.496195619445,155.560624005614,143.431767215244,5.08005766397327,2.55604109871073
97.6823133432484,125.947878637443,168.144196638987,156.26600211773,144.078195926501,5.02907294631375,2.65542258475377
96.8795084002224,125.902012251593,168.6807143235,156.836162992518,144.624472875669,4.95960189649245,2.77193326449851
96.854104354353,125.908594085792,168.694682376775,156.850466135674,144.639266073224,4.9557047962377,2.77750181463659
95.9301641247584,126.805882462303,168.084061471458,156.15357971049,144.047696799651,4.67764400207428,3.05511319175739
96.0523962466859,127.854945265693,166.946122441456,154.901034026263,142.905580618039,4.50461910132966,3.19594127069836
96.3407963451263,128.620228514799,165.953821000621,153.783663796188,141.871207698546,4.36810628941524,3.32559571229246
96.3874502013599,128.7256713118,165.224037358176,152.946326092655,141.06253382333,4.28349146420961,3.40938549652661
96.6308943208718,127.871102407555,163.715345639827,151.117971242282,139.212086835287,4.13406659963192,3.66658370927395
96.7185553643244,127.45514681899,163.354024556638,150.668138055038,138.734444640946,4.11115931272582,3.73797522477568
96.6161642995012,126.233979037829,162.223412621565,149.33305776312,137.300796500737,4.07827873462307,3.8644397106115
96.8693318196591,125.046620803086,160.193957865224,147.030832019024,134.87742386923,4.10217832022916,4.09226501806088
98.2436059850464,125.540269528414,157.348739789616,144.732733969099,133.443824872255,4.21890014369151,4.43631136618643
98.5141827904612,125.223983281259,157.160201324917,144.648545631826,133.466832143044,4.23106129184613,4.46800135270167
98.5948375776654,125.108952867852,157.086865817569,144.6095119132,133.463214977779,4.23548000902226,4.47825157306262
98.7896041499576,124.333065493983,156.468106929007,144.164355552144,133.209169833764,4.26471455381603,4.5237280740626
99.6198452938139,122.757742282406,154.845482216943,143.038762066188,132.910087574818,4.37526488312489,4.70635759291298
99.6330957665108,122.698988037487,154.785133761683,142.990633859027,132.890663476669,4.37692327344963,4.7112385030188
99.7722283695657,122.295031739913,154.387840471093,142.674542099388,132.786459440151,4.38497370933541,4.74804718922659
99.8421019287073,122.142000924536,154.240502608074,142.557687572529,132.755957454334,4.38718632848673,4.76355120249395
100.831606952262,119.628491172381,151.677372061963,140.329122221031,132.044992750196,4.3630246335088,5.02006364150848
101.324554214656,118.357241029083,150.265130780116,138.977602613165,131.61802385259,4.29353640154329,5.16895640461096
101.766496328615,117.521820160956,149.354347528782,138.11349524427,131.424690087542,4.22834207927674,5.28759553486436
101.894688345187,117.35609618804,149.165819079528,137.941362593565,131.409984654839,4.21375208344719,5.318135710854
102.077492751653,116.701600674939,148.428538828739,137.245802898093,131.187278420278,4.16348154026933,5.40122255318652
102.844046602276,115.087154440906,146.47996848353,135.454595618869,130.960485994661,4.02709002290083,5.6862316166484
102.954526537881,114.45615426169,145.742659360357,134.745027638645,130.79033897876,3.98585062717537,5.76364686677063
103.006990034976,114.266077691432,145.520495009329,134.531838991648,130.751337539573,3.97440735791371,5.78799178011205
103.01279538526,114.252973412052,145.50494234467,134.517099886362,130.749808972263,3.97373772793202,5.78979804574445
104.458985372221,111.520034806986,142.008502949877,131.489002674622,130.529551442025,3.93071410075752,6.12966168365698
105.58125890069,109.167763981873,138.897141897558,129.249752034968,130.712501967562,3.91914527228675,6.42142597585832
105.787439455492,108.961877383123,138.552735623225,129.019102321528,130.740881421144,3.92426672973608,6.45630710377174
NaN,NaN,NaN,NaN,NaN,NaN,NaN
NaN,NaN,NaN,NaN,NaN,NaN,NaN
NaN,NaN,NaN,NaN,NaN,NaN,NaN
NaN,NaN,NaN,NaN,NaN,NaN,NaN
NaN,NaN,NaN,NaN,NaN,NaN,NaN
NaN,NaN,NaN,NaN,NaN,NaN,NaN
NaN,NaN,NaN,NaN,NaN,NaN,NaN
NaN,NaN,NaN,NaN,NaN,NaN,NaN
NaN,NaN,NaN,NaN,NaN,NaN,NaN
NaN,NaN,NaN,NaN,NaN,NaN,NaN
NaN,NaN,NaN,NaN,NaN,NaN,NaN
NaN,NaN,NaN,NaN,NaN,NaN,NaN
NaN,NaN,NaN,NaN,NaN,NaN,NaN
NaN,NaN,NaN,NaN,NaN,NaN,NaN
NaN,NaN,NaN,NaN,NaN,NaN,NaN
NaN,NaN,NaN,NaN,NaN,NaN,NaN
NaN,NaN,NaN,NaN,NaN,NaN,NaN
NaN,NaN,NaN,NaN,NaN,NaN,NaN
NaN,NaN,NaN,NaN,NaN,NaN,NaN
NaN,NaN,NaN,NaN,NaN,NaN,NaN
NaN,NaN,NaN,NaN,NaN,NaN,NaN
NaN,NaN,NaN,NaN,NaN,NaN,NaN
NaN,NaN,NaN,NaN,NaN,NaN,NaN
NaN,NaN,NaN,NaN,NaN,NaN,NaN
NaN,NaN,NaN,NaN,NaN,NaN,NaN
NaN,NaN,NaN,NaN,NaN,NaN,NaN
NaN,NaN,NaN,NaN,NaN,NaN,NaN
NaN,NaN,NaN,NaN,NaN,NaN,NaN
NaN,NaN,NaN,NaN,NaN,NaN,NaN
NaN,NaN,NaN,NaN,NaN,NaN,NaN
NaN,NaN,NaN,NaN,NaN,NaN,NaN
NaN,NaN,NaN,NaN,NaN,NaN,NaN
NaN,NaN,NaN,NaN,NaN,NaN,NaN
NaN,NaN,NaN,NaN,NaN,NaN,NaN
NaN,NaN,NaN,NaN,NaN,NaN,NaN
NaN,NaN,NaN,NaN,NaN,NaN,NaN
NaN,NaN,NaN,NaN,NaN,NaN,NaN
NaN,NaN,NaN,NaN,NaN,NaN,NaN
NaN,NaN,NaN,NaN,NaN,NaN,NaN
NaN,NaN,NaN,NaN,NaN,NaN,NaN
NaN,NaN,NaN,NaN,NaN,NaN,NaN
NaN,NaN,NaN,NaN,NaN,NaN,NaN
NaN,NaN,NaN,NaN,NaN,NaN,NaN
NaN,NaN,NaN,NaN,NaN,NaN,NaN
NaN,NaN,NaN,NaN,NaN,NaN,NaN
NaN,NaN,NaN,NaN,NaN,NaN,NaN
NaN,NaN,NaN,NaN,NaN,NaN,NaN
NaN,NaN,NaN,NaN,NaN,NaN,NaN
NaN,NaN,NaN,NaN,NaN,NaN,NaN
NaN,NaN,NaN,NaN,NaN,NaN,NaN
NaN,NaN,NaN,NaN,NaN,NaN,NaN
NaN,NaN,NaN,NaN,NaN,NaN,NaN
NaN,NaN,NaN,NaN,NaN,NaN,NaN
NaN,NaN,NaN,NaN,NaN,NaN,NaN
NaN,NaN,NaN,NaN,NaN,NaN,NaN
NaN,NaN,NaN,NaN,NaN,NaN,NaN
NaN,NaN,NaN,NaN,NaN,NaN,NaN
NaN,NaN,NaN,NaN,NaN,NaN,NaN
NaN,NaN,NaN,NaN,NaN,NaN,NaN
NaN,NaN,NaN,NaN,NaN,NaN,NaN
NaN,NaN,NaN,NaN,NaN,NaN,NaN
NaN,NaN,NaN,NaN,NaN,NaN,NaN
NaN,NaN,NaN,NaN,NaN,NaN,NaN
NaN,NaN,NaN,NaN,NaN,NaN,NaN
NaN,NaN,NaN,NaN,NaN,NaN,NaN
NaN,NaN,NaN,NaN,NaN,NaN,NaN
NaN,NaN,NaN,NaN,NaN,NaN,NaN
NaN,NaN,NaN,NaN,NaN,NaN,NaN
NaN,NaN,NaN,NaN,NaN,NaN,NaN
NaN,NaN,NaN,NaN,NaN,NaN,NaN
NaN,NaN,NaN,NaN,NaN,NaN,NaN
NaN,NaN,NaN,NaN,NaN,NaN,NaN
NaN,NaN,NaN,NaN,NaN,NaN,NaN
NaN,NaN,NaN,NaN,NaN,NaN,NaN
NaN,NaN,NaN,NaN,NaN,NaN,NaN
NaN,NaN,NaN,NaN,NaN,NaN,NaN
NaN,NaN,NaN,NaN,NaN,NaN,NaN
NaN,NaN,NaN,NaN,NaN,NaN,NaN
NaN,NaN,NaN,NaN,NaN,NaN,NaN
NaN,NaN,NaN,NaN,NaN,NaN,NaN
NaN,NaN,NaN,NaN,NaN,NaN,NaN
NaN,NaN,NaN,NaN,NaN,NaN,NaN
NaN,NaN,NaN,NaN,NaN,NaN,NaN
NaN,NaN,NaN,NaN,NaN,NaN,NaN
NaN,NaN,NaN,NaN,NaN,NaN,NaN
NaN,NaN,NaN,NaN,NaN,NaN,NaN
NaN,NaN,NaN,NaN,NaN,NaN,NaN
NaN,NaN,NaN,NaN,NaN,NaN,NaN
NaN,NaN,NaN,NaN,NaN,NaN,NaN
NaN,NaN,NaN,NaN,NaN,NaN,NaN
NaN,NaN,NaN,NaN,NaN,NaN,NaN
NaN,NaN,NaN,NaN,NaN,NaN,NaN
NaN,NaN,NaN,NaN,NaN,NaN,NaN
NaN,NaN,NaN,NaN,NaN,NaN,NaN
NaN,NaN,NaN,NaN,NaN,NaN,NaN
NaN,NaN,NaN,NaN,NaN,NaN,NaN
NaN,NaN,NaN,NaN,NaN,NaN,NaN
NaN,NaN,NaN,NaN,NaN,NaN,NaN
NaN,NaN,NaN,NaN,NaN,NaN,NaN
NaN,NaN,NaN,NaN,NaN,NaN,NaN
NaN,NaN,NaN,NaN,NaN,NaN,NaN
NaN,NaN,NaN,NaN,NaN,NaN,NaN
NaN,NaN,NaN,NaN,NaN,NaN,NaN
NaN,NaN,NaN,NaN,NaN,NaN,NaN
NaN,NaN,NaN,NaN,NaN,NaN,NaN
NaN,NaN,NaN,NaN,NaN,NaN,NaN
NaN,NaN,NaN,NaN,NaN,NaN,NaN
NaN,NaN,NaN,NaN,NaN,NaN,NaN
NaN,NaN,NaN,NaN,NaN,NaN,NaN
NaN,NaN,NaN,NaN,NaN,NaN,NaN
NaN,NaN,NaN,NaN,NaN,NaN,NaN
NaN,NaN,NaN,NaN,NaN,NaN,NaN
NaN,NaN,NaN,NaN,NaN,NaN,NaN
