133.245776281929,79.8759816202264,97.0855536025298,76.6409868779402,73.8260253670951,4.83667692515465,10.5850091770507
135.783495566438,81.1277471604467,98.206986633118,77.725189416163,74.9981644140595,4.91512475643339,10.8091535858555
138.937178025148,82.3828558430048,99.2939234175163,78.7102558007774,76.1768927043708,5.06457381583892,11.125725403632
138.784087435509,82.2890234336306,99.2076279281022,78.6227709852408,76.0892841297498,5.06303760377103,11.1145109182294
130.067900260831,77.2530414432869,94.609416213949,74.0118491716036,71.3873648878967,4.92407575804928,10.4370852490352
123.676698014109,73.6628862607041,91.3450517437578,70.7552834385923,68.0377879743256,4.80620531039837,9.92728043728365
115.182666009515,68.9028334176822,87.021978639137,66.4419671098534,63.6010009819227,4.64977966738179,9.24795427298398
111.661994726108,66.8987881289463,85.202035145365,64.6171842128694,61.7360357904957,4.59128240484585,8.96906399720624
108.98901718475,65.3772691862659,83.8202906728493,63.2317655501049,60.3201097721842,4.54686988904911,8.75732385345289
108.169004763675,64.9104996707743,83.3964009795451,62.8067486937045,59.8857339106686,4.5332450777512,8.69236649962871
106.637479369215,64.0033499764247,82.5719210876171,61.9711716667533,59.0459106122281,4.51607730101502,8.5753876681525
103.868202356648,62.3003536124375,81.022987215388,60.3862315531393,57.4767521686452,4.49971169608759,8.37156433708804
104.091904996983,62.162322808426,80.8902444643946,60.1875722902448,57.3810261097924,4.56762506695444,8.42416762955865
106.791062266776,63.3348041035834,81.9413600896231,61.1520629167039,58.5166062766622,4.70491175065647,8.68949912239895
111.841306279881,65.7527042093541,84.1120653334808,63.2153201028394,60.8193743371683,4.91509718295974,9.16175747587831
113.807615745176,66.711602561944,84.972421495528,64.03790632989,61.7294394475263,4.99423560705123,9.34438960035104
117.774483298529,68.6490840574618,86.691191944235,65.6755819316444,63.545425843021,5.16645551664394,9.72153160283224
118.944931881827,69.2104919221857,87.1770294859341,66.1303827109851,64.0603257532321,5.2300853353775,9.84065871332043
118.980438603422,69.0961829510416,86.939405542672,65.8034536105966,63.8255827741487,5.38057006108447,9.9327895688776
117.730997890607,68.4376560242169,86.3039155316441,65.157572347731,63.1573406073405,5.38317672979633,9.84670452929764
117.325482380819,68.2239260891335,86.0976624032291,64.9479466593033,62.940457517046,5.38402274400149,9.81876497334085
113.258973944495,66.1123118592592,84.0659131962655,62.8881987549374,60.7949388669514,5.38131874147778,9.53016063119629
109.04122069282,64.5179014932762,82.1561755386088,60.8566150023178,58.6697798212789,5.69641231501119,9.38983503066984
111.405866371685,66.0547265249956,83.5051091581269,62.2396114991233,60.1379522609335,5.85676770576891,9.64887146203007
111.576112530969,66.1677736525842,83.6047766583361,62.3431559247095,60.248125999092,5.8688308496513,9.66793208384312
111.796312774602,66.3319442255911,83.7495000968784,62.4990189082561,60.415200942776,5.89019876121942,9.69610519748104
111.693304312844,66.6910872211075,84.052670291714,62.9329748089742,60.9051057832755,6.02869036742294,9.77008976713718
110.764196449988,66.3286994876178,83.7147148155309,62.6423754283638,60.6112058742695,6.05757610119837,9.71830102160923
110.475052116823,66.2159220978919,83.6095409011699,62.551939035041,60.5197423353157,6.06656552703832,9.70218403144077
109.70907667208,65.8963624933642,83.3099690610679,62.2808626641861,60.2410576959071,6.08671355069565,9.65570309544491
108.808243681488,65.5153811523964,82.9524561526731,61.9542458652734,59.9042806657299,6.10949936281143,9.60009967064202
108.359480953884,65.3223554775841,82.7682459354272,61.7825734846536,59.7255108942869,6.12226966258835,9.57226355957296
107.874859576598,65.111918683096,82.5655621318288,61.5916761155607,59.5256980994033,6.13693237994713,9.54211933379523
106.699684983012,64.6288503616158,82.0902462783483,61.1451910420697,59.0526484139301,6.18816430143942,9.47530529001771
106.155893783344,64.4988529784576,81.9362165196316,61.0126284773287,58.8955775660703,6.2561278563796,9.46451895801715
106.145241875421,64.5054614540831,81.939980607222,61.0178403825498,58.8992660057082,6.26148477371029,9.46623156444836
106.267054138597,64.7377203359197,82.1335965402732,61.2345357268097,59.1022000844941,6.32711869538227,9.51012434914215
106.663097176278,66.3015394432345,83.7047899918251,63.1768104017832,61.1836257791106,6.5187515796556,9.7813054378331
105.841886428894,66.2038318494981,83.6670679247426,63.2510200717725,61.3644977494367,6.52879340243716,9.77174066539661
105.060779396288,66.0726302298639,83.5859051030269,63.2606131652292,61.485929903904,6.5427989085828,9.756395123216
104.699991832664,66.0073585655898,83.5421738016625,63.2563092041363,61.5368094448943,6.55104808730097,9.74858185192417
102.597584467313,65.6683110284306,83.2985592328011,63.2558032662945,61.9176893333163,6.67595364516753,9.70952284891075
102.199000297715,65.8295324429302,83.4999297289567,63.5865656841193,62.3425456834433,6.7791284114825,9.73080547100053
102.103093314563,65.9718505035629,83.6691804668526,63.8279705334013,62.6036728135142,6.8342450338938,9.74816419719929
102.076204479179,66.1032635196688,83.830795532436,64.048939445131,62.8167247542722,6.87207224886572,9.76285984529313
102.05351318476,66.2803508607604,84.049753231712,64.3462833193253,63.0976620690287,6.92017737807596,9.78237042679037
101.786925460287,66.7903803624106,84.7665414307968,65.3645772547172,63.99303961813,7.05682566145699,9.82822287775018
101.495386811597,67.0696809416643,85.2214771435605,66.0305664889621,64.5608489442507,7.12654584515959,9.84704278613035
100.699469968815,67.5596579338489,86.1336273849611,67.3696334958428,65.7688680149077,7.24013255504526,9.87228739349923
100.679050061856,67.5706664919245,86.1552044314158,67.400943204972,65.7986759155761,7.24256952529822,9.87281277719394
100.612133137971,67.6067420158869,86.2259133517911,67.5035464845466,65.8963577034583,7.25055558288656,9.87453448242889
100.023343970408,67.9310110712645,86.8605070022687,68.4054624824504,66.7986891150547,7.32077444566795,9.89102707611825
99.6882245407252,68.1154211801971,87.2229287353571,68.9111113616844,67.3289236353887,7.36037406580617,9.90071265846511
99.2026368943489,68.3025663279156,87.6363476361033,69.4817846310327,67.989564003654,7.41011462534109,9.90637356547262
98.2942081772933,68.7003367979347,88.4696097571089,70.5753093084417,69.355161613419,7.52028546233481,9.91771254280241
98.1032068917066,68.8191214032035,88.6902962540221,70.8442704203735,69.7136755863962,7.55243019229888,9.92114354256666
97.0595546719736,70.4617675058372,91.19976629621,73.6855758028691,73.2503333467974,7.90985293833135,9.95620528410555
97.0586577569358,70.4688765632365,91.2094888777594,73.6963572542895,73.2617917724428,7.91102937526147,9.95628027046014
97.0322009571668,70.6785763678219,91.4962812521123,74.0143836998516,73.59978730177,7.94573138714517,9.95849218450465
97.0581658702469,71.4405320594314,92.5097933764642,75.1422411755694,74.7415101766311,8.05373126054334,9.97300927570107
97.0587303628881,71.4466042262651,92.5177865919852,75.1511481334144,74.7503557411889,8.05453894809916,9.97314394236202
97.1296216579025,71.8702511500422,93.0687606904499,75.7671009711627,75.3458433252087,8.10299730805945,9.98584916784108
97.1647652707948,72.0602539135736,93.3151563991782,76.0427697607463,75.6106133911318,8.12389150772696,9.99189920939932
97.2704245878004,73.4227743307863,95.1173604701085,78.062301443144,77.5388137233788,8.25122042288033,10.0354679665157
97.2015531836123,73.7720712308635,95.6009002209206,78.6021731200084,78.0568712418679,8.27910090760587,10.0429288519985
97.2009342099208,73.7749087834973,95.6048269398416,78.6065041576159,78.0610713129888,8.27930439931396,10.0430007855974
97.0753077076014,74.3527559206534,96.4021712559242,79.4811003336733,78.9107406797766,8.31939001573973,10.0584345609677
96.8882572795291,75.3201686316914,97.7036615261621,80.8547362830597,80.2499234435616,8.37224377006352,10.0923657403068
96.7830837113403,76.2026101347427,98.8433229059239,82.0136006280184,81.3475993052816,8.40987045366496,10.1279643104905
96.7293241341304,76.3854947271451,99.0799899496899,82.2490571044992,81.5580487307146,8.41546779812684,10.132485462077
96.530402254526,76.8806672065329,99.7246255689608,82.8850725749256,82.1101619874916,8.42786857912044,10.1401656644453
96.53012042034,76.8813687710512,99.7255388941083,82.8859736869739,82.1109442261805,8.42788614865087,10.1401765458203
96.4875157981799,77.0441426149412,99.9292711763359,83.0851750056874,82.2746758762991,8.4309347251087,10.1433265549042
96.4133534646602,77.3392949090244,100.29758317943,83.4450408958143,82.5691555227741,8.43632316446617,10.1491231997853
96.3690516999178,77.51560769309,100.517598798391,83.6600111272863,82.7450664926751,8.43954201373121,10.1525858955452
96.3267844803593,77.8068387606583,100.871747582814,84.0072610367681,83.0210273575779,8.44391854443851,10.1595278520679
96.2566194699797,79.609416286391,103.014812979621,86.1410989610125,84.7013800812526,8.46562335757458,10.2138396018231
96.2638476861429,79.9174259244995,103.377041285024,86.5080840716199,84.993401901552,8.46871915952952,10.2247674939977
96.2309511646478,80.1544478407267,103.662054495765,86.7999069814455,85.2227311168708,8.46910595422966,10.2306794047503
96.0680533135397,80.7825781802346,104.43015622102,87.593170669824,85.8423795756601,8.46599867873651,10.2416403746576
95.9865991833607,81.1586661622744,104.891110033124,88.0753879737349,86.2346734982291,8.46330197241249,10.2509780508151
95.9637022781984,81.2643851827655,105.020684993863,88.2109401409613,86.3449480382813,8.46254392332626,10.2536028886833
95.9435314733627,81.357517320695,105.134832789214,88.3303534979535,86.4420933166479,8.46187612739202,10.2559152139512
95.8071400729157,82.3824881398669,106.387281645078,89.6517620723277,87.5674338867157,8.45462789057597,10.2917260944519
95.7848505818516,82.8137517063423,106.910704994913,90.2060091040233,88.0543053348023,8.4522292077831,10.3101848167633
95.7935156071572,83.4440924247126,107.668021200203,91.0074631240403,88.7671301709046,8.4503476153585,10.3396163139638
95.7037358787859,84.3051664976429,108.715181339911,92.1172744635995,89.7381648336721,8.44292878073328,10.3701147996521
95.652682848358,84.7090792523698,109.203788002459,92.6340199755867,90.1823941986037,8.43951288719201,10.381552876756
95.6161252615457,85.1903094115913,109.779244551433,93.241121788141,90.7023159657599,8.43700660319384,10.3954992487507
95.620057346068,85.5508384835509,110.200935759519,93.6851623610705,91.0806636712112,8.43802239313114,10.4062006219411
95.6281777208575,85.905134459078,110.614054886742,94.1200598200836,91.4509524886389,8.43941382608981,10.4167513630501
95.6290096573034,85.9414322584163,110.6563791473,94.1646152815916,91.4888887626038,8.43955637909017,10.4178322917371
95.6418952253905,86.1790071077227,110.93099547184,94.4540672458538,91.7355187187887,8.44155233878689,10.424940541807
95.7576608659466,87.3825301689612,112.306005032321,95.9083590809025,92.979081155136,8.46049381777299,10.4612183256298
95.722074907293,88.7615129140826,113.905296161884,97.6225466351266,94.429883750904,8.48916135752368,10.4858790781723
95.6434281968201,89.8353552959172,115.178502102219,99.0067924785971,95.6158835236154,8.5208391024809,10.5048393863662
95.6258563566923,90.4471432277573,115.909178598421,99.804439926131,96.3121384852432,8.54203154147147,10.5208761046234
95.6415080407071,90.8883280475089,116.441063440964,100.386249631289,96.8330175487841,8.55931409599314,10.5385470060213
95.6648850970107,92.6403821034133,118.603108953991,102.754169031433,98.987756284391,8.62915271184127,10.6265328239609
95.5511190941167,93.7487656005226,120.030533527867,104.314513576551,100.433355121703,8.67013763985757,10.696803107094
95.5124280117527,95.6482879225697,122.374680884572,106.844056727986,102.872618390964,8.73685581640184,10.8412186756656
95.4982243906617,96.2650192382817,123.110166243007,107.634501233365,103.649986919749,8.75765974546399,10.8867428933487
95.3950957001203,96.6759641097392,123.60459076498,108.16850715934,104.171844473213,8.76962455616721,10.9108650962521
95.3357836347673,96.9123094850603,123.888947517747,108.475628235096,104.471978695354,8.77650583848196,10.9247384196459
95.3306890693598,96.9326101939662,123.913372127941,108.502008169755,104.497758499457,8.77709690106984,10.9259300583628
95.0798966897763,98.6345787114147,125.873774123693,110.610363697596,106.560543069653,8.83300942970391,11.023242108132
95.1029772560196,99.9166075784438,127.293952153801,112.129545235358,108.029959148063,8.88131490066376,11.0985388010945
95.2833956907288,101.068232113164,128.557832383681,113.477474692569,109.292868187127,8.92788283117002,11.1688173079082
95.2982147966009,101.268335015708,128.784992468693,113.720875643862,109.508026361927,8.93547769436671,11.1792708218396
95.3756150859968,101.948088907219,129.562215450892,114.553878780787,110.235566329168,8.96133612325099,11.2161958518228
95.7245984377551,103.256400579428,131.109313871672,116.217077405143,111.629508552513,9.00977316183224,11.2987304154676
95.884078459377,103.702620236566,131.656412441647,116.809916535838,112.122560330517,9.02419738444371,11.3300011429428
96.0587809314232,104.17579573354,132.240189486409,117.443536011108,112.64994130163,9.03899860408746,11.3636688165458
96.0657988862419,104.194853424837,132.264095855148,117.469679865581,112.672211198146,9.03949657224715,11.3650555224976
96.1667686333,104.469160186518,132.609116520593,117.847445405883,112.99516689517,9.04643377095078,11.3850870916695
96.3319440131218,104.917895821384,133.173532309696,118.465428201929,113.523486827385,9.05778226358507,11.4178565314551
96.3879063768678,105.158882604217,133.489108211544,118.814807455352,113.82127907264,9.06182908697958,11.4336153674528
96.4916401504714,106.126997894525,134.798749886129,120.28173106893,115.097773510918,9.06887694286412,11.491105014236
96.5074772969427,106.27717436428,135.001035694534,120.509109374974,115.302347503947,9.06957927187033,11.5002341905208
96.5500130998094,106.62490398658,135.463052242296,121.028674138906,115.784044438493,9.07084245191053,11.5218831675306
96.7160349670278,107.619072236886,136.743332541197,122.467257004867,117.194529980283,9.07283029189183,11.5865578386872
97.1674238090133,109.802635981625,139.453096863569,125.49991703945,120.358862847339,9.05189643815296,11.7202972333564
97.2899510225642,110.327681698766,140.116037641787,126.239800357062,121.107078211235,9.03781416875294,11.7479248075853
97.3897401522659,110.672156608457,140.554967549183,126.728122167795,121.581061392396,9.02715673625491,11.7656775904883
97.9293923862469,112.51653410752,142.968788788417,129.409791040108,123.964642454676,8.95081644137867,11.8470600035726
97.9275126240662,113.041976609328,143.720998199503,130.254645839256,124.623459290243,8.90851332266047,11.8532558427336
97.9463288710078,114.473503117561,145.641528827617,132.396994737702,126.356423647604,8.79259687262037,11.8731871293114
98.0240017142948,115.139677739367,146.397312465607,133.228130715208,127.14639999228,8.74440862752778,11.8894803970238
98.228960729113,116.224331516557,147.407480130364,134.328256687419,128.423820637132,8.66954562753908,11.9218466771212
98.2571675667733,116.545674199786,147.641321674239,134.583789173682,128.803030679992,8.64101241781873,11.9273974623162
98.3234535948415,116.912022379602,147.866204540392,134.830032755342,129.231569102243,8.61096018609882,11.9359807464036
98.4963159123901,117.524416986306,148.170897397415,135.1660819938,129.941133085615,8.56545596700887,11.9543187088168
98.5925584646586,117.768569547381,148.266239215155,135.274018322062,130.221135250359,8.5496549931441,11.9632614785598
98.7586006244728,118.182444516653,148.425920806366,135.455524805711,130.695581080587,8.52318214948121,11.9785654841369
98.9697787920599,118.623758129148,148.5733677345,135.631843624725,131.199130078792,8.49863202270521,11.9965886532238
99.0970159416618,118.889654394732,148.662206117121,135.73807763655,131.502523843159,8.48384030351836,12.0074478092039
99.267120530732,119.22995610927,148.776754291595,135.88031392204,131.892227815689,8.46628159633112,12.02149070027
99.7971961506722,120.570979748176,149.160467283303,136.407785269022,133.448268020401,8.37895418215967,12.0594048675134
99.9962285271068,121.262715785325,149.384085588067,136.726812879965,134.274942523095,8.32759541965032,12.0724910741447
100.138571328508,121.798400978869,149.603972782067,137.019056334066,134.929571641973,8.28980454687221,12.0846232120856
100.424657844457,122.971958890033,150.170392903201,137.707911796096,136.381406229836,8.21473523004558,12.1198599154581
100.471179415807,123.748369058909,150.509324976921,138.085769429798,137.329306620672,8.15760580544143,12.1386873879914
100.452312590489,123.975653285816,150.587884495671,138.166996156366,137.595255041456,8.13879498149526,12.1423442109639
100.432746507037,124.453436635322,150.737153808454,138.306373175553,138.11803872456,8.10443963885698,12.1528914429972
100.483503905223,125.345197597599,150.975012403188,138.508950729527,138.98775981511,8.05526628393056,12.1772611497298
100.669804328458,126.587653961174,151.263940901461,138.755948296451,140.077279960682,8.00259502204058,12.2109513472547
100.822085496005,128.837631500771,151.495208513939,138.942703108099,141.842522922978,7.88320386521694,12.2194897310643
100.981511417382,129.957948485495,151.583971539845,139.015225105825,142.762743371161,7.82149179106293,12.211846981588
101.292979176372,131.150797166873,151.683220397349,139.071211892488,143.904243752696,7.75624259135191,12.1981165731243
101.438712737216,131.794494019504,151.506734106341,138.787612944985,144.826835031897,7.69343811029488,12.1414827758057
101.513543116219,131.910156876102,151.463104108949,138.707466650987,145.091892875677,7.68307062395581,12.1254078086154
102.445252058351,132.824509864001,151.514106438724,138.577923840779,147.577603167544,7.67478387050246,12.0117402302162
102.601282200482,133.07178187285,151.522095779972,138.552251943501,148.063786461622,7.66542892720825,11.9904954903105
102.943509440195,133.554746584197,151.403423348387,138.28717223095,148.945095743577,7.6246948606963,11.9570766203328
103.079860403786,133.608183214547,150.537585315851,137.047560796707,149.412210455861,7.51150272945897,11.8793624636091
103.817170637463,133.427325339309,148.88800825071,134.82285152392,149.672608586402,7.32866884242364,11.7961553656263
104.008959350202,133.299839696875,148.300910990367,134.126165811423,149.612230571049,7.26793359234871,11.7603158516742
104.082808854032,133.270244839337,148.112354890635,133.91101418127,149.59955662386,7.24762605967646,11.7488832490761
104.229766685258,133.231464679597,147.778188058971,133.537853885504,149.586844893267,7.21072082436405,11.7288867752923
104.300042468532,133.221505723613,147.630449271728,133.376774710448,149.588131840924,7.19378039387606,11.7202637150796
104.76666730244,133.277877036758,146.677339473668,132.418075012717,149.761085198414,7.07182590714359,11.671944982265
104.793455523145,133.283302010497,146.588543777399,132.333135482599,149.788548550632,7.06005447978128,11.6683172811561
104.795394862468,133.283694752703,146.582115392797,132.326986266021,149.790536766254,7.05920228462339,11.6680546529103
104.806340672218,133.253761891741,146.318606209686,132.071974114504,149.826886620678,7.0272419803494,11.6551855644681
104.788831259117,133.234794394458,146.267648192615,132.021815689942,149.820989504356,7.02191244214233,11.6520946581078
104.781865294918,133.227248344442,146.247374998963,132.001860607053,149.818643389102,7.0197921327904,11.6508649685161
104.218461041507,132.649520435218,144.917618515588,130.683490640696,149.717656771614,6.89679323278937,11.5808686961
103.727200366983,132.124339235305,143.861965214896,129.633159767699,149.745162204927,6.8262288831121,11.5392893310156
102.972147419971,131.221371089403,142.104947011666,127.909680973149,149.813748778265,6.75118755461985,11.4674545361822
102.950386994017,131.195670010568,142.058916481803,127.864671846917,149.811026178541,6.74954797410168,11.4651575664229
102.821295387337,131.037594560074,141.769056298748,127.582583829259,149.798654299234,6.74049117185659,11.4506832011146
102.749435181825,130.941682674288,141.58399289672,127.404265774108,149.797105222135,6.73639560380875,11.4414285625764
102.396147899528,130.432429656102,140.560700349832,126.423606139804,149.810937736747,6.71967562485936,11.3897625993633
102.149908563587,129.661927987078,138.78692256982,124.761049804183,149.941833795627,6.73582157912682,11.2887534863522
102.003076823412,129.260032770287,138.141775337651,124.161130578934,149.824533313026,6.74116328599036,11.2386106130114
101.920118652584,128.944689811716,137.676401652488,123.740665068524,149.752439809807,6.74574537730256,11.2034040281243
101.919035664837,128.937313321712,137.666340689329,123.732053592274,149.75176466387,6.74582722779289,11.2027312182016
101.692374915308,126.997422603687,135.088095850808,121.631098688771,149.771841814768,6.75037896360967,11.0607633108849
101.661960994618,126.886109276632,134.94690109244,121.515276945343,149.75941548233,6.74926198583388,11.0530738365216
101.448788724086,126.001332664304,133.771851084754,120.538268045035,149.668323588066,6.74659136340525,10.9952631477084
101.31624573044,125.21829142345,132.600295935148,119.474883916067,149.478583741118,6.76165610175665,10.9439713608242
101.299584019635,125.087757981108,132.390577277502,119.272233225524,149.426942790967,6.76616039747267,10.9350069447748
101.246782422152,124.72753923885,131.733476128715,118.495794315582,148.983296608885,6.79097381686652,10.9016837825968
101.168121941737,124.580183902654,131.500972003281,118.18677748648,148.712057708202,6.79763599497874,10.884486931609
101.010623594713,124.277635403732,131.003960612771,117.441819778776,147.941415788597,6.81524391959405,10.8449639992836
101.009275536389,124.275003989169,130.999531098773,117.434739809405,147.933551080385,6.81541842691657,10.8445973350001
100.914505663608,123.903131832283,130.335026714482,116.281196685415,146.506238489655,6.83552463947925,10.7902744795821
100.923385324311,123.750834345699,130.053950105409,115.807210135696,145.91031792146,6.83809447918974,10.7696100769936
100.972402562263,123.541607623367,129.669650343548,115.237059608691,145.244370718319,6.83301907399601,10.7454232160913
100.980801021868,123.449337806979,129.510937714958,115.013661399258,144.989849588175,6.82992971281832,10.7351842756741
100.977160084643,123.429500712039,129.481251755939,114.977186866598,144.951267417458,6.82891484629243,10.7331591787472
100.933330659473,123.190702728273,129.123893625563,114.538108217017,144.486817123494,6.81669793242961,10.7087811604672
100.915040741278,123.09105287954,128.974768900663,114.354881707635,144.293003085336,6.81159984240716,10.6986082695754
100.861035575719,122.669467223404,128.327174782621,113.600974927297,143.541477672704,6.78714263053931,10.6572612523019
100.820102354646,121.772931509097,126.87269459853,112.035916674383,142.133257108981,6.72561489771076,10.5722930546468
100.82054722134,121.57443898163,126.532975870937,111.685946333037,141.838643211417,6.71049421121306,10.5530801121522
100.859167929989,120.559445813779,124.632909827674,109.795161570399,140.332885286841,6.62203380370296,10.4435315824225
99.2777512345054,117.339613577351,118.486499379624,103.679022223919,135.022038219078,6.29069287306754,9.87352519242605
99.2311307401995,117.270069329768,118.372804805194,103.571686548266,134.937299686682,6.28342409314513,9.86031092000733
98.6639592927502,116.242900023646,116.652172642542,102.00049870878,133.824121296942,6.16540849695743,9.65854428357711
98.5899761613045,116.064809960855,116.333263305349,101.71512794168,133.63908681057,6.14195067516453,9.62047852329454
97.3093594989472,113.780789102288,112.182812163691,97.8720701911971,130.775331552899,5.84607416550891,9.10205207039219
97.298674122907,113.760656906436,112.140718383471,97.8329271713344,130.746252661373,5.84317252593539,9.0967931344297
96.8750148315973,113.146038757348,111.095650971607,96.8544675750696,129.959977619056,5.77411903347429,8.96757755398735
96.3599695610976,112.360273573529,109.765226385475,95.6126731812907,128.947486205763,5.68154961159317,8.80118499149353
96.2020353107053,112.088916299776,109.256103577952,95.1305344302908,128.540957167709,5.64323363532634,8.73536735711297
96.1142830047466,111.92580177692,108.925463571131,94.8134006399824,128.266680182389,5.61733241426402,8.69174895075272
95.5108354605455,111.077608249279,106.473204054952,92.2628591290607,125.799743887347,5.43664807472386,8.36742546601907
95.3980164868101,111.057144722084,105.109198558309,90.7650034831687,124.460878138617,5.36838316401759,8.21694846438481
95.4027056924859,111.081724826273,104.908156339097,90.5464065890031,124.290380828748,5.36152885547478,8.19848702643553
95.4054559434811,111.096141224418,104.79024371131,90.4181980250602,124.190382997865,5.35750875693473,8.18765926762024
95.1187653683231,111.014072099264,102.34340727989,87.8249781773341,122.177341543054,5.28418683554312,7.96712340997629
95.1362957765677,110.916111063999,100.904584053918,86.2739665009366,120.756417649373,5.22386696226692,7.80638148289513
95.1738184010797,110.887645791916,100.71077674336,86.0505035259136,120.479491917683,5.2100474189975,7.77589691927781
95.3310190526865,108.562957487483,99.216712216147,83.9270158163493,115.421786686814,4.95508243031882,7.32685386193874
95.3088445421753,108.326759769145,99.0887726377727,83.7550905031063,115.039503506458,4.93787062849575,7.29778203281575
95.2699285119067,107.746099304037,98.7641607021315,83.3138183245529,114.081403739398,4.89506315054778,7.22690712879465
95.3365438167342,106.636355264157,98.1497436590339,82.3532678428959,111.9066849116,4.79440051753424,7.07594181196984
95.5192804197539,106.290061779394,98.0757730366769,81.9887223439908,110.68816235694,4.7292583806432,6.99496972637612
95.5162725131969,105.906510407935,98.267622968132,81.721121431443,108.966724290514,4.6263120386303,6.86795967561661
95.7416757558929,103.458466528191,99.8698987297678,82.0168986944071,102.038956574948,4.24689992823204,6.49693082908072
96.02116194112,103.307065275938,100.012973737477,81.4542680605714,98.5085611112755,4.0893313335898,6.4269939450667
96.4275154818245,103.909495011341,100.419200393097,81.4953806015141,97.211470721909,4.02506019888232,6.41475099794603
96.836939535183,104.91451819178,100.99582187213,81.4529295367926,94.527999714605,3.89621270154064,6.35008334632026
98.6709187121843,109.3473680784,103.606242518086,81.8861943803382,85.6267548792685,3.41405129252602,6.10121078180334
98.7965876805579,110.104865044808,104.066472388575,82.1924921591632,84.5101279381707,3.32543054357639,6.0511852171216
98.8226558122848,110.401289201308,104.277328799338,82.361260161076,84.1234352579307,3.29137578573834,6.03485533416144
99.2234478225372,112.18025957862,105.857424875168,83.7902598299735,82.7120811657201,3.14848256471734,5.99499789499407
99.2266480445692,112.2437642067,105.921965358388,83.8504426672691,82.6435895631796,3.14224261812723,5.99213112229783
99.4003424046669,113.206512173505,106.929654815443,84.8736684485775,81.9451390747854,3.06010255072661,5.96374915534277
99.3794103465789,115.456660481879,109.992001019831,87.5903716359493,81.2825168708251,2.90026613138712,5.94159414304763
99.3701836777125,115.687084028949,110.340482980733,87.7814847454653,81.2353455572012,2.89849247639764,5.94536549406017
99.3679865560231,115.858913034296,110.597867509589,87.9161746554508,81.1991016107746,2.89816297974283,5.94839031238454
98.726535908233,118.262687916762,114.152537039993,89.6900104142686,80.4991063633876,2.85264291912209,5.90861585087658
97.8070446254158,118.849315647305,114.476990733846,90.8976319677339,81.8754561499529,2.71926797917145,5.84862032744027
97.65142491041,119.072951525326,114.597493915893,91.3044323491898,82.3858813826365,2.69310747144297,5.84724316319526
97.2026631103545,119.797313426526,115.192436876865,92.4881442394825,83.6287152367691,2.64867163800104,5.85270985949695
97.0277392294845,120.124349621917,115.5422647164,92.9758680999868,84.043565898861,2.64198308875065,5.85703519401265
96.9258977034108,120.33118021775,115.766808742278,93.2788877119161,84.2966381843276,2.6386678476429,5.86017909329588
96.7259301157822,121.823254553249,117.58197644961,95.2744651901709,85.7884571190092,2.6553790118244,5.90368441937008
96.7145505414754,122.417104228632,118.36698424233,96.1039128111856,86.4051863841081,2.66595721243506,5.92271071018476
96.6285605365515,123.685762898997,120.235801414229,98.2199820598005,88.1530198186576,2.67852364303837,5.95930147391816
97.0081177102536,125.308246226917,122.087833925181,100.20314308529,89.7264096495912,2.6782066812275,6.04764506132265
97.0340025932032,125.398455183652,122.175591406982,100.283834181897,89.7699011131336,2.67879248184728,6.0534870304377
97.2326539064171,125.988351888829,122.735187431386,100.796006888447,90.0381967216811,2.68369137780053,6.09336015785393
97.2511321381041,126.03907763268,122.782629636191,100.83931341337,90.060502566791,2.68416338845955,6.09686828019476
97.5393613144684,126.771609440855,123.462915364971,101.475885846319,90.3950862478632,2.69024021343735,6.1491870397022
97.6471463713287,127.264744595579,123.944228973159,101.945017457304,90.607567860401,2.68919566953501,6.18401799812409
97.6495040018892,127.272560094639,123.951848643108,101.952605962575,90.6116928205772,2.68916980968885,6.18458737702775
97.8188617780291,127.704438218219,124.374232205932,102.372205893081,90.8782754619186,2.6878079238928,6.21641903168854
98.8684017582056,130.46633076395,127.20727104777,104.998523832587,92.6701413042704,2.75166212298811,6.43284018935875
98.9060417297154,130.578821229713,127.331071661494,105.141666591828,92.7636937940772,2.75838189895363,6.44527270207099
99.0722608167287,131.23079194063,128.733271195259,107.0292134105,94.0520324365244,2.83053008808547,6.59254364143172
99.1802974469547,131.277687450004,128.989072543135,107.326387305928,94.3023126795169,2.83528279491336,6.61437468104364
99.7908738800223,131.374468220573,130.380327857592,108.681768555464,95.5096202406702,2.83876084900937,6.70747746005882
100.743162530578,132.051670355601,133.966036730472,111.69166805269,98.3246426032421,2.79498783161992,6.87915144983595
100.55027733874,132.353669286102,134.557424762897,112.436469899556,98.9609032557913,2.78499760806253,6.91126157017856
100.275170080081,132.921751538354,135.374543230657,113.572681736174,99.910248861971,2.77084556056406,6.96057517531613
100.189969993724,133.13895592962,135.659848974057,113.975336196475,100.244216907237,2.76578171737326,6.97808351178842
99.4557475763989,134.837597365306,137.960599540633,117.118354469361,102.825674617127,2.7124775285421,7.09362214058653
99.3731042733559,135.208553785787,138.466024630769,117.761549536411,103.382017621547,2.70273495403535,7.11475188558076
NaN,NaN,NaN,NaN,NaN,NaN,NaN
NaN,NaN,NaN,NaN,NaN,NaN,NaN
NaN,NaN,NaN,NaN,NaN,NaN,NaN
NaN,NaN,NaN,NaN,NaN,NaN,NaN
NaN,NaN,NaN,NaN,NaN,NaN,NaN
NaN,NaN,NaN,NaN,NaN,NaN,NaN
NaN,NaN,NaN,NaN,NaN,NaN,NaN
NaN,NaN,NaN,NaN,NaN,NaN,NaN
NaN,NaN,NaN,NaN,NaN,NaN,NaN
NaN,NaN,NaN,NaN,NaN,NaN,NaN
NaN,NaN,NaN,NaN,NaN,NaN,NaN
NaN,NaN,NaN,NaN,NaN,NaN,NaN
NaN,NaN,NaN,NaN,NaN,NaN,NaN
NaN,NaN,NaN,NaN,NaN,NaN,NaN
NaN,NaN,NaN,NaN,NaN,NaN,NaN
NaN,NaN,NaN,NaN,NaN,NaN,NaN
NaN,NaN,NaN,NaN,NaN,NaN,NaN
NaN,NaN,NaN,NaN,NaN,NaN,NaN
NaN,NaN,NaN,NaN,NaN,NaN,NaN
NaN,NaN,NaN,NaN,NaN,NaN,NaN
NaN,NaN,NaN,NaN,NaN,NaN,NaN
NaN,NaN,NaN,NaN,NaN,NaN,NaN
NaN,NaN,NaN,NaN,NaN,NaN,NaN
NaN,NaN,NaN,NaN,NaN,NaN,NaN
NaN,NaN,NaN,NaN,NaN,NaN,NaN
NaN,NaN,NaN,NaN,NaN,NaN,NaN
NaN,NaN,NaN,NaN,NaN,NaN,NaN
NaN,NaN,NaN,NaN,NaN,NaN,NaN
NaN,NaN,NaN,NaN,NaN,NaN,NaN
NaN,NaN,NaN,NaN,NaN,NaN,NaN
NaN,NaN,NaN,NaN,NaN,NaN,NaN
NaN,NaN,NaN,NaN,NaN,NaN,NaN
NaN,NaN,NaN,NaN,NaN,NaN,NaN
NaN,NaN,NaN,NaN,NaN,NaN,NaN
NaN,NaN,NaN,NaN,NaN,NaN,NaN
NaN,NaN,NaN,NaN,NaN,NaN,NaN
NaN,NaN,NaN,NaN,NaN,NaN,NaN
NaN,NaN,NaN,NaN,NaN,NaN,NaN
NaN,NaN,NaN,NaN,NaN,NaN,NaN
NaN,NaN,NaN,NaN,NaN,NaN,NaN
NaN,NaN,NaN,NaN,NaN,NaN,NaN
NaN,NaN,NaN,NaN,NaN,NaN,NaN
NaN,NaN,NaN,NaN,NaN,NaN,NaN
NaN,NaN,NaN,NaN,NaN,NaN,NaN
NaN,NaN,NaN,NaN,NaN,NaN,NaN
NaN,NaN,NaN,NaN,NaN,NaN,NaN
NaN,NaN,NaN,NaN,NaN,NaN,NaN
NaN,NaN,NaN,NaN,NaN,NaN,NaN
NaN,NaN,NaN,NaN,NaN,NaN,NaN
NaN,NaN,NaN,NaN,NaN,NaN,NaN
NaN,NaN,NaN,NaN,NaN,NaN,NaN
NaN,NaN,NaN,NaN,NaN,NaN,NaN
NaN,NaN,NaN,NaN,NaN,NaN,NaN
NaN,NaN,NaN,NaN,NaN,NaN,NaN
NaN,NaN,NaN,NaN,NaN,NaN,NaN
NaN,NaN,NaN,NaN,NaN,NaN,NaN
NaN,NaN,NaN,NaN,NaN,NaN,NaN
NaN,NaN,NaN,NaN,NaN,NaN,NaN
NaN,NaN,NaN,NaN,NaN,NaN,NaN
NaN,NaN,NaN,NaN,NaN,NaN,NaN
NaN,NaN,NaN,NaN,NaN,NaN,NaN
NaN,NaN,NaN,NaN,NaN,NaN,NaN
NaN,NaN,NaN,NaN,NaN,NaN,NaN
NaN,NaN,NaN,NaN,NaN,NaN,NaN
NaN,NaN,NaN,NaN,NaN,NaN,NaN
