89.6643737625075,106.605449737779,126.055795647519,88.788879324466,79.1782362778278,7.20694970469586,28.5991152773669
96.3415899314643,112.453898736297,131.702168511037,93.677501367278,83.9598807372579,7.59540111012158,30.4185895162779
102.825018873235,117.326253745329,136.590598703946,99.2990522111322,89.5587328524155,8.14862704155041,33.1723032377743
100.565800308677,115.106774183767,134.499276155894,97.8656578596573,88.184496262614,8.06427082848357,32.8115886533019
95.6478754865592,110.283964599363,129.952613231096,94.7298152323564,85.1765445110608,7.87789642525949,32.0090970755696
81.4967931746054,96.0905279834491,116.581771215789,85.5062768731139,76.3597661400652,7.33579593161188,29.5012321278497
80.6421948321741,95.0970040496921,115.6618294764,84.9807979302269,75.87729839009,7.31646493003045,29.382206528269
80.1474643744616,94.4272435815378,115.052409842977,84.7081316445959,75.6439997226657,7.31566940524723,29.3405276739727
86.0294182567316,98.6385241438481,119.262102682279,89.30230037464,80.378520479769,7.74716543762985,30.9273491312849
86.9434378091771,99.3882522251267,119.996260491634,90.0056397153301,81.0971062194108,7.80570433553826,31.1475263090172
89.7308500640935,101.6746379332,122.23516278794,92.1505573949999,83.2885196213742,7.98422572600808,31.8189830210996
90.2689065813933,102.117506952492,122.669081017112,92.5698762397975,83.7193832652029,8.01902648161037,31.9480104823799
90.5355267285546,102.3390769361,122.886513959362,92.784990430747,83.9437838639178,8.03674375035591,32.0111358486145
90.6285631355404,102.41639320567,122.962386619109,92.860053968258,84.0220878692684,8.04292614520956,32.0331632809997
90.8453129440482,102.596519321529,123.139149512303,93.0349318242342,84.2045151438699,8.0573294626211,32.084481274741
90.9448033975523,102.679199112935,123.220285548951,93.1152026088714,84.2882511914659,8.06394073757956,32.1080367763831
93.0197606949859,104.403555877692,124.912446006544,94.7893175062061,86.0346370696881,8.20182445141576,32.599306624953
93.5361195667543,104.832666835627,125.333544824247,95.205925636247,86.4692300335368,8.23613719558634,32.7215604877458
94.4039272115224,105.54630179517,126.041199458098,95.9646988969009,87.2855794708395,8.29942958154664,32.9272152519363
95.4678118719164,106.408081212102,126.908647667201,96.9967081396261,88.4356767901604,8.38679292552584,33.1796691425961
95.8364036895133,106.666183009419,127.196692081209,97.5516603292646,89.124857913998,8.43695792396897,33.2708789555655
90.7413896711742,101.786763864646,122.749803967494,95.6771377865689,88.149584890652,8.3321154257517,32.1300175697113
90.1322144445752,101.189331155082,122.199591169558,95.4027171961192,87.963744541925,8.31511697427227,31.992024849303
89.8254922318673,100.888521347623,121.922556780314,95.2645453088853,87.8701731679048,8.30655818457971,31.922544951413
88.4920200554247,99.5656567468316,120.707471582978,94.6859684276848,87.4966701722367,8.27181402189926,31.6200567857552
87.9602521508422,98.9471435566937,120.158550866257,94.5885667140636,87.5483831189792,8.27281387939446,31.4968686249935
88.0314470933333,98.5612442157343,119.905281581714,95.3422170029467,88.637181093647,8.35463766898811,31.4955818897225
89.861118500252,99.763507233024,121.15070944911,97.179582057806,90.6508387066915,8.51750680925191,31.8754124239242
90.3031025206503,100.074320668245,121.466015481651,97.5984481335554,91.0919758528835,8.55414845952798,31.965538377009
90.4732929826389,100.194002556483,121.587427290381,97.7597367948037,91.2618402173081,8.56825770126683,32.0002422958947
94.9156234280634,102.987252334125,124.505060823167,102.660767859101,96.3531545793804,9.01637984597835,32.779525997118
94.303814494062,102.115675318946,123.78332147309,103.144450802378,96.8389895475694,9.07908804036366,32.5082065453032
93.7905007590023,101.614736227017,123.345885046828,103.079159393373,96.7633813498759,9.0774132160007,32.3531508377515
93.1484851849537,101.00702202234,122.815525396343,102.975315659998,96.6458488237032,9.0712992561163,32.1633936603341
92.8168919764442,100.712464875173,122.558796444312,102.898915468007,96.5615725531392,9.06401640759728,32.0696716062167
92.0491275716698,100.317963041457,122.416531394802,103.450897901251,97.1158114198436,9.04669560901689,31.8121557018956
92.1738997842146,100.474877178125,122.591025605234,103.630887193422,97.3075082842804,9.05110950078403,31.8374283898598
92.4400097488911,100.778435743787,122.913926946755,103.949024920664,97.6597622456887,9.06120473798901,31.8939977316635
93.147056412887,101.605247255659,123.789024535413,104.850043604153,98.7138637321475,9.08524638229815,32.0381142517635
93.3022348758152,101.848595297248,124.050786231733,105.237491719181,99.2532675969013,9.08946096946523,32.0500274110179
93.2277142786907,101.823204475315,124.029770629901,105.333462797503,99.434155120355,9.08777614765581,32.01418808563
93.1511236627676,101.790860169102,124.00102108819,105.412829927594,99.5899581259971,9.08602697983221,31.979406892807
92.7218573836747,101.475863457018,123.68023494307,105.470952947538,99.8312356253804,9.08304464153439,31.81829580298
92.5372139696026,101.333852145445,123.531825617353,105.489846352368,99.9147925809343,9.08500852899772,31.7463737403667
92.1113250544043,100.986460507504,123.158090336891,105.485854326973,100.028901433623,9.09435480924333,31.5795546113373
91.9483608201211,100.859161796024,123.0147249154,105.598938010842,100.198897477576,9.11703294346071,31.4887129219411
92.0123545636716,100.940116566614,123.114049223462,105.935862614102,100.56711359235,9.15972824440009,31.4519922787945
92.2980576872431,101.244273924685,123.527593110346,106.618660810503,101.266635543219,9.22835431508916,31.4657608954079
92.3657991016598,101.336840517843,123.722802421024,106.956898399147,101.61570877649,9.25909255110709,31.4618200390621
92.3663826444168,101.337720024896,123.724864715383,106.960546614111,101.619483499262,9.25942117074471,31.4617480665476
92.3835249593533,101.363556669607,123.785447250194,107.067717595372,101.730370809189,9.26907479295934,31.4596337818705
92.3909442353793,101.386250357015,123.858258271369,107.200081688011,101.867171803823,9.28035574985283,31.4538602256416
92.3804868445514,101.412981526307,123.993281318065,107.452082625633,102.127346370921,9.30068544402576,31.4372158356032
92.2891819067905,101.465282991011,124.387269056908,108.171545177286,102.858353106407,9.35447338838586,31.3709290408618
92.2267029871982,101.526755822247,124.680802937469,108.650066716808,103.326800130695,9.38750234969257,31.3210626012151
92.2117779480914,101.545270657892,124.76036758537,108.777432612867,103.450905652051,9.39627780970594,31.3080563956557
92.0759903063564,102.491175302686,126.941884508858,111.693211999991,106.120117457438,9.60588650832699,31.0020030485833
92.0966469587344,102.697207156995,127.299100788447,112.139057431908,106.525689275891,9.63985825559347,30.9626750266318
92.1319695132405,102.924241746188,127.67958397319,112.616439565083,106.965692813483,9.6760942154543,30.9238045816815
92.1360664513384,103.251865805261,128.268105324211,113.382533041326,107.680302128293,9.73441515249359,30.8443345354692
92.1094269141799,103.315309058631,128.405906950863,113.574112496927,107.861140258207,9.74911768139454,30.8157824455403
92.0384149355742,103.58975800969,128.996562398522,114.377088405864,108.623735809395,9.809405235325,30.7030731199444
92.0238724747096,103.734300060065,129.305257956705,114.784512407957,109.010791636765,9.83917111884156,30.6486678297787
92.0302414016377,103.897569755285,129.651941191967,115.227508159471,109.429813989426,9.87058759118937,30.5916332077498
92.0771394886596,104.221314765419,130.338209567066,116.075289500568,110.223803417973,9.92883224057768,30.4825712527702
92.2023285402658,104.691941292914,131.337877485538,117.254740085407,111.311774685667,10.0060943160027,30.3268253693157
92.2583063387734,104.927701997006,131.874043501317,117.87588742226,111.879336242245,10.0454593236971,30.2320215256775
92.2561750007124,104.962205026049,131.973319666162,117.991204032779,111.983875685477,10.0525065350813,30.2080919481275
92.2498734355149,105.064217508725,132.266841954701,118.332151887473,112.292959509051,10.0733424891751,30.1373411855728
92.3122877560951,105.810367303388,134.300999358826,120.645644180046,114.430766519876,10.2119345284457,29.6627206259228
92.3218279955587,105.867042242808,134.448428140962,120.812438698557,114.587884700432,10.2218474206598,29.6290723904938
92.3325126396131,105.917552443209,134.573159910798,120.955396510276,114.725576026366,10.2304031602416,29.600818410498
92.4571230760613,106.412598439192,135.718582804203,122.294901091221,116.049967699758,10.3117245100064,29.3420149078609
92.4635651334452,106.43556974265,135.767627733163,122.354093318276,116.110228632629,10.3154149006199,29.3308248459062
92.5263765489126,106.659544786547,136.245826113886,122.9312299913,116.697785412316,10.3513969858841,29.2217193864756
92.4097872122046,107.417815677839,137.814973051806,125.140712176067,119.067086233398,10.5149682735884,28.6330841125876
92.409697806632,107.447763121811,137.861331921524,125.207964941877,119.137356320446,10.5206938010552,28.6154443917359
92.4444682182829,107.796383934955,138.326697194481,125.854583600652,119.765544590577,10.579004137299,28.4478106620906
92.4635187779576,107.939813875436,138.508312579502,126.102558335553,119.998840154491,10.6018889812014,28.383839744762
92.4711531655756,107.987166639586,138.565965778893,126.178731425527,120.067097857652,10.6089861164363,28.3641737908849
92.5830692535894,108.521667678786,139.171942213865,126.927892252558,120.66702055169,10.6802016511767,28.1702095716127
92.5771370756054,108.58805228671,139.245639693972,127.014088700512,120.716982544272,10.6889799277466,28.1352598227858
92.5755908801324,108.60535513577,139.264848610228,127.036555416442,120.730004912609,10.6912679459971,28.1261503281678
92.563986496919,108.73521510152,139.409013839816,127.205170824878,120.827739355101,10.7084397984846,28.0577824741192
92.5864339226753,109.85574583334,140.632835677379,128.479464140044,121.42877199871,10.8255222109117,27.5837667303618
92.5918923608523,109.907480707062,140.689182505562,128.533091001579,121.450279265789,10.8297416715416,27.5661300750778
92.5950641262414,109.937542581276,140.721924274109,128.564252263799,121.462776614504,10.832193497275,27.5558818445409
92.6554302973971,110.423405279404,141.253030604136,129.063189898745,121.6655714004,10.8686158703133,27.4000749725928
92.7412221140522,110.968434909189,141.852647130583,129.613568423323,121.894673103639,10.9031120279384,27.2448025237017
92.8263394600234,111.440095467207,142.37535305312,130.088940769219,122.112770730062,10.9268869748107,27.1257262137193
92.8922436733535,112.295302315363,143.335524197563,130.951076663505,122.495023181558,10.9600235966041,26.8786312336221
92.890697591307,113.587260442045,144.78557650168,132.218266215729,123.116764356327,10.9842977156072,26.4980018922201
92.8935273892817,113.639081326698,144.842553592915,132.266812323061,123.143963067763,10.9848857936073,26.4849167167036
92.9885511285448,114.714201611824,146.007672504569,133.235364963407,123.700547364781,10.9953445881118,26.2304867432264
93.0358030208403,115.073139931949,146.389110788254,133.540739355676,123.879301538295,10.9981801157596,26.1520820156087
93.1824844221821,116.338328724944,147.691705468013,134.477360277722,124.366349643076,10.998330332783,25.8555365271601
93.2565905599112,117.354458142323,148.6925015956,135.076804978727,124.572782207378,10.9850452943939,25.5865180626307
93.3342352292549,117.811207399877,149.128142309107,135.322800878691,124.645147342175,10.9775290885728,25.4823989950948
93.9183532865182,119.908721175016,151.076369713155,136.441454289751,124.972235793008,10.9252340816203,25.0802517605167
94.1377164055587,120.650270768977,151.742057822942,136.823029058689,125.038770217825,10.8855555612998,24.9214135056489
94.6320690752593,122.170990805137,153.08463492087,137.656102991761,125.119491071327,10.7581600536025,24.5420157530484
94.6935633298741,122.320176442666,153.217717352915,137.749577837925,125.133808647889,10.7442887354785,24.5049089825036
94.8899805917168,122.768619770193,153.621428397487,138.042902007624,125.181541408693,10.7022752391308,24.3916558689716
94.9427689142362,122.877521576088,153.721083087049,138.119564591576,125.195198461317,10.6919329998439,24.3633997251973
94.9658605980543,122.925159499571,153.764675958967,138.153099814231,125.201172592072,10.6874088985241,24.3510393790674
95.0851403448124,123.171232479519,153.989854285668,138.326325504369,125.232031874971,10.6640397209451,24.2871921963403
95.3178123663006,123.62953409301,154.415108864342,138.661772499529,125.292239240178,10.6209912786637,24.164821538584
95.8708149343054,124.792938405174,155.516489782337,139.534551456196,125.330761447866,10.4906633576623,23.7605368780691
95.9900739663965,125.072919724481,155.786593927744,139.744368269763,125.314281968956,10.4552003717678,23.6440988337137
96.2060599657933,125.566034078842,156.266982794476,140.119040103587,125.29480055003,10.3952817769542,23.4436483376674
96.2249521495716,125.609117411763,156.308980595652,140.151806424617,125.293241656209,10.3900702127262,23.4262094676753
96.5167560906183,126.256508024093,156.949738502612,140.655689261274,125.322531414202,10.3204153993625,23.1915764889406
97.3359425985361,128.608497666652,159.311289657185,142.542265992212,125.732082602156,10.0558820166227,22.4169303889252
97.3670574650266,129.27444409643,159.994486092534,143.1060647842,125.869083736222,9.93892304328955,22.1309092557402
97.340599683935,129.867087156008,160.625182285138,143.658021171497,125.97884739927,9.81504141500501,21.8082091585128
97.165135456558,130.436251826517,161.295732784889,144.267944089294,125.85985274056,9.63174859703942,21.1904235504471
96.9831414092766,130.479907986789,161.385799141935,144.340472992671,125.644404259853,9.55853336971229,20.8953039559605
96.5616392198789,130.475185499977,161.535536926122,144.405248515664,124.776049178352,9.35235653250847,19.8115739993787
96.5583077757726,130.474953533262,161.536786744732,144.405491800259,124.767220015696,9.35044006933898,19.8004831076183
96.5518659245128,130.474504990518,161.539203458123,144.405962227833,124.750147493761,9.34673429782102,19.7790371902384
96.4583574681412,130.535177015467,161.704247486764,144.426525020904,124.02595601509,9.19398252960155,18.7028471192454
96.3318809041354,130.56017102586,161.771408713705,144.277267735084,123.299766430297,9.04217004846021,17.5206462536998
96.304661660202,130.707128124645,161.901652418645,144.229438172122,122.981292485521,8.94971038684521,16.7367160369506
96.3611278170287,131.062470998484,162.210181832089,144.34405921443,122.86216980625,8.86808761487706,15.9740125105206
96.3640625546766,131.811641023673,162.860107551582,144.741826919987,122.831932668103,8.7689399540805,14.9377950905012
96.2400875984704,132.251323528474,163.248043968486,145.066380501894,122.657657812106,8.72571411454277,14.3683768117637
96.2371164544569,132.271988352678,163.266988561554,145.0849772677,122.647761715936,8.72443911181489,14.345100968163
96.2400525968065,132.405636758833,163.392264441909,145.221190331102,122.567807868041,8.71940048333665,14.2042407809801
96.4150726886397,132.707322917932,163.681988514397,145.654949566015,122.11247030628,8.72636032202641,13.8585395157554
96.496066165927,132.628300122722,163.584577735144,145.691439733676,121.596269313537,8.73138118935412,13.7037720583137
96.6026836686332,132.591719478776,163.532104486418,145.718044608882,121.315662449635,8.73809238138645,13.6399290513755
96.6487845486346,132.585607152446,163.519555827627,145.729621428812,121.233149157463,8.74093334632615,13.6243871692393
96.7572840477179,132.571221649502,163.49002226573,145.756867745224,121.038952194886,8.74761962374344,13.5878089862081
96.9691684232883,132.598337371053,163.486890211048,145.826412830694,120.78579533175,8.76034694062793,13.5477534266772
96.9808856195967,132.600000925959,163.486879087032,145.830307216946,120.772170433502,8.76104977990297,13.5456315938991
97.1183620500914,132.631249152992,163.498109873137,145.881250862154,120.627492725067,8.76928380633913,13.5234270029965
97.2833900058921,132.691822871334,163.53392966831,145.952729003408,120.48366981513,8.77914382104123,13.5020626149649
97.5409827285927,132.736086216122,163.500550154837,145.985555755664,119.960351381133,8.79230349481067,13.4103305304242
97.6610287115661,132.787623873845,163.504288390481,146.002963635135,119.634529793931,8.79881259954595,13.3481770516259
97.7365294619238,132.840170980728,163.532258683673,146.031138844843,119.456517572338,8.80369368389713,13.3131726425002
97.7527775482297,132.853564180978,163.540969186482,146.039023381998,119.421089415045,8.80482868922522,13.3060824774853
98.0048665074686,133.089822516872,163.729423003089,146.199073127435,118.964555685459,8.82492411502519,13.2147394566483
98.0101678245816,133.094883269427,163.734213730917,146.203035928383,118.957592154666,8.82541043684293,13.2134471587841
98.0343566831304,133.117974479612,163.756072871825,146.221117403148,118.925818944775,8.82762942684257,13.2075506599377
98.1456345971514,133.220074849054,163.851512437395,146.295985392743,118.731627006225,8.83828602883464,13.1719447880556
98.1242245000351,133.140971950349,163.764840203217,146.186874693794,118.304264480355,8.84069817642111,13.1014497166964
98.1280794068297,133.115556443416,163.737866357075,146.157057119539,118.195466504296,8.84214783189879,13.0870678131686
98.1307326934911,133.098063251199,163.719300578449,146.136534036554,118.120582146764,8.84314561258387,13.0771689194137
98.2300410349163,133.028365394694,163.632594041054,146.063783318319,117.81234452891,8.85226402372397,13.0585892914648
98.3836817906518,133.014094714426,163.586827023756,146.04859985473,117.632166056098,8.86043669725256,13.0668824986539
98.6085280330545,132.867541665136,163.28690861372,145.870522930315,117.116586054394,8.83628140878461,13.0678432195835
98.6134174211632,132.862984133663,163.276876068051,145.864771940265,117.100940234451,8.83466465952407,13.0674492284991
98.6311132468138,132.846489373877,163.240565966452,145.843957778046,117.044314395856,8.82881327027071,13.0660232837014
98.6374297762802,132.840601565177,163.227605066451,145.836528157549,117.024101788369,8.82672461538858,13.0655142923432
99.0932578377492,132.938886837253,163.114348084705,145.933741539926,116.470807007865,8.71107521198686,13.0531916224716
99.1009262482514,132.941906939443,163.115229207988,145.937443105211,116.463836962413,8.70924947972748,13.0530198332177
99.1553781085473,132.898476025377,163.039038509912,145.917531421442,116.228760539721,8.66388725623352,13.0325038472986
99.6594344824476,132.35645253124,162.483420967012,145.897093235281,114.251066014875,8.53538485129353,13.1888357308419
99.666802971493,132.333226996194,162.45666276027,145.892158193789,114.184193806592,8.5425638326043,13.2028274732944
99.7531864197908,132.269397587674,162.356751944213,145.921015143342,113.854661082285,8.60171055391832,13.2904774406177
99.8854364199761,132.300710882788,162.338055173847,146.014236170873,113.620850820556,8.67004282428599,13.3660471706456
100.039870106673,132.337834869147,162.284166195227,146.111492454116,113.207301514532,8.77213690310375,13.437580664583
100.041838430752,132.263529031923,162.151057761104,146.068951404529,112.812711428012,8.83065447762161,13.4571668958229
100.044748290035,132.25482459853,162.13410836798,146.064688864521,112.754322934607,8.83940659044375,13.4603073791825
100.067781293478,132.237483200766,162.092756309656,146.060576623746,112.566204325664,8.86854259789907,13.4751902127799
100.187790205423,132.245061292885,162.053189074875,146.094057603729,112.107292979446,8.94501261080204,13.5406095785474
100.244218032223,132.260171381385,162.055092083701,146.115823797638,111.952662135749,8.97243968716371,13.5721925889727
100.378848463162,132.315969316278,162.092722237234,146.176483847345,111.680907175837,9.02517370846368,13.6569146585318
100.398956021243,132.321508204087,162.09496337422,146.182758121378,111.626273767068,9.03458600710607,13.6726660809376
100.396263326272,132.305303558262,162.075967360217,146.166505960893,111.555876638396,9.04182555470304,13.6876967763023
100.387991754472,132.255525216174,162.017614336425,146.116581660599,111.339626780735,9.06406440402708,13.7338689113665
100.387841422862,132.191948455811,161.941211180241,146.051862633331,111.010525415939,9.10007143085785,13.819394778162
100.391899404777,132.180160477078,161.926309445608,146.039487846146,110.92874790834,9.10973081349207,13.8456709514607
100.392243182149,132.179161842676,161.925047025205,146.03843949948,110.921820017282,9.11054912102606,13.8478969726661
100.416171657279,132.148520397798,161.882748328882,146.005328788349,110.639724390762,9.14540182188529,13.9481638468879
100.425395859188,132.148151106516,161.879858764406,146.004299347645,110.589893372624,9.15232946272134,13.9707197371892
100.621923382001,132.225790348116,161.911708902135,146.071659048178,109.959638689522,9.25068985742601,14.3218141260838
100.672175954278,132.260069730792,161.934802659204,146.104238316615,109.870186957998,9.2675762634739,14.3895292326659
100.689329793063,132.226738890167,161.854764822142,146.069519045595,109.428878326002,9.31435936400162,14.6105356586897
100.546520575842,132.00004294517,161.482877442903,145.75890846264,107.518677385936,9.66846212601951,15.9098861873223
100.524641009347,131.997589290343,161.479302729748,145.693270770773,107.176423709965,9.73787141469948,16.1157491947962
100.538288006365,132.036816679438,161.519087094667,145.66587684658,106.883747014251,9.79553149250249,16.2819467445623
100.53974200246,132.040996094915,161.523325852187,145.662958207502,106.852564273312,9.80167478745895,16.2996539799348
100.573610870032,132.106592112785,161.589492849747,145.654032324818,106.569268776521,9.85385478595506,16.4452285613642
100.406251710295,132.127537776286,161.614105271583,145.279942692998,105.005444747351,10.0326528292439,16.9024468286854
100.352911072058,132.333864765693,161.835158587348,144.768585244645,103.476937003731,10.2939126357809,17.3265415955365
100.234841488545,132.250595355231,161.749109165057,144.497910461253,103.15491996275,10.3552563401336,17.399897699498
100.215321687639,132.236828877317,161.734883082934,144.453161274163,103.101682639966,10.3653979605256,17.4120252644644
100.133009777798,132.172486269404,161.663980986434,144.225546292976,102.878855811786,10.4189816719391,17.4750006308841
100.116702544774,132.159357785891,161.649272931656,144.178094261024,102.834811435023,10.4302529450569,17.4881941731724
100.048106787089,132.104133317551,161.587404056656,143.978489087002,102.649540433405,10.4776651282569,17.5436923087861
99.955231949871,132.01480411497,161.466180583733,143.57110558668,102.336739947834,10.5771591674992,17.6618630945189
99.9148558766896,131.961300154655,161.3622487489,143.216249028705,102.081580393677,10.6631087447664,17.7654758847949
99.9026562163005,131.938967328278,161.306045724001,143.026673794847,101.943667109937,10.7082533473245,17.8197564310205
99.9075881348847,131.918272271161,161.205733069534,142.69818380028,101.6948071994,10.7837400385741,17.909631258797
99.6991030555231,131.642040614279,160.649041055808,141.660423369659,100.783652667766,10.9210564943835,18.0246702154712
99.6458419250551,131.567696615015,160.464458409632,141.33169988977,100.471292680587,10.9622405453938,18.0508986946899
99.6537491999803,131.495214321039,159.62238572835,139.925008811941,98.9425736521432,11.1834000817285,18.1258487672641
99.6759327094404,131.507152070645,159.50738928992,139.748277353471,98.7419799074021,11.2177198228065,18.1347682648425
99.6811090040542,131.509937622187,159.480556049404,139.707038878638,98.6951734125895,11.2257279827061,18.1368495382026
99.4991538378028,131.238561782586,158.284555660437,138.272786093492,97.2641034410033,11.4347714038261,18.1332209002675
99.5029003087843,131.076969393759,157.105247671525,137.034880003913,96.2278126621983,11.621774263699,18.1748069049264
99.4934724624653,130.917578872782,156.21309448251,136.124311791835,95.5512014318951,11.696441655569,18.2103374863755
99.3110532098785,130.516607588875,154.583303543933,134.323600964912,94.2130743271511,11.7173201117297,18.2255140261806
99.3108931418955,130.516148978192,154.580849657014,134.320684814459,94.2108957073696,11.7173097242719,18.225547191137
99.3080477558347,130.445869790554,153.879541969826,133.384187491846,93.4962172238213,11.7127179524062,18.242455826481
99.3350527560251,130.444681577242,153.375823307898,132.591651274893,92.8706144489226,11.7165908232434,18.2608553387167
99.3177948477085,130.425929402641,153.301666281445,132.477024199649,92.7771787683283,11.7170400036976,18.2591512867579
99.1059123888221,130.177111431539,152.180599956162,130.605108560342,91.2342179776738,11.7560720476623,18.2340071984508
99.0956700933745,130.137727191817,151.917749332604,130.095630051448,90.810091633236,11.7856556678578,18.2310927677647
99.2080021710842,130.110882361534,151.581620436039,129.371282731722,90.2455880277735,11.8678299398478,18.2501594202005
99.219406269929,129.881179300465,151.188326833687,128.804444369587,89.9345297886306,11.9436699293177,18.2700611395057
99.2508116037972,129.664920678079,150.95417080927,128.669671638307,90.1380601751686,11.9908478997096,18.3221843405745
99.2533734078994,129.659442255166,150.949311310025,128.671299835661,90.1528793581711,11.9921496396006,18.3248548770826
99.2612209163015,129.642660343619,150.93442533138,128.676287450601,90.1982745790721,11.9961372258188,18.3330354626579
99.4789363999249,129.396540372571,150.750725742535,129.255131494925,92.2023601239544,12.0600319750845,18.7081758912789
99.43908123824,129.321522007239,150.659257547225,129.334155049604,92.6915682573211,12.0625248605547,18.8277043434289
99.4292302757993,129.305115558612,150.635325416829,129.357375753737,92.8377996763329,12.0632591081257,18.8661470355164
99.5794370358378,129.461422998356,150.52993657714,129.126313509371,93.3537854130282,12.0821716167865,19.5306996060284
99.5566307279856,129.312110046784,150.328403800514,128.637189956147,92.7051481252019,12.0818244667333,19.8632203811106
99.7353431610571,129.068123066647,150.198927133598,128.274573485436,92.187451209,12.1058110113452,20.5880043077066
99.7886538842195,128.921590673015,150.123435062933,128.196533199035,92.195428602398,12.1188990192059,20.9231742436485
99.740530826473,127.921115098533,149.18047360856,127.393720390587,92.7540212883494,12.1690091312987,22.6942062744345
99.8557013147142,127.804477644889,148.900554192924,126.97506624037,92.7533894208624,12.1766212903695,23.1904177421318
99.8319561055193,127.719131539818,148.735066487887,126.720165819388,92.620398242583,12.1711055991713,23.3223529604187
99.7793950430087,127.342214910176,147.60720016541,124.459309176063,91.1243703224793,12.0939456888712,24.208103982002
99.7841258841234,127.342647018294,147.567959923992,124.33836295692,91.0399001930454,12.0878408043613,24.2463147750092
99.7907190352114,127.343249227084,147.513272642359,124.16980589127,90.9221781406045,12.079332713522,24.2995673627387
99.8079924335297,127.369766851629,147.41479045694,123.758466584996,90.6830774923089,12.054003967546,24.4406837397545
99.5569885068759,127.228524618006,147.114625304369,122.846568631135,90.3581907404028,11.9789848262536,24.7201032319557
99.5457891469045,127.222719565897,147.108429977796,122.827252124135,90.3615650707915,11.9767269114652,24.7285492449684
99.4472093783852,127.171621941156,147.053897052613,122.657223051624,90.3912668313817,11.9568521402503,24.802893315507
99.2783219661825,127.096217327541,147.004732111318,122.454734605762,90.578288062794,11.9239707671199,24.9513626786904
99.0880053366481,127.027733255204,147.007235101594,122.340540738437,90.9884335010065,11.886013392117,25.1702820516018
99.025648883705,127.008976513506,147.020037443652,122.325425576503,91.1703699292661,11.8723649703871,25.2615141794134
98.9356815077141,126.988325041375,147.057205256911,122.334883157399,91.5190641229274,11.8483119902205,25.443316859121
98.7617012188587,126.857482078793,146.9604430212,122.226326418776,91.6503425746197,11.82117689936,25.5759415638871
98.4574184943581,126.611327657963,146.750797687295,121.972901472683,91.7472941693338,11.7655765361451,25.8416410980324
98.4345510002857,126.590970980858,146.728330187853,121.933961867161,91.7265212547547,11.7577997187404,25.8787892189339
98.3252970125849,126.488364670274,146.582777530517,121.541006366104,91.3844162357289,11.6807480787076,26.2393360238934
98.3259170052538,126.484820675794,146.558860373671,121.360402028141,91.165904678991,11.6489389953857,26.3704849225822
98.1031431806328,126.267037591172,146.354196881388,120.772620155084,90.5742339952698,11.5730793841336,26.5835536655921
98.0813469561372,126.245307109467,146.352732434092,120.682982890223,90.5087598003512,11.5606607868868,26.6324857865852
98.0497653826412,126.20874777139,146.371627158756,120.498065415094,90.4010819613646,11.5341591960659,26.7489995784398
98.0499369788754,126.204877416537,146.387316977462,120.456592889307,90.3916855649363,11.5277429948416,26.7834078073667
98.0499424514508,126.204753982543,146.387817359743,120.455270240688,90.3913858935147,11.527538368296,26.7845051602673
98.0500136603544,126.203147864981,146.39432831141,120.43805999652,90.3874865824947,11.5248757769152,26.7987838667118
98.0501734689247,126.19954338101,146.408940330769,120.399436392194,90.378735663884,11.5189003314205,26.8308284503109
98.0810531571127,126.177963030502,146.481596616917,120.229162723628,90.4247115748008,11.491866454906,26.9794864460826
98.3019918273483,125.570238763881,145.979919584023,118.554566534622,90.3671794156864,11.1132701861792,27.0772864699076
98.3281172706249,125.531356436286,145.93545789749,118.429418465623,90.3561074773844,11.0673038354324,27.04318955662
98.7666266888307,125.306667443179,145.807444262033,117.361634191912,90.6066997811861,10.4403586316889,26.6813611504258
98.7432155104931,125.147241053691,145.725362849899,117.038556460113,90.7276482103015,10.2167102268373,26.5622358738907
98.7454423680221,125.11117619769,145.716669578622,116.955045603717,90.7998097463555,10.1398259050082,26.5197672127931
98.7813377903269,125.053062486508,145.801489552827,116.764761144279,91.5273050780414,9.73794375610091,26.1768606530489
98.7212385237283,124.941771123368,145.87597137595,116.616495071469,92.4017621632029,9.35507471337691,25.575300763312
98.7260091764175,124.943668699915,145.883507648322,116.617004685653,92.4258419172262,9.34655796133853,25.5597839236337
98.8475456136224,124.971682631443,146.033462116224,116.598038078536,92.8277161041035,9.18793963664708,25.2588406666021
98.8598191100952,124.727770992284,145.975178818795,116.185950082419,93.0409584215761,8.89324613756555,24.6774651716814
98.97699445191,124.747616005038,146.017291450371,116.115733373266,93.1503018873526,8.78647490046124,24.4716409675448
99.1155042869174,124.811782511162,146.073516096958,116.097291000284,93.2804484073513,8.69579909823094,24.2964973202285
99.4087345165726,124.767714456087,145.79591323675,115.611843070747,93.6974930163298,8.24479425941832,23.3631467676946
99.5579213362143,124.817966192673,145.784518780756,115.556372604669,93.8638985084682,8.16136298648947,23.190720216264
99.8773830690575,124.706184477335,145.501445401559,115.125174780897,94.3035263009097,7.88252974522159,22.6769815596664
99.9479540595158,124.680345593717,145.441430030324,115.054521017586,94.4269924768454,7.82078484483098,22.5876017216995
100.006829240649,124.667774188531,145.402755423802,115.012352773358,94.5303563295087,7.77389074065283,22.5232421092073
100.242353623589,124.765147287343,145.397633212678,115.108299812035,95.0086260581147,7.62524123330223,22.3557477234695
100.319489995022,124.821321474862,145.316713475035,115.258434960667,95.4592497551226,7.46751925171096,22.1776283257657
100.350798414646,124.963874502671,145.188769958418,115.658492342457,96.1608661937237,7.23443287479296,21.9016388239534
100.377149888857,125.021723392507,145.182619963623,115.785415498454,96.3385700659453,7.18507348047496,21.8431371489384
100.733804709307,125.441556349188,145.294709185247,117.114445912526,97.9394893649299,6.80982979915283,21.4235810235478
100.95076179161,125.512116288169,145.512752727953,117.78063272212,98.6489865744953,6.67962316241425,21.3325870010248
101.567527928942,125.673005277493,146.790067412056,119.857601573738,100.657914244591,6.44163854472424,21.2818076368445
101.715518227424,125.693791920612,147.425442971331,120.750176369781,101.501206135804,6.37854455761274,21.2732067023915
101.846406741571,125.751635867465,147.956186509043,121.451625060552,102.168377038384,6.35463806194991,21.2755094224261
101.854855502911,125.756382148932,147.988999370749,121.493839406903,102.208896724264,6.35412273723902,21.2759021338995
102.155086906399,125.932807668466,149.145353746452,122.964802915339,103.649297234857,6.37264538503304,21.2940794889267
102.786989630846,125.897553664196,152.370608888532,127.909279716773,109.123220510433,6.79496591084937,21.3482045300969
102.919858449734,126.406648308136,153.947241838959,130.904244100254,112.48897407392,6.87633333587179,21.3149570577517
102.849154315881,126.452632081634,154.006587804539,130.990247841846,112.54909437345,6.88535497753902,21.2813592605036
102.793566566153,126.885019732563,154.331154638646,130.921961071669,111.960622551979,6.99408361114628,21.0129037910426
102.731003755493,126.949505627301,154.35960270371,130.713700175844,111.47350365455,7.04836701077345,20.8262127578093
102.682864919116,126.976813688953,154.395528661579,130.546601337118,111.055154636234,7.11721684164186,20.5777550779306
102.719580290654,127.026053928377,154.487792079166,130.596720800627,111.043287257785,7.16981728091173,20.4060675330089
102.862089424489,127.168959895887,154.779863550429,131.163125784911,111.956124225553,7.28233159651427,20.0451176606126
102.809249632188,127.128812096949,154.773298975848,131.281221052182,112.245246646123,7.30300513733803,19.9437164460781
102.646021403363,127.144712425644,154.846377835199,131.941351701259,113.740140502446,7.38785327098377,19.4409365692801
102.647047574907,127.377421280454,155.034897217412,132.386415694062,114.534395891034,7.42912183467289,19.027988872504
102.660304131554,127.468283046658,155.107840421131,132.509890935556,114.718253734217,7.43856131709627,18.8972357170008
102.469236183485,127.780720556413,155.344420741387,132.890241432917,115.158845585585,7.45286451148842,18.0289296471889
102.217227412721,128.776173983975,157.242596568172,135.767592176803,117.743578402986,7.48047275977176,15.7858557554908
102.206318520043,128.79975060479,157.366139114157,136.028574785234,118.019417523938,7.49133275163202,15.7102103087573
102.372185434015,129.086379062692,158.615388064214,138.829145344427,120.469296988735,7.6919070667815,15.0051795163141
102.941513805686,129.55367226982,159.042853071828,139.527011632769,120.426026390152,7.80808169530465,14.4303631051165
103.117952954592,129.87258695723,158.722679538092,139.135763168256,120.421554076014,7.76329053713514,13.9224428673064
103.340726156721,130.55235629911,158.319085468384,139.11282768792,121.563395950653,7.68081340506332,13.4943260690936
103.316616062295,130.752668033207,158.029101587533,139.130196862655,122.000671212795,7.65898179426846,13.2964527025234
103.488043772181,131.111962524372,157.900679583788,139.36206902338,122.511722867103,7.66823762053265,13.0638623059852
103.782689819535,132.035308421087,158.115015250828,140.179029404519,123.719042795291,7.6978445097791,12.467330371725
103.78761240935,132.668311543969,158.213391768947,140.575930140033,123.94826701659,7.66372455332836,12.463388426427
103.804674678675,132.704264351784,158.229434557933,140.602709105971,123.96521836382,7.6633509251297,12.4648594931416
104.283441778699,132.912739643538,158.380021314535,140.862063117443,124.176699978739,7.67597624732287,12.481195819448
104.382072748692,132.724206550189,158.29693086139,140.766071266823,124.1074711999,7.67825990297225,12.4879189859236
104.385755882704,132.712836207437,158.289271097108,140.757998636013,124.099310959434,7.67796290971388,12.4881541800185
104.419448146242,132.608823542324,158.219201749633,140.684152502852,124.024663398019,7.67524609976384,12.4903056687783
104.423304740006,132.59691770539,158.211181243436,140.675699685893,124.016118845365,7.67493511940188,12.4905519395023
104.42464286259,132.594685919713,158.209610695777,140.674001077326,124.014203542698,7.67483551670662,12.4906234542709
104.85531452391,132.480761111554,158.062622931406,140.425682873751,123.642647743718,7.62164573401361,12.4451756150611
104.885154964278,132.440060201559,158.023917831854,140.358924462878,123.568847670447,7.60981841221726,12.4262960229478
104.916953711515,132.415437040492,158.007456608681,140.321550687927,123.527512043126,7.60188113800079,12.4149866455789
105.079282341206,132.365738039486,158.029441473556,140.28051939856,123.479685668274,7.58163778880741,12.3980670620888
105.298266131586,131.764300659751,158.011088433812,140.344847069619,123.532482017227,7.51441184980093,12.5338202909227
106.119065640997,130.126031987687,159.144964768363,140.772647008923,123.73534385548,7.0145749493962,12.7584423336819
106.086183436928,130.057669363516,159.099155901759,140.691965224142,123.635543155382,6.97854796525731,12.7372635303952
106.033401364,129.942343416489,159.015689757694,140.548555699872,123.453662935684,6.91159801628042,12.6979488838029
106.008462469621,129.868773586182,158.955209944609,140.443805224523,123.311170434911,6.85510938374338,12.6654471341813
105.973409248426,129.754921411685,158.927484556951,140.023554170099,122.525738568021,6.52921255822546,12.4104647516348
105.855968679448,129.51019919225,159.031215062463,139.243776687077,121.265086137038,6.28050274582762,11.9433327250258
106.053547325222,128.645744015981,158.599421963283,138.139953462972,119.839467416628,6.20926037263158,11.5257654287591
106.020554795738,128.441296657528,158.535471205228,137.917757821104,119.530047561214,6.20433359315809,11.4283539082297
NaN,NaN,NaN,NaN,NaN,NaN,NaN
NaN,NaN,NaN,NaN,NaN,NaN,NaN
NaN,NaN,NaN,NaN,NaN,NaN,NaN
NaN,NaN,NaN,NaN,NaN,NaN,NaN
NaN,NaN,NaN,NaN,NaN,NaN,NaN
NaN,NaN,NaN,NaN,NaN,NaN,NaN
NaN,NaN,NaN,NaN,NaN,NaN,NaN
NaN,NaN,NaN,NaN,NaN,NaN,NaN
NaN,NaN,NaN,NaN,NaN,NaN,NaN
NaN,NaN,NaN,NaN,NaN,NaN,NaN
NaN,NaN,NaN,NaN,NaN,NaN,NaN
NaN,NaN,NaN,NaN,NaN,NaN,NaN
NaN,NaN,NaN,NaN,NaN,NaN,NaN
NaN,NaN,NaN,NaN,NaN,NaN,NaN
NaN,NaN,NaN,NaN,NaN,NaN,NaN
NaN,NaN,NaN,NaN,NaN,NaN,NaN
NaN,NaN,NaN,NaN,NaN,NaN,NaN
NaN,NaN,NaN,NaN,NaN,NaN,NaN
NaN,NaN,NaN,NaN,NaN,NaN,NaN
NaN,NaN,NaN,NaN,NaN,NaN,NaN
NaN,NaN,NaN,NaN,NaN,NaN,NaN
NaN,NaN,NaN,NaN,NaN,NaN,NaN
NaN,NaN,NaN,NaN,NaN,NaN,NaN
NaN,NaN,NaN,NaN,NaN,NaN,NaN
NaN,NaN,NaN,NaN,NaN,NaN,NaN
NaN,NaN,NaN,NaN,NaN,NaN,NaN
NaN,NaN,NaN,NaN,NaN,NaN,NaN
NaN,NaN,NaN,NaN,NaN,NaN,NaN
NaN,NaN,NaN,NaN,NaN,NaN,NaN
NaN,NaN,NaN,NaN,NaN,NaN,NaN
NaN,NaN,NaN,NaN,NaN,NaN,NaN
NaN,NaN,NaN,NaN,NaN,NaN,NaN
NaN,NaN,NaN,NaN,NaN,NaN,NaN
NaN,NaN,NaN,NaN,NaN,NaN,NaN
NaN,NaN,NaN,NaN,NaN,NaN,NaN
NaN,NaN,NaN,NaN,NaN,NaN,NaN
NaN,NaN,NaN,NaN,NaN,NaN,NaN
NaN,NaN,NaN,NaN,NaN,NaN,NaN
NaN,NaN,NaN,NaN,NaN,NaN,NaN
NaN,NaN,NaN,NaN,NaN,NaN,NaN
NaN,NaN,NaN,NaN,NaN,NaN,NaN
NaN,NaN,NaN,NaN,NaN,NaN,NaN
NaN,NaN,NaN,NaN,NaN,NaN,NaN
NaN,NaN,NaN,NaN,NaN,NaN,NaN
NaN,NaN,NaN,NaN,NaN,NaN,NaN
NaN,NaN,NaN,NaN,NaN,NaN,NaN
NaN,NaN,NaN,NaN,NaN,NaN,NaN
NaN,NaN,NaN,NaN,NaN,NaN,NaN
NaN,NaN,NaN,NaN,NaN,NaN,NaN
NaN,NaN,NaN,NaN,NaN,NaN,NaN
NaN,NaN,NaN,NaN,NaN,NaN,NaN
NaN,NaN,NaN,NaN,NaN,NaN,NaN
NaN,NaN,NaN,NaN,NaN,NaN,NaN
NaN,NaN,NaN,NaN,NaN,NaN,NaN
NaN,NaN,NaN,NaN,NaN,NaN,NaN
NaN,NaN,NaN,NaN,NaN,NaN,NaN
NaN,NaN,NaN,NaN,NaN,NaN,NaN
NaN,NaN,NaN,NaN,NaN,NaN,NaN
NaN,NaN,NaN,NaN,NaN,NaN,NaN
NaN,NaN,NaN,NaN,NaN,NaN,NaN
NaN,NaN,NaN,NaN,NaN,NaN,NaN
NaN,NaN,NaN,NaN,NaN,NaN,NaN
NaN,NaN,NaN,NaN,NaN,NaN,NaN
NaN,NaN,NaN,NaN,NaN,NaN,NaN
NaN,NaN,NaN,NaN,NaN,NaN,NaN
NaN,NaN,NaN,NaN,NaN,NaN,NaN
NaN,NaN,NaN,NaN,NaN,NaN,NaN
NaN,NaN,NaN,NaN,NaN,NaN,NaN
NaN,NaN,NaN,NaN,NaN,NaN,NaN
NaN,NaN,NaN,NaN,NaN,NaN,NaN
NaN,NaN,NaN,NaN,NaN,NaN,NaN
NaN,NaN,NaN,NaN,NaN,NaN,NaN
NaN,NaN,NaN,NaN,NaN,NaN,NaN
NaN,NaN,NaN,NaN,NaN,NaN,NaN
NaN,NaN,NaN,NaN,NaN,NaN,NaN
NaN,NaN,NaN,NaN,NaN,NaN,NaN
