NaN,NaN,NaN,NaN,NaN,NaN,NaN
130.681681507682,143.132072352191,137.976841286866,115.863362259042,114.620289568597,15.3152816823337,9.59123133443325
149.587731781793,159.529272359822,149.680572132333,127.377685192964,126.996008041813,16.9269670726869,11.2166536446261
141.031588467199,152.555397972825,142.950726912258,120.466599754401,119.741653912804,16.31575358862,10.6358559774068
139.18894187311,151.020093040893,141.61070630452,119.106524002203,118.301080284562,16.1750436596231,10.4991537158979
134.974958782597,147.504413310038,138.563407150523,116.014065980808,115.019389285284,15.8516032457874,10.1847557162214
113.815651801342,129.867397845854,123.1815679514,100.290008267136,98.1946681085819,14.2203037720795,8.60410250876506
112.466053091136,128.804854223511,121.984658511913,98.9824395851561,96.7612686148206,14.1260965314108,8.51915559998356
113.861257612681,130.126445937664,122.463563790434,99.2725850520247,97.0070223749016,14.258668996875,8.6629319503944
123.956636702706,139.057356498025,128.119762072044,104.456049144633,102.445400759117,15.1141493946114,9.53633450400576
125.343198129812,140.289797977605,128.878185291489,105.145564874411,103.177725060647,15.2321612651839,9.65641796770677
126.963829506108,141.74007016154,129.729935585335,105.906465151926,103.992170064551,15.3714325644588,9.79806850474923
131.066593457939,145.486274536085,131.665879481002,107.535775962982,105.752901118622,15.7322729641264,10.1685415287014
132.035614284483,146.413972374953,131.997426496688,107.751007178175,105.996253869862,15.8222114717001,10.2628970447635
131.348012660453,146.028128985056,130.994052971002,106.55528085651,104.740902318622,15.7871256071531,10.2409903497827
129.201116908786,144.354548693051,129.228517752505,104.670878025611,102.716221290327,15.6259621271056,10.0964468184177
128.747520673301,143.997671578774,128.865069215997,104.285688113644,102.301714713096,15.5915500896692,10.0653744895853
125.811349319443,141.628357713897,126.753422124201,102.108020677866,99.9092104754125,15.3586839554875,9.85641667191767
125.643832410738,141.492441364975,126.635959389881,101.987725325839,99.7763446966038,15.3452718447872,9.84439722772734
124.906958613289,140.894572189022,126.119264020047,101.458569830141,99.1918943761043,15.2862746186569,9.79152606652798
122.477002806883,138.902086256542,124.562964075439,99.9026180341225,97.4099727554619,15.0847590981181,9.61684348919907
120.292252693175,137.10494569712,123.374816073335,98.7623163027637,95.9755964273967,14.8915238174428,9.46418607713292
119.911259105879,136.791489597039,123.22415937781,98.6320197056023,95.7679332472794,14.8544697843925,9.43903911313986
119.719044177365,136.64564320863,123.526069738596,99.0184182393591,95.9265981805318,14.811432915493,9.43840805242902
119.966663063126,136.862187871105,124.018045214004,99.5745472325578,96.3362489863761,14.8101329661602,9.4673225382428
123.972482361655,140.290828712322,128.011159970919,103.798211315588,100.133520855305,15.0304489990056,9.8122790120251
124.269629762852,140.546182389204,128.294858518621,104.095824032196,100.405061587564,15.0471790164873,9.8375012915387
124.641449181796,140.865705479028,128.649849438067,104.468225698555,100.744839478541,15.0681132240689,9.86906183447272
127.48037322108,143.370161274908,131.497033113085,107.452812881038,103.388623734169,15.1977226623406,10.1128699976295
127.061549136954,143.542259498276,132.738015810689,108.813333487651,103.868400183389,14.936801093512,10.1158052267125
126.952983952125,143.472611922852,132.704535596217,108.780547677955,103.807875975587,14.921394175667,10.1082435168039
126.739237946695,143.335487935467,132.638618865032,108.715998109249,103.688714315523,14.8910606285862,10.0933558224687
125.911462265587,142.804446890628,132.383342669611,108.466016533717,103.227236103928,14.7735876842626,10.0357001423372
125.767517496536,142.714286376269,132.342373224599,108.425999608645,103.149304837575,14.7528091490051,10.0257563821318
124.215603421839,141.875565481349,132.162748996167,108.260392649058,102.461203463741,14.4958048976334,9.92517988834217
124.189003797487,141.867083492844,132.172116741254,108.270195546336,102.456305618501,14.4897544988643,9.9237752227665
123.988759548891,141.884291959012,132.421189252271,108.525026489573,102.517924563157,14.4203401256273,9.91787142012648
124.020178056798,141.96358379632,132.562709917676,108.668154710797,102.60787710815,14.4070909609665,9.92352197235015
126.30308080591,144.734032068529,136.561961882241,112.679033541208,105.713394608745,14.2836433404658,10.1731046605901
126.30640577016,144.737772473471,136.567993501861,112.685065308654,105.718196221323,14.2834419553766,10.1734806397713
126.471929936569,144.923978207912,136.868261034015,112.985340199896,105.957231248361,14.2734165546493,10.1921977253909
126.810835684053,145.313394446474,137.530121064584,113.647611892663,106.47921597834,14.2469485753706,10.2319333640477
127.060181719149,145.71612763148,138.664108056006,114.789126666987,107.312542841457,14.1461991920383,10.2803784794801
127.030536613671,145.719646853652,138.801961020583,114.930207515862,107.403787299514,14.1241638359839,10.2825853044271
126.597335661771,145.569599059471,139.677706864907,115.845430773193,107.957141126838,13.9470175520637,10.2806570724673
125.373317646829,145.061115946628,140.993809783279,117.344409237841,108.862250201681,13.621652990691,10.2340376962047
125.306889818289,145.068793442587,141.131314735347,117.504668509732,108.978380446855,13.6006871769347,10.2325600784853
125.052380162572,145.126518303491,141.718748622563,118.188583129688,109.480549728291,13.5164225306375,10.2280516214998
125.049189215402,145.127242036275,141.726113649619,118.197157796198,109.486845739509,13.51536605192,10.227995096147
125.001554217764,146.01345904246,143.65343198823,120.382319300714,111.232445753107,13.381071816375,10.2640378739182
125.175920896485,147.505718040819,146.045533872472,123.053447461057,113.378842391914,13.2881740664069,10.3173174564344
124.602346706345,148.689606166077,148.493795556257,125.880243721767,115.456641111793,13.1674639127161,10.2732833019536
124.491966858624,148.791289666159,148.82677617934,126.277030006961,115.73728764626,13.1524817113425,10.2580347533024
124.375874071763,148.901057095342,149.237396693146,126.768153734038,116.088404499289,13.1369154996776,10.239039834446
124.292224786303,148.984836942555,149.633649784711,127.244673200339,116.434369565683,13.1260175690442,10.2204389317484
124.151553844739,149.063006844321,150.264363734677,128.011525436686,116.9941913962,13.1098384759016,10.1872285338759
124.076448014196,149.062968817169,150.577361763435,128.397979392034,117.278447950544,13.1026306982163,10.1682118699488
124.000717449172,149.062930473706,150.892963327224,128.787647892902,117.565068966736,13.0953629658349,10.1490370243522
124.00508029745,148.821644005508,154.310763479774,132.7401477002,120.677127744774,13.0776708715652,10.0580559528678
124.108255867568,148.811748828695,155.082689527125,133.539992840152,121.324248992115,13.072839476262,10.0644304421128
124.153564924296,148.792089238777,155.545676838337,134.012438652514,121.70319699976,13.0673023813682,10.0679815831642
124.118316576512,148.657717944726,156.397344389951,134.829363616973,122.334559831676,13.0382311399328,10.0725664523847
124.106157851828,148.59016167872,157.166596241,135.519739406433,122.860564440091,13.0056899058546,10.083082068943
124.102000247967,148.552507679308,157.755957597963,136.036221358366,123.251961285036,12.9791116452648,10.0928093369069
124.103604935936,148.553861181041,157.845678934401,136.109571516447,123.305950999256,12.9741268577732,10.0946474569616
124.123469563539,148.580684913914,158.714029764843,136.80925737642,123.817644321394,12.9240645078813,10.1131293742351
124.258210751391,148.859478886847,161.282375018738,138.71094815076,125.113512871524,12.7264529637588,10.1546621813537
124.089547937468,148.712334639721,162.144466574049,139.24643770003,125.3716126461,12.5947480923517,10.129193219276
124.020788580729,148.573091828746,162.60866197152,139.529176467948,125.500359918635,12.5145271429106,10.1071259337513
124.00946381836,148.550158342734,162.685115603705,139.57574393907,125.521564774765,12.5013146401683,10.1034914209147
123.983807311423,148.312266861467,163.199549490076,139.897804610122,125.678191311971,12.4077232626718,10.073435864992
123.981242155345,148.262746070803,163.298213847487,139.959979777858,125.708880949049,12.3895546808714,10.0674104662605
123.991551053612,148.157202770142,163.471123559712,140.07379429882,125.770819323321,12.3580744531583,10.0567950525568
124.120052589914,147.655379914968,164.123911528608,140.538313496968,126.062827417057,12.244472056244,10.0192726304926
124.136517637249,147.608359020252,164.177904599566,140.579662441775,126.091831757759,12.2357863114989,10.0166834328482
124.158436442192,147.545763280411,164.249781926516,140.634707497967,126.130443276656,12.2242235664325,10.0132366089814
124.165884222759,147.524493902998,164.274205090109,140.653411232085,126.143563066756,12.2202946666483,10.012065414298
124.184955916707,147.01933470826,164.603678610941,140.902902527443,126.308355109491,12.1465620414692,9.98442556628123
124.114181975253,145.799093715943,165.465948762716,141.620779008132,126.816924707749,11.9685766923547,9.92569878529714
124.059753170315,145.382089287072,166.360957178581,142.402483401998,127.377184050611,11.8455400772533,9.89810418362902
123.971027230927,145.360553419942,167.179344902199,143.109220631941,127.856745343104,11.7461646915645,9.87481319130261
123.363284456985,145.356218106514,168.358788077548,144.051613266625,128.359123732559,11.5338137664236,9.7847706711755
123.050554289558,145.458699577372,168.921822829495,144.47428916198,128.558493044457,11.424765003182,9.73348852976866
122.390051148854,145.925743719449,170.138442618885,145.230109847993,128.795066094083,11.1377687750408,9.59134458464488
122.340270584785,145.976250354592,170.229065276376,145.265222180872,128.785884858187,11.1081945332715,9.57677815631178
122.21821226605,145.984953094353,170.271198842034,145.220056778238,128.686433128083,11.0590835366727,9.54979606799903
122.089226331375,145.939292791251,170.22993024968,145.109789355517,128.54467845163,11.018335576438,9.52544379344279
122.000390923353,145.907845551157,170.201507675936,145.033845792261,128.447048934478,10.990271573315,9.50867185430126
121.64610418017,145.683190275524,169.674790373967,144.262425491589,127.628685478906,10.8568145455616,9.43493812700176
121.546804269324,145.614824765352,169.372871401795,143.872987466461,127.22564413559,10.810136225605,9.41294447097885
121.060494295175,145.759705416913,168.260237312286,142.547013379722,125.63690524845,10.652072269024,9.35323541351898
120.45712190731,146.154001904602,167.876136301055,142.085664619674,124.798579133216,10.5489658348915,9.31044349335876
120.043988960657,146.757790861759,167.96366818838,142.105828644272,124.432965373136,10.4877729095468,9.29735315103314
119.319874321144,147.894398011059,168.512898187307,142.496576680135,124.150216985636,10.4530696717183,9.33538501506491
119.24057408645,147.994117910053,168.5600572462,142.524723399126,124.121018887475,10.4588442459736,9.34704066351086
119.072656911116,148.207170793758,168.66039170586,142.584526746362,124.058929383661,10.4715150980882,9.37222627820686
119.062243011015,148.228552457004,168.668662646795,142.589109815207,124.053946753626,10.4742093017463,9.37596211679189
118.824023615392,148.815078627572,168.871866976511,142.697903071509,123.915812370766,10.5559022938394,9.48488371185472
118.446916514021,149.750372484686,168.959094335228,142.668746671506,123.484798897626,10.722656381864,9.69247338517805
118.269110688699,149.924804100712,168.902782691804,142.59077929624,123.295901408256,10.7593116109029,9.73813055174119
118.210468966482,149.991667261243,168.888696397476,142.569524321422,123.232216230596,10.7717346203288,9.75381781061548
118.201505507506,150.001887377124,168.886543290157,142.56627547252,123.222481873285,10.7736334925166,9.75621562732458
118.135147806888,150.077548278973,168.8706035451,142.542223804146,123.150417107906,10.7876911004637,9.77396698912906
118.089409862957,150.129698580359,168.859616859924,142.525645865952,123.10074549229,10.797380497144,9.78620235568541
117.991525909152,150.241442799219,168.836233478013,142.490280939061,122.994461698127,10.8181227740047,9.81239871744491
117.843330435056,150.458546315738,168.845998983721,142.476426803574,122.840057130424,10.8516092383115,9.8560451036206
117.769137172005,150.567238017752,168.850888031367,142.46949080553,122.762755318222,10.8683740556591,9.87789643093342
117.513232445879,151.021914840032,168.969603501016,142.530350168623,122.520256850173,10.9318629320523,9.96270745245612
117.499271401546,151.048481601455,168.978329008423,142.535542401373,122.507559944756,10.935451675609,9.96754285639351
117.452401414539,151.138098783497,169.008283502341,142.553501124849,122.465110389197,10.9475467595512,9.98384680396893
116.900048146791,151.745734069161,169.423205229769,142.804976582579,122.123571424847,11.043652506105,10.1171219409575
116.896818105986,151.74714092382,169.42456570988,142.805543176881,122.121706724387,11.0440086049268,10.1176148424252
116.762445277116,151.810984683195,169.511885917131,142.84884045554,122.055270902004,11.0632893612514,10.143447070405
116.612711732623,151.882126687611,169.609188059589,142.897087225776,121.981240525103,11.0847741808331,10.172232287551
116.472000948132,151.987376299435,169.757354025296,142.975581571182,121.922604926105,11.1177332783059,10.2148418020241
116.243080314027,152.350774766031,170.137129199681,143.179281371041,121.825807304327,11.2111604015799,10.3342488898921
116.143578972564,152.521541599587,170.263099412629,143.233891004119,121.763966890237,11.2509331212577,10.385048801224
116.119913772533,152.528033868078,170.262763449132,143.227267699022,121.746729369323,11.2538910483148,10.3887881906196
116.038155295761,152.550463341814,170.261602763241,143.204385520331,121.687177223074,11.2641100876751,10.4017070242082
115.665208880168,152.713298291537,170.297609510858,143.136307200692,121.425478968846,11.3127757284722,10.4636619182434
115.568260230956,152.76953771206,170.316462051697,143.126953055462,121.359737096573,11.325897879072,10.4804625066853
115.447568915694,152.888652197508,170.409708196086,143.17440349035,121.302707380303,11.3439290081943,10.5041947986393
115.134882276609,153.308674752103,170.901756112314,143.506103159456,121.255487920501,11.3948219590833,10.5731942522169
114.941958491912,153.610047367222,171.669507090833,144.103331665881,121.459894348052,11.4201159069856,10.6115855132765
114.80547754307,153.611162179651,171.931676210862,144.301944959925,121.521173327412,11.4202682973178,10.6136144000776
114.768296288857,153.611465885954,172.003098462698,144.356052814822,121.537867447206,11.4203098127361,10.6141671259824
114.386971348521,153.534442301666,174.071342662754,146.068408269163,122.546816019256,11.4158532470516,10.6212308382961
114.381757549032,153.52990865166,174.292900278076,146.262082270473,122.685817688938,11.4160914401196,10.6233580149596
114.37775846563,153.526431255851,174.462839184243,146.410633914198,122.792434614143,11.4162741387345,10.6249895999308
114.375997168813,153.524104542657,174.80320201199,146.712569273669,123.014905037393,11.4171528380961,10.6293319971923
114.388023532692,153.531974947318,175.156001875288,147.035309960088,123.265306907291,11.4192004454954,10.63621531797
114.364476087866,153.506706466047,175.819933531912,147.650669807734,123.746155661089,11.4209021090071,10.6474936491223
114.018350352471,153.266633024042,177.252588435139,149.112987062561,124.949941300288,11.4176607533928,10.6751496872147
113.950172512745,153.266221847306,177.67416516918,149.581219232707,125.343994701292,11.4214023051,10.6910905770995
113.886484582261,153.287097996225,178.15463989333,150.121560798995,125.793729469457,11.4263764837568,10.7102947791923
113.72167063304,153.499298392228,180.052097219149,152.29791284768,127.523341841993,11.4444827966361,10.7848593846885
113.522024365101,153.452438407909,180.720798843144,153.085836266273,128.095944412448,11.4376374737049,10.7965318126443
113.205657230068,153.468767904059,182.779650611581,155.389982295447,129.606632413602,11.4053893030567,10.816808894069
113.202157258856,153.492038389818,182.990544756571,155.609625807028,129.726185605692,11.4006529988357,10.8178511778731
113.224762321903,153.65488948044,184.027419344932,156.654534321864,130.228715281429,11.3739952306774,10.8221518792876
113.015575041325,153.737330061729,184.781190151961,157.199439591843,129.854491071686,11.2928845530182,10.7836992903952
112.939073770298,153.967342460044,184.863710334154,156.9627108613,128.944768923129,11.2401321999551,10.7584194607504
112.968264488912,154.390400802167,184.927065657608,156.613397570163,127.875821049972,11.2056029314699,10.7453460709321
112.861596190496,154.452913599213,184.876045492626,156.388290615596,127.366189594909,11.1877902991952,10.7275706768161
112.813790559671,154.47229423391,184.852005033708,156.295215062474,127.160808485037,11.1804695684863,10.7199376674341
112.648952442815,154.627494136422,184.898301910284,155.983931279589,126.258772869371,11.1514554319231,10.6804894895341
112.832646787432,155.29350832342,185.747135975682,156.107681967209,125.093211129461,11.1315132382652,10.5990722393225
112.839210474491,155.322792603892,185.793351784032,156.105099533813,125.000005024795,11.1295065275494,10.5894568814984
112.837643901076,155.327275243186,185.802419045309,156.100096620744,124.968860254144,11.128660291332,10.5861284162689
112.836086449321,155.331731781494,185.811433510799,156.095122838052,124.937896829617,11.1278189824798,10.5828193316369
112.832795404361,155.341148874437,185.830481941104,156.084612758105,124.872468143379,11.1260412161713,10.5758269183808
112.828154097719,155.354429645914,185.857345629444,156.069790565012,124.78019514201,11.1235340615508,10.565965632834
112.839206191699,155.425124270862,185.956091682834,156.009263111792,124.41752559587,11.1159802446226,10.5290128412643
112.862112999977,155.47575599127,186.008261889968,155.973615558222,124.211655879802,11.1129984049783,10.5090619746525
112.864076365902,155.48009568772,186.012733451686,155.97056017001,124.194010576249,11.112742828458,10.5073519655058
112.938802198656,155.594789538063,186.088192509462,155.912760455279,123.862969608698,11.1124897272339,10.4816947831777
112.966765363513,155.635824395533,186.112892881691,155.893315176346,123.751806487755,11.1127487789247,10.4735657661251
113.042808694285,155.745567674162,186.169262462821,155.854217364207,123.503210626642,11.1159849967142,10.4600157885269
113.141983822059,155.887599506592,186.2363800015,155.811391705291,123.210811032778,11.1217056424734,10.4474133114518
113.185945264191,155.953897319963,186.268177555293,155.797572007712,123.088071569242,11.1251543228451,10.4442325582202
113.266552764065,156.079180058835,186.328760654702,155.777983753648,122.870672165869,11.1324946117019,10.4410797403965
113.321584184541,156.250482484034,186.360473288813,155.629680055746,122.270210670989,11.1421791971034,10.426581416302
113.272155637071,156.410272397702,186.346777708422,155.34593717145,121.291505710934,11.1511748713103,10.4058059325877
113.277965675587,156.486080188735,186.383804467351,155.297989261049,121.026278748367,11.1554777540782,10.4042396861948
113.455664375457,157.047306223062,186.797867561575,155.245435194701,119.822091109588,11.1853821270214,10.4188839483677
113.500779617634,157.144289038033,186.879185018521,155.261579392592,119.685165461483,11.1902309311704,10.4238048728267
113.542354315029,157.41616205845,187.074894723474,155.157702535273,118.910379132322,11.1974010041001,10.4311298650507
113.661480627341,157.867780166263,187.310226973674,154.923944119606,117.694825796208,11.2004923960394,10.4648521423827
113.797706346602,158.163809220474,187.459770336274,154.865403620775,117.194320342591,11.204135765133,10.5058083780519
113.931168220102,158.618069461203,187.643345745701,154.709064017452,116.279614639129,11.1919697335051,10.6044741856556
113.887700014665,158.726849541541,187.647002922299,154.573935200974,115.83263976397,11.1698664007464,10.649065871109
113.868088163715,158.804685213718,187.662678041371,154.503946378879,115.570259832767,11.1539965977506,10.6796707729553
113.880612373423,158.98020901627,187.752973269578,154.454409802092,115.21863276284,11.1204253860728,10.7363842092483
113.926631501867,159.165229714812,187.874653030402,154.455746016976,114.973081992595,11.086709941066,10.7871920883634
114.108395865216,159.607400665158,188.210893029603,154.560082697024,114.640305586954,11.0096179792943,10.8858731025411
114.140456675811,159.736020072596,188.29885274022,154.559582195427,114.493638640936,10.9676911636945,10.915417512394
114.135409247126,159.757072365631,188.308299500128,154.54484866575,114.442419257707,10.953543015561,10.9214804283478
114.133868213733,159.763499853486,188.311183695901,154.540350363218,114.426781437966,10.9492234362094,10.9233315007509
114.127967025842,159.788113086186,188.322228350252,154.523124695979,114.366898431583,10.9326821662531,10.9304199428967
114.120425154881,159.832265734414,188.341483610447,154.494754357753,114.267115795965,10.9040782149899,10.9422070933335
114.128490719609,159.883108069982,188.360589765997,154.476007560377,114.19424930506,10.8770212838621,10.9506709059601
114.134121253144,159.918600869931,188.373927685059,154.462920507599,114.143381543855,10.8581329650418,10.9565794545154
114.140533992108,159.959024403471,188.389118535579,154.448015374228,114.085447127464,10.836620641685,10.9633088309252
114.295592949597,160.319385341849,188.467134245012,154.440099591131,113.84696623305,10.7136253151915,10.9923011951477
114.409412380067,160.527699412335,188.477469849244,154.525101939563,113.823048948769,10.6832512090471,10.9996619464705
114.415266355719,160.540875566435,188.474225457127,154.530949354154,113.820287183923,10.6812571373554,10.9997662134595
114.293452840402,160.461290935491,188.276372446526,154.476998713842,113.715353672622,10.6700026446219,10.98057167892
114.089940909636,160.310315577287,187.967226057116,154.695366783566,113.765469173324,10.7045043029101,10.9427629075166
114.083422824163,160.31441692389,188.005089928562,155.199148230412,114.097292481222,10.7686750267718,10.9333006143691
114.157784259883,160.399423432836,188.185745767045,155.707192522167,114.461926275947,10.8240115267366,10.9387396406354
114.174975355215,160.418947850117,188.226218640935,155.810234897113,114.536623878389,10.8349493958375,10.9402506750551
114.204127602541,160.454252855647,188.31223549678,156.035736220125,114.699687259338,10.858711881355,10.9429929466974
114.194796837512,160.451694046413,188.353902562873,156.165633386931,114.792361500396,10.8718623095406,10.9428313205362
114.223731108449,160.652457082229,189.027810865877,157.688384459804,115.898248789345,11.0205089522908,10.9734086657459
114.500170479496,162.117674568932,190.809884879217,160.31891476634,117.638651915191,11.370347433744,11.2298287811287
114.298747223578,162.70694977142,191.214327035923,160.827146684331,117.759981131355,11.5443217216918,11.3767909243275
114.257888962313,162.858849415947,191.296369153157,160.906046753598,117.74714462635,11.588928011719,11.415660442568
114.179521766847,163.176063947731,191.458559064842,161.047922191795,117.701053467881,11.6820164045044,11.4972062809103
114.111844442796,163.633490449977,191.680027091056,161.196398762994,117.591576313615,11.8151705501921,11.6143271526788
114.088314795311,164.276199419402,191.998998078457,161.368616556705,117.420478512164,11.9988433025326,11.7759105337287
114.086699015161,164.387089093661,192.054149310739,161.396074971787,117.389185787608,12.0306494953576,11.8038219366394
113.901008920943,164.745108339481,192.143860184426,161.327647029181,117.058619571964,12.1823252019843,11.9267959355173
113.802984395112,165.144855993846,192.318956059492,161.352178816127,116.847473028982,12.3278084455739,12.0470025107391
113.83025179694,166.434958587366,193.200078421837,161.990972786726,116.960377848651,12.6818557275091,12.3640483519315
113.737878384193,167.064415187821,193.687009306605,162.447174122807,117.161182209788,12.8629031016817,12.5348520661874
113.608960577992,167.332211513601,193.903468547631,162.671329405492,117.250534294994,12.9594527699434,12.626152447022
113.307482299182,168.077641575873,194.632837150879,163.468940533647,117.623026890703,13.2462195310613,12.9067789480998
113.277556584226,168.17145324571,194.737898270642,163.583802701822,117.67735041797,13.2851599036787,12.9453613193084
113.244223061026,168.311759116962,194.912348121811,163.772461297228,117.765473580092,13.3476663028338,13.0076050550787
113.243595540079,168.314400448115,194.915632231182,163.776012893615,117.767132544548,13.3488430183761,13.0087768258458
113.195978882717,168.514826204411,195.164832375441,164.045510109438,117.893015740012,13.4381328835276,13.0976914785628
113.17931442483,168.587241690274,195.255623662423,164.143505281117,117.938661257372,13.4706179172045,13.1300381828139
113.09586391595,169.015487051306,195.939933047554,164.855931970669,118.224772247357,13.727533398509,13.3831550260874
113.052650206211,169.034094625795,196.014507185757,164.93263030213,118.234465350167,13.7686597242688,13.4220188553432
112.922940254902,169.092303986985,196.2747973924,165.192512451225,118.263699770937,13.9118832807619,13.5571181392423
112.865196156731,169.217579139496,196.910185086567,165.726803933179,118.285156232811,14.2653859334867,13.8895184672524
112.882998944053,169.281180399641,196.906170523948,165.407451515442,117.754583657766,14.6166104208282,14.2222502662646
112.760406566923,169.318462115978,196.403782560852,164.722464879893,117.132495084321,14.7170342778848,14.3310624065515
112.715148586859,169.389764797284,196.177533928283,164.398043078391,116.75890326431,14.7732133690195,14.4007113366859
112.470875961421,169.194491406101,195.857304774677,164.015898554563,116.268755277402,14.8141847338988,14.4479911698375
112.422046226587,169.153165671896,195.801019009583,163.945726258322,116.161259697747,14.8257249266079,14.4612333413295
112.371293827598,169.116635276314,195.775955759857,163.89192148451,115.960123656241,14.8683042829119,14.5096554986535
112.429590601992,169.217044622648,195.869058090287,163.975823991362,115.88288963213,14.9216906943705,14.5709163909369
112.434959551644,169.225688497743,195.874800765793,163.981962089407,115.882928815775,14.9241026016065,14.5737278575727
112.489415959366,169.336260483172,195.920523288372,164.040573047307,115.857463177856,14.9595380614829,14.6145525232907
112.431171891409,169.333601271001,195.808390349937,163.959474546535,115.754130015108,14.9770295258464,14.6330274697607
112.562860757418,169.862575053822,195.125628861465,163.519010224956,115.391119771745,15.055445153838,14.7364513625815
112.571626596014,169.881332206003,195.107909809627,163.507948386348,115.383215946308,15.0574101262898,14.7393361977029
112.590715391107,169.922178433164,195.069324185889,163.483859741749,115.366004301057,15.0616891186633,14.7456183150282
112.605752974052,169.951904027937,195.042270556996,163.467110568325,115.353793058407,15.0648401473864,14.7502909700674
112.838896684803,170.503867010441,193.72111260998,162.533591037345,114.565276484924,15.1633298782041,14.8988406436991
112.967427200973,170.726319085732,193.383684516184,162.34502202308,114.383200355264,15.2185859135199,14.9778352248789
113.025182657854,170.826417302234,193.323535532127,162.333460476636,114.369638133948,15.2402982269311,15.0083719630983
113.04618901683,170.86866608585,193.33279985843,162.355631786573,114.391409651714,15.2475209999406,15.0184167318874
113.064069683134,170.904628358155,193.340685676594,162.374504062105,114.409941623131,15.2536690427368,15.0269668646844
113.083750343018,170.94421084562,193.349365336654,162.395276153572,114.430339153078,15.2604359907443,15.0363777139598
113.097237894511,170.971337519272,193.35531368202,162.40951168505,114.444317990023,15.2650735161241,15.0428271579798
113.132713659003,171.042687718482,193.370959375711,162.446954831226,114.48108596289,15.2772714127016,15.0597908713172
112.965106239228,171.129418078562,193.377402790013,162.539379908765,114.652168321469,15.3015246852294,15.0931858556502
112.849984538211,171.30895365862,193.587741467958,162.773271223419,114.966383168493,15.308053844666,15.1060539154606
112.788234935091,171.712992117419,194.047129091329,163.197161606325,115.491089147324,15.3035877562678,15.1113751334721
112.644551678344,172.074253905302,194.388822410707,163.437543416226,115.84002171229,15.2760355804396,15.0907506094164
112.58827124262,172.107023271441,194.40823153261,163.43408202306,115.859970958437,15.2676855604891,15.0826677197086
112.10352219049,172.817202878798,194.487957793108,162.875891142132,115.778680823068,15.1764318606475,15.0161458634674
111.948916485405,172.846175270189,194.434568763799,162.697640879835,115.790620537791,15.1611213075811,15.0052146457021
111.942720878747,172.849898880587,194.435113364723,162.691572948967,115.795925706515,15.1604562199185,15.0049183045983
111.736715652929,173.103513169965,194.57498604669,162.532820762028,116.207224658683,15.1341581789369,15.0018968390339
111.416842489837,173.18708838018,194.591278177888,162.305740163548,116.748587303671,15.0919903854572,14.9910788871403
111.153136446425,173.198125245987,194.469984908575,162.069837307535,117.517576003599,15.0479414708958,14.9956874167212
111.150542808538,173.200564919671,194.467694109066,162.06696038327,117.541375969098,15.0472344006381,14.9964630011053
110.994890796155,173.149300730906,194.240347140522,161.906941709668,118.208396287391,15.0328141599578,15.0266018997363
110.880684268574,173.052606978749,194.094683466243,161.797980706134,118.318316629935,15.0274441479161,15.0308428798322
110.776087088848,172.972352946951,193.965761052324,161.709223183219,118.426449513922,15.0259738783017,15.039358708698
110.725935054146,172.933872913376,193.903945605735,161.666665913692,118.478296840632,15.025268916534,15.0434418603271
110.65617015988,172.889050857434,193.825826042964,161.615509555934,118.554296640825,15.0260647134502,15.0516813283531
110.587876782867,172.853407937132,193.756796981581,161.573039315485,118.632359634991,15.0285237488269,15.0621676041163
110.306601473943,172.77949170504,193.548083533338,161.456227672184,118.968978693157,15.0477677218551,15.1194639567526
110.301940954056,172.780597899174,193.547210414011,161.456057859111,118.974717152501,15.0482781027091,15.1207328071755
110.183374500219,172.808740149159,193.524997728526,161.451737711494,119.120707040192,15.0612625013241,15.1530131318479
109.525932807579,172.585287570289,193.205953019726,161.153770502889,119.189214352178,15.0656834909179,15.1977725853948
109.371529512585,172.541213933998,193.14458340052,161.091521094728,119.201381812616,15.0650499087917,15.2061815979148
109.36567132728,172.539541744759,193.142254987765,161.089159302072,119.20184345586,15.0650258701758,15.206500642619
109.326494325997,172.531621888322,193.130160706477,161.076565496661,119.209473870835,15.0646221631325,15.2085881968891
108.902923840694,172.516867485911,193.074196770106,161.01606171396,119.415346817069,15.0537396031257,15.2291284269632
107.97859541498,172.304761438955,192.864491124827,160.985992091959,120.323327574668,14.9527401313769,15.1700270883125
107.927284076329,172.286086991643,192.853037924546,160.997464014501,120.409042257882,14.9444276461286,15.163310952133
107.13297891906,172.015395220635,192.756481105059,161.190176992219,121.636444214466,14.8266054986813,15.0757212312773
106.945298296117,171.925285476526,192.703562724059,161.170624309465,121.797383380289,14.8012645488074,15.0553233967666
106.886328196883,171.903231625486,192.695109140844,161.173271168086,121.87185123718,14.7914662925268,15.0475690472855
106.746527239546,171.857102613454,192.684197984791,161.191837840345,122.089156004748,14.7648451568442,15.0262161710143
105.978617375853,171.335364647981,192.386786605038,161.152337702597,123.875099493623,14.5251435155496,14.788395629762
105.777370192409,171.130488879734,192.307002398248,161.154876338697,124.739323162904,14.4285327075952,14.6894618571289
105.702093625852,171.071235850793,192.366769933546,161.229211126199,125.404784409192,14.3707979635826,14.636369743432
104.691166339459,170.518786215863,192.35296892224,161.068182007457,126.880516247776,14.1218513488449,14.4209024643287
104.601899161468,170.489291243092,192.322716511314,161.026825399314,126.972930976349,14.0904347912311,14.3894464735551
104.544517611172,170.47033167361,192.303270055426,161.000241089788,127.032335793608,14.0702400139187,14.3692263483388
104.43339768946,170.574620179652,192.325497043797,160.889938209359,127.337159371316,13.9853696342488,14.2874341536885
104.442457366956,170.699831122379,192.390948460951,160.830403856661,127.467258738109,13.9530495137091,14.2590427620985
104.458013938188,170.772601689349,192.43343490551,160.799111819452,127.522299451385,13.9397881229806,14.248241792155
104.408914470631,170.817934859227,192.42884045683,160.640752221248,127.522720077143,13.9128720228751,14.2235920782938
104.220939740872,170.83732307659,192.359693527427,160.107901948815,127.353924361908,13.8507008693209,14.1657880020123
104.209047110338,170.903445415219,192.42427061886,159.909417701852,127.312147570586,13.825337133256,14.1446441547865
104.267775911802,171.025554051595,192.593263348224,159.736812566859,127.347010457082,13.7885355091481,14.1138409481039
104.434427205674,171.187294224646,192.881014667366,159.701189998037,127.550769343138,13.7370156607136,14.0680261074561
104.563714561303,171.048478917861,193.159900093989,159.649470186103,128.055838876676,13.560923665955,13.8827434101145
105.156728171371,171.062810109562,193.875556691406,160.336839010765,129.436290711812,13.2691485346888,13.5838021286102
105.320228835625,171.10711774021,194.065408962567,160.548285889715,129.766380769725,13.2084119681889,13.5244485065665
105.534235658037,171.015951863164,194.352358112613,160.907481596559,130.428194422652,13.0375021318831,13.3532677275735
106.080300554507,171.010625761514,195.486069887567,162.108496514806,132.390193183417,12.5706319327815,12.9048032960299
106.121189302136,171.028491903561,195.602366799742,162.22158762021,132.581317668182,12.5326344518373,12.8681223105673
105.710550458182,170.61626536981,195.890426313146,162.546723983573,133.884316686133,12.1728494371011,12.478318674727
105.649824864042,170.577201323852,195.935510039647,162.600908574074,134.099768524034,12.1209840134015,12.4208333945975
105.536865752092,170.533994931639,196.034095203242,162.722500357957,134.566621361477,12.0158630506372,12.3038000714773
105.238453506257,170.443231928933,196.227420734688,162.983325344993,135.695457898594,11.7533976463008,12.0110782636869
104.996068772928,170.282606985145,196.167696502495,162.962387729855,136.040589292929,11.634875288739,11.8761524728934
104.734013913428,170.111263248158,196.131251113909,162.977163599784,136.503389601067,11.4815979606371,11.7038756130523
104.705937176226,170.092928700044,196.127629699504,162.979123634046,136.553877686681,11.4649224680644,11.6851517533954
104.657500550918,170.056831880156,196.138353133888,163.004488270042,136.693130682454,11.4229148300832,11.6387429514578
104.646894734453,170.048647747558,196.141765988984,163.011421497842,136.726894210163,11.4128859997446,11.6276960048068
104.580848266856,169.997682029809,196.163019140428,163.054597353917,136.937152585477,11.3504326450034,11.5589024511515
104.529512970998,169.939703193563,196.227461554374,163.15040441703,137.247961588254,11.266062405269,11.4669502998355
104.529080739354,169.938051927706,196.231039194481,163.155153364981,137.259912556813,11.2630830013074,11.4637389805868
104.628530137116,169.847349712046,196.600309410781,163.612023637054,138.175943819599,11.0625328360738,11.2498759585467
104.632409425073,169.797974742334,196.635107028829,163.66202392423,138.276331684916,11.0369165279826,11.2216833576096
104.625777433655,169.645405770733,196.70290678908,163.770014454222,138.505721885349,10.9730799476249,11.1506036786559
104.729168044852,169.311259279985,197.007919479114,164.177282700354,139.189160337211,10.8272791211868,10.9880446394675
104.759851990345,169.285285782727,197.065069426532,164.245188472741,139.287735318898,10.812931870218,10.9720392976597
105.207633841417,169.047986973007,197.851778502818,165.148428204073,140.59281183476,10.6461974506973,10.7864685455794
105.259071177019,169.042926660153,197.934846738838,165.237730999387,140.726487458404,10.6324493732319,10.7713303167448
105.359293223775,169.034062795388,198.09637548714,165.411058085283,140.986378471864,10.6058604416682,10.7420651841498
105.619724463786,168.840156076051,198.60133709193,165.963994238055,141.953101992035,10.4774256617448,10.5961068679965
105.668614072901,168.750958434849,198.718403825748,166.092039546501,142.226762165722,10.4330777105406,10.545045081062
105.929003052389,168.512030822656,199.154903349453,166.527356487487,143.240634952703,10.2673177005187,10.358058572989
105.941522813767,168.504176561742,199.172390355388,166.543899199052,143.280939324478,10.2606631493751,10.350648637888
105.945760037326,168.501518343395,199.178308707288,166.549497961286,143.294580050407,10.2584109642069,10.3481407984303
106.473805924625,168.325105468693,199.658122120921,166.944329120948,144.353561806772,10.077542715333,10.1541339811589
106.738177927021,167.739513682269,199.688667910006,166.879468867923,144.781651416025,9.91908232680901,9.98039678719067
106.83467750727,167.511835024414,199.69960501524,166.852702170253,144.890653607099,9.87317084986225,9.93060787722385
106.86736114525,167.449425371024,199.712088522674,166.85317363721,144.923164713415,9.86268271434668,9.91954357341001
106.867482613603,167.449193426289,199.712134917481,166.853175389411,144.923285540555,9.8626437353156,9.9195024530563
107.335135232287,165.312377366284,200.104797309132,166.838020061395,145.551590137985,9.72212204589181,9.79385701410852
107.446158897782,164.890787097571,200.022858240955,166.655876887429,145.413686843349,9.74089489160917,9.83282977044431
107.612240123745,164.386882337298,199.626101187908,166.164548646796,144.935622011459,9.77148108815147,9.89104949835701
107.6187681725,164.180343839354,199.418533140359,165.937800408821,144.708766588159,9.7773181791495,9.90357263349617
107.642124979763,164.072991794195,199.288263428206,165.79784606684,144.565462230577,9.78229717888246,9.91309341632175
108.216060031719,163.10832268637,197.82977941599,164.228562977426,142.971908950739,9.86204684365909,10.0528352329764
108.683299877277,162.672243240383,197.031311263247,163.340374724564,142.142804718276,9.91986212035153,10.1481989362892
108.888002257654,162.142840580613,196.240203676267,162.470658484823,141.346675847185,9.95746566372421,10.2103955036506
108.982191007801,161.973378201758,195.988326722091,162.17891028007,141.078137786203,9.97491394957053,10.238209465601
109.097577585959,161.806520087681,195.741780479472,161.881998039305,140.802071976845,9.99624784086829,10.2717189614432
109.270823169173,161.624190024777,195.476521890785,161.542928515541,140.47602484673,10.0274486371658,10.3201061325056
109.435312454379,161.479943345756,195.269667149107,161.269115463403,140.20545210943,10.0564264763269,10.3648112583703
109.837726928822,160.666767089792,194.284199895948,160.121382077597,138.996062473733,10.1463156562517,10.5043392257811
109.994123274153,160.26577159994,193.811421401293,159.635627706104,138.478816652988,10.1806004925929,10.5574659754013
110.060591190295,160.142267727063,193.663092177972,159.49200811521,138.33259866634,10.1924414068116,10.5756526483767
110.065497826231,160.133150718798,193.65214257191,159.481406172398,138.321804910956,10.1933154985327,10.5769951815619
110.1268549166,160.019143258826,193.515218622915,159.348829724561,138.186829862225,10.2042459456707,10.5937834517835
110.177949259689,159.924204984544,193.401196931452,159.238428359852,138.074431092875,10.2133481376558,10.607763672055
110.225955999671,159.859713501532,193.322341632442,159.16792441857,138.015782789518,10.2204605264371,10.6185473827985
110.439319326101,159.577446070811,192.976864502092,158.860438114321,137.763412069585,10.2518170209617,10.6660599049342
110.601533752146,159.394953955651,192.75324381406,158.671073820446,137.656389453465,10.273928805956,10.6992041587728
110.826761301866,159.159445596253,192.464486935176,158.432871435368,137.555026097578,10.3036682628978,10.743565573481
111.14984826492,157.929897146648,191.116378031828,157.349650912602,137.565581762334,10.3667738760792,10.8340161976038
111.167705832155,157.887775016712,191.071698780305,157.312475071197,137.597402473022,10.3700775835821,10.8386160059487
111.362547174866,157.507413222603,190.671799572379,156.96522311017,137.981887536571,10.4054482010396,10.8879128949842
111.777375074264,157.010088050553,190.16355253613,156.422462020079,138.954005038552,10.4778597787373,10.9900627575015
111.96688040611,156.357705504548,189.477006559439,155.699420008115,139.667677845497,10.5172232749354,11.0486871965126
112.57387659166,155.902969436645,188.874932868813,155.200181521926,140.481577725354,10.5525374214229,11.1117184073851
112.733481892005,155.847443384097,188.779206874697,155.151124209356,140.631848862072,10.5575628632529,11.1221405976803
113.666660576672,154.954129986489,187.529385860327,154.39422352694,141.538045757202,10.5631844984914,11.1538234774502
114.21813408783,154.546400284572,186.939036069793,153.855457794255,142.2035871868,10.6030513807777,11.2182084752706
115.161937245689,153.5324926544,185.63133796148,151.186653719278,143.776507303406,10.8699612201265,11.5887039125953
115.182826976199,153.493671374949,185.584807093184,151.061658945941,143.822700810202,10.8822434776267,11.6052957092335
115.226155140982,153.437405233126,185.515574642631,150.829120465629,143.905603115673,10.9070522973334,11.6387190304472
115.337591976615,153.314110607366,185.361602330179,150.25464161676,144.107422220264,10.9702704066953,11.7238068304881
115.660973632722,153.090584649237,185.061956579823,148.850062747115,144.601503002086,11.1356287064231,11.9461833633277
115.689172591575,153.074998981783,185.040108648645,148.735219851073,144.641922763595,11.1495215684782,11.9648607117871
115.77617749334,153.049681524955,184.996898845306,148.44380644334,144.750068240133,11.1872324862691,12.0155383482743
116.504998586172,152.483210312358,184.174082052962,144.962680836618,145.757650646649,11.5941543266032,12.5545843645991
118.082150857871,152.048982381412,183.153075250531,140.104086320874,148.441017455761,12.4357707883262,13.6511224363374
118.384696899293,152.04888371455,183.068488736188,139.227817412368,148.558219691276,12.5982526962982,13.8592928886972
118.535619475357,152.065662188817,183.052931390677,138.8536058919,148.511149043426,12.6668416040886,13.9466835159313
118.927887940194,151.930553592381,182.803320396761,137.225071496512,147.891761370347,12.9069606698019,14.2466633675438
119.535094454795,151.737743514016,182.496066723206,134.835545402647,146.031310785666,13.2377038799541,14.6508771015871
120.621644751882,151.735109427133,182.440993055066,131.777628328646,142.839795565634,13.7723645572438,15.3056058155285
120.672574765634,151.711425075737,182.416813248794,131.529412618337,142.575064387954,13.8146420496567,15.3569818551838
120.841639807402,151.671276994501,182.379740809456,130.799347950554,141.811590943767,13.9549586629203,15.5288643032196
120.996789681787,151.666775370138,182.378016571449,130.219035041348,141.229904073132,14.0803879475238,15.6837672486385
121.688037293196,151.723368764235,182.379201465088,127.550662246813,138.92330249078,14.7690459617523,16.543754045958
121.758937828571,151.592225197006,182.189377800693,126.53576205553,138.037636093417,15.0226770419197,16.857027479102
121.881219842844,151.530168165159,182.087991664461,125.754410754228,137.310359767989,15.2480805413962,17.1349245741954
122.072816672074,151.272694546898,181.841174759168,123.941038856287,135.507591353498,15.7835012272745,17.7860256351448
122.071036709547,151.218630898159,181.807169888505,123.69723870237,135.261958851743,15.8534770082259,17.8697089309471
122.069962985499,151.186018166805,181.786657182879,123.55017151195,135.113786336966,15.8956883905265,17.9201890762668
122.068917256415,151.15425573979,181.766679300369,123.406938770993,134.969477090523,15.9367992050407,17.9693530642195
122.117759517046,151.014071193345,181.738078402031,122.555231280551,134.138827278763,16.2103347990795,18.2971316218962
122.15234381399,151.00828754135,181.768472926079,122.397768875245,134.001883553929,16.2726027647001,18.3721795102377
122.382750631872,150.854825474026,181.989008096924,121.163297938982,133.175941729657,16.7456276978547,18.9411553282253
122.421604278634,150.823717699455,181.994354537017,121.057918443514,133.147944008103,16.7835166453393,18.9877443622727
122.79584493591,150.835598360162,182.045334309963,120.862832677656,133.178660427133,16.8913614548539,19.1315586385367
123.09967995008,150.807878395089,181.980727338573,120.663156191523,133.04172061389,16.9551044031682,19.2230320328569
123.467982942591,150.628710080187,181.718563636808,120.115739003567,132.437944686063,17.0451235043712,19.3552440234487
123.797336101211,150.624897210083,181.672913557158,119.814332585091,132.042498052141,17.1096725742132,19.4512015485194
123.939295744516,150.651571766226,181.690208145748,119.718624941384,131.905476874761,17.1347477261236,19.4886430631283
124.080556969645,150.678115393493,181.707418046734,119.6233885327,131.769130179804,17.1596994827535,19.5259003293383
124.260952556284,150.712012545438,181.729395699707,119.50176826643,131.595010622222,17.1915637595272,19.5734791775915
124.965793716917,150.863505932707,181.865292043972,118.969579119231,130.837284022927,17.3172258648247,19.7621657624106
125.687348884146,150.910621685584,181.895289912193,118.117056842257,129.724140821367,17.4753667076172,20.0000421577323
125.753912382503,150.920365070628,181.901605040883,118.05317958022,129.644220951891,17.4905363299145,20.0226341439775
125.760101942598,150.921270381535,181.901658883281,118.048334953155,129.638957568058,17.4921638616382,20.0250110520691
125.903338768641,150.942220797858,181.90290488689,117.936222138423,129.517154017731,17.5298276818155,20.0800167011995
126.153343827597,150.972314517654,181.888320565465,117.748055220397,129.325831589159,17.5994825331115,20.1813040390338
126.451582029042,150.393451753286,180.89032076868,116.805811693945,128.525052984581,17.8460649940058,20.5462009738273
126.536500439803,150.195112285377,180.506895321004,116.614298525108,128.366665332863,17.9076601090929,20.6477893353553
126.848973528391,149.668201774539,179.390490596822,116.313221447708,128.014557091667,18.0304079896063,20.8952476752875
126.958405050768,149.446371807703,178.922678016615,116.272299927318,127.91709099301,18.0914301156219,21.0136469638045
126.967540489337,149.437070164231,178.900169913779,116.273736701858,127.916491808699,18.0962811488798,21.021947498857
127.00460945407,149.399326788125,178.808838549235,116.279566716956,127.914060492247,18.1159652373228,21.05562866685
127.008656616825,149.395205993625,178.798867056921,116.280203233787,127.913795042875,18.11811433186,21.0593059524072
127.294101676702,149.263684403442,178.424534381709,116.389965720399,128.098473739047,18.3220754991314,21.3461669144832
127.429442883923,147.884103910063,176.6223105311,115.939358217734,128.566181816872,19.3071691625333,22.5579585926539
127.520766532676,147.716213874337,176.444233302462,115.913074324799,128.708200138257,19.4448204974338,22.7238651472142
127.659600421887,147.266498965125,176.010007226422,115.807984795739,128.976133056029,19.716728870801,23.0493051201949
127.70099740665,146.830669918175,175.62517649567,115.684663569059,129.154497763144,19.8977724418472,23.2638182881939
128.132537667565,145.942479029042,175.005452185018,115.7207615845,130.079324599551,20.3129458304342,23.759314282986
128.515620689764,145.535269037552,174.805279462788,115.922712876183,130.866366057696,20.5589550897891,24.0525908969304
128.557154410697,145.0841136342,174.499030161314,115.928147093092,131.265531447587,20.7166493583442,24.2349970599049
128.613845952135,144.675713464249,174.23120711637,115.971817116762,131.699336138572,20.8820723759928,24.4279438961096
128.682595930421,144.366796131301,174.038201418178,116.04005530522,132.085783431833,21.0233075223982,24.5950241562487
128.744309994552,144.150982244558,173.908396211942,116.104287743036,132.381076899638,21.1273033818506,24.7193826970157
129.023545308779,143.063606686677,173.281957498539,116.488625826407,133.789753694417,21.5297731634045,25.2357303377933
129.055955081201,142.58263813652,172.998385583726,116.605084512383,134.263909937422,21.5789433006573,25.32959381184
129.150221434632,142.249127645594,172.827551394214,116.752452970974,134.720681342501,21.5837161210783,25.3738427950585
129.561424431597,141.68888479237,172.593074902092,117.199313558929,135.962670234859,21.5300250011168,25.4129935876638
130.125723539077,140.174044107606,171.455742014372,117.540313549549,138.251276098254,21.5696286058003,25.5942225446089
130.133118530236,140.169893055206,171.451976269764,117.543667136654,138.261611529484,21.5721952364588,25.5971004771811
130.155134876892,140.068152896698,171.35034950417,117.530396577418,138.276263247404,21.6027793842357,25.6241144192888
130.36108637806,139.472757817383,170.738211089731,117.486063036028,137.86950463998,21.8277011943459,25.7733503744533
130.481499405697,139.387207815413,170.653988035236,117.539390667433,137.721002072679,21.8780532813914,25.7951649590826
131.017252134713,138.583249838914,169.964663462309,117.735178636353,136.636423614376,22.0708502743964,25.7744973918563
131.082869694602,138.376753504905,169.807442677062,117.720542542977,136.437512055514,22.0946102406261,25.7527957285033
131.166260687217,138.178011136526,169.667368504116,117.703608119649,136.267494818053,22.1203196861253,25.7324470268944
131.255715116256,138.048572534551,169.593017340612,117.685314036801,136.181601547555,22.1452294285153,25.7228329091314
131.263238498415,138.037882866026,169.586942279388,117.683775149195,136.174604040458,22.1473181495285,25.7220529896608
131.634684655233,136.660871950494,168.703603280587,117.119408660995,135.097951113462,22.3352426715729,25.6246112428577
131.906921222147,136.288815733966,168.429253118546,117.287507742285,134.806614942639,22.3559802766041,25.5652436378801
132.195366987843,135.49090707483,167.737695654248,117.75597426108,134.237951297998,22.3099465611694,25.3818653637813
132.26926085975,135.255609577947,167.520920388884,117.966909470194,134.088052382693,22.2789880158972,25.3105180580547
133.237883578673,134.097165928216,166.386205382776,120.683987344428,133.329284015725,21.9248285355897,24.629735790366
134.218278086582,135.153043142456,166.872170197731,124.442562018779,129.204650249496,21.1482429456336,23.5128779351183
134.991334821756,135.935576267722,167.131234912182,127.080752066248,127.488271785813,20.6585601317077,22.8197651742332
134.976767430775,135.945375998929,167.090762687643,127.377346083791,127.606596260454,20.6059621690429,22.7359954699698
134.967399078569,136.327743205331,167.091186317474,129.784669853854,129.856703573321,20.2536545802221,22.1486862179266
134.979882622986,136.372637921072,167.112973034029,129.926715912806,130.051348207484,20.2359542110837,22.1180582190582
135.166171506211,137.202636440372,167.393543308362,132.518291526655,133.907802164787,19.8346942553713,21.4307052019658
135.397514414547,137.539078983744,167.35704004311,133.698938699651,135.615387309564,19.6010783973335,21.0114981648788
135.414636869225,137.550843163824,167.353810868301,133.745235865687,135.67474655683,19.5926422191341,20.9950892422214
135.569928762296,137.657538251025,167.324523906912,134.165127446216,136.213104523147,19.5161304042422,20.8462687190817
135.583643050979,137.666960811328,167.321937488296,134.202209319822,136.260648515424,19.5093734184373,20.8331259363136
135.955447903052,137.589372027391,166.812422392828,135.527607100968,137.747544695772,19.2306314961395,20.2509970957161
136.062885165782,137.386782634974,166.41801948616,136.269550411201,138.54085886587,19.0668035648368,19.9047543645068
136.42132594051,137.127761232174,165.85358522086,138.158963942146,140.612548169868,18.7049296064876,19.1727310962651
136.557787528252,136.482475285876,164.769892843031,140.818528789315,143.593937591291,18.1051283996043,17.9949032749364
136.650853836113,136.437478597847,164.651592340963,141.179210248493,144.004387409712,18.0486896824412,17.8558581022515
137.012393754181,136.077597227468,163.927359509647,142.462933191812,145.489034747,17.9015598780468,17.3068117452121
137.036235881012,136.014559511818,163.824653609297,142.548212085472,145.594540394365,17.9006158167165,17.2600900657982
137.179597408205,135.746439629625,163.379380011489,142.940223925194,146.085185485339,17.9101762919796,17.0586041893642
137.545953690145,135.503057463002,162.930901922991,143.570874430684,146.885255117258,17.9483893567561,16.8097770287947
137.639375102948,134.223639663329,161.314744031689,144.421128984909,148.476829819159,17.6709589726184,16.1347789151717
137.705008485901,134.075987257661,161.115860756433,144.533489250427,148.736275000905,17.6292972609824,16.066158491843
137.717430644106,133.954249204177,160.960647191448,144.577497638697,148.874581723103,17.6014561605866,16.020721467158
137.684391336101,133.769417611045,160.73590019036,144.58377613631,148.990455404694,17.5672878896718,15.9656029584793
137.619210465036,132.793159286746,159.538831827975,144.699647713571,149.797734924696,17.3884230692186,15.6628226549607
137.682910112024,131.85285068377,158.759751939366,145.811647559766,152.38706306439,16.8674950815293,14.7723167360288
137.673478466828,131.852996737598,158.837683307158,145.912933059169,152.610972596253,16.8182860621931,14.6906601181856
137.674388902722,131.866844339904,158.980412840297,146.064276916855,152.963558927329,16.7470964849281,14.5705385452899
137.692433263595,131.869033293261,159.081968249012,146.155104934367,153.227576194898,16.7016356007267,14.4892840430892
137.127987131781,130.613477255375,158.783404814777,146.010432352702,154.940573258436,16.0649572568476,13.4338090048161
137.014230865146,130.522251014248,158.788891227115,146.048252781995,155.057099263804,15.9418929136908,13.2626094505769
136.900257586195,130.5001330028,158.889475303791,146.171180526668,155.226506910808,15.770029831409,13.0306775076832
136.851249331876,130.511918817153,158.961954858869,146.250177938525,155.315538650075,15.681201128269,12.9123792996335
136.826911627233,130.517771701991,158.99794850991,146.289408384579,155.359752185207,15.6370884217295,12.8536319133566
136.595481739465,132.573625726778,161.588192354939,148.422528506926,156.585867576792,14.3125953484522,11.1795244166811
136.349595235886,135.848450357231,164.933386187992,150.861354576129,157.469537635439,12.9593661068722,9.56439347648455
136.206192510645,136.262813750363,165.364018561176,151.169258815496,157.537213593768,12.7412287917611,9.31128108758727
135.850242065135,137.565812137474,166.782485975032,152.237564668773,157.885536082481,12.0708262829659,8.53963820157282
135.522230908523,139.148546293804,168.581160299846,153.642159436515,158.456563584075,11.333834002942,7.65912378485765
135.452242871911,139.246415528038,168.700332609022,153.726335248594,158.467203991439,11.2763096074216,7.58575049499133
134.966556403186,141.932701141026,171.629192606745,155.867239196272,159.180313782073,10.6345111604843,6.64006485799002
134.384009025403,145.008921404986,175.010601283273,158.45842574596,160.013630552628,10.1174289478102,5.89907423258143
134.347399786893,145.267857201026,175.312519747602,158.702420420892,160.113707781642,10.0596542914145,5.83443640016123
134.196157132159,145.711237872043,175.853136944096,159.122206884972,160.244189215175,9.93504136321847,5.69859021786021
133.615125139086,146.597043338129,177.03816125116,159.926392932537,160.343991775604,9.58558084997018,5.36184766837436
133.491287466857,147.40724331053,178.015797986906,160.575750538914,160.565323507437,9.37777620719552,5.19730180747518
133.125015740747,150.943394785299,182.020142381937,163.294932833178,161.607109409401,8.70637250926118,4.77161660137681
132.894033763068,151.377783471113,182.531628783464,163.744589298885,161.788672717671,8.60298941646554,4.71989435051723
130.846501872346,150.974699392668,182.181802315905,163.702298343432,161.126028264673,8.31358946000915,4.56444340349831
130.474741967546,151.118126020498,182.150939385671,163.723490234131,160.980218259962,8.24366565223232,4.53737906883282
129.924280090475,151.668715677864,182.193123110078,163.682900888787,160.607780018027,8.10004242818677,4.4675905054087
129.82986726904,153.203572160095,182.614289092223,163.812362179821,160.397916214004,7.9034287282242,4.38268326358139
129.964822502651,154.09574893928,182.755748807316,163.851359621409,160.42278318586,7.80567226768865,4.34579881402447
129.979163523033,154.176786561173,182.761852539114,163.85124307337,160.427448385789,7.79659144189712,4.34243005696566
129.802001646092,154.660885861345,182.313421185338,163.450967133204,160.244246308657,7.67641574882532,4.27883064563711
129.586780150219,154.689271528124,181.760765638918,163.051505667782,160.125505913334,7.61077849483721,4.23963825461633
128.381633862182,153.817012567503,178.994238147502,161.432351183493,160.101012495917,7.43840750398684,4.10781085385817
127.788145340718,153.433109224211,178.118906228582,160.905633790912,160.026779010526,7.38393330621142,4.05587931988906
127.565504256552,153.318051609947,177.809121770139,160.72324904876,160.010749515449,7.36324906005482,4.03719909028927
125.302604361488,153.484027186249,174.980637654066,158.798044134338,159.135479006249,7.05568879027628,3.8846723028158
124.653437188626,153.50299116689,174.021081780893,158.03489033035,158.403808578141,6.93908869924399,3.83980411640677
124.632044169686,153.503226546961,173.986013846294,158.00753520362,158.376461474788,6.93482418114784,3.83818234283904
124.218093718389,153.501315487766,173.256467437733,157.450754645792,157.806717149018,6.8450570628084,3.80302779498741
123.97917175768,153.494931228768,172.793742306374,157.10696107573,157.44472533653,6.78732409833558,3.77965513406903
123.559431327642,153.477027764125,171.88402840593,156.459111872814,156.740428374121,6.66877585244809,3.72803354670659
123.503669362304,153.474499478898,171.761005452824,156.372063069789,156.645332158105,6.65264324798757,3.72093908501463
123.016232346965,153.280353293015,170.902128341552,155.732755528949,155.938588053082,6.54531738509381,3.66199724949306
122.507707018682,153.090252278666,169.978416706721,155.053390684797,155.189214949213,6.42520520935794,3.59741722725036
121.34314065747,153.027773392756,167.711204248039,153.320659633404,153.410443156953,6.08805543266773,3.46276004462498
120.632952003146,153.166599211388,166.593790912355,152.243503562986,152.478817070651,5.90750271346534,3.42982183403223
119.917114665746,153.458014220067,165.576850670522,151.057474751369,151.592231498764,5.72472306832113,3.42334322589212
119.772976431572,153.547586382381,165.36679718236,150.797142129417,151.409086858164,5.68353245337138,3.4235383953766
119.483861918367,153.83229264792,164.913553587793,150.202022346457,151.013975041716,5.58137659149154,3.42364529447575
119.36851804114,153.96678270918,164.724458023421,149.950442180454,150.848705104917,5.53602891065455,3.42284851703577
119.064642316042,154.332872927887,164.219628165034,149.277767576431,150.400820620118,5.40980373007897,3.41568389450581
117.611795420766,155.121170659418,162.091140771669,146.656064308186,148.377644108211,4.94795013046944,3.36658941925955
117.222348795708,155.521542108001,161.412814855357,145.822779674703,147.720291868862,4.82667013696797,3.41098713029179
117.218073080102,155.526410458619,161.405161259416,145.813327806173,147.712837231219,4.82544103107969,3.41172051968603
115.863550191158,155.921123946902,159.612852111999,143.644890658057,145.938483711293,4.71608240409984,3.68109734643694
115.112391564975,156.508966469314,158.61084396966,142.385862710151,144.987830806836,4.76641343607188,3.95908113695465
113.930290984247,157.655721086512,157.038647087778,140.527547677834,143.142780827835,4.85138099311963,4.21396997316977
112.653769956191,159.3413935394,155.562658505879,138.619603464919,140.509758189267,5.02249400593326,4.49296837282981
112.587353577514,159.453634716713,155.501195422532,138.532478376472,140.379268079494,5.03400077094517,4.51243922569906
111.586075532974,160.232083126402,154.64887555602,137.494172873892,138.947110940332,5.09531682187051,4.65337818823099
111.143322494413,160.549832441597,154.224868052264,137.014284560226,138.275434544815,5.09613137818403,4.68576359106142
110.884165738957,160.905403261907,153.887527486984,136.621920375083,137.68593583362,5.08808430312696,4.70156105512351
110.682664788916,161.436272513976,153.46030545915,136.094042762147,136.852775762591,5.06775083003685,4.70893253835342
109.897018173497,163.874304894058,151.055678684304,132.829629812275,131.773041677669,4.78997004507321,4.58738583239925
107.10034930255,165.658905759932,146.11763775198,127.273510959559,125.503628567211,4.60579217720732,4.46908665202615
106.389907053293,165.421685093622,141.756250785091,123.195932548706,122.104671930898,4.61465561117695,4.51584575773093
106.146165379172,165.785446283754,136.832244540744,116.827394466167,115.719650803705,5.51847680704754,4.95294107383346
106.1290873696,165.789268037415,136.759677304071,116.67212625687,115.541265136917,5.58508760555531,4.98376379478397
106.034547938591,165.807341932131,136.286550034656,115.637732652765,114.359957112707,6.05794188924535,5.20341888572362
106.005957342255,165.809571495159,136.078006484916,115.189755148266,113.857271348562,6.2655079167222,5.29999286327989
105.435970345131,165.328322252846,134.499810637944,112.289032533893,110.685653426096,7.27935788775641,5.74653223106951
105.435565804987,165.32801271024,134.498418821429,112.286203972155,110.682518946247,7.28022199873176,5.74690244984005
105.304747185627,165.369778625945,133.617222095351,109.939126740024,107.947432296498,8.02521857066422,6.06704528725727
105.001813046968,165.259820284232,133.120001487781,108.499276393154,106.156102342289,8.42521765661977,6.22207705720609
104.080715997689,164.387912746307,129.208150411435,102.939198183528,100.107203328972,9.89034699083665,6.79313502185554
104.023486174346,164.304046122066,128.880554583664,102.577650286154,99.7549112815425,9.96710343182592,6.82075905057986
104.579463939414,164.672616254985,125.733890069642,98.7328018875296,96.0623073242272,10.861505263142,7.11120444637952
104.805525740341,164.996469359054,125.486388564576,98.2011178074824,95.4999822807851,10.9960754218151,7.13654955781844
105.933660999103,167.080133245584,125.664289383782,96.910109818679,93.8739895705657,11.4884917153056,7.20140979404671
105.958628629509,167.142867531182,125.668340155904,96.8690636660648,93.8199165411,11.5052434617482,7.20367609823913
105.723723040284,167.852456203513,124.789746800584,94.973843610723,91.5800263840447,11.9914516140272,7.24338786524661
105.433529826425,167.726167528874,124.200288829493,94.2056832467522,90.6918393602769,12.1782152150452,7.25968416788024
105.23402209549,167.528778527036,123.784972194849,93.7156754189842,90.0725162721419,12.3333421976293,7.27224624607235
104.966394104073,166.97545736797,123.539502897675,93.4527705617,89.5119824899473,12.5136160573156,7.25407708057397
105.005736028455,166.711388862106,123.920500296568,93.8331217955479,89.6467788455246,12.5673301183086,7.21275483261825
105.125687736267,166.669014229747,124.273568273653,94.1773599621462,89.8593496492323,12.5833419319723,7.18791024459625
105.142879472544,166.662941006467,124.324170734097,94.226696915195,89.8898157531676,12.5856367794808,7.18434946490447
105.492968995192,166.711248213779,125.143842377171,95.0138444508998,90.4297230003139,12.6087510621671,7.1351624834555
106.348234460029,166.947936854761,126.885652696355,96.6537054064127,91.6008139293805,12.6528532142919,7.02258178643117
106.421302891105,166.948908604312,127.052478831501,96.8081728063026,91.7055285409032,12.6571798165347,7.00732518277991
106.911672608571,166.960839323278,127.88058608766,97.5891514735901,92.2425454835216,12.6966125812324,6.93184235110891
107.223975371618,166.950782113467,128.266410243934,97.9677102940823,92.5050372844412,12.7260841373739,6.90027993783763
109.233177963196,165.794138710269,129.853794533993,99.8158363685994,93.7029103555764,12.8992780418075,6.91882679650234
111.435004857453,164.217515262716,131.976176006355,102.335247048883,95.432475121173,13.0455168139755,7.20125884625622
111.521721209672,164.108691064545,132.080985890485,102.46016801643,95.5134784508681,13.0538041360241,7.217233708455
112.59715701347,163.006301328965,133.380435512073,103.994356728366,96.5771638992399,13.1598529437461,7.39775437741774
112.986485734989,162.748506113627,133.830879847556,104.519993337931,96.978441913325,13.1943830470992,7.44759197194047
114.777531360292,161.355755326316,136.0053610859,107.083282495727,98.9732577395497,13.3112648838839,7.6281929408472
116.289718152965,160.521105940427,137.959206094042,109.333441522422,100.537914674603,13.5023586609988,7.92495192587756
116.719599586742,160.013254647967,138.66711951838,110.161487837407,100.984297764173,13.613274191573,8.08814035210097
118.525763072073,158.81994626536,141.396523142737,113.330272214183,102.652948618974,13.9567635537165,8.67462409557219
121.721630037883,156.374624045214,145.603789809446,118.557592411155,105.446644922279,13.8042355487065,8.93282864079143
123.561860849257,154.783065767808,147.951391930036,121.982410740332,107.536592155773,13.891787337703,9.09091357118441
123.59050268756,154.748843606689,147.98924906297,122.041489360646,107.571085573836,13.8920923718469,9.09254340024539
123.713693885927,154.601650923233,148.152076096751,122.295591976451,107.719444958524,13.8934043519419,9.09955344593554
123.983145304676,154.367121702616,148.471353838449,122.777181022928,107.9991779001,13.8948373910316,9.11394781330599
124.524935327477,153.997329385424,149.069046933783,123.652216257395,108.501585634339,13.9007950542347,9.14625083389017
125.98532700231,152.890701380955,150.539637617806,125.773424884915,109.544006991159,13.9741332459671,9.29902011936221
126.185504893818,152.683818169339,150.736772484813,126.068985072306,109.674543325548,13.9963724337344,9.33287110568061
126.426948167513,152.461461155966,150.975672532529,126.430521559328,109.861802059155,14.0314111207177,9.38133058816452
127.55135297302,151.489702098262,152.210386650721,128.337469682305,111.100229456478,14.2308574822292,9.64558077303405
127.854046372453,150.717125439359,152.789495654232,129.339894672833,111.840335484596,14.3377938830472,9.781638008296
128.49506047542,149.453872708825,154.321473314939,131.640392220849,113.721691416484,14.5939941630577,10.0896518025952
129.221883354035,148.822648792916,156.01087899095,133.73805545842,115.443548387384,14.8682986073034,10.4115652980356
129.477412833732,148.463701241481,156.81335916176,134.637446212101,116.122305572279,15.0176927190882,10.5861215393633
129.587406121336,148.376902397913,157.094039483427,134.933235271665,116.337982044644,15.0720570955031,10.6505800839656
129.734830119002,148.260996348544,157.469686728731,135.32902833144,116.626533512868,15.14482954045,10.7368818568051
131.967974454995,147.583403903606,161.245246444439,139.339936464813,119.431368078577,15.9530129172465,11.796610387648
133.138094663924,147.271183809237,163.849389504035,142.210517872449,121.624558438622,16.4897491464039,12.4254097791929
133.582717975744,146.865878908167,165.874064504083,144.398810424204,123.310139920546,16.9112812344282,12.870754653967
133.596999090696,146.850467755096,165.949015524558,144.480806192205,123.374014388367,16.9268674804306,12.8872341833456
133.815448855279,146.675492096488,166.865240709752,145.544338650549,124.22811805787,17.1104635538328,13.0968260833673
134.053881211294,146.528919761991,167.566108810982,146.468706626411,125.005164238662,17.2385363528685,13.273844653653
NaN,NaN,NaN,NaN,NaN,NaN,NaN
NaN,NaN,NaN,NaN,NaN,NaN,NaN
NaN,NaN,NaN,NaN,NaN,NaN,NaN
NaN,NaN,NaN,NaN,NaN,NaN,NaN
NaN,NaN,NaN,NaN,NaN,NaN,NaN
NaN,NaN,NaN,NaN,NaN,NaN,NaN
NaN,NaN,NaN,NaN,NaN,NaN,NaN
NaN,NaN,NaN,NaN,NaN,NaN,NaN
NaN,NaN,NaN,NaN,NaN,NaN,NaN
NaN,NaN,NaN,NaN,NaN,NaN,NaN
NaN,NaN,NaN,NaN,NaN,NaN,NaN
NaN,NaN,NaN,NaN,NaN,NaN,NaN
NaN,NaN,NaN,NaN,NaN,NaN,NaN
NaN,NaN,NaN,NaN,NaN,NaN,NaN
NaN,NaN,NaN,NaN,NaN,NaN,NaN
NaN,NaN,NaN,NaN,NaN,NaN,NaN
NaN,NaN,NaN,NaN,NaN,NaN,NaN
NaN,NaN,NaN,NaN,NaN,NaN,NaN
NaN,NaN,NaN,NaN,NaN,NaN,NaN
NaN,NaN,NaN,NaN,NaN,NaN,NaN
NaN,NaN,NaN,NaN,NaN,NaN,NaN
NaN,NaN,NaN,NaN,NaN,NaN,NaN
NaN,NaN,NaN,NaN,NaN,NaN,NaN
NaN,NaN,NaN,NaN,NaN,NaN,NaN
NaN,NaN,NaN,NaN,NaN,NaN,NaN
NaN,NaN,NaN,NaN,NaN,NaN,NaN
NaN,NaN,NaN,NaN,NaN,NaN,NaN
NaN,NaN,NaN,NaN,NaN,NaN,NaN
NaN,NaN,NaN,NaN,NaN,NaN,NaN
NaN,NaN,NaN,NaN,NaN,NaN,NaN
NaN,NaN,NaN,NaN,NaN,NaN,NaN
NaN,NaN,NaN,NaN,NaN,NaN,NaN
NaN,NaN,NaN,NaN,NaN,NaN,NaN
NaN,NaN,NaN,NaN,NaN,NaN,NaN
NaN,NaN,NaN,NaN,NaN,NaN,NaN
NaN,NaN,NaN,NaN,NaN,NaN,NaN
NaN,NaN,NaN,NaN,NaN,NaN,NaN
NaN,NaN,NaN,NaN,NaN,NaN,NaN
NaN,NaN,NaN,NaN,NaN,NaN,NaN
NaN,NaN,NaN,NaN,NaN,NaN,NaN
NaN,NaN,NaN,NaN,NaN,NaN,NaN
NaN,NaN,NaN,NaN,NaN,NaN,NaN
NaN,NaN,NaN,NaN,NaN,NaN,NaN
NaN,NaN,NaN,NaN,NaN,NaN,NaN
NaN,NaN,NaN,NaN,NaN,NaN,NaN
NaN,NaN,NaN,NaN,NaN,NaN,NaN
NaN,NaN,NaN,NaN,NaN,NaN,NaN
NaN,NaN,NaN,NaN,NaN,NaN,NaN
NaN,NaN,NaN,NaN,NaN,NaN,NaN
NaN,NaN,NaN,NaN,NaN,NaN,NaN
NaN,NaN,NaN,NaN,NaN,NaN,NaN
NaN,NaN,NaN,NaN,NaN,NaN,NaN
NaN,NaN,NaN,NaN,NaN,NaN,NaN
NaN,NaN,NaN,NaN,NaN,NaN,NaN
NaN,NaN,NaN,NaN,NaN,NaN,NaN
NaN,NaN,NaN,NaN,NaN,NaN,NaN
NaN,NaN,NaN,NaN,NaN,NaN,NaN
NaN,NaN,NaN,NaN,NaN,NaN,NaN
NaN,NaN,NaN,NaN,NaN,NaN,NaN
NaN,NaN,NaN,NaN,NaN,NaN,NaN
NaN,NaN,NaN,NaN,NaN,NaN,NaN
NaN,NaN,NaN,NaN,NaN,NaN,NaN
NaN,NaN,NaN,NaN,NaN,NaN,NaN
NaN,NaN,NaN,NaN,NaN,NaN,NaN
NaN,NaN,NaN,NaN,NaN,NaN,NaN
NaN,NaN,NaN,NaN,NaN,NaN,NaN
NaN,NaN,NaN,NaN,NaN,NaN,NaN
NaN,NaN,NaN,NaN,NaN,NaN,NaN
NaN,NaN,NaN,NaN,NaN,NaN,NaN
NaN,NaN,NaN,NaN,NaN,NaN,NaN
NaN,NaN,NaN,NaN,NaN,NaN,NaN
NaN,NaN,NaN,NaN,NaN,NaN,NaN
NaN,NaN,NaN,NaN,NaN,NaN,NaN
NaN,NaN,NaN,NaN,NaN,NaN,NaN
NaN,NaN,NaN,NaN,NaN,NaN,NaN
NaN,NaN,NaN,NaN,NaN,NaN,NaN
NaN,NaN,NaN,NaN,NaN,NaN,NaN
NaN,NaN,NaN,NaN,NaN,NaN,NaN
NaN,NaN,NaN,NaN,NaN,NaN,NaN
NaN,NaN,NaN,NaN,NaN,NaN,NaN
NaN,NaN,NaN,NaN,NaN,NaN,NaN
NaN,NaN,NaN,NaN,NaN,NaN,NaN
NaN,NaN,NaN,NaN,NaN,NaN,NaN
NaN,NaN,NaN,NaN,NaN,NaN,NaN
NaN,NaN,NaN,NaN,NaN,NaN,NaN
NaN,NaN,NaN,NaN,NaN,NaN,NaN
NaN,NaN,NaN,NaN,NaN,NaN,NaN
NaN,NaN,NaN,NaN,NaN,NaN,NaN
NaN,NaN,NaN,NaN,NaN,NaN,NaN
NaN,NaN,NaN,NaN,NaN,NaN,NaN
NaN,NaN,NaN,NaN,NaN,NaN,NaN
NaN,NaN,NaN,NaN,NaN,NaN,NaN
NaN,NaN,NaN,NaN,NaN,NaN,NaN
NaN,NaN,NaN,NaN,NaN,NaN,NaN
NaN,NaN,NaN,NaN,NaN,NaN,NaN
NaN,NaN,NaN,NaN,NaN,NaN,NaN
NaN,NaN,NaN,NaN,NaN,NaN,NaN
NaN,NaN,NaN,NaN,NaN,NaN,NaN
NaN,NaN,NaN,NaN,NaN,NaN,NaN
NaN,NaN,NaN,NaN,NaN,NaN,NaN
NaN,NaN,NaN,NaN,NaN,NaN,NaN
NaN,NaN,NaN,NaN,NaN,NaN,NaN
NaN,NaN,NaN,NaN,NaN,NaN,NaN
NaN,NaN,NaN,NaN,NaN,NaN,NaN
NaN,NaN,NaN,NaN,NaN,NaN,NaN
NaN,NaN,NaN,NaN,NaN,NaN,NaN
NaN,NaN,NaN,NaN,NaN,NaN,NaN
NaN,NaN,NaN,NaN,NaN,NaN,NaN
NaN,NaN,NaN,NaN,NaN,NaN,NaN
NaN,NaN,NaN,NaN,NaN,NaN,NaN
NaN,NaN,NaN,NaN,NaN,NaN,NaN
NaN,NaN,NaN,NaN,NaN,NaN,NaN
NaN,NaN,NaN,NaN,NaN,NaN,NaN
NaN,NaN,NaN,NaN,NaN,NaN,NaN
NaN,NaN,NaN,NaN,NaN,NaN,NaN
NaN,NaN,NaN,NaN,NaN,NaN,NaN
NaN,NaN,NaN,NaN,NaN,NaN,NaN
NaN,NaN,NaN,NaN,NaN,NaN,NaN
NaN,NaN,NaN,NaN,NaN,NaN,NaN
NaN,NaN,NaN,NaN,NaN,NaN,NaN
NaN,NaN,NaN,NaN,NaN,NaN,NaN
NaN,NaN,NaN,NaN,NaN,NaN,NaN
NaN,NaN,NaN,NaN,NaN,NaN,NaN
NaN,NaN,NaN,NaN,NaN,NaN,NaN
NaN,NaN,NaN,NaN,NaN,NaN,NaN
NaN,NaN,NaN,NaN,NaN,NaN,NaN
NaN,NaN,NaN,NaN,NaN,NaN,NaN
NaN,NaN,NaN,NaN,NaN,NaN,NaN
NaN,NaN,NaN,NaN,NaN,NaN,NaN
NaN,NaN,NaN,NaN,NaN,NaN,NaN
NaN,NaN,NaN,NaN,NaN,NaN,NaN
