110.515525292576,151.840971076146,195.198088617651,163.562500660069,140.202401313855,7.80844123121474,18.7919224834974
114.519638647667,155.878964752456,199.793081249164,168.017402283811,144.310935656519,8.07237188640686,19.425620098794
113.753354819054,155.06430784539,198.926850984067,167.237556974656,143.597843441208,8.04689420537834,19.3190824471183
112.8647133182,154.123859825731,197.920487777309,166.324881373834,142.760510842449,8.01466819947031,19.1939351097347
102.947975528721,143.725599940994,186.64398808286,155.944379311897,133.157190817381,7.59326842397786,17.7601799918781
93.1894848430945,133.494683537568,175.516306929683,145.678476139676,123.55099103565,7.16969811399442,16.342950464871
90.1828371913341,130.338518198926,172.080152862201,142.509295925238,120.553430226524,7.03941388519438,15.9065461349669
86.6078288223106,126.468402257291,167.870346156854,138.732790204768,116.679633702336,6.90470036892573,15.3862808962948
86.675738495194,126.533355469265,167.941429361645,138.804438940434,116.733345472589,6.9087237615152,15.3960021427162
87.5331425242011,127.388674542943,168.875846525681,139.712329370653,117.512432918692,6.9531002220223,15.5186411873802
94.9538826707912,134.920277381577,177.09811217007,147.600308953289,124.758246348257,7.30988010337101,16.5734568410203
101.541590615823,141.528013731887,184.308291200332,154.707693124376,131.752546633692,7.61759953046707,17.476827576095
102.02926927444,141.815450935438,184.619105903193,155.385512119755,132.938088965648,7.63753722018751,17.4879460578386
95.6893162335555,134.818532367362,177.012939746313,148.92024125521,127.591923911862,7.34956487413301,16.4732454243466
95.6385902032363,134.762530080245,176.952487561067,148.868053369371,127.545062966566,7.34737506297558,16.4653633753795
94.3371814753218,133.325755612015,175.4015481123,147.529139803787,126.342815465171,7.29119405817741,16.2631443715448
94.0673865611693,133.022130682768,175.076962522583,147.252948166325,126.087312320522,7.28018598402465,16.2210115591189
93.3942157970226,132.233037640276,174.250360207659,146.571348266855,125.415568014096,7.25620988471139,16.1147332725699
92.9856826868159,131.712262741312,173.726839808393,146.170835199234,124.983888967895,7.24587743418277,16.0476113434941
93.8612185651057,132.434959159262,174.647690510785,147.158057441001,125.715746823623,7.30726022368599,16.1652273718912
95.4185611284877,133.914733503571,176.396985699736,148.863773159859,127.187524883531,7.39638388323609,16.3836837633789
96.0573919951138,134.532595700044,177.124800505319,149.564416778226,127.820378100647,7.43171825652402,16.4728286040888
97.0662236722202,135.507325879399,178.277850551953,150.674751916885,128.833942498999,7.48768799703059,16.6130679455275
97.9176838233734,136.324029433379,179.273382346246,151.635401516249,129.775093578237,7.53595626393049,16.7281850165076
98.6300269287816,137.002666342187,180.111348377451,152.446787858424,130.58734681481,7.57691799404478,16.8229008758087
99.2616853280377,137.550137308376,180.912872358059,153.255396913009,131.594151132729,7.62009765514555,16.8882262727956
99.1967298525552,137.463861253983,180.85930676711,153.218337415993,131.634426252484,7.61959360182158,16.8712663847287
97.569194952119,135.6184170027,179.202869361163,151.793259019218,131.073940508595,7.56877147693101,16.5460343080855
96.1712801905165,134.115363995775,177.701999288489,150.440892198244,130.16477742408,7.5209682575255,16.2794235576668
95.9580296987642,133.88866295389,177.472381009985,150.2317171756,130.012344450548,7.51440604344128,16.2376759740508
95.4011543062331,133.296660729481,176.873133244506,149.685469762072,129.612420269655,7.49797543393905,16.12693125036
94.9500396999612,132.817052745763,176.393275741692,149.242744854924,129.260296396963,7.49531477901896,16.0111673761815
94.9253394930889,132.782107323626,176.379533799735,149.224154540847,129.214945025977,7.51777175703363,15.947074489606
94.9290702819461,132.785642537686,176.384124519394,149.22809649707,129.216562693604,7.51891599471336,15.9451643402455
94.9560533270807,132.811211082087,176.417327040494,149.256606816671,129.22826252446,7.52719172891844,15.9313491262563
95.34233400145,133.201549877092,176.843178171146,149.643200900491,129.499527308663,7.56585850180119,15.9344822966456
95.7893272705522,133.651331626608,177.330308770038,150.087396110008,129.819094867203,7.60746908401263,15.9443775372305
96.0071791936481,133.868698299649,177.563838933327,150.301633221229,129.978031653419,7.62627796024073,15.9516065491772
96.1652719303286,134.026438895719,177.733309195912,150.45710272882,130.09337032537,7.63992735417093,15.9568525633776
96.7085784125729,134.561164092095,178.305673925033,150.982118746359,130.480112648342,7.68949266596756,15.9648002729477
97.5353840476054,135.200708156042,178.959374425384,151.596296393624,130.922404833691,7.81328619154246,15.7614614164992
97.5258729579105,135.161346122111,178.912735447836,151.556422800111,130.893153368949,7.81975196654375,15.7259411261006
97.4654890768949,135.05608526022,178.793977974331,151.452067711507,130.818478964446,7.82339460466742,15.6748913797695
97.0192421791334,134.222347329388,177.857696628811,150.628077276623,130.237705352414,7.83595236519801,15.2856465806218
96.9203975532221,134.016910017075,177.628627993039,150.423336509903,130.087452659131,7.83433527106687,15.1925896085985
96.9794010460092,133.79539436506,177.380942141699,150.203810513378,129.931632939911,7.83253714729096,15.0085088120226
97.3489638380001,133.901780637789,177.501079289411,150.318480270115,130.037910020503,7.83473218490861,14.8944426048157
97.4603019512263,133.955270584414,177.561715967008,150.37530502518,130.088051974612,7.83548301145243,14.8754437404114
98.2262912088652,134.347277542136,178.009979375494,150.799600243219,130.481675691444,7.83791479401307,14.7705057475964
98.6254862353172,134.465509001839,178.159312893544,150.948228968936,130.66143687608,7.82627803814137,14.6845885060078
99.0501531941302,134.417216693751,178.125378588843,150.950347688487,130.82127316569,7.79203520445052,14.5248006134897
99.0924679064569,134.392583441072,178.098256397325,150.931857682551,130.834633182592,7.78616517313113,14.5012537819479
99.7752100003952,134.006473034175,177.580627717579,150.595605715211,131.099453916283,7.68941167961725,14.1413429155427
99.8383546779342,133.964559337993,177.512145902817,150.549768068513,131.118070811576,7.6788156240787,14.1065930718915
100.148662757371,133.765221664032,177.161499113988,150.316281600621,131.195181253157,7.62543750914298,13.9377708511578
100.29759471976,133.698959050226,177.019587232451,150.227773793328,131.23431850397,7.60249152969387,13.8675797757543
100.53869507844,133.654647315718,176.855655672644,150.145278846323,131.312994369393,7.57125015378229,13.7744757478361
100.65210779549,133.640948420394,176.786365606393,150.113957139603,131.35255067206,7.5572095319353,13.7328564280175
101.329695997865,133.767825662709,176.593448289915,150.203340449618,131.744578990455,7.48219924474823,13.5167975236856
101.358936349187,133.746030254629,176.528103755311,150.192418170678,131.76993993429,7.46883267285503,13.4809766306159
101.385362350283,133.733872813918,176.479988140944,150.197841116468,131.806291414969,7.45666255287791,13.4493900605135
101.412110342282,133.736335124606,176.452712060709,150.233284255591,131.869392188068,7.44416774653222,13.4189592274866
101.434753549473,133.738419565602,176.429621806452,150.26328824029,131.922809426986,7.43359041089867,13.3931983532778
101.545030497738,133.836789280705,176.478827819949,150.542624852627,132.273336083596,7.39656515713968,13.3142191370604
101.611895219551,133.916236351493,176.552516730278,150.729463283764,132.487594476278,7.38146980151871,13.2862911099437
101.775628630943,134.118292745442,176.749201531812,151.2908829007,133.139113271222,7.33571265540601,13.2041601028152
101.816826211518,134.147761432688,176.739338704942,151.655493281949,133.619413776507,7.28740348660334,13.104415628124
101.851006295059,134.17056827648,176.749907574277,151.727707933873,133.71338399136,7.28100171132951,13.0885968368663
102.030432306615,134.291842162888,176.814442577923,151.977896390514,134.038440877662,7.2653998618559,13.0394936044282
102.557231564524,134.547648658679,176.738864931793,152.225671672248,134.503682665869,7.22512176605934,12.8747517494196
102.586409683063,134.564891791626,176.73774952817,152.231449644058,134.515474201079,7.22220320958424,12.8682444810418
102.623918840679,134.587058244567,176.736315650579,152.238877362709,134.530632496915,7.21845133659463,12.8598792344993
103.100832139319,134.919416214913,176.836878538577,152.415088872632,134.753059682277,7.17314734123775,12.7915288297076
103.287095794885,135.057631932496,176.896206949256,152.500368928438,134.8452606655,7.15424535051603,12.7708348952972
103.298770199036,135.061152552882,176.885083201186,152.495172108792,134.841862535213,7.14975864162707,12.7647452087363
103.377519337316,135.084900730348,176.81004848733,152.460117208894,134.818940608886,7.11949376008561,12.7236675175041
103.384400972933,135.08697600771,176.803491443398,152.45705387318,134.816937534972,7.11684900877399,12.720077869297
103.506251596247,135.143236705235,176.751719517779,152.455452423439,134.829610828653,7.08599840838634,12.6752174388505
103.583191596645,135.184911115183,176.739650680911,152.469855391823,134.85431012753,7.07311954450503,12.6526238830144
103.587195627718,135.187208864316,176.739455407677,152.470927094763,134.855947109716,7.07258922914546,12.6515681657796
104.214945366749,135.590841779112,176.837512202616,152.717498559108,135.237982096579,7.04222262108387,12.5135294775636
104.248124767134,135.576711675756,176.742139159172,152.654444087045,135.237975675281,7.03547454577977,12.4604988133284
104.303558357718,135.58525211318,176.655855848143,152.601722132648,135.261335094923,7.02418456830661,12.4001149826972
104.371244782571,135.618952607645,176.604939356492,152.578243049015,135.304782774603,7.00939237418532,12.3485738246342
104.723812046144,135.921254077948,176.653497288573,152.709964005565,135.593589340104,6.91879498796397,12.2184712579535
104.949197556271,136.141434780958,176.743215863641,152.852796633756,135.781137215582,6.84862788961118,12.1616432337644
105.009734766887,136.205721343656,176.697684633809,152.859928869794,135.809201355433,6.78092302461248,12.1045955689654
105.066378827592,136.265810649238,176.692316999121,152.889030373127,135.841731859531,6.7412147841836,12.0720388669845
105.09910431245,136.300515753294,176.695620179734,152.90970091499,135.861604604021,6.72234015164627,12.0568108837078
105.492139325953,136.700389043775,176.861661726687,153.21351255789,136.125981922879,6.62349278117714,11.9490647630683
105.743479791897,136.944677331479,177.015258312864,153.420650725797,136.306539800219,6.62694326755428,11.9102779302646
105.853794964526,137.048509981362,177.088008058103,153.50910178998,136.388087434558,6.64523284907023,11.8977096135699
106.005288309957,137.191101024107,177.187913646998,153.630569647037,136.500074966676,6.67034952000814,11.8804498269319
106.133335820806,137.305395230829,177.245545735072,153.710627754651,136.579883352509,6.71977092112054,11.8518691965779
106.149901406235,137.319160564898,177.248606847823,153.717278707872,136.587774521502,6.73078562936739,11.8458782182303
106.22714768403,137.383349109516,177.262880992671,153.74829248534,136.624571496458,6.78214784754691,11.8179419415627
106.53421710866,137.640350839865,177.358115564049,153.864305377257,136.814694666463,7.02497255765507,11.7428607425226
106.812743641239,137.879147187989,177.466479822405,153.967829673734,137.023132360141,7.24329599382739,11.7006228782281
107.531781604045,138.514373075109,177.745623254192,154.217129273232,137.643978161928,7.72210272789343,11.6402409431124
107.626545931271,138.592502877748,177.714437928038,154.182235740748,137.727508360032,7.81799448138211,11.6203489562883
107.975035258887,138.893647449962,177.668017318016,154.127284364701,138.051189601244,8.0625822734603,11.5768059138222
108.2204265065,139.113301042186,177.697221595559,154.15369917827,138.284395809305,8.15519980918907,11.5678113687105
108.295232328499,139.180481776822,177.716102836182,154.171837658877,138.354359179762,8.17396585068009,11.5677079179961
108.310517775772,139.194225805742,177.720713364358,154.176304527916,138.368570093442,8.17708649251465,11.5678857334644
108.651870751652,139.500858975731,177.830267369523,154.282471690554,138.684031449241,8.24192584159124,11.5732972607318
109.306292095314,140.055620009942,177.993001725602,154.43476425709,139.20533455847,8.30052744632233,11.5878569737359
109.414211690981,140.142963085171,178.016682193368,154.455170614475,139.274339137396,8.30516917441464,11.5906613982582
109.547180924803,140.253097091364,178.061094492839,154.496203679541,139.358297678963,8.31099770740332,11.5956145622829
110.078080742129,140.707890390421,178.309944274421,154.741662414028,139.694453413559,8.33675418330264,11.6210861631064
110.083444203753,140.712544567165,178.312676283015,154.744420525941,139.697877273696,8.33703026323192,11.6213552229798
110.158827631709,140.778447605808,178.351820517889,154.785069674255,139.746701796577,8.34093101725827,11.6250374898418
110.247985776979,140.857243821834,178.399416290346,154.836426980146,139.805670660837,8.34558016354696,11.6292195846106
110.630363682172,141.186432145244,178.5471168804,155.014936516486,140.030045978651,8.36402925763116,11.6386213916892
110.769121432334,141.296232861741,178.538184785314,155.034815594377,140.082213914038,8.36833901652601,11.6324539980378
110.969533159489,141.457400319565,178.540161613631,155.083683133856,140.180877497223,8.37004531864218,11.6249813796969
111.165079658572,141.614452212452,178.558720011587,155.14833912674,140.300392512651,8.36772436228399,11.6197650161448
111.233095481076,141.669068460398,178.566011757782,155.171682104833,140.343132346852,8.36671653754497,11.6180550302226
111.470907073102,141.857797611156,178.604727375567,155.264166385809,140.51049072796,8.36085223062907,11.6137251198423
111.622368679571,141.977422727966,178.632797133315,155.325873996694,140.621706067416,8.3565132422433,11.6113929486767
111.839706153692,142.145929295972,178.682015392717,155.420050991386,140.794222066677,8.34948666539939,11.608950906227
112.66073362043,142.654776388082,178.544237464076,155.519127058829,141.464169371254,8.29171061906819,11.5412080234874
112.785976758031,142.734567343884,178.541415844298,155.543488773865,141.579175275805,8.28776938811504,11.5323138555065
112.997614555339,142.879366446677,178.560428111968,155.602202669088,141.778711685854,8.28605122814573,11.5206978872755
113.172606145216,143.005355722475,178.591090822584,155.661775786556,141.946963288501,8.28773578908861,11.5132382054711
113.413651864268,143.190590179764,178.653971839531,155.760752777706,142.182392498913,8.29515807068486,11.5062221268384
113.646429227012,143.374995207443,178.72445361411,155.864330621876,142.411479565657,8.30473721520137,11.5009873216233
114.105040577411,143.730740143181,178.655903892687,155.924779184003,142.872054634285,8.3446171648574,11.4538011498587
114.159136402574,143.775769261255,178.653607909886,155.937248575473,142.926150393359,8.35019849342147,11.4495569152573
114.290220887177,143.891803693649,178.673780616323,155.989289187439,143.054575622058,8.36431233250832,11.4454859234958
114.38306538424,143.97442053711,178.689675107382,156.027510906652,143.145370629726,8.37434566156701,11.4429904012542
114.7173136649,144.275037074186,178.777844884196,156.190267241512,143.467700768165,8.40920561492251,11.4424031748522
114.931135533236,144.468000847468,178.848130189639,156.305429971903,143.671827765615,8.43065781684724,11.4459365182921
116.005974194024,145.346619318726,179.050800496084,156.777414094213,144.682977514048,8.52056562770689,11.4828699572801
116.333002252323,145.603517258545,179.169593492471,156.945176367046,145.011817038712,8.5329240812723,11.5068212787044
116.358453460545,145.623830480313,179.180679027114,156.959195204637,145.037986582103,8.53367485033535,11.5088724418252
116.504987241019,145.740782616861,179.244503317324,157.039907807832,145.188656133544,8.53799735746792,11.5206818885063
117.174126607828,146.283930030771,179.496010650082,157.342568898021,145.956014937517,8.54290889510024,11.5757352138709
117.49652290096,146.570319316558,179.602929158954,157.46318568887,146.36702693546,8.54576535291781,11.6047315872831
117.686122360962,146.745563710016,179.686557843859,157.554445314307,146.598776344705,8.55216386960454,11.6240252183972
117.975502894104,147.014071990949,179.827933614917,157.710401036036,146.938960707217,8.56692622893777,11.6558659337572
118.343987781113,147.344410247223,179.995918538541,157.909142162095,147.356825446183,8.59249168818375,11.700597281393
118.570743527328,147.508331885082,179.968178426946,157.937988553557,147.631298347998,8.61636215069052,11.7362864449752
119.005869975144,147.793444975205,180.014789930794,158.087567092224,148.117463789891,8.65498548320846,11.8090412356458
119.106146280388,147.856348921127,180.039907059743,158.134378756243,148.226986995526,8.66186943536374,11.8258213793347
119.592108120441,148.156823061974,180.191407065158,158.386033876591,148.757408764132,8.68942611254081,11.9064911098178
119.746944085563,148.251680487014,180.246802163765,158.472113911231,148.927063027507,8.69655055792586,11.9319504010702
120.458799167025,148.515835067185,180.250533092871,158.727724280122,149.811767452001,8.69540048655181,12.0744573721723
120.605729531374,148.585229184029,180.279413667302,158.80389121418,149.994489660554,8.69265228566546,12.1018843795345
121.270975559814,148.990424925628,180.528557900589,159.251251209518,150.802217104087,8.68701059620056,12.2182378662742
121.580122107707,149.156570451945,180.551588276761,159.459467862906,151.248148735716,8.67585398120369,12.2903861232938
121.637218400627,149.192846240842,180.555064488561,159.509211162888,151.342264536742,8.67384262978152,12.3065892578081
121.783929124402,149.296081277915,180.579549686301,159.649252424632,151.585873982251,8.67029845118295,12.3483198835632
122.379361649399,149.951015562089,180.865336011597,160.580072873692,152.973108858042,8.67600304862047,12.5984940993304
122.379881183008,149.953690219547,180.865033445719,160.584733710401,152.981227644717,8.67592475970931,12.600227381032
122.423636458134,150.072379948068,180.891236762438,160.753652378316,153.245805213378,8.67519727152359,12.6555252076279
122.524340948279,150.271536964641,180.982060084629,160.987895427553,153.56398049261,8.67772641860452,12.7212035644774
122.575348982755,150.364697481867,181.031783785856,161.089184782139,153.690431858077,8.67962388843847,12.7475148861758
122.636471248395,150.708261332241,181.142108927984,161.420207934684,154.058311844293,8.68331027964306,12.8547127210011
122.61830066159,150.785682407372,181.165769180288,161.487081086515,154.104891164652,8.68433491690616,12.8778562126888
122.605905833388,150.88412152363,181.210799189359,161.575037170791,154.16280846566,8.68657881795249,12.9042349278046
122.685462676101,151.472523195002,181.70984648697,162.160007638837,154.525845371596,8.71463402204919,13.0231301695365
122.502240018023,152.030724344662,182.453275907801,162.840370981252,154.858161264088,8.76855409902922,13.1616675073609
122.554026608075,152.196912816841,182.699187762155,163.041483712283,155.010773483959,8.79428536260244,13.2080171510166
122.797736660205,152.441652873746,183.016895634242,163.275484321894,155.253833199327,8.85177534711394,13.293563888767
122.838475006016,152.400527965322,182.961555195106,163.177347081999,155.200663576545,8.87963449854335,13.3208164961756
122.893299692628,152.385473024401,182.923643494428,163.115159376145,155.170964431422,8.89711072936268,13.3363735917013
123.186112998205,152.365890380827,182.78771708885,162.879708651234,155.069747432163,8.97022565529694,13.3996701472279
123.934841415941,152.411884646994,182.560411218299,162.402431459577,154.865383353585,9.13478759423883,13.537763997749
124.051871175681,152.315924189852,182.383742736439,162.135110265366,154.683922365791,9.18315317429123,13.5697559829274
124.276158202251,152.220094528053,182.190345762769,161.795713901508,154.474243404151,9.26028692472572,13.6265053225292
124.397651429585,152.195411007188,182.129608546611,161.668078422125,154.406862340787,9.29662729219763,13.6556032737919
124.561424115027,152.195069074829,182.099135906355,161.569084713712,154.378886302261,9.33839202097333,13.6923236205375
124.900285925733,152.236973236634,182.100103711338,161.465470345058,154.412836298059,9.41586330427158,13.7643276350809
125.016262566496,152.190783172944,182.031878495882,161.357530887902,154.39398107072,9.45742056606135,13.7955386027366
125.109688516204,152.049387905327,181.854476218044,161.15039582111,154.33862637851,9.52127995315276,13.830243758458
125.179732749818,151.995777165865,181.781516887205,161.074949244292,154.352196319534,9.56037533378301,13.8496914505192
125.753681206499,151.872062443196,181.55670828659,160.994759183891,154.878919207804,9.88017337469127,13.9906274891998
125.814011770349,151.783668771913,181.457922792799,160.942118177274,154.940199849234,9.94515736444108,14.0180373043184
126.400927002393,151.705045930469,181.402792920874,161.063971343947,155.335221536141,10.1234901042039,14.1625601584082
126.459831814658,151.705845281365,181.407238824762,161.082772106666,155.370622942076,10.1355511903111,14.1751397847546
126.750686521317,151.331861866761,181.064294738841,160.902871853936,155.360407539482,10.2627106131119,14.251798218458
126.780526999842,151.301676746461,181.037277989257,160.889473376519,155.362324074726,10.2760289893047,14.2580532243592
127.516777307804,150.981189172999,180.817577431721,160.825638549455,155.682905088795,10.690487856765,14.3694936206586
127.516767783889,150.975642227584,180.81286871311,160.821260983198,155.681925902315,10.6937804827607,14.369635276404
127.544834144507,150.301301067627,180.280219936462,160.312624879463,155.663550451418,11.1075926859012,14.4137192286008
127.562980699207,150.226068346976,180.23095666308,160.266181856202,155.686558628282,11.1485865921342,14.4287428947196
127.662322223845,150.033120158116,180.128571621926,160.182679177734,155.797475618949,11.2134865323552,14.5003802006023
127.732235398815,149.949388103957,180.095422360528,160.165190613441,155.866211337894,11.2155409865388,14.5489351705693
127.733330676172,149.948076336568,180.094903035874,160.164916633201,155.86728816893,11.215573172134,14.5496958449233
127.640771959199,149.42952655307,179.729391596127,159.872696242363,155.74362494344,11.0601066017692,14.6904347382297
127.723649554396,148.948798666209,179.54240633172,159.778574674128,155.690827689493,10.6373097058209,14.9826997607673
127.848050055529,148.865727266296,179.647785309805,159.893448482671,155.742489678953,10.4207904732666,15.146579244396
127.408961173503,148.253712817616,180.015063495636,160.189332789333,155.427976890004,9.93663878883289,15.4931524807646
127.293300059103,148.113304479549,180.026795772715,160.223632712723,155.359922785134,9.90674079273867,15.5193908047337
126.876364311836,146.702049083473,179.54209849066,159.899423317315,154.616246220304,9.63695770085229,16.3099443300831
126.862714534494,146.602890557928,179.491576648821,159.818646812233,154.523724010006,9.62466508387858,16.4057481791046
126.852945869334,146.369696763695,179.388663063222,159.619167633319,154.286741396718,9.59784817421165,16.66900940194
126.938385517712,146.155204030282,179.365747718847,159.407265446439,153.985582273197,9.58004571752848,17.0620050695682
127.011228377431,146.096475916922,179.40116098353,159.346896322493,153.857821765011,9.57613223759783,17.2368636593539
127.038057896821,146.078734334004,179.416039149078,159.328810571467,153.814744630345,9.5749543948674,17.2958657761136
127.059316844174,146.039045158302,179.422010577646,159.289816400189,153.738295207639,9.5721170693721,17.3741636024863
126.986482255112,145.8652634082,179.331244953244,159.125348557002,153.488813559229,9.55882722054406,17.4871533791091
126.397001190807,143.658135617185,178.567576912923,157.730699624325,150.747455221707,9.20750515056587,18.7395590944779
126.197196462133,142.987713434596,178.36253026403,157.222670149065,149.945309174122,9.13889116718603,19.219281081529
125.905439400122,142.375679369667,178.030095891134,156.699365874613,149.150008315112,9.10424228332759,19.5644858138261
125.890343353489,142.238869039438,177.973131756312,156.604074271963,148.945259277075,9.09907852075964,19.6964505205945
125.706706731021,141.672255544467,177.602872462212,156.209376219905,148.227761264186,9.07304290727001,20.0943965190944
125.697135835042,141.647880582917,177.585545420454,156.192353891127,148.199251147515,9.07171740911505,20.1099403454606
125.622282854346,141.350266750722,177.398114374254,156.005763427086,147.851907451412,9.05205603070202,20.3614532063583
125.64187385209,141.2001204508,177.342523091443,155.938038844112,147.669756072155,9.03525141369393,20.5840668407163
125.679323705132,141.140327495181,177.344889142702,155.922663270798,147.585366331032,9.02296093904427,20.7338126910489
125.260104835017,140.433185615524,176.976124173651,155.215580297936,146.196845876584,8.84637343332422,21.9583753109689
125.214126152582,140.395766476263,176.939097375029,155.161732323261,146.112852377235,8.83942366165948,22.0010049131474
124.884220169218,140.138611176683,176.674659594093,154.742523544527,145.438255875612,8.79028202071748,22.3861198882036
124.759921137783,140.045423835131,176.590765288394,154.417687373863,144.864269481468,8.76587141616909,22.9107591070162
124.712797047749,139.995850143136,176.554904890135,154.300346487045,144.695135170817,8.76020473387366,23.0560670607529
124.628314908202,139.912150121017,176.480111398738,154.176811046049,144.548000965904,8.7541721646106,23.1270615261943
124.281349150336,139.549156756723,176.191618130078,153.587561666972,143.872437225441,8.72687277563708,23.5069912491634
124.226844947802,139.485557618346,176.156246357836,153.454028989667,143.723569630175,8.72022858284238,23.6177733556659
124.183970428286,139.424676521333,176.150038032078,153.26022971353,143.505256392479,8.70852666800295,23.8239407821987
124.181659677793,139.416687009194,176.159617312066,153.208798226296,143.445916797578,8.70476868149975,23.8908233140952
124.181221675077,139.415172597306,176.161433064421,153.199049388785,143.434668978397,8.70405635522341,23.9035008968532
123.784018406011,139.032422299832,175.850376098273,152.542122030966,142.725567446163,8.65929776530834,24.2264669106794
123.734477373628,138.983843847686,175.815333418232,152.437922842183,142.609338476575,8.6519445811325,24.3002414909878
123.668133328549,138.91616468144,175.772355451252,152.277218107033,142.427888876948,8.64076309066159,24.4333715047566
123.305288001228,138.521806407516,175.490399638727,151.589385848438,141.678313389281,8.60974154708145,24.9931999378359
122.678825724098,137.851425478458,174.929805964139,150.621337168231,140.597955080129,8.59391154882679,26.0186622326804
122.591676781354,137.776474984395,174.862762646638,150.507184789864,140.439507153871,8.58650471609903,26.1955045732286
122.558094767399,137.754777897552,174.856603757104,150.454157170493,140.339884797506,8.57892297228595,26.3659201933509
122.50130742941,137.729219558566,174.884863881555,150.37492850017,140.160710015159,8.55675786737228,26.7074920656681
122.44953332963,137.687592039012,174.853243977782,150.324699283796,140.094343747953,8.55013261100589,26.7547051396713
121.976069100984,137.443708174224,174.897210506698,149.933299519188,139.389225217906,8.40201727857788,27.7794503644785
121.597713078098,137.30537911497,174.861994726798,149.742043448925,139.000914650756,8.30169870978468,28.2650801939308
121.56700567969,137.323768193782,174.901004887941,149.760426461784,138.977015486393,8.28517571974949,28.3611301183368
121.528449406646,137.382496183681,175.00455771355,149.826725753877,138.956517328869,8.25389472490213,28.5557080519921
121.524043559883,137.424806533452,175.073046744218,149.878750794222,138.963840894398,8.23951574491308,28.6548743376228
120.980266994354,137.224477524701,175.171128785811,149.833942235062,138.547493336525,8.10114495907474,29.4101113716983
120.963519272224,137.243382698767,175.312517048734,149.895976040357,138.508938623524,8.06630599408506,29.675234799367
120.908141040788,137.205896914524,175.3216444304,149.86509042256,138.438971320135,8.04908508735658,29.7800141337185
120.680685135199,137.038097218892,175.237765331277,149.682337023131,138.178089545394,8.00645499835191,29.9886353049826
120.609110724266,136.992221784038,175.219785601986,149.624258467111,138.092384737676,7.99129044477284,30.0676885749782
120.135696767141,137.1128493761,175.51117109297,149.46712512592,137.639973403519,7.8378038862139,30.9359057909332
120.068623102426,137.114824729151,175.523318564579,149.446684171296,137.59035942704,7.82104338695056,31.00579739122
119.09539793744,137.342397747,175.887037617792,149.006583423973,136.341914401321,7.1767365203632,33.2425405993815
118.962901595186,137.319487190318,175.820251697003,148.907295657476,136.208136101009,7.13172013356299,33.350821264298
118.701191271733,137.058770345254,175.445894287018,148.619623432527,135.719061307208,6.96644500997197,33.7531725962472
118.653638350127,136.862939845915,175.215406578249,148.448291570417,135.497175117004,6.92275323194549,33.8823039064154
118.845992292006,136.601486585684,174.778124491261,148.059236459138,135.138734757428,6.87778138317571,34.339957055992
118.418348231222,136.484142270075,174.320441894097,147.50916467768,135.094110710678,6.94636069540108,34.402519893421
118.295571773873,136.438269943164,174.291887897453,147.524361985219,135.147856252579,6.94133285955049,34.316762307932
118.249889208449,136.423008352754,174.286174384086,147.538562554223,135.176570604927,6.93888303288072,34.2814189791977
117.79104190154,136.709463599405,174.614035227414,148.142371632878,136.083626474754,6.90130284648671,34.3015446452152
117.709913159296,136.89774394123,174.696771715497,148.409732426332,136.50850510244,6.83165217827012,34.5683759689773
117.49004899219,136.76185496605,174.525886095022,148.345585077888,136.536475075554,6.77951897529686,34.6895315268535
117.480685429184,136.776636311878,174.532163215925,148.377358659322,136.59869779571,6.76671690147591,34.7498400154359
117.514103465609,136.875400798001,174.607716110628,148.49920463955,136.779431747176,6.73958330990218,34.912388083226
117.407273715748,136.804813931851,174.519487010004,148.430887636053,136.723493723368,6.72465541085908,34.934749648827
117.321854663312,136.762847317232,174.453154472158,148.400556730115,136.693799634172,6.70306553820935,34.9653195747542
NaN,NaN,NaN,NaN,NaN,NaN,NaN
NaN,NaN,NaN,NaN,NaN,NaN,NaN
NaN,NaN,NaN,NaN,NaN,NaN,NaN
NaN,NaN,NaN,NaN,NaN,NaN,NaN
NaN,NaN,NaN,NaN,NaN,NaN,NaN
NaN,NaN,NaN,NaN,NaN,NaN,NaN
NaN,NaN,NaN,NaN,NaN,NaN,NaN
NaN,NaN,NaN,NaN,NaN,NaN,NaN
NaN,NaN,NaN,NaN,NaN,NaN,NaN
NaN,NaN,NaN,NaN,NaN,NaN,NaN
NaN,NaN,NaN,NaN,NaN,NaN,NaN
NaN,NaN,NaN,NaN,NaN,NaN,NaN
NaN,NaN,NaN,NaN,NaN,NaN,NaN
NaN,NaN,NaN,NaN,NaN,NaN,NaN
NaN,NaN,NaN,NaN,NaN,NaN,NaN
NaN,NaN,NaN,NaN,NaN,NaN,NaN
NaN,NaN,NaN,NaN,NaN,NaN,NaN
NaN,NaN,NaN,NaN,NaN,NaN,NaN
NaN,NaN,NaN,NaN,NaN,NaN,NaN
NaN,NaN,NaN,NaN,NaN,NaN,NaN
NaN,NaN,NaN,NaN,NaN,NaN,NaN
NaN,NaN,NaN,NaN,NaN,NaN,NaN
NaN,NaN,NaN,NaN,NaN,NaN,NaN
NaN,NaN,NaN,NaN,NaN,NaN,NaN
NaN,NaN,NaN,NaN,NaN,NaN,NaN
NaN,NaN,NaN,NaN,NaN,NaN,NaN
NaN,NaN,NaN,NaN,NaN,NaN,NaN
NaN,NaN,NaN,NaN,NaN,NaN,NaN
NaN,NaN,NaN,NaN,NaN,NaN,NaN
NaN,NaN,NaN,NaN,NaN,NaN,NaN
NaN,NaN,NaN,NaN,NaN,NaN,NaN
NaN,NaN,NaN,NaN,NaN,NaN,NaN
NaN,NaN,NaN,NaN,NaN,NaN,NaN
NaN,NaN,NaN,NaN,NaN,NaN,NaN
NaN,NaN,NaN,NaN,NaN,NaN,NaN
NaN,NaN,NaN,NaN,NaN,NaN,NaN
NaN,NaN,NaN,NaN,NaN,NaN,NaN
NaN,NaN,NaN,NaN,NaN,NaN,NaN
NaN,NaN,NaN,NaN,NaN,NaN,NaN
NaN,NaN,NaN,NaN,NaN,NaN,NaN
NaN,NaN,NaN,NaN,NaN,NaN,NaN
NaN,NaN,NaN,NaN,NaN,NaN,NaN
NaN,NaN,NaN,NaN,NaN,NaN,NaN
NaN,NaN,NaN,NaN,NaN,NaN,NaN
NaN,NaN,NaN,NaN,NaN,NaN,NaN
NaN,NaN,NaN,NaN,NaN,NaN,NaN
NaN,NaN,NaN,NaN,NaN,NaN,NaN
NaN,NaN,NaN,NaN,NaN,NaN,NaN
NaN,NaN,NaN,NaN,NaN,NaN,NaN
NaN,NaN,NaN,NaN,NaN,NaN,NaN
NaN,NaN,NaN,NaN,NaN,NaN,NaN
NaN,NaN,NaN,NaN,NaN,NaN,NaN
NaN,NaN,NaN,NaN,NaN,NaN,NaN
NaN,NaN,NaN,NaN,NaN,NaN,NaN
NaN,NaN,NaN,NaN,NaN,NaN,NaN
NaN,NaN,NaN,NaN,NaN,NaN,NaN
NaN,NaN,NaN,NaN,NaN,NaN,NaN
NaN,NaN,NaN,NaN,NaN,NaN,NaN
NaN,NaN,NaN,NaN,NaN,NaN,NaN
NaN,NaN,NaN,NaN,NaN,NaN,NaN
NaN,NaN,NaN,NaN,NaN,NaN,NaN
NaN,NaN,NaN,NaN,NaN,NaN,NaN
NaN,NaN,NaN,NaN,NaN,NaN,NaN
