NaN,NaN,NaN,NaN,NaN,NaN,NaN
150.616590179157,183.783408722345,201.774980657617,166.059905180134,151.758079266052,3.41395312488519,11.5129157331829
162.129357016284,196.136065949111,213.276532513352,176.647405210238,161.481963829423,3.60141369602648,12.4042809876403
155.111378762761,189.87528085909,207.622543994455,171.413677144987,156.180294682521,3.49128001455508,11.7767272058223
144.491230754472,180.07680110465,198.842880822429,163.351497641898,148.158406768573,3.32677032277456,10.8311408710214
141.94928098086,177.70322279775,196.729247675109,161.419460349327,146.248001279381,3.28778074774265,10.6041224900014
129.624376655653,165.980170095574,186.526207015506,152.227438026193,137.249005338892,3.10572406304557,9.47956622239938
128.44703586162,164.796956645597,185.589629357858,151.434384248178,136.498395024219,3.09128410608513,9.36100077861172
127.949022939819,164.282801140504,185.202448674163,151.11829888447,136.205373086396,3.08584022724034,9.30831628859892
127.608257269379,163.930989896792,184.937520035798,150.902017265731,136.004872632041,3.08211524954775,9.27226689153501
125.997645680057,162.268171967848,183.685348316907,149.879773207964,135.057217444147,3.064509332162,9.10188125197128
125.562936386925,161.697621185838,183.437131709879,149.789015068805,135.031526990339,3.06623208181427,9.03128100016488
126.332358126357,162.192720983834,184.255920378552,150.73245521696,136.049786407196,3.09055737585309,9.05218017711365
127.17475702854,162.785997290185,185.11478693045,151.687446961137,137.067723050263,3.11456593887166,9.08513535904734
130.448721327663,165.5456187253,188.119723924683,154.708419704,140.165220879957,3.18462297526026,9.30248360477165
130.662701892051,165.725982742202,188.31612133627,154.905865183992,140.367667905407,3.18920178028565,9.31668910490532
133.565812125187,168.192288003376,190.962814391043,157.548908271592,143.071283065023,3.25065620148462,9.51247126439898
139.641447247791,173.436026441839,196.425597571997,162.92780695918,148.545864131676,3.37642216366062,9.93523453355701
139.885463851265,173.645017503997,196.643500013304,163.142159371109,148.764826966554,3.38166283731169,9.95172624707889
148.083289308482,180.434743131797,203.929048918823,170.37254089989,156.23877954384,3.5780256531466,10.4417741299678
146.905971529807,178.955197517655,202.883513999286,169.511408088411,155.524902194592,3.59023500890978,10.2325290813199
142.331841794902,174.288432927572,198.850835460361,165.817793526478,151.998970405581,3.54840554655239,9.70773624401133
140.725258645221,172.673452027891,197.437563013806,164.513463621068,150.742443794439,3.53142201631275,9.52795139191133
139.42743345289,171.358305797976,196.296109540598,163.456993671271,149.725823035592,3.51757659060331,9.37605363412359
135.80574462829,167.542529339163,193.119184695648,160.516984020547,146.926797868975,3.48522582650482,8.88275743543068
143.327588479452,172.202805390848,200.021676859997,167.174224469354,154.101354224204,3.71510086998712,8.53012017906734
142.886918521786,171.684562997089,199.683583326568,166.941833813953,153.898913812842,3.71388233822767,8.451797612605
142.477555687254,171.203138811953,199.369509437995,166.725953208166,153.710855654628,3.71275037629938,8.37903942417618
142.078609608817,170.701313525286,199.086894151256,166.575230836815,153.594791437857,3.71338667143834,8.29406491763994
142.022793004779,170.613408473582,199.060070475381,166.586476975408,153.614974694635,3.71441834385572,8.27455249889992
142.228453157517,170.351887835237,199.57186429875,167.575786726266,154.711061128632,3.74130988189033,8.09157113321758
142.692558825943,170.696057438745,200.069642705285,168.159412680352,155.314489157643,3.75274831713172,8.08366430877083
143.450404850615,171.262194045771,200.880190223079,169.10487191654,156.291693841485,3.77113714547166,8.07215079022658
144.276072376958,171.921645591992,201.739731808459,170.057055951159,157.272383735474,3.78818973056384,8.07401875088693
144.332864855111,171.967005117875,201.798854270166,170.122550704505,157.33983922767,3.78936267068247,8.07414723615686
144.822371213777,172.357968447312,202.308443248971,170.687063810199,157.921252355438,3.79947248918446,8.07525467782291
146.739985316493,173.529246884531,204.662994766879,173.382332739619,160.872730873187,3.82545631865678,7.83178980610628
146.68244448347,173.389139196214,204.687918528154,173.436653670485,160.955683679848,3.82257363348539,7.77454885090864
146.442190570947,172.78815043581,204.785569578614,173.622939359874,161.19227399778,3.81062133593672,7.53793639856835
146.374230037142,172.593147310793,204.826862470998,173.683566273402,161.245217856835,3.80637255333826,7.45951898490727
146.400179889909,172.506271109623,204.943522493028,173.804503378725,161.334807400817,3.80400408307886,7.39829371064646
146.412718204648,172.496915098865,204.973114281625,173.833804310955,161.355893289749,3.80366659869236,7.38714440954612
146.43848082859,172.47769119264,205.033916880481,173.894009283785,161.399218715724,3.80297316552236,7.36423580839431
147.099312198444,172.770348122308,206.010235405437,174.768212549725,161.960940319251,3.80291975259278,7.19909519696114
148.077091916396,173.566905665891,207.311536587731,175.791653385709,162.432506666312,3.80689217754387,7.11050195939761
148.199101172588,173.69938873302,207.539831704402,175.9086850768,162.357745134787,3.80397801332073,7.08871895380321
148.288403747222,173.796357433259,207.706928384864,175.994344408349,162.303024718835,3.80184504098604,7.07277525786101
148.342141396854,173.863934541244,207.831598119503,176.044467069159,162.226871306027,3.79941795840008,7.05899629990656
148.341894253107,173.876547142574,207.864809125296,176.042243810938,162.166675569447,3.79782732130343,7.05319792278398
148.293788797341,173.937453607517,208.079903700335,175.981473614965,161.655572003939,3.78468377452418,7.00943445732118
148.206784874081,173.909539849435,208.108521496209,175.893016539654,161.377434701031,3.77800987493536,6.99284904643902
148.20294733637,173.908308639448,208.109783759642,175.889114906836,161.365166721052,3.77771550497605,6.99211750310945
147.800023650519,173.713688295122,208.130477566923,175.517070446196,160.324995345419,3.75486126875527,6.94724211327087
147.723979785514,173.67111229352,208.139722028681,175.458454357433,160.136400586329,3.75147959779565,6.9426462844571
147.596486307294,173.595817628087,208.150588786978,175.361996561453,159.829927939379,3.7461197962931,6.93505091692663
147.180385897827,173.246432674458,208.119886075071,175.132065498568,159.035794663185,3.73959834039275,6.91268280729478
147.032578144333,173.101184970594,208.197168694063,175.142921029044,158.711331504134,3.74695736084311,6.90273222417598
146.956122225826,173.039135396902,208.503193248082,175.378426454919,158.354419231723,3.78123849873471,6.88698983001092
146.960670002017,173.059455611267,208.59567081679,175.45481044997,158.291038335415,3.79247595224948,6.88328841198321
146.963467608597,173.071955779044,208.65255924836,175.501798770882,158.252048990941,3.79938877569665,6.88101145045485
146.691989497185,172.92877130699,208.712613232126,175.498754313226,157.756986886659,3.83812641168618,6.84282425866487
146.670889333002,172.922316702279,208.716141069477,175.495775289866,157.717828266035,3.84125137131207,6.84020372342579
146.514180772466,172.874379074676,208.742341923098,175.47365041641,157.427001568327,3.86446009710445,6.82074130116307
146.28168152939,172.857398954759,208.816575629996,175.459174868373,156.978781280102,3.90502106263693,6.79775505704937
146.205624562264,172.872684210247,208.860397982341,175.472504365112,156.837648592959,3.92112945588434,6.79439029755049
145.25263049058,172.550790755102,208.851730893079,175.525086737271,156.061865831128,4.02389808321125,6.80748987892196
145.236285936905,172.5408548645,208.847193287567,175.525260214935,156.055722678299,4.02486688810598,6.8079265168968
144.986454466776,172.38741188503,208.801052152583,175.601359016506,156.049177583341,4.03991775851641,6.82256760785921
144.794871550479,172.277808202212,208.788251412099,175.715699419443,156.099957873221,4.05199228763991,6.83878884941555
144.673329827626,172.211471905649,208.788105507381,175.807445573436,156.150816182053,4.05985144007323,6.85074288529221
144.661864125298,172.206813697833,208.789985907798,175.819612042975,156.158249441356,4.06062098635797,6.85210584318789
144.65025331168,172.202539107021,208.792414157514,175.832904018393,156.166505933758,4.06140805998289,6.85355114137602
142.730477527652,171.620153262014,208.48676382027,176.277982865891,156.079222611913,4.07698124347499,6.96081666489296
142.221627776833,171.459556593219,208.38266087768,176.207805214701,156.02132998194,4.06991099363892,7.03395129049421
142.207850319067,171.455796968469,208.381270967363,176.207123378174,156.021807131694,4.06977044988968,7.03677403677494
142.020421098593,171.421730685906,208.405210208447,176.238284825934,156.080606931107,4.07108147410636,7.09941889019461
141.91327930791,171.411262911157,208.44111131353,176.277276520828,156.139255159461,4.07383418293255,7.14771379919809
141.766559816242,171.437488512555,208.586553320672,176.423921865656,156.309500045477,4.08928215299914,7.2674259757332
141.760041550317,171.440934400118,208.598043857827,176.435311288273,156.320394718617,4.09080919490882,7.27556348489566
141.706438119158,171.469271905654,208.692537120984,176.528973028709,156.40998785096,4.103366934471,7.34248287990326
141.636023087247,171.46045908786,208.732566965042,176.569383456215,156.443556737053,4.11304078354267,7.39012560493722
141.283701312323,171.268972034302,208.66175630313,176.505171830142,156.336421664183,4.14028173582723,7.49913246469135
140.871914545968,171.091643034392,208.621533073033,176.472749230705,156.176868375862,4.19266019112374,7.65489005673788
140.398689770136,171.035991753686,208.71957375161,176.608842480759,156.030191414834,4.30334070046102,7.91518482451385
140.327817385189,171.054573274452,208.762383477967,176.666552944394,156.028472720178,4.32890139190301,7.96962621687444
139.718864249254,170.791690455754,208.583473044275,176.606861548768,155.799936836068,4.42676735832824,8.1499823608044
139.627058612017,170.751945309808,208.557100212691,176.604740490457,155.777802513317,4.44288655998844,8.17864139949806
139.47877541166,170.697170173254,208.532272858146,176.634546854362,155.779576825369,4.47542538194256,8.23653730052837
139.328358225111,170.648886548082,208.520985098739,176.690242167824,155.809698734629,4.51340371589392,8.30417704231055
139.240010768045,170.63877302512,208.551020893291,176.784325233502,155.890883282217,4.54756911365495,8.3655949834267
138.937594286604,170.571512245388,208.636161248198,177.07714741429,156.146417296399,4.65784422050611,8.55847687439075
138.679251397606,170.412638538553,208.548804766156,177.077026864926,156.130053184013,4.70277170357253,8.62812984320442
138.480392558241,170.303032309364,208.502235571228,177.09822308645,156.128207114872,4.74363252439761,8.69134631695459
138.37957215642,170.254901466767,208.488458545767,177.118941277502,156.132528892804,4.76714570671218,8.72806830569423
138.297640854218,170.223806201946,208.487861545202,177.146525962376,156.141708011206,4.78926830428353,8.76294553315154
138.040281653203,170.164183979433,208.531975577115,177.280547532891,156.198721238313,4.87131902648412,8.89486585012897
137.917489581939,170.174140272509,208.598313536068,177.392106054381,156.256462363357,4.92274982401293,8.98030014670078
137.905978202173,170.177590275778,208.607439232419,177.405673811197,156.263991095007,4.92835474873185,8.98977895644613
137.296948431121,169.970687034492,208.531602455532,177.454013644164,156.179403687237,5.06760589072669,9.21208247462678
137.228825576677,169.943113245711,208.51623864634,177.45254669736,156.166916337874,5.08177262847858,9.23465240712158
137.082730556916,169.883979005819,208.483289703935,177.449400710245,156.140136198274,5.11215435350613,9.28305546892425
137.029756466775,169.866613950633,208.478353399275,177.459808241792,156.141357094738,5.12579404593531,9.30574638492807
136.979107041616,169.851063002239,208.475442894309,177.472739078864,156.145345247593,5.13951211977605,9.32876791459023
136.840576148878,169.808529710753,208.467482392289,177.508106121981,156.156253216906,5.17703232873855,9.39173394127799
136.835690859847,169.807029775119,208.467201665352,177.509353340016,156.156637886215,5.17835547812184,9.39395443689046
136.755181051775,169.792340335743,208.483977603648,177.566459016034,156.19512339146,5.20760901847283,9.44589111331786
136.608323333358,169.779034621634,208.547709030487,177.727992756583,156.31270362826,5.27187297798694,9.56424229914913
136.458128736347,169.725027667046,208.569104468973,177.844797657548,156.387766768249,5.32345732840908,9.66258225430231
136.360255068022,169.653656690631,208.523315434472,177.832596894539,156.362079961048,5.33783068063086,9.68894107457575
135.996740828053,169.389061061007,208.36676557293,177.810412358352,156.27366204315,5.39469707224433,9.79829944810773
135.984077704383,169.37985984961,208.361759949031,177.810405956766,156.270813448647,5.39679340420398,9.80248864730526
135.631664832621,169.146407014851,208.263781089256,177.862661404228,156.209646012777,5.46416298316096,9.94688993264862
135.446608081373,169.067689265241,208.271296154014,177.956019639164,156.20290310132,5.51157249159367,10.0589924247336
135.341996924831,169.049202359931,208.303030877723,178.03580310678,156.211325941964,5.54379247543409,10.1379029149255
135.274689375549,169.042577805067,208.328994480805,178.092570768345,156.21921569589,5.56561587753012,10.1918042840458
135.172722231254,168.996706036498,208.306711068616,178.094635943429,156.181854692726,5.58315306937101,10.2334667481814
135.049695617851,168.926037760594,208.25347966443,178.061239360738,156.115692255388,5.59767457539146,10.2666329800631
134.708778377474,168.741788318545,208.115226202668,177.97692293895,155.938009685625,5.641038706558,10.3640388763906
134.616453836434,168.697863371894,208.082559300048,177.958333154044,155.89281005098,5.65439347514913,10.3932541512865
134.454265905785,168.62429859097,208.028792667672,177.93005774161,155.817023127994,5.6791094411473,10.4467171183456
134.424739523984,168.615032745262,208.023155129658,177.929934339947,155.807372373276,5.6850485577321,10.4589039837881
134.021539287172,168.599368158945,208.080400154588,178.113005631251,155.840554810991,5.80805055379972,10.6981313659957
133.455761187089,168.370534827277,207.93782231075,178.125581181406,155.819196105705,5.90030577539967,10.8524527768865
133.403531034122,168.367425899819,207.946525536992,178.147548348771,155.836755307866,5.90909621773456,10.8724512222182
133.237521921884,168.370993207912,207.989848519182,178.232458844501,155.905568582836,5.93786494006768,10.9411294915284
133.05668233558,168.470187916404,208.135154815641,178.405869862754,156.040313713929,5.97163714990383,11.0492755262008
132.952955409363,168.558631544874,208.246608307785,178.52365845154,156.127463618547,5.99058115410625,11.1208444962983
132.022541901767,168.875206856531,208.628627796097,178.859765236839,156.25352185787,6.07274464752904,11.5210752545272
131.120141295149,169.385224254271,209.135294216606,179.241099331172,156.371663195355,6.14197559655867,11.946722638152
131.062642525752,169.445116134553,209.192445786517,179.287612125542,156.395720856122,6.14738832092409,11.9821890225881
130.560148438356,170.019158122512,209.739137521128,179.742763624783,156.646266552908,6.19698092633255,12.3083976262516
130.215584342343,170.460971477988,210.155481603577,180.108141285411,156.867380224549,6.23221333365364,12.5459651978964
129.694029173695,170.75871139213,210.418807242677,180.346224039695,156.972294317996,6.26306993397037,12.7769037341494
129.382635048129,170.992288806347,210.631541926606,180.569692887444,157.114469431858,6.28490027471608,12.937398300699
129.227357515641,171.109378308665,210.73823488338,180.682023042192,157.18624255381,6.29582361042713,13.0176787265084
128.948817592526,171.38035976149,210.994282121962,180.986395517274,157.417974324742,6.32063970141962,13.1914728071919
128.893101818487,171.436427068666,211.047475769092,181.050423977184,157.467476015768,6.32576327040353,13.2271472112534
128.741274104834,171.604295951582,211.209728529021,181.255954661983,157.634229310432,6.34150141609069,13.3334959369334
128.574445434448,171.819250058496,211.422989938672,181.544578753402,157.881879829134,6.36238616340716,13.4688228866378
127.438239405392,172.509190951308,212.17096411082,182.982106499502,159.197040031352,6.47598054925571,14.1841896702117
127.398045154354,172.519123459692,212.184108750491,183.022038861514,159.234831742881,6.47928355992234,14.2051458988012
127.21297611034,172.564856363871,212.244631482848,183.205902072591,159.408838615597,6.49449183002707,14.3016360458009
126.966177808091,172.65885141612,212.365740391062,183.529183598859,159.714045654818,6.51783034661362,14.4493195426164
126.848821281652,172.705872709186,212.426175384651,183.688410006003,159.864330035324,6.5291435640271,14.520884450864
125.3213760922,173.567514806154,213.44179595332,186.225986249528,162.221062636586,6.66642459876839,15.4999923012424
124.913408167502,173.882661077101,213.747934939998,186.95352924564,162.89395208939,6.69324867194806,15.7624714086622
124.865269839577,173.929163267946,213.791820859712,187.050644502851,162.983873814923,6.69662285236268,15.7966544019596
124.848592940741,173.950033651572,213.810794720896,187.089281012118,163.019645983701,6.6979339317912,15.8102583801486
124.785730168678,174.05832833598,213.905778563572,187.265987350675,163.18323880073,6.70376055231553,15.8725016526067
124.761296252045,174.100421027786,213.942697509669,187.334670735181,163.246825135245,6.70602528158958,15.8966947780488
124.501503655753,174.673054884555,214.425757072659,188.163486947804,164.009520124901,6.73460087790576,16.2045241218185
124.332006836798,174.759094880978,214.467151759241,188.284591988029,164.114250682458,6.74014517312991,16.2936364483223
124.144211271225,174.820608748685,214.482274049435,188.373693266036,164.188371498501,6.74480874027993,16.3791298592321
123.984414992233,174.880196009552,214.497634473616,188.441851402359,164.238954830234,6.74917744808125,16.4582323904859
123.526394627494,175.087474736597,214.565597871802,188.631905369638,164.353335363305,6.76428357625998,16.7150302956373
123.357733484243,175.180689295926,214.605511270666,188.710685944824,164.392049672859,6.77125142075848,16.8229096473536
123.003008295131,175.444811337788,214.765846458261,188.962459965398,164.505834770359,6.79284233705769,17.1020072806614
122.750775153651,175.601354619282,214.869935093838,189.146135138434,164.577791276893,6.80911462991887,17.2947064707712
122.355295045258,175.575923513927,214.806534061123,189.189096873155,164.514202660737,6.82088208199132,17.4621849593713
121.618811610048,175.632691828038,214.836520381891,189.604875155838,164.674475418537,6.86049537267366,17.8569844233582
120.276288214191,175.889360376502,215.134350345539,191.438089020147,166.436056163467,7.00287288834171,18.7740310359154
119.815216820022,175.945917195094,215.190352068542,192.1019184233,167.396749519018,7.05498987436308,19.1057996858591
119.735456983362,175.975547310673,215.218768262026,192.248824221859,167.626536341293,7.06572528674143,19.177419202929
119.56477396252,176.050135423799,215.290132786967,192.57565978362,168.145530685835,7.08937957462962,19.3368181240852
119.554882992778,176.056639967194,215.296328377012,192.597032105113,168.180926398133,7.09088322241153,19.3472527569911
119.49237010307,176.097749971012,215.335485734409,192.732109414136,168.404634317265,7.1003865745002,19.4132017056837
119.319267104771,176.178906569786,215.410853240214,193.039509727061,168.933856574383,7.12286605472515,19.5719788357466
118.231751102754,176.128378404823,215.304496990717,193.68236300481,170.567457868014,7.19706011698875,20.1046691961796
118.037755818487,176.164394374345,215.326298706566,193.839888127552,170.928895151614,7.21593880191399,20.2121891640398
117.690733253491,176.338776114462,215.464421627001,194.247697269066,171.745866184753,7.26867867229043,20.4375301568047
117.53120072287,176.48430482364,215.587013480402,194.51640460239,172.227934690784,7.30651211587735,20.5624871739208
117.474485865698,176.536041230775,215.630595685416,194.611931815374,172.399313194969,7.31996215231188,20.6069102100926
116.597326817857,176.567356210247,215.587007454126,195.067329812934,173.57297914299,7.4728927730444,20.9400173700259
116.461431694687,176.625432427603,215.643339328372,195.251307364114,173.948991053088,7.52290138388943,21.0306277612761
116.377054463506,176.763889863039,215.809258668302,195.582673221572,174.555397068251,7.59400699803614,21.1647990734644
114.659827493559,176.933498153895,216.209385598953,196.535422577789,176.484486522576,7.73095101702566,21.4552344104866
114.602746545468,176.948999696268,216.219083718507,196.546842345439,176.499949088961,7.73337805102515,21.4522809887178
114.507615495918,176.974834550889,216.23524659461,196.565874518493,176.525718986239,7.73742294339966,21.4473588190266
114.395030643196,177.020706864395,216.266404340962,196.595831701488,176.561891803613,7.74389628422151,21.4411654782956
114.214196794694,177.188732262638,216.390639888776,196.689791899956,176.654991683635,7.76469395824392,21.4289475568902
114.165498449962,177.353500861929,216.520825053479,196.774597571749,176.723347006678,7.78407928659703,21.4261350465751
114.132899605963,178.184639035284,217.151108187335,196.971562371723,176.396653654661,7.92725273078407,21.432999487855
114.097134138424,178.574438521765,217.487138998551,197.20755726102,175.800085815796,7.99898996535743,21.4489126041103
114.086731756623,178.626201755289,217.533277870222,197.248649440604,175.722658705141,8.00749697715717,21.450838822065
114.037767646512,178.736221897344,217.63231293957,197.354282527733,175.56093493434,8.0234839525593,21.4526969002064
113.179514152431,179.033479572199,217.849817634184,197.695413008253,174.290476619204,8.09492131848652,21.3938189454176
112.984563550999,179.066855760814,217.867096138455,197.734842394147,174.068209210742,8.1048407241628,21.3767546952115
110.842235423722,179.946788419789,218.504386692407,197.630122345323,171.947145261453,8.23345740757638,21.2087939020113
110.634390876715,180.186318844129,218.730985937312,196.987120585551,171.47908007779,8.26578022897286,21.2597211221653
110.793771145837,180.419354011737,218.993640747443,196.677166623442,171.267401128302,8.28293341952228,21.3656399745719
110.882420317631,180.51873731457,219.107183582324,196.593032540066,171.181761634305,8.2885569895915,21.416978918318
110.894233698421,180.531981124713,219.122314290455,196.581820839559,171.170349322912,8.2893063860414,21.4238203414196
110.598577981647,180.703811249544,219.235876567995,196.053645996884,169.085491163365,8.28274502143497,21.8302514335678
110.585870195667,180.779496854877,219.285733296686,196.09096955433,168.928465292452,8.28234422553228,21.8612018974898
110.382875778849,180.939031855444,219.335986493195,196.065574442977,168.146675928887,8.27499038643176,21.9581589960856
110.288557930998,180.956408761808,219.320609465647,196.010039812249,167.874620998098,8.27129658978459,21.9793282454448
110.221425859383,180.996373328575,219.333346874325,195.961493422617,167.630144320225,8.26812746479893,21.9988611481045
110.143515161611,181.100130796117,219.399835051561,195.884522265761,167.223837306439,8.26286535288727,22.0340339842448
110.142798666192,181.104119293418,219.403180921845,195.88272339442,167.213618325517,8.26273318346762,22.0350186997379
110.135705783497,181.143603067858,219.436303067274,195.864915627505,167.112456432376,8.26142478404802,22.0447668032184
110.150083309316,181.267871447192,219.553720577057,195.827312771107,166.873195293088,8.25797426476175,22.0709827628104
110.201008707403,181.395757180104,219.687522072793,195.806771993122,166.704865137557,8.25508034747867,22.0935668875305
110.250416048853,181.4861908029,219.78595503896,195.798552358285,166.611759515839,8.25287436984765,22.1085186773244
110.410848618303,181.733283183586,220.073945004469,195.719400891924,166.316834571906,8.24081439489856,22.1491903385565
110.484371568363,181.875963388735,220.244197711727,195.298302314071,165.662891970791,8.19683242728033,22.1886326801266
111.056603862682,182.689502334203,220.517509008407,194.722705266572,164.933157932924,8.0701297595425,22.3522102186426
111.115179510801,182.923942677424,220.129298895096,193.991444862278,164.351738965299,7.9588305246861,22.4084196612905
111.129146502397,182.96105055577,220.078656869729,193.899428896227,164.285887738374,7.94343995775326,22.4157433936607
111.248905196633,183.164091167002,219.888769734461,193.553756414544,164.085040813173,7.87058974268029,22.4435564531802
111.310280565214,183.240999439305,219.843216195608,193.464144913897,164.045124486116,7.84421006597601,22.4502129409463
111.502801246675,183.450565440841,219.751570567239,193.264187465459,163.96396356203,7.77008412850994,22.4633751787254
111.570138020764,183.514203850113,219.735143613246,193.218991344043,163.949008755215,7.74678658446316,22.4656253457565
111.545792528247,183.393327834633,219.446309096991,192.858979722184,163.632770878306,7.64828960185425,22.4246579511802
111.57438674615,183.262512654056,219.275381755025,192.619015696528,163.287280295102,7.54657737506767,22.3879985074928
111.579975712784,183.256075375336,219.268322508197,192.606283825984,163.262840160938,7.53953960348016,22.3861529986878
112.093991219577,183.189270552526,218.649282728058,191.12071357611,161.031817016949,7.17185823919002,22.3568336312025
112.18656503772,183.189824145605,218.540554593343,190.877783410127,160.759603141994,7.13144242612146,22.3387188622835
112.626368275423,182.948940905611,217.977621056448,189.847857361809,159.778041600408,6.97057220018908,22.1501596412134
112.626623471876,182.944751580053,217.972943793603,189.841787379332,159.77282797493,6.96984937870953,22.1486626115527
112.651372856994,182.615031194766,217.617580712052,189.389758324073,159.38984751718,6.91587226813358,22.0317674907008
112.969797876728,181.122165341509,216.321041452788,188.018307464255,158.369075710397,6.75311799143134,21.5425912347365
112.99080972567,181.055282079825,216.26516504494,187.964467033328,158.33131113888,6.74708075235323,21.5219110659101
113.179600148052,180.552959335462,215.825743684725,187.543794540153,158.032621154718,6.70345273688202,21.3710225433081
113.457000582705,179.086949026457,214.368593592419,186.114840655275,156.908202336862,6.59452293455035,21.0007907050565
113.464478536604,179.049398467854,214.325724520191,186.070825749865,156.871797477862,6.59168011333094,20.9917111546514
113.519563427676,178.772789590859,214.009937848347,185.746598521041,156.603628173858,6.57073902445588,20.9248284148291
114.707545587876,176.52518797338,210.269423372326,181.365642396698,152.736144124202,6.31821458691488,20.1531293718121
114.740396631436,176.427602466349,210.075579625378,181.125554110655,152.514910654893,6.30558980973616,20.1119298349297
114.791815097407,176.327972268196,209.846320242876,180.833610108946,152.24525711464,6.29014498611916,20.0582335684576
115.321861750497,175.654428643917,208.046153498751,178.511425690549,150.121712923824,6.16696123771136,19.6076531476651
116.142216010159,174.368647182225,204.715509982787,174.507200271658,146.658788756725,5.98546597219623,18.9007280012179
116.291750607801,174.115265729987,204.088330083443,173.783478450821,146.044555637031,5.95982235164888,18.7984284589151
116.397857262057,174.002464798132,203.77385745655,173.414456597109,145.730908120544,5.94828786572881,18.7499029184835
116.481526609896,173.913516744213,203.525883191508,173.12346808131,145.483584488113,5.93919246147398,18.7116385857712
116.538367091888,173.853090191508,203.357422732444,172.925786039807,145.315566034062,5.93301353005994,18.6856438437226
116.943919696516,173.436635876356,202.210472235264,171.552154263447,144.135847279128,5.89392226535379,18.5050826042012
117.265038993957,172.663395178691,200.557760624117,169.575195164834,142.423880028691,5.8367154028845,18.220095777911
117.49206325676,172.378929069889,199.882169424703,168.7433831821,141.728614367114,5.81117592106207,18.086330491134
117.914343742797,172.062424428511,199.015486872692,167.666481721434,140.886632219241,5.77341100406576,17.8985882454416
118.305738844424,171.718428784672,198.137216239369,166.606952799028,140.103203883018,5.73148162323122,17.7099499990611
118.376918696653,171.541329864132,197.787197674179,166.203518429958,139.801205613313,5.71505966829021,17.6403175426247
118.410233911183,171.458439996477,197.623374018694,166.01469389417,139.659857509488,5.70737349116651,17.6077265754924
118.537858211428,171.241249511354,197.156876884934,165.477766804127,139.270493618291,5.68531434838962,17.5154115058511
118.650422311256,171.058998502225,196.760373537604,165.021495939717,138.941189562647,5.66654347730805,17.4370086045211
118.796617555207,170.913093523634,196.384953740751,164.583502428466,138.629359405382,5.64921993196325,17.3623980304386
119.118765090767,170.674029371972,195.678378482265,163.746486019053,138.030041481339,5.61754556486355,17.2200341781574
120.692383409438,169.836408665204,191.937709978774,159.042049239029,134.066707751684,5.48524254330577,16.3789320860765
120.883584487202,169.81672667762,191.566051045492,158.558981833802,133.628113834035,5.47141372127889,16.2831078776566
121.064003933191,169.818269337451,191.255945806618,158.160312268168,133.273453670071,5.45785362997761,16.2029470503127
121.352400163247,169.636844343512,190.296165358254,156.996109463859,132.24592068883,5.41457260754717,15.9827772189287
121.577792740052,169.371927450747,189.259957546389,155.775676671948,131.19992302476,5.36361889778904,15.7666905166872
121.899214674385,169.192848571512,188.324519213326,154.652682147704,130.279030989149,5.31304443840333,15.5839079766406
122.273135100057,169.105395954473,187.555470378548,153.693701382963,129.517377818094,5.26941318111732,15.4443969945497
122.574091518845,169.078362836538,187.041078753902,153.030829764211,128.997172869458,5.24010300295392,15.3573402090028
123.220805908748,168.459040391597,184.348395029307,149.746946495096,126.270578940498,5.12113409476543,14.9997625448492
123.224941426064,168.456792985211,184.333385333654,149.729076717039,126.255611113045,5.12057597544363,14.9981045908424
123.728298437165,168.015306501081,181.447127091325,146.65043534224,123.713994655792,5.05843072849857,14.7670252004005
124.009466411785,167.659919156223,179.297891930038,144.519184162436,122.051786086499,5.07645781139383,14.6732790425628
124.234049584726,167.621114300578,178.562293172459,143.758999183692,121.491236466615,5.09987138999431,14.6599616213367
124.633755952076,167.481398382076,177.119648928685,142.199430332502,120.341049144405,5.15632865007848,14.6398187739988
124.756279201551,167.337951085696,176.347382083714,141.356453646742,119.710690502433,5.1830516389849,14.6278535768564
124.476920117176,165.603283577739,170.275647027489,135.445793977262,116.707548778926,5.08611525282019,14.6391467677483
124.471769514048,165.590794915715,170.248997248844,135.420999742533,116.704056679433,5.08457419420445,14.6391967059911
124.435972843678,165.484465990773,170.023136710987,135.207256224658,116.683076592931,5.07144038747861,14.6399508459656
124.431309895802,165.428343848867,169.905755159278,135.089767196067,116.687463659545,5.06448487112839,14.6409300339552
124.629357450005,164.17457235729,167.531972987445,132.565264461747,116.873777899572,4.94717531507239,14.638864453416
124.800415803065,163.726863752657,166.794840100803,131.772070387011,116.924922299694,4.92500041335074,14.6228431244137
124.912787822797,163.487243134902,166.396686573507,131.346068718572,116.961192789245,4.91402132983772,14.6141677298071
124.930635445955,163.465236128447,166.356896268374,131.307910830835,116.968175857456,4.91312805725291,14.6131507734597
125.727021062752,162.627786664126,164.746442888941,129.917476228535,117.310492834261,4.87450788107039,14.5635624994125
125.953340225249,162.442751668958,164.318289396904,129.668969751515,117.435075556498,4.85908224561793,14.5414907485955
126.291814046922,161.23687452813,161.853053463795,128.654906828803,117.725341841374,4.71390216452329,14.3042524368914
126.244669703895,161.048519531851,161.411864225428,128.563124484374,117.794329385294,4.66821457012374,14.2334108004082
126.039063170837,160.699968598944,160.396131115878,128.414951691689,118.054127783415,4.52394758934044,14.0098635359619
125.896662424064,160.680446711158,160.071536286235,128.364348053002,118.250312274542,4.43731659488928,13.8693789258693
125.891808336359,160.680340373098,160.061369794608,128.362673159437,118.257083231896,4.43438225085559,13.8645952321917
125.061572203615,160.583855401875,159.456126836986,127.680996971493,118.484015373593,4.20362924658633,13.4199270335837
124.842597072368,160.725053789002,159.50214201547,127.44308919742,118.646357425068,4.13646872184011,13.278269022717
124.734813861196,160.839089979614,159.56392007888,127.319339652557,118.767820488879,4.09939247328278,13.1995464109666
124.715689343823,160.868115986426,159.582606178185,127.296069869526,118.797575914673,4.09202049998014,13.1838022980293
124.503833633128,161.311337658594,159.873583295219,127.046901713624,119.264226028628,3.99688422513665,12.9842667444603
124.444641437184,161.40007619567,159.924170878853,126.99012686752,119.369012095536,3.97550762119974,12.9398361599283
124.292067383678,161.430430765902,159.901460109221,126.867997966448,119.450470379656,3.94566138470659,12.8764390152423
124.073188999933,161.475144420468,159.859204109855,126.711148759409,119.583387720107,3.90090105514029,12.7844564495327
123.877258990065,161.517764846917,159.799880391985,126.611522904852,119.738051239448,3.85651488330207,12.6998185930705
123.582234611053,161.616024394621,159.615019548684,126.648425681329,120.194799768987,3.7480336088458,12.5161769510951
123.24839347937,161.407001747018,159.290388558691,126.746510391038,120.520914262935,3.61110099634624,12.2462122380056
122.874424294785,161.219666183152,159.71795917123,127.107267959242,120.803369693088,3.51394703945733,11.9393061364164
121.576750259859,161.607652146226,161.387418712086,128.376458323452,121.268542835192,3.47717309914487,11.5164864918073
121.466552903462,161.866904208522,161.63984686955,128.540113647171,121.303847741148,3.47861557307906,11.453944318369
121.128106517192,162.325703185331,161.804377272885,128.299671634963,121.051615304054,3.47235193381343,11.3227264499116
121.137617250127,162.782611877431,162.069538512593,128.297739220136,121.187598820163,3.4759406261931,11.3271472031852
121.14385629089,162.862629025134,162.127668369177,128.321857893043,121.238341656034,3.47727474302275,11.3343098209005
120.912321321937,163.321149728344,162.467284045153,128.435706922888,121.600670246419,3.48572826215222,11.3988944031539
120.877854791918,163.357573335228,162.502477578473,128.464452819895,121.650850884812,3.48719881427946,11.408812807832
120.606724672372,163.750632049318,162.897719848499,128.849195135148,122.21551189963,3.50588464075085,11.514167027791
120.549993360636,164.136417910271,163.290113384417,129.314920102384,122.764936006324,3.52817604902301,11.6015828610422
120.629933187249,164.510502093495,163.645758802221,129.752472273635,123.236846319555,3.54994605411796,11.6621213939981
120.634279959939,164.674362709656,163.788819354579,129.945292361346,123.4420136635,3.56135217010871,11.6811421175488
120.643900958772,164.949724051401,163.998478617629,130.22787460907,123.729255045256,3.58009965522284,11.6903547414057
120.666848335208,165.033958555118,164.059032101404,130.299782441771,123.797996695711,3.58467500977947,11.6893836744802
120.763505000096,165.297679466034,164.249804382681,130.504576855423,123.987308296705,3.5963674844875,11.681531942737
120.789187490022,165.356064805743,164.292245320617,130.546406028304,124.024748119365,3.59850171103508,11.6789630075442
121.486531404273,168.371364733863,167.129177420005,133.261912810256,126.440676951668,3.66287261078814,11.5008139111199
121.505998817472,168.94853060745,167.926219156341,134.164584657031,127.284572586603,3.67889110398919,11.4947493644439
121.568867242565,169.452418232749,168.725660090043,135.133020697625,128.207442333971,3.69758939294927,11.5047428858124
121.539428210256,170.159069921951,170.956720203261,138.271465048911,131.235762457678,3.74298788970855,11.4869987357499
121.649002805939,170.319937464975,171.415314694417,138.881047834038,131.814038118285,3.74679419195428,11.4790826484029
121.8537533615,170.618402113417,172.133623100367,139.781156130326,132.655705916258,3.74899674975578,11.464687442413
121.86592153119,170.636118475383,172.174935293164,139.832276329011,132.703353634769,3.74907889657122,11.4638358856144
121.884349077062,170.662948235414,172.237498714548,139.909693050688,132.77551161258,3.74920330017901,11.4625462831214
121.903612224217,170.700521115949,172.340421585675,140.037616860002,132.893257556778,3.74887305023112,11.458517236246
122.097100966523,171.745834798621,175.425850948445,143.766967336976,136.197791007449,3.77815375017383,11.3529281295316
122.119776884522,171.791280597554,175.55486401991,143.930889514072,136.342981691552,3.78499069818578,11.355250952662
122.12000369866,171.272603575937,178.38195803734,148.973507578816,140.412500698854,4.44783541170289,11.4975091906623
122.065161370876,171.171689540756,178.612120100311,149.424658967558,140.730075908441,4.52770079913567,11.5039980839132
122.06114128686,171.164310210818,178.629302635859,149.458205253544,140.753693761891,4.53362099775478,11.5044802021944
121.995904024592,171.027558665791,179.164750091003,150.422202592437,141.4524112199,4.68504594907684,11.5211930502064
121.995952319505,171.026295673649,179.176003845554,150.441047526813,141.466806824645,4.6875088905709,11.5216370912656
122.040530417187,170.978132396024,179.849597117922,151.544291981021,142.33896791235,4.81645105136262,11.5524790853287
121.799014583208,170.366191822346,180.648709683582,153.18188164635,143.697542052366,5.00088797893779,11.5865322407081
121.772739705877,170.219587892162,180.822413945927,153.55336312898,144.020606519164,5.04544385403174,11.5971413005147
121.751353665298,170.056056933547,181.027835462928,153.987461219105,144.399362004284,5.09795166229934,11.6101116770591
121.755513723556,170.03509660397,181.069242492864,154.06758218882,144.468851624251,5.10832996356458,11.6127596816824
121.784364496515,169.108854026412,182.608983314494,157.088026605826,146.935160868481,5.56483172008322,11.6820560877342
121.791105506075,168.934268069794,182.879653156376,157.615384191443,147.33277249929,5.6498118156145,11.6915238759687
121.859238287005,168.743063819896,183.265744206962,158.33198898759,147.877247134705,5.75364071149894,11.71068698859
122.175572516107,168.511945804111,184.004845871017,159.620357827998,148.912791733563,5.88332019212164,11.773254968886
122.726933850348,167.69647375037,185.122100281579,161.709637127956,150.891817852366,5.88312702946031,11.9510316053508
123.185155948248,167.669391545688,185.844227054113,162.697367214246,151.967272676541,5.83033857473325,12.0579994237045
123.871947662297,167.616374221188,187.292145848288,164.468037007056,153.880133566055,5.73611871669998,12.2379452699072
124.134802337465,167.536506515125,187.945369220081,165.212782604557,154.631108634847,5.70019943923864,12.3133822345676
124.333309285251,167.476543641462,188.398833302869,165.716138537502,155.113527489797,5.67737704734139,12.3667530795434
124.964622325389,167.141210531458,189.509566552282,166.912223395405,156.085307365858,5.6052890102147,12.5257222802064
125.373468253024,165.607334413295,190.225085050786,167.504878241913,155.935085076884,5.39971474166235,12.7328286596512
126.250719222049,166.53499606052,192.799846055799,169.222906392428,156.760319314054,5.30247870761089,12.8976914217039
126.60474524813,167.367133620418,193.918138731867,170.111331395995,157.471956328866,5.31962166555162,12.9310168966133
126.905063855747,168.00478154147,194.748761916741,170.810338010278,158.058856721888,5.33324775626277,12.958234603138
127.408408328788,169.173350755792,196.489422552577,172.297640412708,159.264624816,5.33875310075475,13.0037354720794
127.46567682724,169.289989666131,196.693526227309,172.468615867818,159.394968759318,5.33567460459812,13.0089107340613
127.66842115807,169.636908514223,197.329465023383,172.984150912098,159.774570712423,5.32272367790013,13.0261488776961
128.485394394588,170.655666367422,199.347659361088,174.429111228503,160.720629582519,5.27988696679906,13.0775676910095
128.924399609541,171.337923870536,201.115453454821,175.403362007894,161.112051222257,5.28558638447507,13.053516958804
130.763570315489,172.258846172889,203.377981903806,178.137929776281,163.478366431379,5.56251786123082,13.0598355133164
131.13743052296,172.233715230156,203.393656552969,178.341189387078,163.790468053252,5.58365374164479,13.0723250149366
131.47388805711,172.14553150784,203.350426792693,178.450721449086,164.031071707067,5.60109726847662,13.0765388627268
131.57319203376,172.072869254848,203.298284172283,178.444913601157,164.083871449995,5.6063254310647,13.0734477757721
132.390155182164,171.977050004794,203.244396370547,178.429300880364,164.520891345119,5.6443876284376,13.0610679544852
132.57618175592,172.067643250951,203.304613865147,178.455366454418,164.64866484228,5.65463490977,13.0634113930385
132.994115161003,172.327613918982,203.461074153498,178.540742611169,164.969124076802,5.68031016148599,13.0730536612555
133.239888236491,172.505939378072,203.488728516767,178.538831320753,165.197256161569,5.70517064049059,13.0764023364299
134.123414559324,172.818337715002,202.773670481173,178.372713983231,166.085917081354,5.85307762466521,13.0745257497637
135.471030643042,172.845601962324,202.432459170294,178.23903231813,166.748419259708,6.02358022286847,13.0222905450358
135.621184585844,172.886944944507,202.388060322426,178.230803897458,166.994470439835,6.07747152536895,12.9976606800424
135.627809919459,172.891555272743,202.387327388532,178.233821846437,167.010219981606,6.08031066488496,12.9963482987904
136.132705991759,173.264316011253,202.502474717224,178.6801230218,167.946066461981,6.21966293169182,12.8868989677272
136.170899890876,173.183227464449,202.385715273419,178.659636862979,168.021226256835,6.25242253540952,12.819965421148
137.246670203192,173.016650109301,201.787010815796,178.394768729531,168.297610601209,6.49677593349156,12.402820428325
137.486523070639,173.219425424812,201.86128662732,178.511005455068,168.470838595405,6.52956543688839,12.4486436547323
137.644532489848,173.153634362254,201.614270694524,178.359004033611,168.417086456016,6.58867979149072,12.4902278994386
138.596235173319,173.229450892132,201.260400229705,178.179619431659,168.429423393529,6.73090677968628,12.5279355053057
139.122912678227,173.369775609144,201.21611629905,178.31982135782,168.597508624217,6.80688413080839,12.6264730281997
139.255566417606,173.076569643211,200.840935295079,178.113265398303,168.38341208144,6.84795378397785,12.6759700846295
139.429631150764,173.039704180451,200.75108575993,178.082143259336,168.344891127335,6.85399984688899,12.6998456602247
139.697782218206,173.151782956212,200.767864435924,178.116695452972,168.38029744256,6.83847462811266,12.7211841001875
139.987313761253,173.438905910689,200.784849338285,178.048027164743,168.356971795125,6.74708448851402,12.7212524801507
140.533647176417,175.336288754935,201.229880743759,177.734716912549,168.499555827211,6.19262961658426,12.7099440456504
141.297677978136,177.325937746649,201.777880641891,177.332636512329,168.490643550535,5.6045207622349,12.7072905127625
141.888899551557,179.616271281067,202.524208987921,176.759751542105,168.542066318975,5.03665928879659,12.8585036797877
141.954368711838,180.062177722306,202.746949465107,176.813839508783,168.681936038203,4.98755323253294,12.8771549406425
NaN,NaN,NaN,NaN,NaN,NaN,NaN
NaN,NaN,NaN,NaN,NaN,NaN,NaN
NaN,NaN,NaN,NaN,NaN,NaN,NaN
NaN,NaN,NaN,NaN,NaN,NaN,NaN
NaN,NaN,NaN,NaN,NaN,NaN,NaN
NaN,NaN,NaN,NaN,NaN,NaN,NaN
NaN,NaN,NaN,NaN,NaN,NaN,NaN
NaN,NaN,NaN,NaN,NaN,NaN,NaN
NaN,NaN,NaN,NaN,NaN,NaN,NaN
NaN,NaN,NaN,NaN,NaN,NaN,NaN
NaN,NaN,NaN,NaN,NaN,NaN,NaN
NaN,NaN,NaN,NaN,NaN,NaN,NaN
NaN,NaN,NaN,NaN,NaN,NaN,NaN
NaN,NaN,NaN,NaN,NaN,NaN,NaN
NaN,NaN,NaN,NaN,NaN,NaN,NaN
NaN,NaN,NaN,NaN,NaN,NaN,NaN
NaN,NaN,NaN,NaN,NaN,NaN,NaN
NaN,NaN,NaN,NaN,NaN,NaN,NaN
NaN,NaN,NaN,NaN,NaN,NaN,NaN
NaN,NaN,NaN,NaN,NaN,NaN,NaN
NaN,NaN,NaN,NaN,NaN,NaN,NaN
NaN,NaN,NaN,NaN,NaN,NaN,NaN
NaN,NaN,NaN,NaN,NaN,NaN,NaN
NaN,NaN,NaN,NaN,NaN,NaN,NaN
NaN,NaN,NaN,NaN,NaN,NaN,NaN
NaN,NaN,NaN,NaN,NaN,NaN,NaN
NaN,NaN,NaN,NaN,NaN,NaN,NaN
NaN,NaN,NaN,NaN,NaN,NaN,NaN
NaN,NaN,NaN,NaN,NaN,NaN,NaN
NaN,NaN,NaN,NaN,NaN,NaN,NaN
NaN,NaN,NaN,NaN,NaN,NaN,NaN
NaN,NaN,NaN,NaN,NaN,NaN,NaN
NaN,NaN,NaN,NaN,NaN,NaN,NaN
NaN,NaN,NaN,NaN,NaN,NaN,NaN
NaN,NaN,NaN,NaN,NaN,NaN,NaN
NaN,NaN,NaN,NaN,NaN,NaN,NaN
NaN,NaN,NaN,NaN,NaN,NaN,NaN
NaN,NaN,NaN,NaN,NaN,NaN,NaN
NaN,NaN,NaN,NaN,NaN,NaN,NaN
NaN,NaN,NaN,NaN,NaN,NaN,NaN
NaN,NaN,NaN,NaN,NaN,NaN,NaN
NaN,NaN,NaN,NaN,NaN,NaN,NaN
NaN,NaN,NaN,NaN,NaN,NaN,NaN
NaN,NaN,NaN,NaN,NaN,NaN,NaN
NaN,NaN,NaN,NaN,NaN,NaN,NaN
NaN,NaN,NaN,NaN,NaN,NaN,NaN
NaN,NaN,NaN,NaN,NaN,NaN,NaN
NaN,NaN,NaN,NaN,NaN,NaN,NaN
NaN,NaN,NaN,NaN,NaN,NaN,NaN
NaN,NaN,NaN,NaN,NaN,NaN,NaN
NaN,NaN,NaN,NaN,NaN,NaN,NaN
NaN,NaN,NaN,NaN,NaN,NaN,NaN
NaN,NaN,NaN,NaN,NaN,NaN,NaN
NaN,NaN,NaN,NaN,NaN,NaN,NaN
NaN,NaN,NaN,NaN,NaN,NaN,NaN
NaN,NaN,NaN,NaN,NaN,NaN,NaN
NaN,NaN,NaN,NaN,NaN,NaN,NaN
NaN,NaN,NaN,NaN,NaN,NaN,NaN
NaN,NaN,NaN,NaN,NaN,NaN,NaN
NaN,NaN,NaN,NaN,NaN,NaN,NaN
NaN,NaN,NaN,NaN,NaN,NaN,NaN
NaN,NaN,NaN,NaN,NaN,NaN,NaN
NaN,NaN,NaN,NaN,NaN,NaN,NaN
NaN,NaN,NaN,NaN,NaN,NaN,NaN
NaN,NaN,NaN,NaN,NaN,NaN,NaN
NaN,NaN,NaN,NaN,NaN,NaN,NaN
NaN,NaN,NaN,NaN,NaN,NaN,NaN
NaN,NaN,NaN,NaN,NaN,NaN,NaN
NaN,NaN,NaN,NaN,NaN,NaN,NaN
NaN,NaN,NaN,NaN,NaN,NaN,NaN
NaN,NaN,NaN,NaN,NaN,NaN,NaN
NaN,NaN,NaN,NaN,NaN,NaN,NaN
NaN,NaN,NaN,NaN,NaN,NaN,NaN
NaN,NaN,NaN,NaN,NaN,NaN,NaN
NaN,NaN,NaN,NaN,NaN,NaN,NaN
NaN,NaN,NaN,NaN,NaN,NaN,NaN
