NaN,NaN,NaN,NaN,NaN,NaN,NaN
125.432496888024,157.707808519233,168.262436210369,132.269756571795,128.577025177168,14.1861790222725,13.0728541632366
138.574043299875,170.808176243737,180.180459566469,143.52041259156,139.9753992255,15.1547824887729,14.3411091541622
138.431613975902,170.67201926212,180.060929394588,143.41742073708,139.866778047624,15.1430144787593,14.3258540497026
108.480726156723,141.97948651769,155.519054995339,122.617008344223,117.747628208987,12.7021569678034,11.1198532446915
111.741792889532,145.129801572202,158.630933600031,125.587240064063,120.74317874185,12.9691369477771,11.449270735875
112.28087051312,145.650014720316,159.13579822448,126.063270209351,121.225957862934,13.0131682865305,11.5040675463154
112.855738297825,146.204765589105,159.674181558407,126.570904700378,121.740789404246,13.0601229310179,11.5625023980851
113.899105246841,147.210846285926,160.647406153349,127.486472543172,122.670670178734,13.1453122406867,11.6686657417782
118.76168887594,151.887890886202,165.123484145648,131.665762962793,126.935660946406,13.5418502689656,12.1650461651586
121.13886343813,154.165620818757,167.322421230148,133.728482847151,129.042566093508,13.7361170024879,12.407457499735
123.957168241074,156.858376258206,169.938791852126,136.191126306333,131.559597878794,13.9667933575761,12.694630112245
124.86959819685,157.72724897551,170.793694126486,137.002572833915,132.388145455027,14.0417545863445,12.7873094169461
125.458201441426,158.277633359261,171.372478581093,137.575278150952,132.970118754108,14.091083347909,12.8460767270291
125.942914741957,158.730873523442,171.849106132629,138.046899547895,133.449372311096,14.1317054597464,12.8944714599772
127.11010795197,159.819283231217,173.005757168123,139.198719770198,134.618835578177,14.2298640111743,13.0106802225296
126.848176840308,159.519112545268,172.91283961404,139.241722902666,134.644155936712,14.2141860771851,12.9785148131689
126.719280914339,159.371398979405,172.867115018376,139.262884682738,134.656616048986,14.2064709882597,12.9626862611599
116.33690483248,148.948870430185,164.880449477632,133.232088369971,128.263854197155,13.4422957569038,11.8541807151667
116.420024475667,148.966326470866,165.152216115381,133.659351406738,128.670702044053,13.4634181806907,11.8593094177297
117.393298190628,149.82657180264,166.265592855557,134.88389599868,129.885113024827,13.5594557087426,11.9554521339155
120.668592886567,152.849912824591,169.602496967108,138.242651580663,133.245662931104,13.8493363715109,12.2842490103407
122.081105332107,154.145183519785,171.058257897117,139.70386791491,134.699495235263,13.9713000180612,12.4243896535097
123.566653993396,155.481724128403,172.657639097272,141.34639029457,136.31707298562,14.0990797872318,12.5684332361098
123.762617294943,155.648583649263,172.894618077549,141.605161087743,136.565915361736,14.1160467958831,12.5861408768387
123.902640965598,155.76781149657,173.063949102411,141.790063240504,136.74372326068,14.1281704068482,12.5987936992495
124.236305551947,155.929570312054,173.808682360685,142.799993601468,137.649890695722,14.1600562126515,12.611618670455
123.667493099278,155.298071598363,173.534345118108,142.749469075584,137.521204423095,14.1146867732815,12.5384618691847
120.968324281543,152.432486148324,171.897561260418,141.999646284165,136.475084405525,13.8915653808302,12.2021492224755
120.483336414369,151.8352439681,171.897324775282,142.385713928396,136.714632896894,13.8426181827583,12.1178548092879
120.632087272924,151.931880529729,172.200168053061,142.792404445969,137.070647279654,13.8501118288412,12.1204137120965
120.809518316825,152.070201845324,172.481153840589,143.134815132765,137.377939961535,13.8611387076029,12.1298629341081
120.895140485732,152.143873159437,172.592651401848,143.257203486149,137.490987243465,13.8670870045664,12.1363436650413
121.244074424765,152.444104071075,173.047034696964,143.755969761086,137.951686077474,13.8913279542704,12.162754429931
121.817392657226,152.941382100509,173.780839054585,144.545513632679,138.682590223461,13.9316503074021,12.2076141612879
122.042851842864,153.139325855269,174.061750394001,144.838040045595,138.954399386783,13.9478028896256,12.2261340984935
122.122819598862,153.209534207336,174.161386385251,144.941795768587,139.050806941831,13.9535320230399,12.2327029052395
123.342864872566,154.25317563407,175.78388784942,146.638428847583,140.60936385058,14.0368151122597,12.3291661307149
123.70604600389,154.53952980021,176.354034322906,147.253036862083,141.158133622171,14.0589692192125,12.3540314869207
123.710672656786,154.5427199161,176.362906807371,147.263016033571,141.166791310578,14.0592114161981,12.3542707068945
123.955080954643,154.711241482813,176.831606075352,147.790177325356,141.624143728047,14.0720057524765,12.3669077790724
124.060841431173,154.64532244923,177.497182927078,148.69349469604,142.351393693386,14.0677976039496,12.3479165663818
123.821595413277,154.278879585026,177.670263752714,149.177779646893,142.693000828976,14.0443570454919,12.2997505569718
123.656771476671,154.040692961011,177.709262726298,149.456305279515,142.888247761799,14.0315963326103,12.2690457370744
123.628799664925,154.000270971678,177.715881133611,149.503573089777,142.921382575597,14.0294307475271,12.2638349075096
123.363742380825,153.625505891765,177.678110118733,149.936378092885,143.232814115839,14.008742408511,12.2169470170849
123.853936710163,153.968125886272,178.030114114464,151.339346938864,144.375658542514,14.0490864079548,12.2435024258797
123.962858433042,154.084491308595,178.084334022825,151.455536275242,144.45635936408,14.0572452967159,12.254153033768
124.269799262259,154.589539614667,178.058050778337,151.703525460113,144.353093792752,14.0688546335501,12.2801072052064
124.038577429907,154.643909686119,177.708963600708,151.350951374009,143.689392897349,14.0437595708505,12.2444064399454
124.014288776423,154.648231470321,177.676122327394,151.315264445382,143.624858654065,14.0415730919386,12.2404742046169
123.777061280326,154.724020295359,177.365889479235,150.961804799223,142.976507875329,14.0246374908667,12.1974937963823
123.769825682131,154.732393749578,177.354797656502,150.948858530346,142.949545691671,14.0243754611341,12.1956623922899
123.64836582122,154.887480478348,177.164700664254,150.726347562755,142.479724172237,14.0205868315807,12.1636724189201
123.639813927276,154.898400013796,177.151316083499,150.710680739313,142.446644405993,14.0203200771328,12.1614200298798
123.414076183322,155.164316574964,176.808431405707,150.327965148544,141.630792059079,14.0107469791676,12.1012754140848
123.410807858701,155.168095074466,176.803500378228,150.322522871746,141.619163604483,14.0106002590681,12.1004024031622
123.314714601461,155.37836189491,176.618570618834,150.121497303353,141.14467717642,14.0069340481792,12.0659145835902
123.272084462487,155.492293744032,176.528210891793,150.023775314264,140.906569860232,14.0054424354928,12.048778076032
123.196174668903,155.932176846451,176.261272030736,149.731454175081,140.133234813019,14.0023668147823,11.9971949723155
123.181742131897,156.152577044836,176.147181748706,149.602840101356,139.7771143659,14.0012223307788,11.9750943276265
123.182172387383,156.169429609333,176.139603528848,149.593873225101,139.751461097027,14.0011410743338,11.97363946988
123.194363287113,156.632020507934,175.931744487747,149.347695264368,139.04728487132,13.9989039246639,11.9337461473589
123.223436839673,156.891113759265,175.824539446753,149.207265871014,138.652165493941,13.9972583485062,11.9138264964208
123.254433577215,157.167345757196,175.710242904832,149.057547220701,138.230909384515,13.995503919213,11.8925891814834
123.140386604102,157.445390212675,175.357078130589,148.632502832135,137.337311427543,13.9742007800014,11.8377063131412
123.08499431303,157.566168016206,175.184770220978,148.424413133276,136.911471436974,13.9642960989788,11.8108658122952
122.962761028865,157.965356009483,174.624268966637,147.755023098023,135.559970277135,13.9458737741706,11.7195841954616
122.959551320193,158.382000519962,174.089688732067,147.232362858822,134.493726905936,13.9715200900155,11.625216075053
122.9738862357,158.432323298379,174.027958500594,147.200473290344,134.424954958713,13.9817672749626,11.614104754965
122.992880395638,158.499002373066,173.946164234771,147.158218729186,134.333830224557,13.9953450787307,11.5993819482098
123.033928616242,158.643102316231,173.769398898543,147.066902527066,134.136900841921,14.0246880286816,11.5675645358264
122.9912106514,158.700889914469,173.447606098327,146.928665875113,133.934563908027,14.0638694253025,11.5184859695532
122.930585539249,158.731553832183,173.113525661282,146.790542889131,133.749678453665,14.1027327684074,11.4689157246297
122.889810335567,158.845656553545,172.324119245855,146.645655294695,133.662479019059,14.2278977533546,11.3672520982861
122.89659869447,158.886635936338,172.10841366692,146.629227895439,133.684574365942,14.266245474081,11.3433218385263
122.923267441413,158.99079194373,171.593418200271,146.595704800665,133.752045874299,14.3590600624247,11.2898385916017
123.009220032576,159.180828323912,170.783018090639,146.555479073501,133.903855244852,14.5093929389757,11.2234080681448
123.0378182557,159.235655823154,170.560480895593,146.537193313091,133.938406559434,14.550389545214,11.2089869696042
123.069523956379,159.326879247896,170.018691227118,146.456542250801,133.975145508296,14.6412361418953,11.1747994548372
122.823380134458,159.245970463829,168.133049808336,145.720040378739,133.482382470064,14.878592869074,11.0837386243195
122.803695656433,159.243805543934,167.947268982026,145.614754545611,133.381631558278,14.9071728395955,11.0803192765415
122.797719462977,159.243148275801,167.890866055976,145.582789841943,133.351043653488,14.9158496982135,11.0792811650006
122.746619862789,159.237528287254,167.408591345161,145.309474797904,133.089500964658,14.9900414072939,11.0704047648168
122.70576139086,159.264879147363,166.787737936037,144.839926155844,132.554451939141,15.1233229428603,11.0784304565905
122.705462554755,159.265097904213,166.783058813039,144.836344394259,132.550347086798,15.124341219491,11.0784980435743
122.70503458478,159.265846098543,166.773050144304,144.827841100471,132.540133930103,15.1268795120994,11.0787866920798
122.703439164157,159.321510922196,166.354190848563,144.348111247331,131.905447974286,15.2815951726038,11.1101095712506
122.701642604189,159.320055805706,166.35025173286,144.342326701398,131.897818058891,15.2829534424707,11.1103436998551
122.5959366825,159.234439721376,166.118482204757,144.001975825141,131.44888940991,15.3628712691606,11.1241193490785
122.437411072788,159.099253761335,165.76665754764,143.345298627033,130.555355172073,15.5456878637637,11.1670231381653
122.415288026666,159.079637825807,165.717089826575,143.237496785517,130.406320177173,15.5781574932793,11.1754682657043
122.406715524472,159.069266058041,165.675175396266,143.111747538028,130.231576401114,15.6246535427739,11.1899749091159
122.423615118024,159.060485538792,165.459059596866,142.414629698334,129.283206997698,15.9065234047734,11.2847604308884
122.557409208171,159.144166157338,165.201297913418,141.750373169847,128.467059982466,16.2000341260403,11.3961515521934
122.532163182852,159.092310295043,164.94908098013,141.37122197032,128.064206534945,16.3126529561305,11.436885936487
122.468114401716,158.978275803605,164.412201693136,140.638846428175,127.321191580628,16.5104372794445,11.5106330031862
122.466520121345,158.974452575535,164.38639846282,140.606025049606,127.289468422377,16.5190110642418,11.5140917367364
122.444700949482,158.922128234182,164.03325786898,140.156834735956,126.855308249154,16.6363510801165,11.5614276402229
122.448274807946,158.87866388995,163.380764219684,139.377583556963,126.139277900847,16.8334611702672,11.6491562422489
122.491620972204,158.880872003468,162.669935733732,138.556938628076,125.41001530114,17.0386277650636,11.7472435468992
122.585468595352,158.922693122841,161.519894247587,137.247478239343,124.264813292051,17.3587529434624,11.905038346313
122.571838790148,158.904508855758,161.410496736942,137.124905685292,124.155315742315,17.3822864278378,11.9154011001862
122.509462709407,158.821289521742,160.909844830697,136.563958891556,123.654206012469,17.4899861711292,11.9628256937622
122.461037830148,158.737156891273,160.315585019084,135.881716274388,123.042590668893,17.629991439817,12.0232948555926
122.457704847491,158.730454711977,160.265086477249,135.823240040123,122.990104002604,17.6422602260149,12.0285609017786
122.635496244316,158.626446222174,158.326362921172,133.482382120565,120.860164067618,18.2245402032728,12.2544645464042
122.716678777917,158.595714446262,157.86141813884,132.928695865214,120.345690367721,18.3681488113558,12.2992290654905
122.700367538197,158.225786681508,156.358300938789,131.287389684942,118.810377981696,18.6918884685608,12.366913138304
122.740651584163,158.123685965537,155.751936465809,130.665164714332,118.239491527681,18.812641615734,12.3904938456314
122.858219330465,157.989767649,154.044478045329,129.03662726991,116.803907630224,19.1034190623389,12.4280905214059
122.6068196739,157.720835279967,152.862430293527,127.957049595083,115.882569262582,19.2185146657881,12.3904183507128
122.495387766547,157.625723417519,152.372660526359,127.516607422327,115.520650964845,19.2650614397017,12.3665006122762
122.48597548652,157.620357778825,152.333959156635,127.48257788762,115.494481556973,19.2688097757687,12.3634159467567
122.326376395521,157.529375460436,151.677720348343,126.905556933021,115.050740646561,19.3323683425899,12.3111108929832
121.562915153604,157.2730122505,149.660288838222,125.238656014148,113.92856197053,19.4987276035308,11.9613836472336
120.708501101455,156.993457891538,148.427156222079,124.36480064204,113.389216271547,19.5194951554642,11.5860044431897
119.658235602068,156.866364798671,147.533624360975,123.938846020794,113.043319122595,19.4029196542303,11.222020285521
119.341960495734,156.805730889089,147.355757523329,123.863707725258,112.932257220876,19.3442620433638,11.1572032132037
119.233831626718,156.785255205684,147.295315327549,123.838382498796,112.894448395714,19.3241048095068,11.1351332140594
118.266450695292,156.783548681747,146.920846885248,123.78729646165,112.648204812416,19.0902609161602,10.9748093299872
117.795170274784,156.827524955468,146.759836372432,123.782957865007,112.541234008206,18.9630586661354,10.9074242283995
116.925134646242,156.6278140066,146.289109131424,123.536538070606,112.191742610277,18.7741720472904,10.7838798694578
116.784137803106,156.606480362773,146.211537772147,123.502727968379,112.142938300753,18.7426770872424,10.7607451071858
116.418119530512,156.575453918578,146.00919012325,123.430153537586,112.032728268203,18.6592990271967,10.6945166027058
116.164304465843,156.597564349504,145.870964719635,123.409937792428,111.983388585659,18.5989655226367,10.6394750255958
115.900151013219,156.674761159736,145.733482809624,123.428888776168,111.96260076176,18.532855990803,10.5729542193195
115.292574436084,156.555015229182,145.322851835563,123.269081629718,111.739319092477,18.4164412663953,10.4488985657907
115.258605213241,156.54983441696,145.300331320475,123.261762728505,111.727582914643,18.4094625188265,10.4416433758667
115.202331296805,156.54125180689,145.263023502455,123.249638128623,111.708140589048,18.3979014224972,10.4296243210478
115.09044814712,156.524187960833,145.188848530241,123.225532139396,111.669485582209,18.3749157845136,10.4057281752926
114.873028739543,156.519601638795,145.052481442668,123.200446396006,111.609687703714,18.3232343377634,10.3551288112296
114.776711045038,156.522366876772,144.993375565994,123.192986243512,111.585768857487,18.299161692654,10.3320142440721
114.320039392964,156.657913228527,144.729525559054,123.23020316852,111.540581601454,18.1478706759061,10.2013356246743
113.608436733781,156.511181419182,144.174226716606,122.979460625225,111.279109796157,17.9402947639839,10.0306440129504
113.595042993898,156.507675750216,144.162961236938,122.973782196361,111.274010655104,17.9361660301608,10.0273465971286
113.275490502685,156.437015165384,143.887215202919,122.841682638493,111.164055601495,17.8298734788658,9.94483152112997
112.848610617138,156.401302009953,143.498947006009,122.688363308253,111.065276370551,17.6587683007666,9.82258683891697
112.793298571048,156.404006116485,143.447993594224,122.67255827506,111.057648327384,17.6338514176802,9.80611169610444
112.732462762485,156.415540073923,143.392404114839,122.660629933866,111.054699540844,17.6037746161884,9.78782366694861
112.65699710349,156.429847727909,143.323446427022,122.64583305436,111.051041627442,17.566464918189,9.76513771595104
111.320595308508,156.134045770859,142.262437941794,122.145474825507,110.523951249215,17.1264495771717,9.53473580139088
110.922453973622,156.237751609217,142.10824184893,122.164467478281,110.423399754067,16.9751708722333,9.47884631170993
110.105770251272,156.048785056441,141.708199151446,121.916007918857,110.021981842682,16.7543124234069,9.36303062162252
109.75475417179,156.00965850599,141.575048711739,121.841604707703,109.88357619076,16.6420440927484,9.2998975560487
109.550814290982,156.004947787097,141.511071476267,121.813373567813,109.820740417384,16.5688456176442,9.25805991256661
109.307751568429,156.022782768672,141.451272346519,121.799939629067,109.770396076338,16.4709058570661,9.20161143260141
109.256914887167,156.033954187039,141.44321748882,121.804178705594,109.768982521735,16.4469197854022,9.18795865998981
109.165350656435,156.05546030275,141.429538045645,121.813125639318,109.768132941857,16.4030657043565,9.16302440527198
109.113106807177,156.067731058026,141.421732958862,121.8182304958,109.767648196638,16.3780438592409,9.14879765499599
109.067422315254,156.078461186611,141.414907821947,121.82269442367,109.767224312499,16.3561635748185,9.13635711190222
107.98067314708,155.759116521546,140.854046643758,121.481496111769,109.433796075048,15.9990212844125,8.92356680478265
107.786291381678,155.732383685558,140.759719407991,121.4437616331,109.396245434581,15.9368623822902,8.89234452497571
107.454409667529,155.7577375617,140.63721815665,121.433129080722,109.3644369806,15.8467831507568,8.8596058855219
107.388128544917,155.772592212565,140.619507662271,121.438281623149,109.36160062961,15.8319892617014,8.85643689017276
106.973802709616,155.665908185802,140.417558388194,121.30569559362,109.195061462914,15.7804524354848,8.84274470119552
106.159876861553,155.522496218828,140.125848865734,121.063869598519,108.858106996171,15.736285069023,8.86077097792954
106.094574786784,155.519831757355,140.111905862727,121.050099280508,108.835003461402,15.7348318085262,8.86455515033428
106.090713517304,155.51967420947,140.11108142197,121.049285050503,108.833637364322,15.7347458781722,8.86477890600306
105.930264842215,155.532753704393,140.100104558641,121.031210975721,108.790666826605,15.7334796737845,8.87788274379779
105.890220122325,155.539611562362,140.101627708592,121.029585643419,108.782468143837,15.7335855995899,8.88185006848518
105.496341612578,155.640608590813,140.160488771397,121.046034979981,108.732967831377,15.7365803231653,8.92647124352477
105.392473588495,155.680385386798,140.193204043066,121.063082183246,108.732116550268,15.7381352307054,8.94043184380982
104.981082473922,155.659045778472,140.186934776137,121.004833722618,108.637041644088,15.7315124498794,8.96866342740401
103.705508722406,155.734240373541,140.455686879999,121.113833778648,108.61597757022,15.7519674901183,9.11692810063891
103.484643563996,155.879498749826,140.718827241357,121.383894648059,108.807348819569,15.7877673076817,9.18935084986398
103.427628366,155.892635820253,140.764170106102,121.434497845543,108.839242176537,15.795015292747,9.2038633606193
103.330841875052,155.871553246567,140.795216798474,121.477163502318,108.856289578131,15.802520423842,9.21964344068196
103.093487085205,155.819851301412,140.871354295259,121.58179481913,108.898095850713,15.8209256661064,9.25834179156072
102.887157894492,155.794864205765,141.026032728117,121.786506929918,109.010677058972,15.8489838359677,9.30971530740529
102.75535149184,155.790941541988,141.168187366761,121.968972488439,109.119166204435,15.8701038069781,9.34926159755346
102.538044692929,155.841617131644,141.60121707959,122.501590682859,109.465343063172,15.9156125134512,9.44222388185763
102.398360130249,155.9393285313,142.093412210537,123.082032496307,109.867717674925,15.9474653956765,9.52471067634009
102.344078781825,155.999921143329,142.356926026246,123.384726097466,110.085014429842,15.9581281895817,9.56221106508061
101.827656815393,155.987618342138,143.358084134489,124.530280511544,110.883752901397,15.9577714010126,9.68730989816735
101.683950206794,155.984842805587,143.640657632003,124.843957164371,111.110515677178,15.9528905329718,9.71695696738997
101.14729630065,156.111705567609,144.999728035144,126.315954201684,112.227335946758,15.9347482330264,9.84386992223266
101.012141124631,156.173877306067,145.404018402968,126.74974739219,112.564522521429,15.9312244096303,9.87979182338327
100.394305399862,156.310469306445,146.78484811079,128.252907271496,113.725425146776,15.9159865593629,10.0036220203028
100.092594358532,156.297153994641,147.255148758579,128.779448773516,114.121842166251,15.9059670422877,10.0495136064462
99.1245208292945,156.524878932043,149.503505700676,131.31325314625,116.061232209018,15.8255278271267,10.2903541395591
98.4137916298706,156.569141546854,151.078142985848,133.067618680658,117.384398580572,15.6390985667694,10.443598291552
98.3434475876076,156.56961114857,151.235639192692,133.239025430816,117.513390449049,15.6148527327534,10.4570094099148
98.235341591992,156.570332840974,151.477682210108,133.502446422629,117.711627484047,15.5775912967952,10.4776198590201
98.112682580562,156.583838509937,151.794777889164,133.842711308262,117.96922427016,15.5285765519563,10.5025957013964
98.1061270416998,156.585366846656,151.814424986916,133.863527610707,117.985068697918,15.5255286493199,10.5040316743932
97.9990190697844,156.610337646131,152.135429993294,134.20363572149,118.243943606439,15.4757303525144,10.527493384963
97.9980983227983,156.610552306048,152.138189492768,134.206559439607,118.24616900841,15.4753022645684,10.5276950720915
97.4005540020374,156.965772870585,154.559267154287,136.731478524173,120.171721711558,15.1158932565265,10.6696424529546
96.815006025835,157.010056068679,155.989119908394,138.240996801855,121.264679907868,14.8538219076953,10.6992816485417
96.5970735930867,157.038775463385,156.54181262478,138.836024727231,121.692568477913,14.754406918507,10.7026321336151
96.5380259012173,157.057846568297,156.71789008366,139.031142362362,121.833785322825,14.724300123692,10.7016919958896
96.4791498173498,157.079936688612,156.900625550472,139.234924055513,121.98147676055,14.6934173471802,10.7002513573043
95.8710571599629,157.529442970052,159.298278470495,142.02966531931,124.040560224456,14.2912414037942,10.6454888934941
95.4460433916093,157.561642547449,160.18829750413,143.187604472131,124.885526541189,14.064861346605,10.5675539662189
95.3330244821009,157.578946381743,160.445556653748,143.53038338363,125.14342891113,13.9940147077513,10.5406330687838
95.1617307566132,157.605172419972,160.835463779428,144.049905975246,125.53431091443,13.8866381212994,10.4998312168177
94.9205279884249,157.692942772947,161.514639328262,144.94514305863,126.227860798458,13.7012620872979,10.428503435022
94.8553604365933,157.718903392493,161.703889056933,145.194250440831,126.421568788743,13.6496671378116,10.4086190892853
94.6546978216437,157.864185461379,162.458086824152,146.158496751771,127.189459907401,13.4526512266859,10.3332018462721
94.5081899268493,158.010001194676,163.117313643566,146.977393613582,127.849570574857,13.2883696423361,10.2704850698558
94.4695842334936,158.052778649935,163.302949692378,147.205727689913,128.034375590642,13.2428613755962,10.2531273881491
94.222290239541,158.124347101465,163.984958925627,148.045604800505,128.707101414297,13.048897607489,10.1712436885422
93.7584647107057,158.161083553449,165.053092024892,149.329496054332,129.732144198142,12.7327686484265,10.0274538311959
93.5867473687743,158.200512550229,165.537507643793,149.892823236893,130.184157642611,12.6041553129868,9.96767636983732
93.5098191000269,158.229176143432,165.792004351434,150.183282789791,130.417562741761,12.5417110049536,9.93827359137088
93.3725246299451,158.280332277629,166.24620657361,150.701668177174,130.834122608817,12.4302661704262,9.88579822757793
93.2890596928337,158.334670722283,166.600424892974,151.099191994708,131.152434825699,12.3524780997889,9.84894483862164
93.2335742914103,158.374422696054,166.848096262914,151.376321228038,131.374203101445,12.299198993869,9.82367226879187
93.0586174571578,158.525638406759,167.714594985634,152.34299512476,132.144687573306,12.1201047980709,9.7391982653027
92.90751763455,158.675377026749,168.534451418687,153.254954325314,132.865271752583,11.957840355569,9.66281075381067
92.686809384052,158.673597921358,169.081921115133,153.876700851813,133.334707702785,11.8213292631525,9.59305145444751
92.3489609514976,158.701516569,170.006495732544,154.930103148864,134.124978387861,11.5978860719388,9.48273328910675
92.0907852694791,158.772405424275,170.835955129419,155.878873867984,134.831063576527,11.4062984052583,9.39494193691016
91.9323950397337,158.838887632224,171.397059794456,156.52180268356,135.307701166079,11.2798635175579,9.34010039676542
91.876015746393,158.88150030323,171.632546597451,156.791713445133,135.506743276446,11.2289488882473,9.32078830065307
91.759179701041,158.969807475373,172.120551060865,157.351055432438,135.919222604505,11.1234373859435,9.28076742058306
91.7414809357387,158.983184579242,172.194475819603,157.435786668653,135.981706530569,11.1074541051816,9.27470490655823
91.6123722083929,159.110484571072,172.774240576948,158.098839172898,136.469696161452,10.9848171056589,9.23285453959845
91.5620527931734,159.16601607295,173.008264671734,158.366211616177,136.666295441136,10.9358168934073,9.21701636152788
91.5550780578485,159.173713251586,173.040702570975,158.403271904276,136.693545915627,10.9290250117882,9.21482104388383
91.5199518868456,159.212477792519,173.204066360804,158.58991497481,136.830784790266,10.8948197288527,9.20376498234467
91.3711917864346,159.264735063578,173.592587278878,159.039287870182,137.151425560748,10.797391470552,9.17029392723919
90.8219373413457,159.336514281611,174.636468324055,160.255091618177,138.000162683207,10.4992926410751,9.0673376164203
90.7268846795135,159.357220400215,174.825068059267,160.473462789089,138.153968591386,10.4465886355532,9.04997063609714
90.1297825847514,159.694218529909,176.340935245511,162.199714930969,139.404996747161,10.0712552707576,8.94261404605017
90.0883542628867,159.728221844426,176.465001633269,162.339975345985,139.507843929649,10.0426853308855,8.93522299943371
89.8122572078651,160.011006308446,177.418538000791,163.416657375823,140.285624611084,9.8355331776544,8.89357329990916
89.1296758949584,160.572713080639,179.960855666424,166.336993264443,141.918253146185,9.246403087946,8.96414490871441
89.0395020565836,160.722803856286,180.703719462025,167.16923294166,142.12558200519,9.08757593192516,9.10551659162602
88.9707060882524,160.752854589471,181.053366403397,167.545618659698,142.10837754464,9.00815642433908,9.21205229928744
88.9569029568823,160.760479350422,181.131190625888,167.628760303502,142.103041281151,8.99101030198813,9.23656202506387
88.9552367962862,160.768390368658,181.169623152266,167.667408647499,142.098379907314,8.98515159915604,9.2502188377988
88.9519356284664,160.78873414848,181.265166926901,167.763095431106,142.086460850992,8.97101272418615,9.28442342335515
88.9455011210665,160.828387449661,181.45139712133,167.949604373037,142.063228691862,8.94345378123361,9.35109366579455
88.9692141772136,160.942708096809,181.819138021787,168.29781985055,142.026123550241,8.916760856804,9.48509721252969
88.9889711697757,161.085511971896,182.257316381731,168.677756440449,141.97244384322,8.93032719904385,9.64720752282727
88.7311466154196,160.969447028419,182.523815070746,168.813424986265,141.689178281581,9.01879857386238,9.79679659933705
88.6594615954325,160.988118398816,182.695310244688,168.916029938018,141.638124858019,9.09641084430601,9.85369848342818
88.6543487324062,160.997315413196,182.723901652278,168.935454864073,141.638033689575,9.10836949127214,9.86081568182309
88.6202195602827,161.136339171006,183.07819030916,169.188179533955,141.667923004479,9.24459270004204,9.94038695846736
88.6190359774973,161.158735410681,183.127476836401,169.224803190697,141.675863889154,9.26208450591124,9.95040507838769
88.5884031353835,161.173743665852,183.202600886973,169.272188171988,141.664133453999,9.2951810874907,9.96842788458782
88.5064063705741,161.141994542165,183.250774747873,169.28432391215,141.605060746642,9.33032271875375,9.98593928975054
88.3913509202993,161.105626312646,183.332776327381,169.310296928043,141.519817979478,9.38252540592565,10.0141212607031
88.2330858654001,161.108198925424,183.539065962791,169.40388746909,141.389355203923,9.47245223473946,10.0761287715012
88.2168806900089,161.115880033926,183.573563011776,169.421707893717,141.374552079944,9.48411105603808,10.0857617779353
88.1725777449716,161.136879234466,183.667873676626,169.47042673037,141.33408217004,9.51598483134278,10.1120972259812
88.1630123686282,161.14409296027,183.693050871875,169.483918650233,141.325134580723,9.52366776812866,10.1189000329716
88.139421354008,161.18743251228,183.801047009886,169.545538204557,141.301067082974,9.55025372537081,10.1463245357693
88.1022504317121,161.262503174287,183.983088761862,169.650005424617,141.263491527939,9.59387735303977,10.192097665023
88.0736307820587,161.390775654613,184.246663299503,169.807081601844,141.238156387845,9.64547766433583,10.2539579353962
87.6262867377766,161.298787394172,184.517668051442,169.792550552333,140.844787994053,9.73211497730462,10.3622441205066
87.5288962474135,161.302017710862,184.605627672907,169.811832867025,140.774123816657,9.75753608741385,10.3902210937676
87.294253583472,161.36433222475,184.899067257477,169.927523135686,140.637512124037,9.83668086591126,10.4715494352548
87.1619937922021,161.457758046148,185.157251082493,170.075966402026,140.598590241024,9.9014260322306,10.5336988153065
87.1251650778261,161.490255499167,185.239754785962,170.127038236611,140.592100082212,9.92174710146175,10.5528970364357
86.8138250041328,161.433973283418,185.408237842568,170.175112865013,140.417451100706,9.99379587492131,10.6140708211795
86.6119718686995,161.396148895722,185.516621389869,170.210423390378,140.306769309769,10.0443340382699,10.6549244598082
86.0151097633639,161.543023511662,186.336574174705,170.66381744946,140.130285981248,10.3601181711089,10.8877154745028
85.7998731168627,161.412551048168,186.367695887196,170.575028006739,140.00683578669,10.4495798336991,10.9238914584441
85.7505572697678,161.381272028428,186.39165940727,170.546765034566,139.992884667209,10.4975570444783,10.9410282534124
85.7491899884168,161.395945115412,186.490830085726,170.55728965875,140.063355542393,10.6148177274425,10.9868812740827
85.5962558213109,161.282414468963,186.500450860821,170.524778995314,140.077889551442,10.81591642426,11.0810267581755
85.5642611079753,161.261195995467,186.492815199137,170.517689308965,140.067768006082,10.8367834932507,11.09220960508
85.4516338818845,161.209225864012,186.493639054104,170.524623741811,140.046734209423,10.9208554187011,11.1417767139758
85.4112305915738,161.199944546087,186.505348619655,170.54025117727,140.04520241457,10.9553889224762,11.163761326279
85.2337680146759,161.257518676894,186.685401925844,170.743973441802,140.103976179751,11.1592104679172,11.3061537909513
85.0658131052513,161.271346051346,186.79304129647,170.862338095038,140.105631122681,11.299577526016,11.4049715193223
85.0626526982384,161.269904868287,186.792688520516,170.862033369402,140.104225678822,11.3009309471232,11.4058381319311
85.0106249744226,161.246179609533,186.786880999572,170.857016869577,140.081088771268,11.3232114379856,11.4201046113055
84.4977584324342,161.173478111088,186.987339999702,171.093570525876,139.991494983783,11.7265477897513,11.6664075097107
84.5126153137559,161.221153718922,187.064215249087,171.185141516247,140.041394517239,11.7726245254659,11.6930774534878
84.2588092448564,160.998765245374,186.972134993351,171.175816799082,139.928064430022,11.8620030457248,11.7123962714646
84.1876240515548,160.959956678733,186.983764752554,171.226135627441,139.938642655982,11.8813556156799,11.713391765383
84.1720210838786,160.952384431218,186.987727872264,171.23900408387,139.942396462268,11.8855362969709,11.7135714136957
83.6441303207562,160.792402839655,187.14025617224,171.588712256017,140.065137796345,11.9471823697175,11.7035994938395
83.5591310224387,160.745533291522,187.125668192584,171.595976196694,140.048825864356,11.949261231252,11.696997744963
83.2384644473191,160.571155755614,187.100444844127,171.709382784359,140.013954050671,11.9666718446188,11.6654692665008
83.4341070787364,160.526875652492,187.119528166564,171.98554771535,140.042190104426,12.0096764575415,11.644154822135
83.483385328599,160.442597347817,187.034684944552,171.965607727703,139.971994023494,12.014375769544,11.6327531407086
83.7335246453581,160.332367952717,186.900350394028,171.971485274932,139.869868940973,12.0312306373053,11.6221400846136
84.0009369916441,160.308483506491,186.851659620308,172.015046102957,139.837964251393,12.0510469882655,11.6284533960655
84.4916139841382,160.329098747105,186.836626275201,172.124271139744,139.833447845291,12.0932614164482,11.6567312456553
84.5161672231861,160.331273653371,186.83721279779,172.130264294063,139.834182462166,12.0954878361174,11.65845255634
84.8747392209111,160.385681601297,186.878208920878,172.228922215156,139.863820296934,12.1325911286165,11.6920018695041
85.0468699297832,160.417477823352,186.906020157132,172.279074248988,139.88278894776,12.1515529629515,11.7102160546067
85.1980369316505,160.44172395562,186.92737460216,172.319615717432,139.895936705407,12.1684376149359,11.7263520946017
85.2779050560489,160.414345912403,186.905112482154,172.302760318248,139.864519112484,12.1798955984815,11.7364089992489
85.3304648891364,160.396328895069,186.890462165516,172.291668071192,139.843843737264,12.1874358995366,11.7430272744821
86.2229998972792,160.258056108259,186.898776832428,172.23307727628,139.633858326464,12.3234037658513,11.8705529934966
86.2327586409339,160.257934635671,186.900913005182,172.23355620945,139.632723461373,12.3249108936194,11.8720008020075
86.586463166167,160.304868976015,187.043733389338,172.294506157649,139.632006869491,12.3753813639456,11.9189690051296
87.1840496861886,160.37556468081,187.296983482266,172.379189039294,139.600271665897,12.4502635432222,11.9793205978438
87.1922189769068,160.372064362904,187.297321152681,172.375852037926,139.594925274286,12.4511760042239,11.9796452266876
87.1974631590534,160.369817374114,187.297537916317,172.373709888308,139.591493219729,12.4517617480615,11.9798536184374
88.0617817985725,160.235573474592,187.44437728678,172.221256668564,139.240992775724,12.5341547062904,12.013994972266
88.8074747564534,160.345820578836,187.667725258344,172.265708414572,139.15115243747,12.6216921872437,12.0839712182853
88.8255186277928,160.349952402565,187.67363609121,172.267644589103,139.150408017074,12.624294149446,12.0864264963523
88.8307408429515,160.351148225352,187.675346790672,172.26820495222,139.150192568659,12.625047203278,12.0871370972038
89.2364422133898,160.434623718381,187.798921699778,172.299840436615,139.122732629997,12.6850358294301,12.1437028683611
89.4146807501519,160.3893184426,187.772102240853,172.210252954976,139.017407035866,12.7243132284309,12.180391120882
89.4170605954917,160.38871352544,187.771744146776,172.209056780712,139.016000725935,12.7248376612312,12.1808809833347
89.6481777638606,160.338358684396,187.741826785763,172.098958940288,138.890071038391,12.7783663139413,12.2324902924378
90.0739984561585,160.297534706721,187.718200967164,171.935801252224,138.725765292505,12.8921546309155,12.3511585873964
90.5951834213303,160.313356158474,187.736525189626,171.798684298589,138.62199340232,13.0457500352639,12.5186105785419
90.7574796108391,160.327823817424,187.749561410357,171.766389202533,138.605429294448,13.0953097609241,12.5733466488465
90.8082912075237,160.332353343679,187.753642782766,171.75627827263,138.600243413182,13.1108258910296,12.5904833859248
92.6042201756239,160.065150361056,187.423718506371,170.898778602944,138.184584853292,13.8066566528619,13.3393467064375
93.2389272723579,160.051190374132,187.377077109194,170.701960357174,138.142532620563,14.0673719042304,13.6233171987568
93.5016521243338,160.076873025041,187.3897858799,170.656424689672,138.151030446898,14.1779869283078,13.7467507670639
94.2792909294101,159.914658906369,187.180096496743,170.207385021485,137.94345295298,14.6147192048849,14.2378061480599
94.2990226597116,159.909677414339,187.173909337505,170.194373309554,137.93696126128,14.6273050505663,14.2523245099089
94.3875906458318,159.887317453494,187.146137610185,170.135968846079,137.907822607364,14.6837979677403,14.3174917330096
94.6813153278884,159.841711007445,187.085375341621,169.977903374425,137.836836226691,14.86526289177,14.5301064698923
95.2240339887108,159.840165413326,187.066544589063,169.794699222317,137.782818574153,15.176300957655,14.9041293722548
95.2629895430267,159.842506039959,187.068053263182,169.784969994908,137.781325387036,15.1976585073103,14.9301176698776
96.0502568727968,159.839617441305,187.069804768102,169.553655667622,137.713241426872,15.6249286620275,15.4572707590078
96.2721339408587,159.733337282866,186.97485819802,169.369818141425,137.598978817507,15.7722713239805,15.6396839934056
97.1548110016539,159.570938819859,186.877957877331,168.995741752051,137.396581392037,16.2226172360718,16.1971834900063
97.7120275182874,159.600815271325,186.950008417756,168.921146894088,137.38891045856,16.4572729102892,16.4832600426295
98.2790153845846,159.420236012882,186.82347631201,168.580589485536,137.182355808212,16.7615463047159,16.8444137652095
98.2962610708729,159.414372910474,186.818905668439,168.569120573427,137.175850488212,16.7710817314958,16.8556457291706
98.3744758519616,159.387781839312,186.798176317322,168.517105336982,137.146346751962,16.8143279848318,16.9065863289085
98.901427783733,159.277751779265,186.714236037492,168.240571305563,137.018902249913,17.0834980554755,17.2250742372006
100.189387651851,159.141904649025,186.590281291898,167.704204732611,136.877368441905,17.6555986036548,17.9156582221926
102.165905989748,158.595187308571,186.204639036461,166.446111073171,136.11974450707,18.6797960503327,19.1736034437576
102.369265934658,158.414812528816,186.108140691432,166.119768480498,135.814740292241,18.9030135536901,19.4420687610923
102.448007443994,158.358100271633,186.088468887739,166.002814569157,135.700241866956,18.9961289145411,19.5536384693923
102.549333941724,158.316864728445,186.095638472002,165.883545389386,135.581665306477,19.115897375787,19.6967845329528
102.55955117091,158.313774789585,186.097454367922,165.872569683155,135.570676429877,19.1279723561385,19.7112043415193
102.584480235316,158.306235633572,186.101884980716,165.845790007123,135.543864619399,19.1574341561462,19.746387298656
102.649825385147,158.286473669333,186.113498696023,165.775593953465,135.473584333531,19.2346607100352,19.8386103988939
102.828094664803,158.289610371132,186.191193430443,165.651273115519,135.359395215575,19.4242155499607,20.0651516619058
102.836090000097,158.28993846313,186.194829170456,165.64591805305,135.354528596578,19.4326476321839,20.0752296796081
103.14495470321,158.311562357306,186.332286633656,165.446182617555,135.215173543866,19.74152139342,20.4456595610281
103.163428617934,158.266634163168,186.307894135034,165.35787937497,135.15153612807,19.7930326016911,20.5070833594409
103.170144741189,158.250300684641,186.29902633253,165.325777058278,135.128400981324,19.8117593106169,20.5294137537881
103.247911117377,158.1292878191,186.237960081131,165.074590736345,134.955963311935,19.9647310119532,20.7130307613156
103.775391668234,157.953315511132,186.230802867152,164.533884725544,134.638038624718,20.4027022619347,21.253540576494
103.879649817321,157.947717974765,186.248894270907,164.481622786512,134.609265632847,20.4623476147731,21.3286203589724
104.014872378982,157.955484683735,186.283123902561,164.443852587573,134.585808362381,20.5254195505209,21.4090763855191
104.981258527956,157.615007425693,186.203368376681,163.726627745573,133.907769071718,21.0330074370184,22.0615863871503
106.159285071192,157.523871028327,186.348631648701,163.337908094675,133.473083959147,21.4684417299391,22.6329782386922
106.800453649748,157.171940612979,186.17816022491,162.786177702442,132.98868971422,21.7438096415564,22.9973133690017
106.911045950942,157.134401735616,186.170718367152,162.723188572458,132.934606851909,21.7869699620579,23.0546928215238
107.794868261271,156.947082468431,186.250447417678,162.452900913401,132.633317019382,22.1240639060962,23.503555352754
108.688378401581,156.375909118529,186.044149631379,161.999864831046,131.984198272366,22.5228141552795,24.0353980984008
108.789399042771,156.350127094841,186.042150265446,161.990617665392,131.959028105834,22.5562632429589,24.0803042570148
111.691460951413,155.313166758667,184.908004931169,160.978223187147,131.370910831737,23.4207504708747,25.2117140864422
112.313071032548,154.869427167392,184.358178651403,160.413407507586,131.059740765154,23.7129840608489,25.5804453701348
112.763300233331,154.321902337684,183.738214719699,159.827809839982,130.905416532054,23.9381804596472,25.8809937132227
112.820811428248,153.90239948624,183.276022781668,159.407134247462,130.768910508977,23.9955939222634,25.9649796214786
112.951153404577,153.424227165449,182.728613181421,158.933634282939,130.688804837008,24.0519969697989,26.0544846797993
112.999338461744,153.33271320989,182.61807791233,158.843039342438,130.690468420378,24.0630929244859,26.0733890345281
113.033078720672,153.270840101568,182.543065834532,158.781777328194,130.692387573067,24.070629906294,26.086282049145
113.051420180847,153.237205411489,182.50228870118,158.748474833481,130.693430838998,24.0747270666617,26.0932907894941
113.110947452337,153.128043910243,182.369946375957,158.640391473429,130.69681676213,24.0880244145944,26.1160376801764
113.150783812252,153.073484653032,182.301872551898,158.585926064979,130.703807721992,24.095654646434,26.1292500196498
113.296181492292,152.899929337794,182.081754811837,158.411845122988,130.735859460694,24.1217494453233,26.1746929841069
113.338025829211,152.768882338705,181.925784119634,158.278123146266,130.7144613137,24.1315936013855,26.1936307433413
113.339728018918,152.713692048222,181.862495424041,158.221272475324,130.694764329482,24.1334291547553,26.1980035874141
113.341838950809,152.645249063386,181.784009386101,158.150770407387,130.670337562014,24.1357054745635,26.2034264706412
113.441167363846,151.836464293102,180.862469016803,157.312148347182,130.428220386522,24.1853174371451,26.3066756074173
113.568604589238,151.494397773848,180.493230479887,156.974150936551,130.42991117426,24.2330261211279,26.3982082221186
113.628737645632,151.389141280846,180.389017382508,156.883888952066,130.474669845124,24.2530494156294,26.4370728281497
113.60351834466,150.696143601625,179.719116382632,156.287844589921,130.466991358748,24.2926766658667,26.5385530081254
113.601239854906,150.652169660449,179.67734678922,156.252739964108,130.469717617859,24.2942216301995,26.5435914055162
113.648711336093,150.048125243173,179.106226974576,155.809497143315,130.598126083023,24.3173885942107,26.6183493593727
113.680151692189,149.972298177688,179.03486729029,155.765180695608,130.639330938178,24.3210058279375,26.6294871142791
113.718202761288,149.888771938629,178.956284487742,155.71782877047,130.687898504161,24.3250888939721,26.641989164052
114.042255004105,149.376619806852,178.475821569735,155.466458613031,131.053218125569,24.3509513063763,26.7220019618078
114.047483235175,149.334245711384,178.435401097934,155.43918491403,131.058116189534,24.3500649581125,26.7231303872359
114.076480504331,149.099226823511,178.21121756729,155.287917156298,131.085282257222,24.345149016405,26.7293889583325
114.09313252359,148.964264492189,178.08247756595,155.201049886087,131.100882687729,24.3423259796716,26.7329830156169
114.144650593775,148.722743412898,177.859003458678,155.058977472494,131.149927488864,24.3367456951771,26.7411089971866
114.287268352402,148.218467807855,177.419786392515,154.798036605423,131.318708673281,24.3227418253708,26.7643124468431
114.246062911243,147.540060438844,176.999301506112,154.550012571826,131.752798735201,24.261539821775,26.7896213222616
114.188367443002,147.458579652272,176.944519351124,154.501602920057,131.759882677396,24.2503289875047,26.7844382331939
113.37117805652,146.560606043188,176.40508473851,154.048097339034,132.008479514067,24.0964707489155,26.7067673466316
112.01049420045,145.064114537007,175.343834480244,153.479033680508,132.644143994721,23.8380004992101,26.5365418336376
111.960984958317,145.000433181314,175.288257938785,153.451757009023,132.659253211255,23.8298775116771,26.5301448440829
111.208535769966,143.954104564033,174.336082309488,153.068443744406,133.016685360755,23.7205834766367,26.4538633227921
111.101842760019,143.784953293655,174.171722957462,153.026169127658,133.109733149693,23.7104306619435,26.4511880527912
110.419943902258,142.793124288117,173.17483038991,152.729452085098,133.570960300124,23.6750404568325,26.4624085405902
109.940389273619,142.205759891329,172.583016644213,152.493645583878,133.734274228949,23.6548248903544,26.4679935002162
109.816793901077,142.060573658014,172.438980372264,152.44464048897,133.792831473737,23.6492343866681,26.4703828970844
109.209823650243,141.364925206504,171.766128080695,152.270181194468,134.183563925218,23.6091397585949,26.475847450641
108.936131350339,141.045414725282,171.469551167151,152.231389054334,134.43036757798,23.5735143830615,26.4635519824475
108.823911701257,140.912780030095,171.347835684347,152.219924419434,134.539893022143,23.5563357400152,26.4561834132334
108.606625644732,140.660955373773,171.113584149339,152.14116517098,134.631778413786,23.5167053779848,26.4261244006673
107.550394146596,139.396088028843,169.942913534447,151.749684098364,135.035184762735,23.2532804614613,26.1970425077903
107.501549600088,139.334446212699,169.886403997741,151.736885978166,135.063331740851,23.2368191103146,26.1823566159994
107.172040793219,138.908893293062,169.49742553212,151.680994205485,135.306331862325,23.1049683527564,26.0648132502186
107.112142285698,138.830372082582,169.425786705847,151.674481766333,135.356868833977,23.0785081674669,26.0412330380883
106.266676176253,137.818226154899,168.487432897842,151.50313655952,135.843438538449,22.6953875567506,25.6897842095027
106.126329897446,137.67056413583,168.349800973641,151.463250906975,135.887805245353,22.6337750083153,25.6319672306468
106.07752203272,137.619212094912,168.301937073041,151.449379976086,135.903234541002,22.6123481706746,25.6118603684851
105.972368133641,137.508576906128,168.198816893508,151.419495807314,135.936476122181,22.566185210351,25.568541223786
103.950320562028,135.402448863586,166.253996621513,150.871754880635,136.656520131943,21.4574394166823,24.4622975059151
103.876161697374,135.311102209087,166.165852910339,150.838237341638,136.673151227924,21.4090382786611,24.4091284421069
103.750785179647,135.156667193117,166.016832943298,150.781570989721,136.701268552936,21.3272090035309,24.3192382839689
103.537794781278,134.882207038664,165.748324740157,150.687631408855,136.76619995518,21.1762525605399,24.1523083030482
103.471272809955,134.791372098458,165.657976770911,150.659274419734,136.793732204704,21.1240586385095,24.0941622823979
103.364486845577,134.645557166997,165.512943561076,150.613753693725,136.83792899801,21.040273113399,24.0008220105086
102.834947404174,133.921662579828,164.758557346963,150.315570554477,136.961694784499,20.6590646797692,23.5698828706498
102.791087497551,133.866466021843,164.700579175144,150.284416377154,136.956460823683,20.6350844189401,23.5423585964867
102.225592784454,133.156386138332,163.930286629172,149.908425001493,136.960247968377,20.3003950229734,23.1660471523575
101.969503328168,132.835991376908,163.569814207203,149.767241436607,137.030421797549,20.1268058529055,22.9785471281492
101.893514233912,132.740957661582,163.461157977513,149.732007930324,137.066091578873,20.0707291887003,22.9194930490232
101.265561684052,132.004243467398,162.64335353616,149.427756655775,137.269527984295,19.6693775843185,22.5051734233265
100.675314639407,131.35300450497,161.955094207903,149.132434178671,137.360160008929,19.3436903163513,22.1680090787009
99.8179524204367,130.414097593764,160.971490543015,148.88380097181,137.798013805314,18.7533069400239,21.5446998462173
99.4056371742932,129.992947481437,160.524485030462,148.684202340754,137.842259572748,18.5315342861477,21.2965572356347
98.4130584120565,128.938018674211,159.297412695239,148.350571255028,138.448092877285,17.8000372947672,20.4869015267982
98.0581887959587,128.539651048478,158.851382016108,148.144543255389,138.518705750178,17.5954563384752,20.261943808503
98.0310132488388,128.507418094666,158.815580687292,148.12968623551,138.527707333459,17.5782970910103,20.243369114253
97.57917442355,127.945369121033,158.197245380876,147.899828563559,138.7329307103,17.2696174432706,19.912602490524
97.4928753502507,127.827445456828,158.069811605542,147.862776432813,138.794094455604,17.2013042902459,19.8405013077821
96.7327203137609,126.717811176285,156.907828204163,147.478480517919,139.230641703923,16.623178727677,19.2258101642926
96.1201731133983,125.751887282756,155.815540353577,146.994150799878,139.433639058811,16.1793482290481,18.7352848464394
95.6682745209548,124.947395156059,154.74662182788,146.46067793751,139.613845731005,15.8148863466949,18.3290858216794
95.4401063395429,124.581171389091,154.244558692785,146.164173917422,139.620445301841,15.6737633978524,18.1711896335429
95.0590183822031,123.850823006196,153.156723805628,145.598285070503,139.813069336674,15.3677148840093,17.8423768845129
95.0396935579778,123.800391354148,153.076150096772,145.565769590317,139.846018971401,15.3445826185346,17.8188490216134
94.698566401006,123.222121480549,152.265717830522,145.137263750602,139.939542282289,15.1428745485518,17.6057644723257
94.3421790720853,122.663324483744,151.515549801646,144.728528584641,139.991375730886,14.9737756701256,17.4246068262819
94.0760025382895,122.145026852158,150.740583289243,144.361767083768,140.225111164951,14.7951535802454,17.2358225335553
93.9669790216279,121.92895595441,150.395290917721,144.181058920217,140.327673887674,14.7172507650751,17.1519829931289
93.940021254137,121.890589233151,150.340182989389,144.143362231906,140.325288681986,14.7061704483151,17.139349699254
92.2060020590628,119.769158153872,147.095025204683,141.394191287784,139.923631074891,13.9510286840592,16.3021880486287
92.0456543930651,119.62914430332,146.962664548044,141.249729732693,139.870768941314,13.902952300198,16.253463913828
91.8952014816809,119.498639197387,146.848875660239,141.12728432095,139.831842191929,13.8575539775224,16.2083985052727
91.7049315261099,119.33403064657,146.729332464542,141.006711980373,139.812704815816,13.7987935711776,16.1524955326054
91.3235028697095,118.988142584186,146.453651871738,140.73496633463,139.637969554002,13.7159340132788,16.064788680192
91.2471103438483,118.918634335046,146.399914712854,140.683179719332,139.605173715037,13.6991873428823,16.0472875817489
91.0026068764503,118.695295024055,146.234810405949,140.529390802711,139.511318695302,13.6445607935913,15.9913102558784
90.5596811712647,118.283852312641,145.962258852211,140.290855919759,139.383228484946,13.5323630545581,15.8843225770526
90.375281349706,118.092007987426,145.851900533458,140.1743094834,139.284944359984,13.4711219880633,15.8349145833903
90.4339022142064,117.845025436909,145.687535010817,139.786010817451,138.756663809418,13.4682575993458,15.8793957455733
90.3730644633876,117.584230198784,145.44784408976,139.505379093889,138.502375551018,13.463697716197,15.8850259173808
90.4824666028164,117.315762276187,145.167427706507,139.21728760275,138.262908736539,13.4678857903638,15.9083710756703
90.4693532890324,117.033145722237,144.774064892902,138.762282355408,137.698775093337,13.4467996626641,15.8845477375922
90.4681583535376,117.024206336237,144.759908095377,138.744478953892,137.674283257699,13.4459269752528,15.8833934139409
90.4976198559459,116.972992441392,144.64271417419,138.579588560139,137.421267708311,13.4409280847377,15.8774239382607
90.5295642146215,116.960156212252,144.589724042081,138.497362900975,137.285339344095,13.4397408522427,15.8765576708719
90.6389723869363,116.981074746048,144.52560363555,138.37239700266,137.052535345618,13.4424995238451,15.8832806496631
90.7006533307681,117.001370490101,144.508001479641,138.329672805333,136.968995207328,13.4453617850645,15.8893211624028
90.7150170613731,117.006165923124,144.504053244801,138.319949012897,136.949929003205,13.4460389512135,15.890746122506
90.7934494211694,116.914516637924,144.256858629006,137.962192518162,136.446559798616,13.439435505827,15.8898832325657
90.7944544606097,116.883329084171,144.198735302007,137.885849770501,136.352001933637,13.4375401478482,15.8887361455129
90.9162289144026,116.660363649047,143.716166456314,137.259821081848,135.629224321728,13.4461783487415,15.9112987890658
91.0635219938959,116.487488717319,143.282158530415,136.702965208762,135.042342156788,13.4937912722253,15.9656435216234
91.0288237663291,116.271098610615,142.842044209971,136.122981972465,134.402794254823,13.5433646150248,16.0019580506723
91.0348128315728,116.264635403104,142.814600159999,136.081030789098,134.352162130849,13.5500790177814,16.0074138025767
91.314366942706,116.328468321986,142.256658989335,135.019273089051,132.935095100604,13.7576319014607,16.1735449314873
91.3372933187676,116.334251560972,142.196980248168,134.903648275791,132.781368442473,13.7738728506282,16.1851410279133
91.3637917831661,116.346653152166,142.165775715903,134.837544770019,132.692349621771,13.7842084411307,16.1931866808438
91.6681366740655,116.505531804604,142.001724940062,134.451604587134,132.171651319119,13.8536065617045,16.2540488907942
91.7387880705171,116.476063401207,141.787726243128,134.12308111532,131.784012309151,13.8710711407146,16.262671858869
91.8559446675213,116.393759412582,141.359062989525,133.48914740217,131.033089834451,13.9043379368807,16.2798345862035
91.9979304499968,116.445458726864,141.255037660365,133.288411786354,130.760687665933,13.940903232941,16.3148890365672
92.0524850497204,116.475317155034,141.241121757431,133.244264073062,130.691196610247,13.9562094383933,16.3308156492552
92.0641328504808,116.481692144936,141.238150611724,133.234838217662,130.676359768342,13.9594774237219,16.3342160960062
92.3775167172058,116.56315831599,140.876692586099,132.381127694709,129.364432484513,14.2334750907749,16.6098022884401
92.441452010155,116.505575689953,140.721147206938,132.074507629755,128.902336803579,14.3526413549477,16.7319055339219
92.4574735785188,116.442293902099,140.614034667003,131.905525233488,128.667176372255,14.4056659539263,16.7853452551439
92.6402301310538,116.413454131004,140.495540572182,131.691443195337,128.332276533903,14.5187642053784,16.9081132630199
92.7106224718547,116.258078898877,140.259746560561,131.352431962397,127.848233725179,14.6142511390864,17.0124070410987
92.7107208303689,116.250559451875,140.249738241086,131.338489342841,127.82841183832,14.6174052627371,17.0159027418343
92.9149355688839,116.228859649376,140.161753789403,131.156480509594,127.463549093564,14.7379623671475,17.1640053966566
93.0388924817854,116.029468869841,139.892030349129,130.804357414737,126.889145622182,14.9040530161276,17.3650468069217
93.0458397884741,116.027884487169,139.889176680844,130.801014672185,126.882749439233,14.9077982339182,17.3695990999404
93.1932233629719,115.883602805115,139.712412265101,130.599509046397,126.586686552177,15.0197352391218,17.5018299912938
93.1657204103162,115.757898288195,139.583591826369,130.45376684668,126.407768576789,15.0487385391558,17.5330947692329
93.1859026456421,115.63420774366,139.460456362012,130.309472203242,126.216152006917,15.0962085641908,17.5877050892409
93.2243088744794,115.609182299812,139.437484189136,130.278845913037,126.164125043352,15.1204021266829,17.6171307325743
93.2956250606265,115.593526115402,139.425638944803,130.257522465093,126.112774014268,15.1559068785567,17.6611800791224
93.5665392555415,115.429569440848,139.33268330061,130.062780957852,125.669754882986,15.3891075457018,17.938109569959
93.6658402569752,115.454844635149,139.37219619739,130.062663595844,125.608319667939,15.4502350289581,18.003149486989
93.6517766601692,115.430737608612,139.350678264887,130.029654158058,125.562473037955,15.4587399425732,18.0100127495553
93.6592888680898,115.332027259297,139.248700808704,129.79449397459,125.197178321218,15.5787284352485,18.1122103374807
93.6897859209207,115.347783432326,139.258424188469,129.786348032045,125.173108961704,15.6005330088129,18.1327234163218
93.7601057661228,115.393279382445,139.290146545893,129.788645227969,125.149302702946,15.6421278704601,18.1737853624803
93.7596929747469,115.363432324834,139.196072153936,129.564634229292,124.823011508075,15.8040207891565,18.3329969550674
93.9303752903645,115.601690650945,139.395929975441,129.677388323669,124.863626430679,15.9929380993957,18.5669371014427
93.935886603722,115.617324093326,139.410659719378,129.68528632828,124.866166176302,16.0060643139608,18.584511877566
93.7453141099699,115.616459760167,139.413353797989,129.585533644766,124.694434806757,16.1238791613282,18.7583211700022
93.7679998948578,115.770745386154,139.499163388253,129.599451538772,124.652221817749,16.2149831379853,18.9213154506913
93.7207558430983,115.756683060488,139.445015053047,129.521316947442,124.556745526995,16.2337395628201,18.9593942932212
93.8026612322759,115.884171577352,139.492078920614,129.537551034084,124.551491697672,16.2871545056924,19.0597526097092
93.8992095608159,116.001453005866,139.584514263553,129.620538007735,124.62935200455,16.3189185174339,19.1173621548062
93.8173803740156,115.95759187146,139.538172114905,129.555459722126,124.556430646594,16.3301888711758,19.1423020994966
93.7313168202455,115.931096094262,139.530824552359,129.528343170455,124.521985859071,16.351688280576,19.1891130455584
93.7329606339817,115.982622087275,139.632107488566,129.629456265634,124.621261809745,16.3816077577354,19.2547382284959
93.6330640655564,115.866828486033,139.677566506164,129.736185465699,124.69617385386,16.3685448418201,19.3122296557735
93.6664326234083,115.780597196066,139.705438487377,129.787305761761,124.693653761885,16.2262623612415,19.2063131236542
93.6693268196249,115.772453452515,139.708090278182,129.788620228518,124.6944518772,16.2068481817221,19.1889174435026
93.8249962819995,115.833013232594,139.824133814187,129.910715266178,124.848384784183,16.0903811217895,19.0914929780931
93.6954615146858,115.599998508948,139.630642602265,129.724155664752,124.7465989081,15.9299239249808,18.9340587582339
93.7608804044287,115.543464392521,139.601466932188,129.670437833081,124.782999058752,15.7268636033517,18.7612150112439
93.7659217753113,115.544624830939,139.604431745497,129.668987558831,124.78365047795,15.7163509053877,18.753016250382
93.848288956041,115.596077615098,139.663150905139,129.702742280109,124.831556481406,15.6583727938928,18.7128314555055
93.8736759649063,115.614399890271,139.681170972189,129.717875673203,124.849493693544,15.6514473358753,18.7094174064636
93.9573712746212,115.675420173778,139.74001786293,129.769185450415,124.909640376209,15.6328153324153,18.7015808916565
93.9267985700747,115.560284380946,139.595896473252,129.575494602917,124.755134207395,15.528027261484,18.6120982043866
94.2941267309363,115.906793660389,139.699909721161,129.492671103299,124.687016188724,15.3632453619795,18.4463337542213
94.3381789905238,115.95510557627,139.72990111204,129.513632770602,124.708881620501,15.3584834917622,18.4433709366155
94.3538369775959,115.972277620596,139.740561287365,129.521083410336,124.716653495344,15.3567909269994,18.4423178292334
94.4202145898527,116.050252310567,139.779134635727,129.539034149396,124.736664154493,15.3438743270736,18.432085227671
94.382440035065,116.03934256634,139.709912211624,129.435471589129,124.637912041408,15.3129071490231,18.40010493009
94.3884471039723,116.057598897463,139.666939288445,129.369689537595,124.584024796336,15.2903171431236,18.3826350604706
94.4740509392114,116.134389767087,139.667675430173,129.357667874145,124.594373832685,15.2753231174505,18.3839346770309
94.6197166184001,116.25371732484,139.721891750956,129.409638117025,124.669271357114,15.2718379731515,18.4035781096564
94.5952885752815,116.212325937356,139.618575631507,129.28726185817,124.565207788186,15.2481692128989,18.4012450244959
94.5918055139376,116.202048852631,139.583499480586,129.240815743966,124.524583058046,15.238206590282,18.4021478064558
94.6770808631609,116.276531818417,139.614542514125,129.250118332468,124.542326802678,15.2291140561364,18.4168061941836
94.7747228138007,116.401071947919,139.636070958581,129.207369712489,124.517422536014,15.1984890114903,18.4273218253538
94.8331914932032,116.479686665695,139.639766332013,129.180012820149,124.505675620829,15.180985659578,18.4353814274372
94.8374258410409,116.484064722292,139.641740978041,129.181383970863,124.507580925539,15.1806988472004,18.4360757157062
94.8393882004489,116.486093681858,139.642656104847,129.182019414763,124.508463916914,15.1805659273297,18.4363974755542
94.8570082095734,116.50431169326,139.650873020973,129.187725060357,124.516392289276,15.1793724408938,18.4392865546055
94.8620462961578,116.509520766547,139.653222482577,129.189356474752,124.518659247604,15.1790311874949,18.4401126285484
94.9286387365956,116.575477751488,139.686739340496,129.215987175672,124.55237923747,15.1757441904383,18.4511276974514
94.9942102370866,116.638637346656,139.682924441055,129.193751963064,124.541110298513,15.1565980336174,18.4625462979758
94.9824462828854,116.627964893029,139.663336472533,129.170064848209,124.518219365715,15.1511859954965,18.460739656027
94.9884938754233,116.611113911049,139.573644922059,129.050356388472,124.402584353657,15.1018085337603,18.4576754959194
95.1283489193557,116.639192947567,139.565222919735,129.00937340386,124.369669195465,15.0011307003157,18.4385547637734
95.2391628813728,116.630541168482,139.575437413704,129.001305960907,124.37921943941,14.9095637350181,18.4064876145507
95.2951695350207,116.662584321372,139.608644387945,129.033423615694,124.415641921738,14.8987693533085,18.4080075701466
95.2862434549595,116.562625227536,139.513841767365,128.89972441518,124.296404176116,14.8080986944548,18.3696126994606
95.2853879510812,116.559799088602,139.510907365997,128.895575835364,124.292581370351,14.8058527463468,18.3686560135059
95.454279071579,116.662786034225,139.570977664255,128.896754341363,124.316051950162,14.7388382201831,18.3662139142554
95.5030564803035,116.708934314239,139.571764130954,128.846361478064,124.281115106338,14.696710512988,18.3564474830194
95.473530750355,116.703955997616,139.519420388862,128.742842823112,124.189130965869,14.6574495566245,18.3372455465809
95.4882124695394,116.733848449266,139.521715139006,128.723324790304,124.175142023953,14.6436959432035,18.3335227795583
95.6593624834876,116.965781178858,139.635659575569,128.774004586191,124.243278178861,14.6135491069625,18.3435400008024
95.662911882316,116.970125797168,139.638278721276,128.776024802392,124.245473778146,14.613378358246,18.3439460135243
95.9795858606968,117.49181241703,139.750473116634,128.762167119926,124.257374458309,14.5121882557403,18.3549009526635
95.9296398508557,117.467379660789,139.681483441024,128.672785487441,124.178443070184,14.4853865425854,18.3373746196914
95.9345257644936,117.542855690642,139.610006032182,128.543525616556,124.118932368558,14.4142376577482,18.3052431023407
95.9423043083067,117.553702772745,139.613632806914,128.545088768823,124.124936573709,14.4119193494905,18.3052223927972
96.0368224741591,117.671356520549,139.676897378979,128.600333828713,124.217746017738,14.4032095031926,18.3163305405624
96.0226529038963,117.66264162729,139.663525417765,128.585345739799,124.206374580947,14.4005283115064,18.3144219089234
96.0330307036237,117.737303650596,139.661536011896,128.667334932379,124.396416457736,14.3921748933527,18.363222757043
95.9970215168167,117.660314079061,139.617258799588,128.685304283198,124.436590392511,14.360890590948,18.3407568599142
96.0642931002234,117.685193353698,139.664082651926,128.771727651138,124.534322604642,14.344755248477,18.3287907285746
96.0742919184593,117.53381058985,139.663491195847,128.948794088514,124.758629381928,14.2617910084054,18.2191797323395
95.9988819959367,117.34953184953,139.682247201576,129.171294818616,125.067933337053,14.2479909951434,18.1978317651224
96.0003981086458,117.303934765977,139.717817645838,129.286778967116,125.217247493149,14.2444016365339,18.198192077899
96.1168956100681,117.358615075551,139.842817278089,129.494666934998,125.45331455376,14.2444074026962,18.2070892590343
96.1091539826572,117.293537658155,139.813847236452,129.533043233176,125.485879774121,14.1861932545913,18.1252602058846
96.1711472339263,117.352092945241,139.860587313947,129.584336446016,125.538259144133,14.1898985715899,18.1293546399612
96.2060823212795,117.385418435288,139.887148684981,129.613291672296,125.568036972787,14.1924294139808,18.1322836679902
96.3077412619763,117.696630257925,139.965030508456,129.813549576685,125.906423716569,14.500441459708,18.491248665054
96.3350147117457,117.759307294188,139.999933056374,129.895953310573,125.999794617608,14.5833544609486,18.5899116979832
96.4043457511023,117.852138564751,140.072466823204,130.014076549726,126.121387475998,14.6576397317431,18.6790964264166
96.3465226915468,117.872602543862,140.07514394213,130.1159701964,126.20265728001,14.8134034641963,18.8522239941996
96.3855843667622,117.964252372968,140.182015024492,130.312796679671,126.372650122907,14.9521617970605,19.0071115587658
96.4228265267768,118.010365072379,140.23504013526,130.389276589553,126.443737091186,14.9874631011886,19.0476749866289
96.348485327208,118.066126792504,140.408359343553,130.766327476644,126.766829971627,15.2506963038968,19.3279024271671
96.295912163152,118.171276324325,140.746911759185,131.557871269493,127.547986088358,15.6234919237385,19.7621775916678
96.0578475248219,117.901673917735,140.667019298386,131.729734169899,127.766928404518,15.8605639882896,20.069799718141
96.090527450209,117.879120615664,140.762686327579,131.969044456801,128.033339610947,16.0003489592735,20.2560081461288
95.9602062734742,117.730521850389,140.700335240272,131.986593433725,128.060536366114,16.0651223579977,20.3367814043288
95.7704521992734,117.491731376084,140.874047245438,132.582199526967,128.700194552381,16.3978727547502,20.7363192129626
95.8159991243204,117.500085447661,141.040702082606,132.892385787566,129.02180772082,16.5297318987341,20.8932164797423
95.7629840119777,117.444321788977,141.017847698582,132.890177377699,129.018908595406,16.5457792001116,20.9095267773525
95.719045800052,117.395635688173,141.003445465131,132.897597854889,129.025539694856,16.5628881792387,20.9273126429681
95.6907338655336,117.362497786124,140.997411933375,132.90899595371,129.036273997568,16.5766370248434,20.9418258892066
95.6339541005424,117.272616527236,141.038709965714,133.040751743393,129.16597064837,16.6525405991286,21.0250451646932
95.6422277296962,117.273005781115,141.062874163618,133.083067357573,129.208342748079,16.6692932885664,21.0440488122533
95.6510481244107,117.273420758967,141.088635260655,133.128179413324,129.253515022225,16.6871530851111,21.0643083222436
95.6510560040489,117.273421129685,141.088658274151,133.128219713865,129.253555376561,16.6871690400358,21.0643264209356
95.6062141610231,117.189752448695,141.311642691683,133.588094588696,129.720283495738,17.0231587734722,21.425748919631
95.6818761802485,117.271335329105,141.43246694824,133.756303556906,129.893012368645,17.1388001408912,21.5555402384694
95.5744965069871,117.199934905874,141.398246367803,133.754928508389,129.889847518377,17.2500073614596,21.6707048778462
95.4698648396368,117.33764864287,141.601361894711,134.177911052187,130.297067303813,17.7863046465419,22.2365841620644
95.46967561285,117.338065277923,141.601952377217,134.179089847127,130.298134530965,17.7872886031581,22.2375984565104
95.5328247058945,117.478863547897,141.785097943383,134.466040183628,130.561962688307,17.9453234595071,22.4057891079749
95.4196912208106,117.438406291433,141.864752566264,134.661847548336,130.703478945164,18.104362141503,22.5662419555034
95.3970079373434,117.423237643026,141.95946470203,134.832942923336,130.838269677709,18.2123605409109,22.680521534341
95.4509515636583,117.46322192323,142.085799392213,135.019458677235,131.004581601326,18.3015391816106,22.7799659632279
95.329203462582,117.336831845332,142.100921469213,135.11240483498,131.070348876904,18.4193131060859,22.9026822876637
95.2459035900161,117.262810549617,142.136733257802,135.219145421807,131.160611286134,18.51983390874,23.0108041695531
95.2712642352503,117.338967081237,142.339448761718,135.539597928912,131.44618124907,18.6616206246723,23.1776238897944
95.1958410818432,117.298567992683,142.349818280604,135.588649208965,131.468090186337,18.7020523468694,23.2248133345263
95.2337253636145,117.364005743274,142.508631140479,135.825718587993,131.648123552616,18.7973346749069,23.3456017389728
95.3661886005182,117.485385591539,142.69726280494,136.072572150851,131.855981989344,18.8826759269405,23.4548107127974
95.3132293171632,117.43187042285,142.683546894902,136.077142174569,131.838486134949,18.9156346195937,23.4911758351041
95.3048496400562,117.406256067128,142.781963535256,136.247845788151,131.950711625111,19.0614309329543,23.6458348517499
95.3052211766399,117.406609394272,142.782477248416,136.248504735782,131.951313976551,19.061727267445,23.6461355274264
95.3304633817684,117.556151740199,142.953284404652,136.48434496613,132.207350665994,19.180108479084,23.7075918331305
95.4215204733874,117.659919439244,143.049437890935,136.596810087857,132.335488479731,19.2112861381326,23.7320901557772
95.3757780803762,117.63091858566,143.0209688175,136.57521474717,132.328270171868,19.2642019691637,23.7654230347593
95.3714171409916,117.625724958315,143.015873456595,136.5700210844,132.323263917119,19.2923695258602,23.7885547512945
95.3821312860186,117.634661561885,143.023858417571,136.577807704843,132.329730615447,19.3074876453889,23.8024200300384
95.6036217514363,117.867636838355,143.214545321153,136.757588637446,132.4728775568,19.4514606667852,23.9411654976664
95.5311391578519,117.906859185066,143.1779584173,136.68198305708,132.345642109446,19.5251513134066,23.9886114574948
95.6162698669318,118.118129893452,143.293906686795,136.792713230141,132.433457660426,19.6131155437678,24.0620345857754
95.5184820687119,118.198116236696,143.276677107015,136.82375255927,132.497252881219,19.7946430199556,24.2221605665261
95.5900848702384,118.271284075475,143.377170195799,136.973235545515,132.664762929519,19.9662146829056,24.3914211373396
95.5875048751992,118.268817929369,143.375480888323,136.971310616605,132.662383378586,19.9672504516217,24.3920454264974
95.5853729327069,118.266773177727,143.374706466074,136.969822671143,132.65973392995,19.9686493086707,24.3927089159487
95.5922137391278,118.27604125903,143.412099294066,136.983370481638,132.637531262223,19.9976147947688,24.4021614415017
95.6581967807845,118.343412289275,143.484235208149,137.042763347716,132.680705755808,20.0020236504483,24.3990431459591
95.7387977960755,118.442020399378,143.611484885786,137.089722248628,132.678074426833,19.9452621651764,24.2831791475516
95.7643442208387,118.459480221326,143.640464490923,137.10528045138,132.693072515495,19.9284114709387,24.2533157519767
95.7667569711612,118.461129226673,143.643201490416,137.106749856945,132.694489020685,19.9268199950929,24.2504952822642
95.9511870231749,118.568072517209,143.821606760739,137.190969569581,132.785973876899,19.8166777091904,24.0499716388423
96.0015246612021,118.629777614244,143.871115277219,137.211843026543,132.801007951185,19.7946572358289,24.0067323073164
96.1992921988917,118.894129664035,144.064055980568,137.354582965256,132.92653016224,19.7754446422482,23.9570012937603
96.1311873400168,118.935074156266,144.025927298546,137.26042982032,132.810971769207,19.7365585877452,23.8823478132876
96.3423783188606,119.473536503364,144.272756235833,137.284547711198,132.716976236087,19.6115514826059,23.6312833235043
96.6191553247934,119.725830137673,144.507460593817,137.434676897206,132.815202392805,19.6118846125211,23.6096237061147
96.5771798636728,119.71135166602,144.461810701628,137.308206742883,132.650044603962,19.599597983109,23.5689094584019
96.6963640006533,119.897070378755,144.547091464961,137.31623722897,132.619456738424,19.6284295112893,23.5709038200165
97.4304213148975,120.870636280404,144.949821177464,137.152611173747,132.132015887737,20.0084713636026,23.8399708012209
98.1286542136489,122.357977898049,145.520936153219,137.077105670773,131.782060158776,20.3693524191399,24.1188052226742
98.2955281392602,122.654122452926,145.707368832905,137.170022480307,131.833024188785,20.4300654146066,24.1863288783967
98.3561182243164,123.016291032026,145.865811008295,137.099567300662,131.668332621572,20.5410825252845,24.3157817510899
98.4046681324728,123.245425908056,145.964631049333,137.065768821506,131.583457853651,20.6251704392803,24.4217985812299
NaN,NaN,NaN,NaN,NaN,NaN,NaN
NaN,NaN,NaN,NaN,NaN,NaN,NaN
NaN,NaN,NaN,NaN,NaN,NaN,NaN
NaN,NaN,NaN,NaN,NaN,NaN,NaN
NaN,NaN,NaN,NaN,NaN,NaN,NaN
NaN,NaN,NaN,NaN,NaN,NaN,NaN
NaN,NaN,NaN,NaN,NaN,NaN,NaN
NaN,NaN,NaN,NaN,NaN,NaN,NaN
NaN,NaN,NaN,NaN,NaN,NaN,NaN
NaN,NaN,NaN,NaN,NaN,NaN,NaN
NaN,NaN,NaN,NaN,NaN,NaN,NaN
NaN,NaN,NaN,NaN,NaN,NaN,NaN
NaN,NaN,NaN,NaN,NaN,NaN,NaN
NaN,NaN,NaN,NaN,NaN,NaN,NaN
NaN,NaN,NaN,NaN,NaN,NaN,NaN
NaN,NaN,NaN,NaN,NaN,NaN,NaN
NaN,NaN,NaN,NaN,NaN,NaN,NaN
NaN,NaN,NaN,NaN,NaN,NaN,NaN
NaN,NaN,NaN,NaN,NaN,NaN,NaN
NaN,NaN,NaN,NaN,NaN,NaN,NaN
NaN,NaN,NaN,NaN,NaN,NaN,NaN
NaN,NaN,NaN,NaN,NaN,NaN,NaN
NaN,NaN,NaN,NaN,NaN,NaN,NaN
NaN,NaN,NaN,NaN,NaN,NaN,NaN
NaN,NaN,NaN,NaN,NaN,NaN,NaN
NaN,NaN,NaN,NaN,NaN,NaN,NaN
NaN,NaN,NaN,NaN,NaN,NaN,NaN
NaN,NaN,NaN,NaN,NaN,NaN,NaN
NaN,NaN,NaN,NaN,NaN,NaN,NaN
NaN,NaN,NaN,NaN,NaN,NaN,NaN
NaN,NaN,NaN,NaN,NaN,NaN,NaN
NaN,NaN,NaN,NaN,NaN,NaN,NaN
NaN,NaN,NaN,NaN,NaN,NaN,NaN
NaN,NaN,NaN,NaN,NaN,NaN,NaN
NaN,NaN,NaN,NaN,NaN,NaN,NaN
NaN,NaN,NaN,NaN,NaN,NaN,NaN
NaN,NaN,NaN,NaN,NaN,NaN,NaN
NaN,NaN,NaN,NaN,NaN,NaN,NaN
NaN,NaN,NaN,NaN,NaN,NaN,NaN
NaN,NaN,NaN,NaN,NaN,NaN,NaN
NaN,NaN,NaN,NaN,NaN,NaN,NaN
NaN,NaN,NaN,NaN,NaN,NaN,NaN
NaN,NaN,NaN,NaN,NaN,NaN,NaN
NaN,NaN,NaN,NaN,NaN,NaN,NaN
NaN,NaN,NaN,NaN,NaN,NaN,NaN
NaN,NaN,NaN,NaN,NaN,NaN,NaN
NaN,NaN,NaN,NaN,NaN,NaN,NaN
NaN,NaN,NaN,NaN,NaN,NaN,NaN
NaN,NaN,NaN,NaN,NaN,NaN,NaN
NaN,NaN,NaN,NaN,NaN,NaN,NaN
NaN,NaN,NaN,NaN,NaN,NaN,NaN
NaN,NaN,NaN,NaN,NaN,NaN,NaN
NaN,NaN,NaN,NaN,NaN,NaN,NaN
NaN,NaN,NaN,NaN,NaN,NaN,NaN
NaN,NaN,NaN,NaN,NaN,NaN,NaN
NaN,NaN,NaN,NaN,NaN,NaN,NaN
NaN,NaN,NaN,NaN,NaN,NaN,NaN
NaN,NaN,NaN,NaN,NaN,NaN,NaN
NaN,NaN,NaN,NaN,NaN,NaN,NaN
NaN,NaN,NaN,NaN,NaN,NaN,NaN
NaN,NaN,NaN,NaN,NaN,NaN,NaN
NaN,NaN,NaN,NaN,NaN,NaN,NaN
NaN,NaN,NaN,NaN,NaN,NaN,NaN
NaN,NaN,NaN,NaN,NaN,NaN,NaN
NaN,NaN,NaN,NaN,NaN,NaN,NaN
NaN,NaN,NaN,NaN,NaN,NaN,NaN
NaN,NaN,NaN,NaN,NaN,NaN,NaN
NaN,NaN,NaN,NaN,NaN,NaN,NaN
NaN,NaN,NaN,NaN,NaN,NaN,NaN
NaN,NaN,NaN,NaN,NaN,NaN,NaN
NaN,NaN,NaN,NaN,NaN,NaN,NaN
NaN,NaN,NaN,NaN,NaN,NaN,NaN
NaN,NaN,NaN,NaN,NaN,NaN,NaN
NaN,NaN,NaN,NaN,NaN,NaN,NaN
NaN,NaN,NaN,NaN,NaN,NaN,NaN
NaN,NaN,NaN,NaN,NaN,NaN,NaN
NaN,NaN,NaN,NaN,NaN,NaN,NaN
NaN,NaN,NaN,NaN,NaN,NaN,NaN
NaN,NaN,NaN,NaN,NaN,NaN,NaN
NaN,NaN,NaN,NaN,NaN,NaN,NaN
NaN,NaN,NaN,NaN,NaN,NaN,NaN
NaN,NaN,NaN,NaN,NaN,NaN,NaN
NaN,NaN,NaN,NaN,NaN,NaN,NaN
NaN,NaN,NaN,NaN,NaN,NaN,NaN
NaN,NaN,NaN,NaN,NaN,NaN,NaN
NaN,NaN,NaN,NaN,NaN,NaN,NaN
NaN,NaN,NaN,NaN,NaN,NaN,NaN
NaN,NaN,NaN,NaN,NaN,NaN,NaN
NaN,NaN,NaN,NaN,NaN,NaN,NaN
NaN,NaN,NaN,NaN,NaN,NaN,NaN
NaN,NaN,NaN,NaN,NaN,NaN,NaN
NaN,NaN,NaN,NaN,NaN,NaN,NaN
NaN,NaN,NaN,NaN,NaN,NaN,NaN
NaN,NaN,NaN,NaN,NaN,NaN,NaN
NaN,NaN,NaN,NaN,NaN,NaN,NaN
NaN,NaN,NaN,NaN,NaN,NaN,NaN
NaN,NaN,NaN,NaN,NaN,NaN,NaN
NaN,NaN,NaN,NaN,NaN,NaN,NaN
NaN,NaN,NaN,NaN,NaN,NaN,NaN
NaN,NaN,NaN,NaN,NaN,NaN,NaN
NaN,NaN,NaN,NaN,NaN,NaN,NaN
NaN,NaN,NaN,NaN,NaN,NaN,NaN
NaN,NaN,NaN,NaN,NaN,NaN,NaN
NaN,NaN,NaN,NaN,NaN,NaN,NaN
NaN,NaN,NaN,NaN,NaN,NaN,NaN
NaN,NaN,NaN,NaN,NaN,NaN,NaN
NaN,NaN,NaN,NaN,NaN,NaN,NaN
NaN,NaN,NaN,NaN,NaN,NaN,NaN
NaN,NaN,NaN,NaN,NaN,NaN,NaN
NaN,NaN,NaN,NaN,NaN,NaN,NaN
NaN,NaN,NaN,NaN,NaN,NaN,NaN
NaN,NaN,NaN,NaN,NaN,NaN,NaN
NaN,NaN,NaN,NaN,NaN,NaN,NaN
NaN,NaN,NaN,NaN,NaN,NaN,NaN
NaN,NaN,NaN,NaN,NaN,NaN,NaN
NaN,NaN,NaN,NaN,NaN,NaN,NaN
NaN,NaN,NaN,NaN,NaN,NaN,NaN
NaN,NaN,NaN,NaN,NaN,NaN,NaN
NaN,NaN,NaN,NaN,NaN,NaN,NaN
NaN,NaN,NaN,NaN,NaN,NaN,NaN
NaN,NaN,NaN,NaN,NaN,NaN,NaN
NaN,NaN,NaN,NaN,NaN,NaN,NaN
NaN,NaN,NaN,NaN,NaN,NaN,NaN
NaN,NaN,NaN,NaN,NaN,NaN,NaN
NaN,NaN,NaN,NaN,NaN,NaN,NaN
NaN,NaN,NaN,NaN,NaN,NaN,NaN
NaN,NaN,NaN,NaN,NaN,NaN,NaN
NaN,NaN,NaN,NaN,NaN,NaN,NaN
NaN,NaN,NaN,NaN,NaN,NaN,NaN
NaN,NaN,NaN,NaN,NaN,NaN,NaN
NaN,NaN,NaN,NaN,NaN,NaN,NaN
NaN,NaN,NaN,NaN,NaN,NaN,NaN
NaN,NaN,NaN,NaN,NaN,NaN,NaN
NaN,NaN,NaN,NaN,NaN,NaN,NaN
NaN,NaN,NaN,NaN,NaN,NaN,NaN
NaN,NaN,NaN,NaN,NaN,NaN,NaN
NaN,NaN,NaN,NaN,NaN,NaN,NaN
NaN,NaN,NaN,NaN,NaN,NaN,NaN
NaN,NaN,NaN,NaN,NaN,NaN,NaN
