107.431069419233,125.85493257096,159.814411806376,141.152238444407,127.655355252128,4.99956334601229,16.0863611782253
109.742873921108,127.924057279289,161.992835189429,143.328044807872,129.775110865331,5.07936733910871,16.3984923342175
125.818858029465,142.236841852768,177.015840771602,158.344495845422,144.541591992353,5.65872131930912,18.5757191020468
123.642302624505,140.012498782132,174.504928084346,155.872017547611,142.627442832739,5.6708043025301,18.3058108397832
123.18674545773,139.590189872729,174.051439815256,155.420432802571,142.212881714247,5.6594838480864,18.2455164725917
121.505425799178,138.031579179831,172.37775581388,153.753774115778,140.682865705224,5.61770357551454,18.0229887367715
114.511222872794,131.548840505168,165.417904591959,146.821712411018,134.314326492875,5.44289634577726,17.0970416065871
110.985245488379,128.283583231655,161.9166786601,143.330372465201,131.092986817006,5.35188844464616,16.629546462438
94.8389144670074,113.099810346713,145.58059834021,127.006265659934,116.233834582366,4.9721518799803,14.5045809923379
95.2888037749431,113.320859371748,145.771738865924,127.184239479029,116.580795442282,5.0177446455307,14.576918971558
95.3717328144188,113.370704157291,145.818874889665,127.229552955232,116.647811977422,5.02457508148463,14.5896612404481
97.6059016443543,115.150871181701,147.666144913543,129.061383478118,118.605332055452,5.13281099269491,14.9043636619639
98.9089785838567,116.226568916589,148.792965735969,130.182079322208,119.760063071254,5.18945557741091,15.0854679172193
99.5427701858504,116.74976763954,149.341029747046,130.727164261432,120.321702064464,5.21700641574064,15.1735535494537
103.533330265046,120.086804913959,152.860539923383,134.241009812632,123.882618198,5.38263207429189,15.7251270015499
103.922476587015,120.412484307556,153.204172362739,134.584170134765,124.23001821203,5.39873525198136,15.7788959782486
104.599563418164,120.97914321227,153.802068285965,135.181244607711,124.834469446338,5.42675363205496,15.8724501608059
109.637715826118,125.067556124649,158.132893658118,139.528508589314,129.320975752988,5.657542371433,16.5785847914797
110.393884577144,125.611861366203,158.710820797746,140.118588090124,129.986049538223,5.70443405793327,16.6894569476081
108.686492928363,123.574325223131,156.524009916936,138.009774166491,128.386249069725,5.74709843303034,16.4961276802646
108.618048097771,123.507478045538,156.452277543572,137.93923039191,128.323959800946,5.7461291961715,16.4873340218691
106.337677133152,121.318357612337,154.095217774709,135.617230645853,126.255178634532,5.70854997643132,16.1917640508137
99.3467687980999,115.044144423666,146.954500524218,128.548196772849,120.020154683882,5.59023627666497,15.2600113207044
100.233055647699,115.892225142979,147.753939877525,129.346830931504,120.833752912655,5.62323849928236,15.3727249862738
100.295628954328,115.952101034085,147.810381608335,129.40321581425,120.891194283318,5.62556851038001,15.3806827561089
100.394593503924,116.046799411305,147.899648594036,129.492392890316,120.98204227717,5.62925360409261,15.3932685878309
100.537315965484,116.181720324068,148.028181962053,129.620996832366,121.112482647894,5.63444168903371,15.4114258460222
102.430108909117,117.913578061103,149.725700024372,131.32642926605,122.822290110522,5.6988412181139,15.6524551628612
103.451035530794,118.801963316771,150.595751404292,132.210057493617,123.726272510706,5.73394550545195,15.7802977061777
104.247187558098,119.461769332427,151.233966456073,132.867164867666,124.42070905247,5.76228654705491,15.8777171701062
104.405334936249,119.565898872897,151.327212923853,132.971081975152,124.550290013397,5.76876477576175,15.8951482284212
104.755866474085,119.796700599628,151.533892466259,133.201412847028,124.837504471449,5.78312368260935,15.9337839348663
104.721430362917,119.736932901085,151.466224656218,133.141166344978,124.798909903192,5.78303843748837,15.927217767545
104.644164852661,119.618246374205,151.33408057556,133.021623727251,124.716627354828,5.78229634045606,15.9136365046083
104.551211834019,119.475462473482,151.175106783086,132.877809920323,124.61763866988,5.78140357266031,15.8972977865599
103.752924870048,118.461751825386,150.081070115553,131.858721491021,123.835625658846,5.7666680427748,15.7725739889771
102.033760163705,116.460875783338,147.960766762914,129.853847840692,122.23277627419,5.73017134257826,15.5168710207311
101.823742902591,116.218443650861,147.704509918821,129.611264133916,122.039117943161,5.72573190434035,15.4857493163107
100.417686700596,113.731978592783,144.364117903892,126.913358046128,121.893930075965,5.92536927548781,15.07359868547
99.3714251871588,112.189190454912,142.506769067048,125.196836230007,120.80009139362,5.93880732800133,14.8471889357995
99.1985504446519,111.527339174947,141.654172205122,124.398005539291,120.37834244431,5.94811831435376,14.7688725098981
99.2026478311781,111.499858267695,141.61472913846,124.360873173659,120.363147704892,5.94884155964186,14.7661067637368
99.2152625996769,111.415251828712,141.493294377146,124.246552449151,120.316367124409,5.95106824043435,14.7575917634244
99.2421956145366,111.277109568258,141.291992965514,124.056892055743,120.240928474987,5.95489953396936,14.7438686051126
99.2842832211221,111.247083772807,141.230927722168,123.998502759866,120.22992393205,5.95685113634973,14.741914133172
99.4335060971525,111.14062641123,141.014419063757,123.791481753752,120.190906993818,5.96377060133463,14.7349844940748
99.9296300410692,110.975413363956,140.469880413425,123.253817674951,120.109605261878,5.97923199169127,14.7218137006331
100.059424124907,110.82091201159,140.062624500622,122.842912197961,119.933360653143,5.97859141841857,14.6925199389052
100.071901818315,110.781954523989,139.966620860546,122.746428108371,119.884758608239,5.97742592741053,14.6837851740757
100.088111017803,110.714905301783,139.803259885003,122.582983647581,119.800932042166,5.97500916287952,14.6681396555321
100.052896044399,110.565103793675,139.463638750515,122.253259836423,119.611229093274,5.9640366819588,14.6248799406202
100.043843815103,110.532725601305,139.38969935752,122.18279466414,119.570983439784,5.96117541561935,14.6146782328452
100.009738996235,110.457890240606,139.213923275495,122.027262702851,119.484888748809,5.9500821568337,14.5833083925987
99.977906865674,110.3677010461,138.957181973893,121.835541885728,119.408538153324,5.9232566455716,14.5211463445867
99.9485570622515,110.321146108266,138.832401494603,121.796635578738,119.428192868066,5.89402991012036,14.4668041051281
99.9405435159751,110.311509607222,138.790247485584,121.90988718344,119.576902127373,5.84834958596876,14.3966738812984
100.006837655675,110.383582349829,138.876964819531,122.156951134876,119.824590390283,5.80793138333797,14.3474731664867
100.253873497416,110.655478521127,139.192620188001,122.80082080446,120.43448601948,5.73572689158852,14.2783832306639
100.527666549569,111.063550000473,139.557540070185,123.724091684451,121.272036373465,5.62142092352717,14.1704839635766
100.583660504785,111.173407679814,139.627134297833,123.948599418586,121.472068056866,5.59071108880486,14.1420050508857
100.67516025115,111.329830848118,139.719185279059,124.208907633455,121.708018227476,5.55921365060693,14.1178848996819
100.782210887228,111.501707638028,139.819820997385,124.474579555114,121.95258316514,5.52910363690065,14.0978297446854
101.10059721152,112.000781931961,140.100890739934,125.208736105517,122.647198909907,5.44716025827527,14.0522316360835
101.100514873265,112.035872437973,140.09968233712,125.284828542195,122.71955153088,5.43109579787169,14.0381392303021
101.114137035032,112.133396123034,140.11810388032,125.491802773723,122.916455477125,5.39177999138837,14.0054770164115
101.158451619011,112.268254884057,140.183900859788,125.763753553625,123.173590240776,5.34856825790221,13.9727547383605
101.322303906471,112.599356319573,140.435157788653,126.36197405102,123.725597904821,5.27511565586259,13.9230347744137
101.445218415585,112.824478584322,140.627737154332,126.724979541788,124.05082827455,5.23813194172743,13.8989565672864
101.448005496603,112.829537113482,140.63212242796,126.732944966562,124.057917680327,5.23734908778062,13.8984478297254
101.520233469905,113.045538052615,140.806342793917,127.095654392855,124.367067837476,5.1920818628331,13.858985731282
101.519252709913,113.054706224998,140.812610320447,127.113002997454,124.380745921711,5.18913643825997,13.8557763917009
101.51736172892,113.072383169268,140.824694595544,127.146452446688,124.407118324263,5.18345743225297,13.8495885371803
101.563729922155,113.520167236775,141.137946716075,127.81149024461,124.922252167019,5.08219254126679,13.7402209135971
101.634038660171,113.771177197377,141.312762392773,128.103433306023,125.148148353022,5.04241290734338,13.6988299220019
101.637717046361,113.781592886551,141.31993674561,128.114238153706,125.156606486697,5.04098938021446,13.6974005339412
101.642503101118,113.795145041255,141.329271503773,128.128296653811,125.167611609272,5.03913718785786,13.6955407157567
101.853148091418,114.322041298191,141.688832878933,128.63343857696,125.569477121982,4.97206210196231,13.6303203705577
101.868916466899,114.35810069631,141.713255019175,128.665727931197,125.595548251942,4.96774340913247,13.6262470326244
101.884507806563,114.393755245813,141.737402965443,128.697654764121,125.621326674274,4.96347320343517,13.6222194271578
101.878027256571,114.425405216055,141.745544218371,128.71310954613,125.628329434709,4.95431682890048,13.6101326606374
101.846802456241,114.600572375136,141.79071915955,128.789394343916,125.66153445894,4.90335623822077,13.5435053818921
101.887305958094,114.855235448252,141.899093988946,128.88673835422,125.725523041033,4.84291400473261,13.4728013411921
102.000088236597,115.121205581956,142.061975124348,129.015030239066,125.832399736967,4.79555721798862,13.4258831861849
102.080952800619,115.277131535184,142.170562372685,129.102048438688,125.907273904211,4.77259071216045,13.4057653753229
102.170225129173,115.437261123102,142.288447733333,129.19823070055,125.990335131793,4.75160776469337,13.3889040458437
102.210572190446,115.619128387178,142.394934528056,129.265039362016,126.029214283159,4.71260816935703,13.3470450407022
102.210068675085,115.627317681441,142.398687976378,129.266434894997,126.028857008197,4.71027551021653,13.3442970071717
102.253929904773,115.973286067229,142.588333671459,129.378809974795,126.069306585695,4.64087899232222,13.2683269895557
102.41989402464,116.489688468463,142.900974329371,129.605493581776,126.200544463396,4.58257779521486,13.2160286393759
102.588265043833,117.061899047592,143.205104874362,129.801146369088,126.292251216822,4.53180805463511,13.172223148354
102.562739659681,117.350538553442,143.281461094488,129.783273525265,126.203508616075,4.49407811899758,13.1277200747011
102.569505550919,117.402484718871,143.303414429431,129.79093945685,126.200561496085,4.488714681655,13.1225028231177
102.726736549679,117.887611812874,143.587778932286,129.976348002247,126.297749416797,4.44718120669598,13.0929195201903
102.904900539192,118.239538624995,143.863977222815,130.222844885952,126.475723135752,4.41892416305237,13.0808161628782
102.899471352621,118.30044270663,143.906040797384,130.262652046879,126.486653572818,4.40517784984352,13.0672142771557
102.95082923238,118.613170766599,144.155646194275,130.53995480045,126.620669969699,4.34827872735045,13.02121035366
103.059042183167,118.868414569231,144.366790139458,130.798292568125,126.770654482687,4.31807186262236,13.0081306720418
103.216730611954,119.374239913064,144.695049440883,131.252327689006,126.953830312785,4.2692440171813,12.9955863085652
103.209066520439,119.436558020466,144.719090093531,131.294120653042,126.947478203968,4.2633620112475,12.9928304392248
103.207264994268,119.455416094988,144.726642385359,131.306814690948,126.945989229544,4.26169734520887,12.9921188239116
103.207836190421,119.571336290019,144.781619363292,131.388660281914,126.949026852881,4.25325026503122,12.9894793696361
103.260704625527,119.792846759185,144.925179565279,131.562587585636,127.009478277853,4.24489664077372,12.9919292220888
103.600046045529,120.53360883837,145.554635239409,132.231982426926,127.408096574865,4.23261080940086,13.0100753215351
103.859863815715,121.414986855688,146.379645990783,133.06033866189,127.842694100496,4.20339639094352,12.9777838085424
104.047682759157,121.843791054092,146.781959935011,133.448905364625,128.064919694765,4.19636454941008,12.9709754780827
104.301206581412,122.350452754703,147.235114647372,133.874752170647,128.301447691389,4.19357417652005,12.9707949637913
104.354680163879,122.4505354188,147.319935769187,133.952416387868,128.34177045523,4.19379446343945,12.971975236873
104.527658657087,122.838767763971,147.631398531184,134.228568238505,128.449152169244,4.19306271170221,12.9708684091032
104.667188581755,123.517939026643,148.069140698836,134.556834274084,128.352508951838,4.18378695380284,12.9559666925847
104.670521534118,123.529392693139,148.07703378947,134.563013027503,128.35200738858,4.1836250488662,12.9560746779736
104.752163245638,123.757683536305,148.256845613086,134.714964474808,128.382702210092,4.17940248405239,12.9611798686959
104.811538610535,123.907716770094,148.383476002478,134.825657723356,128.418178139801,4.17625301130293,12.965645511599
105.025488074332,124.422420146754,148.903557725421,135.310377597004,128.66891165537,4.15964157238502,12.9800573533567
105.032469579506,124.652854270134,149.187863034369,135.579888174552,128.7941062263,4.14021644027658,12.9708104316571
105.062069123057,124.822724212314,149.413992446902,135.800651521709,128.932923713839,4.12900831003301,12.966674040656
105.210606650874,125.421868203734,150.217828120676,136.59036020628,129.477053416067,4.09849282517366,12.9577188167999
105.2941517049,125.672069588554,150.547681434717,136.915086267991,129.720880650648,4.09135630916402,12.9570678105894
105.583671369637,126.451507892426,151.544011576226,137.893861137579,130.47986501073,4.07924144019724,12.9600591370214
105.601844823791,126.498270016944,151.602609892299,137.951336486606,130.525087024509,4.07882192915294,12.9603870660322
105.624452799573,126.556442611413,151.675506838549,138.022836449566,130.58134370437,4.07830005282445,12.960795013309
105.655731871027,126.780458214518,151.962062883603,138.301326448079,130.788594864205,4.0735218769144,12.9531696558006
105.693503590259,127.188059944781,152.473556909573,138.799112757982,131.158063962927,4.06349179221033,12.9362685820845
105.708395909624,127.289748218448,152.595648283446,138.918832730616,131.24932869291,4.06110061238019,12.9330073794083
105.716620364295,127.345906737263,152.66307464904,138.984949462598,131.299730689829,4.05978005581412,12.9312063427179
105.728452821101,127.426701546745,152.760080419085,139.080071073296,131.372243637542,4.05788018170033,12.9286152057125
105.790671284357,127.690098464565,153.0636044602,139.382713696876,131.610688215409,4.05032250133461,12.9234550453386
105.852191449107,127.923156157427,153.328686923639,139.648455556162,131.822227727972,4.04326220755777,12.9197885253973
107.148159669412,130.863979848351,156.715299181837,143.096772317807,134.591326367061,3.85463663955929,12.9013827283119
107.585658438388,131.542800746007,157.469188047221,143.763618710812,135.090566854989,3.86400716052775,12.924773201149
107.957704820717,132.168251883946,158.104469272405,144.159241382379,135.265659823232,3.94360081267647,12.9504531210972
108.507067581705,132.66764638271,158.441406954295,144.084971882536,134.994407138095,4.15986409009997,13.0268931126209
109.469012884296,132.529815882078,157.884188740551,143.037301720438,133.680098736437,4.52221396616861,13.172839845779
109.791583293916,132.464291247663,157.705718888042,142.775706945608,133.277961788806,4.58682074803582,13.2146356342131
110.17637784707,132.453500551393,157.567609555961,142.542319361992,132.853445144522,4.64601140839802,13.2640305794343
110.320504652673,132.457658616055,157.524143768023,142.46210165804,132.698233504592,4.66647308599607,13.2826418936346
111.176005823164,132.038674548555,156.575735271638,140.904281986944,130.330609105303,4.83753677339245,13.4379516069412
111.350668593207,131.986881612696,156.444687060056,140.656575918784,129.980881071293,4.86684341034013,13.4709841573926
111.386605857493,131.976225097723,156.417723590894,140.605609828905,129.908923728676,4.87287331789887,13.4777806801736
111.993871644661,131.572487293852,155.757112364246,139.470669832244,128.492381131488,4.98107137255249,13.6015305990996
111.997376647591,131.567128258049,155.749767584255,139.459217998783,128.478857121442,4.98189796412037,13.602401202248
112.783388025984,130.882972071335,154.819322952192,137.927871589587,126.653779476053,5.10900627896776,13.7537391305143
113.002578604853,130.813697428176,154.697575359944,137.684797433659,126.312621968247,5.14018838156207,13.7883477999348
113.164535956297,130.784893581434,154.63004910604,137.532916306525,126.079282032555,5.16356771043862,13.8128919352675
113.257756072645,130.686989592886,154.477805790543,137.269788008012,125.675376842554,5.19193953525832,13.8313636829442
113.326881373346,130.580106097412,154.303834808957,136.968720619456,125.180526856215,5.22664263240234,13.8489436570533
113.391928069303,130.525867508993,154.186432056848,136.741680115271,124.755265522522,5.26159406659921,13.8661582000302
113.462936925216,130.514836000239,154.116987789625,136.577941429733,124.395515173285,5.29862318092063,13.8852182482342
113.545882782003,130.520737216325,154.070259608956,136.449045220863,124.086003570447,5.33848077133816,13.9070581710138
113.666042297228,130.532167105645,154.02036464524,136.306164755147,123.735604351694,5.39305343979524,13.9380015799077
113.667229088662,130.532233630857,154.019931633522,136.304995606745,123.732805872498,5.39357025910968,13.9383009723624
113.674717306576,130.532653380508,154.017199488675,136.297618709879,123.715148496956,5.39683119910036,13.9401900287525
113.768477124621,130.479648932046,153.904711590415,136.097943860302,123.329778242729,5.46008471776834,13.9718777339481
113.81272792108,129.899631543357,153.158837522881,135.179158087508,122.154031870285,5.65530421329506,14.0352075611914
113.873510244397,129.744303310567,152.947534310503,134.937365607185,121.897781722002,5.71662566430881,14.0534733227279
113.904986064803,129.68975829995,152.868387219713,134.849351211774,121.81252840411,5.74133627566703,14.0598821352226
113.949994212583,129.611762877846,152.755212601455,134.723496988929,121.690622322516,5.7766706635704,14.0690462737947
114.204295805414,128.982724057602,151.795557199157,133.699139899218,120.776518492746,6.05726213329833,14.0980524540485
114.221149352559,128.680002236244,151.335029067283,133.223822996551,120.368598140851,6.17394678848404,14.0871333451108
114.340821103563,128.086161658619,150.358654011136,132.240721350945,119.575444655332,6.45946803194792,14.0497653165032
114.427775518225,127.874374185886,149.993423265472,131.885501467738,119.31534259109,6.58411399856894,14.0310655329254
114.584081462885,127.289299741102,149.101289710972,131.047460609518,118.746799597814,6.8819873884981,13.9717343933577
114.577367574344,127.215249060541,149.003382048575,130.95585235049,118.682022999102,6.90811924649275,13.9636889166811
114.576305008861,127.203529518778,148.987886810318,130.941354079719,118.671771208731,6.91225497352186,13.9624156090059
114.562109345022,126.980869937379,148.697876651789,130.672609062045,118.486459495149,6.99166665247384,13.9386563528753
114.560131717608,126.693049917168,148.334974515206,130.34354455593,118.2727707798,7.09660482240966,13.9091252906157
114.561134069192,126.561872863355,148.170130248403,130.194605857712,118.176932583801,7.14498709619144,13.8957769568377
114.572084469583,126.469544827644,148.057077875679,130.095351640466,118.117833745719,7.18203054723027,13.8869779181891
114.647374114474,126.009327130884,147.493704768985,129.60483481579,117.830624544809,7.37553745445564,13.8437627904007
114.650880945305,125.996846662037,147.478437267276,129.591831621489,117.823357608362,7.38141201114425,13.8426364574301
114.840644844285,125.118104381486,146.397027084407,128.668161407631,117.249851170539,7.80640067670862,13.7563699198847
114.804791814489,124.66336687165,145.834259416122,128.176461819742,116.878138741707,8.00689604195651,13.701596631368
114.817536639217,124.236273579728,145.269958363714,127.700305738477,116.523332009541,8.24681491926839,13.6425433634244
114.944794286701,123.818385435976,144.687828377994,127.258194917149,116.270558306602,8.56768158288181,13.5737454362187
114.916325450436,123.691127391475,144.540158006621,127.141105180545,116.202970731113,8.62346764473444,13.5545330590832
114.859676872623,123.527243386987,144.357050144457,126.992761206292,116.113416477012,8.68313349621615,13.5304160705439
114.743734517707,123.135745966072,143.944012136659,126.672883075273,115.965074637609,8.8207365289976,13.4737485055254
114.721637111535,123.049744180432,143.856602640231,126.607315658852,115.941568205426,8.85050026973842,13.4614176612611
114.698569466617,122.881482725228,143.699643317986,126.498901487752,115.935092234725,8.90845618229843,13.4376983693059
114.685584841436,122.693710789983,143.530264465926,126.385976487988,115.944995519845,8.97432278630095,13.4111399345833
114.773763511726,122.304772810117,143.223091769575,126.211735296233,116.098232037335,9.12473027526355,13.3536608132562
114.68187812637,121.958852958841,142.934101150524,125.980074245271,116.046180584195,9.18941207577434,13.3015617524723
114.629803920275,121.693260291173,142.714866626832,125.79847055239,116.007654432819,9.23834617334524,13.2565335088123
114.628859435611,121.497487205851,142.556389157849,125.665036020424,115.995900561976,9.2806206356202,13.2174613850949
114.759290537701,121.240647343619,142.359540937685,125.49489312377,116.04728652772,9.36257391221202,13.1479663783758
114.729099097265,120.727076090116,141.939214758434,125.085921086337,115.941425648972,9.45698048417657,13.0243551937294
114.728715884111,120.541078865414,141.803129376649,124.958754263318,115.938374221625,9.49624816767179,12.9776281424118
114.834097383391,120.253883551399,141.635349035711,124.822354408091,116.056021807849,9.5917700566902,12.8946745332187
114.849909001747,120.237406729676,141.62915581944,124.819598144154,116.07279060371,9.60067824683765,12.8889594658205
114.88970737456,119.851373482263,141.388224032511,124.626540483809,116.14628050002,9.71717859621128,12.7898481481876
114.878403143874,119.755403722681,141.321339684951,124.570067714492,116.142163346101,9.74058944836381,12.7672218964335
114.867204971537,119.605095106293,141.217895413682,124.483983830882,116.140696831615,9.77931559966545,12.7309520666357
114.876604217841,119.507465666705,141.152706463742,124.431660325701,116.150937994564,9.80920156830717,12.7053490680696
114.963337404856,119.303691776534,141.022577713,124.33270982273,116.21545620511,9.8904437989723,12.6437673235885
115.105617047735,119.137621767127,140.904208768597,124.23176780817,116.292806231091,9.97810982206377,12.5833347134675
115.024035279262,118.759038937236,140.553225504882,123.861455969178,116.155941830722,10.0827779755289,12.4839421007821
115.03369191482,118.700174078599,140.500862780391,123.800613325085,116.153376360162,10.1165064681855,12.4628312699795
115.03458611426,118.694723223242,140.496014019281,123.794979327822,116.153138798919,10.1196297090993,12.4608764180045
115.206526509854,118.593596837036,140.443599441493,123.705026385983,116.288682023366,10.324051763982,12.3889738630825
115.187340703263,118.467011434222,140.349341714327,123.592550953968,116.271093620053,10.4359579630018,12.3471124432321
115.099994707592,118.153163772078,140.118140733197,123.322160432093,116.189373244018,10.7213683044153,12.2579562186361
115.126720373217,117.933567232025,139.990264195467,123.163930067269,116.188727908741,11.0823971636897,12.203204160875
114.961859610573,117.455088138376,139.643610571592,122.82909152505,116.019146910628,11.5743272320742,12.1826461272927
114.750625790551,116.602309757894,139.140257540022,122.607941269403,116.138866207967,12.0990718008501,12.2348620937046
114.694263272986,116.200768697687,138.889504919403,122.506874253071,116.240972634718,12.2825377650392,12.2123453720173
114.884361677961,116.06742800178,138.805291704843,122.514717268796,116.405306621936,12.491575654524,12.1910281315694
114.949670996233,115.889255345091,138.533388714804,122.257983631888,116.215471690092,12.7307417504798,12.1428936011169
114.96175100146,115.843375509727,138.422742998516,122.135658067851,116.079367882356,12.8145710696296,12.1266154552777
115.1266653794,115.909386101712,138.319549948203,121.998927275766,115.81839376466,13.0272395548749,12.1085523154643
115.027099520571,115.862129099902,138.069749990877,121.591791371233,115.137435250673,13.5018316103428,12.0292734535989
114.876206375475,115.812233569275,137.856574186093,121.22440737388,114.704661891243,13.7356290891153,11.9882155480106
114.890374983416,115.839559409786,137.805471064275,121.146358917347,114.418978206278,14.0578992975143,11.9408582969555
114.848653018408,115.794781014875,137.795948426415,121.166456144998,114.413163832645,14.0655575114895,11.9309455513303
114.820658645478,115.764735855542,137.789558979621,121.179940871463,114.409262536439,14.070695977474,11.9242943521901
114.726755191968,115.703997884811,138.113342645537,121.773738822047,114.818614364723,14.0552691419598,11.8840675878403
114.755769926764,115.81631158946,138.424830232062,122.20214791655,115.163590238457,14.0400522525214,11.8791381749988
114.789824813091,115.94074870361,138.688845111477,122.540210407,115.443916240432,14.0315077176241,11.8794807026052
114.801985885545,115.984852276165,138.771740276151,122.642037007807,115.529813303943,14.029629956858,11.8803498552118
114.809136375868,116.010784377954,138.820481131452,122.701909204638,115.580319221384,14.0285258675406,11.880860901201
114.751080599791,116.283520304682,139.365532134585,123.359953372597,116.129417445306,14.0099562377953,11.8772134012666
114.671637865838,116.464466530015,139.685046133095,123.721681745745,116.438218281465,14.0032783105954,11.8753959154274
114.508981591329,117.475705229465,141.067021416221,125.169751747787,117.777866841454,14.0398357483963,11.9029050032498
114.493460393232,117.956406556689,141.659851221341,125.788204128207,118.387835702075,14.0743953209634,11.9195683638516
114.491767324749,118.15416325264,141.901136703169,126.042538206087,118.642010922128,14.0899134747285,11.9261846704173
114.490913543268,118.253888105165,142.022812275144,126.170793931067,118.770186538197,14.0977389776185,11.9295211450351
114.400474137948,118.439011913567,142.270142275323,126.450007941782,119.055733915022,14.1122153618662,11.9252308840919
114.124950789008,119.060704993789,143.121751465133,127.460270998204,120.087748126827,14.1600986304437,11.9002332130043
114.02705573254,119.928032078984,144.354443433711,129.056035347731,121.655357247544,14.222586514621,11.8421536088479
114.030318018347,120.012481366806,144.474555141997,129.214076650166,121.805946986624,14.2287194019077,11.8359532220887
114.048900806284,120.194247201516,144.731870396744,129.553405495332,122.123936814818,14.2421850267778,11.8223587551408
114.060626179704,120.308937865481,144.894231257696,129.767515317547,122.324582137344,14.250681571024,11.8137809140795
113.999732375591,120.650408105989,145.411794735147,130.475933879077,122.9713195623,14.2743896773243,11.7684349605866
113.810922838953,121.172856154258,146.208742892203,131.569240257345,123.938928041745,14.3125196095687,11.6861221065035
113.137358523767,122.900542636148,148.472408591253,134.374797767774,126.560247258773,14.5336334968284,11.6226895251599
112.203602270225,124.016865544047,150.035108681757,136.462113756596,128.709995091794,14.7704446842869,11.6757560301953
111.564069565706,125.058418424782,151.652695025603,138.811449392021,130.972648488728,15.0018982374384,11.7282053932883
111.207244499098,125.699944135767,152.691955260242,140.322696229927,132.31949518869,15.1249702127296,11.7511257633871
110.011960736846,127.721724821314,155.740515196744,143.872290378486,135.207013876297,15.3336946040358,11.8937171164489
109.949873049262,127.807645664146,155.86579296342,143.981475904206,135.287720090398,15.3376423599237,11.9017792756338
109.86763429648,128.000759885267,156.139106074255,144.20378166925,135.45208721539,15.3472636673756,11.9182814152962
109.866109484146,128.004340471502,156.144173651137,144.207903504285,135.45513479346,15.3474420588003,11.918587386207
109.858772942215,128.021568244695,156.168555989511,144.227735463202,135.46979803024,15.3483003783048,11.9200595466603
109.848392972292,128.045942639238,156.203052887557,144.255794341492,135.490544038127,15.349514755695,11.9221424055021
109.698988173957,128.646328229988,157.056790728802,144.944453807929,135.997524830672,15.3842888378419,11.9627555320467
109.462349529545,129.559415655394,158.598297327907,146.20603784519,136.834646076319,15.4427984875598,11.9290862548832
109.651325097408,130.152151557659,159.533131418796,147.054369992552,137.487123827497,15.494336616154,11.909648005272
109.651613165909,130.516207847382,160.200658880344,147.628214243476,137.916193118558,15.5206133461151,11.8746413627079
109.684320637475,130.894100169168,160.8707290826,148.154868519665,138.330597456155,15.5479998182251,11.8499922999995
110.021323302478,131.621416018536,161.985528343741,148.988032809495,139.002847193359,15.637483980209,11.8506719938931
110.024074193226,131.644897451425,162.032259320804,149.014823472134,139.016017741688,15.6438689418999,11.8481528312137
110.045233297301,132.741254627282,164.046634036247,150.474594821411,139.616778464759,16.4630103911155,11.8357917456998
108.902815316304,133.042883724247,164.564509872836,151.145348362464,140.055718729786,17.2489038214063,11.9801625306951
108.843983124868,133.153504722374,164.709950771162,151.297953348911,140.185005207458,17.3313593993246,12.0061241459646
107.42756944836,133.085813283317,164.930169707513,151.414859511646,140.196138912614,17.9789072797263,12.1310429128323
107.23150583494,133.029420805389,164.911165067955,151.404054546498,140.17259485195,18.0641859994496,12.1442754826627
106.653345261364,133.020465958996,165.129612960828,151.730604616088,140.405394411571,18.3266924025923,12.2370727039672
106.48923485552,132.948264457615,165.09962146326,151.717402876293,140.374900431196,18.3207704981958,12.2411884729959
105.293340696423,132.729010968236,165.226902710274,151.928825064525,140.469221074178,18.1316106394263,12.086682918364
105.124409128452,132.860427751489,165.375174022604,152.088433903897,140.610193945497,18.2113974532244,12.0220186957496
104.884928109016,132.798268687933,165.313343067731,152.021971691979,140.533586571709,18.2369586392446,11.9809543250302
104.872735455548,132.794866928981,165.309941791309,152.018320344352,140.529436150539,18.2381757016961,11.9789021130196
104.712531733669,132.766106423006,165.281604499581,151.984942282572,140.487636780782,18.2556614585959,11.9545283277451
104.56420921938,132.746759094284,165.262984376546,151.960891827231,140.454958974743,18.2726230204665,11.9330505109444
104.088896978681,132.905797771553,165.450578327901,152.111661989929,140.555757449454,18.3692712251046,11.8864624888818
103.00992190757,132.988636595201,165.608496145536,152.156160432602,140.532515792528,18.64418321243,11.810027561404
102.706399106442,132.923419914054,165.552334510197,152.073962286103,140.44138502941,18.7058944902991,11.7857287339782
102.18785749581,132.957838309572,165.617498881217,152.107399312069,140.454356174286,18.8591534568045,11.7523697129182
101.731234101803,132.968970022004,165.677920333035,152.18179069071,140.512275554484,18.9828267498724,11.7228080447395
101.506622822982,132.914357372808,165.647505283347,152.16351727485,140.486720305345,19.0261176577346,11.7052264335813
101.494580865874,132.913560009804,165.648807032159,152.165900211339,140.488335462804,19.0296208988069,11.7043325601164
101.303983928475,132.915058012659,165.688346197097,152.22425147704,140.531908009483,19.0922983049887,11.6904971130862
99.7443360280244,132.92644803136,165.975736606537,152.483532764484,140.631050255294,19.5433874949132,11.4764136058253
99.4688321242158,133.001006470786,166.056847051533,152.556723854107,140.67778984497,19.6322190317669,11.3943007203012
99.4329091373841,133.040854513223,166.096603836775,152.596968829351,140.710461449914,19.6542886190489,11.3779821501598
99.3788865747319,133.193424834279,166.246856604295,152.755549884289,140.841282759441,19.7195613237079,11.3416563081935
99.2326541727578,133.168687918799,166.2149695518,152.727331564689,140.796354854785,19.7440641639421,11.3134492227778
99.2265290281502,133.167651779186,166.213633918896,152.726149601692,140.794472987913,19.7450904989931,11.3122677303397
98.7475790893713,133.24367684823,166.305330136582,152.877676693808,140.861907891263,19.8842618967141,11.2889639116024
98.7106059488175,133.266360878565,166.336506242899,152.920441498742,140.897844468189,19.9016318537027,11.2967865317281
97.9406374104267,133.299145361081,166.483463990784,153.273706867865,141.180417114513,20.1059251187579,11.3623353607123
97.8437200440413,133.827309092327,167.066593539233,153.68729761952,141.39990280834,19.9535826477256,11.1386411854019
96.5888442388973,133.494040876621,167.338429736946,153.760718725428,141.523315278381,19.5530817153859,10.7366569625486
NaN,NaN,NaN,NaN,NaN,NaN,NaN
NaN,NaN,NaN,NaN,NaN,NaN,NaN
NaN,NaN,NaN,NaN,NaN,NaN,NaN
NaN,NaN,NaN,NaN,NaN,NaN,NaN
NaN,NaN,NaN,NaN,NaN,NaN,NaN
NaN,NaN,NaN,NaN,NaN,NaN,NaN
NaN,NaN,NaN,NaN,NaN,NaN,NaN
NaN,NaN,NaN,NaN,NaN,NaN,NaN
NaN,NaN,NaN,NaN,NaN,NaN,NaN
NaN,NaN,NaN,NaN,NaN,NaN,NaN
NaN,NaN,NaN,NaN,NaN,NaN,NaN
NaN,NaN,NaN,NaN,NaN,NaN,NaN
NaN,NaN,NaN,NaN,NaN,NaN,NaN
NaN,NaN,NaN,NaN,NaN,NaN,NaN
NaN,NaN,NaN,NaN,NaN,NaN,NaN
NaN,NaN,NaN,NaN,NaN,NaN,NaN
NaN,NaN,NaN,NaN,NaN,NaN,NaN
NaN,NaN,NaN,NaN,NaN,NaN,NaN
NaN,NaN,NaN,NaN,NaN,NaN,NaN
NaN,NaN,NaN,NaN,NaN,NaN,NaN
NaN,NaN,NaN,NaN,NaN,NaN,NaN
NaN,NaN,NaN,NaN,NaN,NaN,NaN
NaN,NaN,NaN,NaN,NaN,NaN,NaN
NaN,NaN,NaN,NaN,NaN,NaN,NaN
NaN,NaN,NaN,NaN,NaN,NaN,NaN
NaN,NaN,NaN,NaN,NaN,NaN,NaN
NaN,NaN,NaN,NaN,NaN,NaN,NaN
NaN,NaN,NaN,NaN,NaN,NaN,NaN
NaN,NaN,NaN,NaN,NaN,NaN,NaN
NaN,NaN,NaN,NaN,NaN,NaN,NaN
NaN,NaN,NaN,NaN,NaN,NaN,NaN
NaN,NaN,NaN,NaN,NaN,NaN,NaN
NaN,NaN,NaN,NaN,NaN,NaN,NaN
NaN,NaN,NaN,NaN,NaN,NaN,NaN
NaN,NaN,NaN,NaN,NaN,NaN,NaN
NaN,NaN,NaN,NaN,NaN,NaN,NaN
NaN,NaN,NaN,NaN,NaN,NaN,NaN
NaN,NaN,NaN,NaN,NaN,NaN,NaN
NaN,NaN,NaN,NaN,NaN,NaN,NaN
NaN,NaN,NaN,NaN,NaN,NaN,NaN
NaN,NaN,NaN,NaN,NaN,NaN,NaN
NaN,NaN,NaN,NaN,NaN,NaN,NaN
NaN,NaN,NaN,NaN,NaN,NaN,NaN
NaN,NaN,NaN,NaN,NaN,NaN,NaN
NaN,NaN,NaN,NaN,NaN,NaN,NaN
NaN,NaN,NaN,NaN,NaN,NaN,NaN
NaN,NaN,NaN,NaN,NaN,NaN,NaN
NaN,NaN,NaN,NaN,NaN,NaN,NaN
NaN,NaN,NaN,NaN,NaN,NaN,NaN
NaN,NaN,NaN,NaN,NaN,NaN,NaN
NaN,NaN,NaN,NaN,NaN,NaN,NaN
NaN,NaN,NaN,NaN,NaN,NaN,NaN
NaN,NaN,NaN,NaN,NaN,NaN,NaN
NaN,NaN,NaN,NaN,NaN,NaN,NaN
NaN,NaN,NaN,NaN,NaN,NaN,NaN
NaN,NaN,NaN,NaN,NaN,NaN,NaN
NaN,NaN,NaN,NaN,NaN,NaN,NaN
NaN,NaN,NaN,NaN,NaN,NaN,NaN
NaN,NaN,NaN,NaN,NaN,NaN,NaN
NaN,NaN,NaN,NaN,NaN,NaN,NaN
NaN,NaN,NaN,NaN,NaN,NaN,NaN
NaN,NaN,NaN,NaN,NaN,NaN,NaN
NaN,NaN,NaN,NaN,NaN,NaN,NaN
NaN,NaN,NaN,NaN,NaN,NaN,NaN
NaN,NaN,NaN,NaN,NaN,NaN,NaN
