88.7936434439993,64.1459639906165,71.2327857831933,52.648699579218,48.9358909413587,3.80716449674886,11.1617117904767
88.8353684948254,64.1714495015246,71.2535020060543,52.6689057252418,48.9575520221514,3.80848898209452,11.1664074100241
91.6670298095066,65.9010180435477,72.6594038731677,54.0401913409906,50.4275764631109,3.89837488614761,11.4850745885589
97.8077238374836,69.711591505004,75.7915597328978,57.1400379134756,53.7892933417864,4.10212233726596,12.1586673786181
95.2329710801715,68.8111866302596,75.6144211651286,57.5651402225175,54.753005767006,4.13749722261029,11.6493899366254
92.50550742879,67.2867629843819,74.5423511758401,56.6740450004964,53.9271320854706,4.08107683146639,11.2893849358981
90.2442347527171,66.0075472612448,73.6471226560076,55.9259986852405,53.2293176784322,4.03371596648198,10.9936729615432
89.9056305150374,65.8121292871224,73.5114580725808,55.8116529617869,53.1215260252933,4.0264769903367,10.9500879235091
75.7242030660266,57.4644330156434,68.0281947668013,51.3408856620145,49.0494910345675,3.75111542408668,9.12339698178685
75.6873303165125,57.4414351999291,68.016999403303,51.3340590812034,49.0455347793513,3.75079382410666,9.11853230299265
74.9676024911702,56.9925354539161,67.7984744836609,51.2008094530526,48.9683117080922,3.74451643884794,9.02357749935897
75.8997067933603,57.4121900576056,68.9897280385205,52.7779299228261,51.0118623030487,3.86585564283279,9.10251337374621
78.6789008531293,59.0556876335669,70.6660957773281,54.5745179127603,53.0869765128459,3.99319871221878,9.42950896361484
80.2269903933859,60.006666188046,71.5682180317841,55.5234932663575,54.1730833881285,4.05983364480524,9.61394920622507
82.8159096900287,61.6228251580743,73.0969455382787,57.1395385625114,56.03381361888,4.17387415484188,9.92245588428151
86.4623745316423,64.2705708758522,75.8173255774182,60.258721068037,59.8834354154652,4.40177372607429,10.3500979929818
84.7925583519278,63.5036926118481,75.5977008854774,60.3749237854992,60.3443070772051,4.41546642532722,10.1374932169381
81.5205541607464,61.6051630662649,74.6596257978543,59.8587469433574,60.1592683248293,4.37983859000796,9.72724688414318
80.8082765858414,61.1739278383899,74.4444387932768,59.7314340768802,60.0961169448407,4.37048698543168,9.63798747940202
77.5105822598153,58.7676200004981,73.5620606248147,59.3768995888056,60.0970559201129,4.33036913147641,9.21903063045591
78.0347870047151,57.9160640620431,74.855000933538,61.4173614858804,62.6689056675285,4.40864779566769,9.26225085100261
79.929001858703,58.7246990631271,76.3178827069814,63.2195961212974,64.7029739761019,4.48860124201816,9.49618337288458
80.1823841581333,58.8554923700661,76.5331305632614,63.4905085072481,65.0081769889435,4.49999139098145,9.52864328953942
81.0157531464234,59.4547340220428,77.5644650734993,64.8868039706582,66.6051364021468,4.55046509121668,9.64671391033387
80.7155958482974,59.4986786084331,77.7620226972022,65.2736704007981,67.0801279159149,4.55514244602792,9.62270885420399
80.5471695189209,59.5115605478239,77.8478783346282,65.4516671113486,67.3005825865058,4.55676248194749,9.60841196147754
79.6348338249657,59.3656399285503,77.8815869198905,65.7356994201786,67.6959409032748,4.54743131325975,9.51573045781264
79.5638920062999,59.3532537590856,77.8821290430051,65.7545072478682,67.7228333590679,4.54661846761981,9.50845024548772
78.9405735481824,59.2375442717121,77.872589099731,65.8926297967609,67.9276105472901,4.5383072279263,9.44354378432729
78.7514820672753,59.2006102633358,77.8658864821998,65.9273072171603,67.9813423224408,4.53547455449665,9.42360327413359
78.6834582269259,59.1873236092931,77.8634752800521,65.9397820853969,68.0006718114109,4.53445552749335,9.41642986750842
78.3112386877508,59.1146203890754,77.85028142702,66.0080432962082,68.1064408100442,4.52887951532423,9.37717771569487
78.252914031195,59.1032282134816,77.8482140262907,66.0187394345289,68.1230142025459,4.52800578635386,9.37102712972973
77.5808786899962,58.9770746473542,77.8359894645642,66.154427604072,68.327878667681,4.51766667163269,9.29994966271447
77.3599558113055,58.9388647322064,77.8393712743112,66.2069744150446,68.4040958812784,4.51409441641221,9.27645084722078
77.2631955171549,58.9221294685204,77.8408524468716,66.2299889842758,68.4374776661381,4.51252983211942,9.26615878370597
77.2480572774484,58.919511220659,77.8410841777221,66.2335896354398,68.4427002780108,4.51228505142427,9.26454858061668
76.4600301941654,58.7832172878404,77.85314701923,66.4210229625446,68.7145654143113,4.49954289507168,9.18072881897027
75.9617717371939,58.7918240848056,78.0164679376744,66.7428017510304,69.1184831258529,4.49273909147659,9.12903409227266
75.9035949861754,58.7929713866498,78.0357711802365,66.7806780226521,69.1659931436215,4.49194655999697,9.12300016395682
75.6354518034681,58.7982594297712,78.1247419942916,66.9552540146747,69.3849721541698,4.48829369335143,9.09518911032269
75.5463322371479,58.8554136138837,78.2420220416331,67.1284312859536,69.5881105115632,4.48785109206183,9.08662639131358
75.531264503454,58.8745807214179,78.2768984864944,67.1774670374361,69.6448201768349,4.48790861165984,9.08529541326604
75.3464400734922,59.109689052637,78.7047013114937,67.7789513083698,70.340434512082,4.48861416082406,9.06896931778778
76.1946575109228,60.7883305854514,80.9998954259941,70.5872060254152,73.3949095757027,4.51692155902081,9.16462652665483
76.4461503866193,61.4759483709529,81.92312593853,71.7159325141368,74.5908659365075,4.52054872686963,9.18211878426888
76.467483355182,61.6011924025326,82.0944438326771,71.9297605380936,74.8171328610593,4.52024120356048,9.18168018789147
76.4737331896188,61.6378846453052,82.1446341506033,71.9924048786475,74.8834213765466,4.52015110968715,9.18155169406581
76.2289660399759,62.2424169345855,83.0412103734779,73.1929262440657,76.1787598507209,4.50636681325546,9.13116569017809
75.8426357976994,62.5255718490276,83.5316795227984,73.923665421191,77.0061752623091,4.49042267966881,9.07100022581382
75.780747686371,62.5619473673239,83.6002420022095,74.0305850688346,77.1317453415637,4.48792340610904,9.06175435063619
75.4590846492112,62.7413684935893,83.9501537303503,74.5800641286918,77.7831483699816,4.474807548992,9.01394507375474
75.0846117373265,62.9362094308482,84.3730488011133,75.2517309975307,78.6072872452348,4.45849286972375,8.95886647588044
74.8824319580469,64.2141987458713,86.3468640786747,77.9033703716781,81.8057276202978,4.42581490147791,8.91164953663954
74.6456419009168,66.1697044854412,88.6015857670342,80.5240327696203,84.734513803053,4.38246941552151,8.87114285948028
74.4028600847459,66.7236451271763,89.1583167527185,81.1506524007621,85.4024787103126,4.36640345035376,8.84416593959456
74.1312335709405,67.2311263679999,89.6449703881989,81.7014668303277,85.9830412068398,4.35195473234705,8.81854799016069
73.7238158176528,67.8931557809005,90.2720553283908,82.4263044184644,86.7449782066677,4.33586868886572,8.79050472534884
73.1943831190702,68.3786362576507,90.7706750187653,83.0257308573007,87.367378526457,4.32500666008357,8.76464209587776
73.1869428961679,68.3842972793739,90.7770374401102,83.0335005249183,87.3753615870679,4.32492264212016,8.76440174699651
72.9376626259387,68.5597289263362,90.9906085841826,83.2926665274348,87.6363627750992,4.32386136298357,8.76006209383874
72.7656945198965,68.6656484328971,91.1383688742309,83.4702321968612,87.8095568062735,4.32498958750633,8.76100728075859
72.6717647578537,68.7270416013752,91.2329183913291,83.5774266690035,87.9062981102708,4.32710229835834,8.76550192555998
72.4566810597565,68.8935130341221,91.4880145909362,83.8509043861874,88.1356647404379,4.33470809822579,8.78459332763035
72.4089763928848,68.9466926549469,91.5628683718625,83.9247189794357,88.1907192568909,4.33735542615387,8.79242241671633
72.4021024678078,68.9543554844591,91.5736543036289,83.9353551711723,88.1986522463879,4.33773688849341,8.79355053636011
72.3490270243293,69.0135222734628,91.6569354138269,84.0174800979089,88.2599050140488,4.34068226287771,8.80226105469132
71.9117766063579,69.3332416894053,91.9732796231309,84.2523911754744,88.3175772662634,4.34584460889165,8.83258329602453
71.6963766436045,69.6499383890268,92.1665363131134,84.3728824201832,88.3182844801637,4.34526163019116,8.86050400097759
71.2635259538,70.6760304938147,92.5243898827031,84.5728724469503,88.2853993634249,4.32734864580522,8.94964551642851
71.2593626229439,70.6870397599682,92.5266437713188,84.5740211297112,88.2849369199148,4.32704820511171,8.95062469319962
71.0781226330958,71.05415096453,92.5737786949821,84.5870495931107,88.2470973254015,4.31437671000357,8.98169022866294
70.4848501855476,71.6606747323185,92.4164116932711,84.4107127176,88.028058460316,4.27170288498057,9.02676646919255
70.4783130114937,71.666870231009,92.4138580851863,84.4082779064497,88.0255505039003,4.27118559490584,9.02728182167097
69.7320650729066,72.2409222919532,91.9212341723517,84.0196701984651,87.7170035840103,4.1951956855689,9.10284765779138
69.4168202231877,72.2703214817988,91.5433953907126,83.7606978551714,87.5432131747184,4.14284358943262,9.14819468786932
69.3144645701012,72.2216773584294,91.4268775504328,83.6748373149349,87.4759757227757,4.12780867557326,9.15428934699338
69.2232016086541,72.1395796429889,91.2925542368773,83.5799484009155,87.4018320310432,4.10808912247527,9.16440075982727
69.1381720589686,71.9934141374958,91.1050327224953,83.4549365331926,87.305164986656,4.07614103037811,9.18501190892278
69.1353605530068,71.9592858798579,91.0706840842837,83.4344990731787,87.2898514752677,4.06881750839566,9.19109912673163
69.133210185616,71.9331830391288,91.0444126864874,83.4188675759803,87.2781390065853,4.0632161463246,9.19575490724741
69.1791873497995,71.8134716038123,90.9383465118432,83.3681880459188,87.2446853378218,4.03389512191013,9.22687755858248
69.2108187121401,71.7696987899799,90.903389738334,83.3552326713545,87.2378302932105,4.02220978059354,9.24085074840244
69.4029665121316,71.5759257876126,90.7196409454335,83.293077904733,87.2002853971454,3.95546681137188,9.32939113189317
69.4989444540242,71.4762889165819,90.5510141804962,83.2111287548687,87.131282887981,3.91031171514397,9.3980517919196
69.5227673042794,71.4698678622671,90.5271693585746,83.2012126022019,87.122831105374,3.90423824919929,9.41083755696636
69.5482897377103,71.4629887134855,90.5016233859624,83.1905890057969,87.1137763509408,3.8977314866328,9.42453549125101
69.5733161376268,71.4562432623137,90.4765739043531,83.1801718810779,87.1048975774412,3.89135118427675,9.43796720348827
69.7047230470069,71.4484153883203,90.3904741946016,83.1510820042735,87.0741597592421,3.87150691005405,9.49667194471693
69.9903294108105,71.3380051165091,90.1578791674085,83.0455726002317,86.9168757658734,3.83976108577758,9.63295299474746
70.0106667711511,71.2938055910134,90.1062875973734,83.0127133684591,86.8700098244974,3.83546887948244,9.65102814031198
70.0359574963802,71.2542618701698,90.0696217429569,82.9912551996318,86.8352671352285,3.83331163082392,9.66597204108368
70.1399933035153,71.1041054240356,89.9357358763778,82.9157722600367,86.7092468848727,3.82593240359566,9.72300254354717
70.2371821937979,70.9934218391119,89.8507354405958,82.875502552375,86.6314867687096,3.82257449127764,9.76577157785969
70.5160955984988,70.7614345184055,89.6728085096269,82.816175870341,86.492906104559,3.815497095844,9.8733478766501
70.7359646152847,70.49869903785,89.3975612485557,82.6919655295453,86.2918101520756,3.79745924761082,9.99182456265232
70.7941361905454,70.4055821145869,89.2417511149506,82.6054003062645,86.174208389594,3.78404131228315,10.0449007833479
70.8784759640935,70.356780681989,89.0791320578153,82.5150360158375,86.0502604922337,3.76776158517772,10.1078797794676
70.8873783046446,70.3564075830457,89.065747431101,82.5075381367227,86.039775845023,3.7662576637826,10.1136716666546
71.0078309205847,70.3799323315776,88.9140471949846,82.4204140179283,85.9137533293448,3.74815816594913,10.1847411105519
71.0723249240617,70.4138624958194,88.8547738663334,82.384461405756,85.8581036992587,3.7401465515544,10.2173452062862
71.1626790099313,70.4664735499556,88.7800107464008,82.3375206403625,85.7831620094575,3.72976736535347,10.2606596234542
71.1912392130967,70.4869815631604,88.7627024077054,82.3253018550654,85.7617821549049,3.72713205068158,10.2725456815847
71.2534277263458,70.5316368075057,88.725014305697,82.2986960187226,85.7152285165987,3.72139377562664,10.2984270200069
71.4126673481341,70.6521939768616,88.560468101324,82.1601513025844,85.495289666247,3.70006322893555,10.3798918649386
71.4777882286339,70.7053740025828,88.4264076904852,82.033252579488,85.3045909845158,3.68505561059782,10.4276321853698
71.6189269349102,70.7750649722001,88.2415138089387,81.8491077234586,85.0168591637383,3.66653466811604,10.4996783071919
72.2832667173099,70.6789068167299,87.6428266033985,81.2961546646973,84.1805605478515,3.63015935653399,10.7294532396893
72.385817245176,70.6289932459465,87.5518401472343,81.2200279343881,84.0743422048063,3.62649865641274,10.7608057915843
72.4436710765801,70.5666429363949,87.4669395777838,81.1487506586121,83.9828215852945,3.62319399685845,10.7818438985486
72.5896466946234,70.2102310637867,87.0613774919004,80.8092058828326,83.5768710760633,3.60795832369022,10.8534665727976
72.7247935611393,69.8691443208829,86.7086888028158,80.5285621659351,83.2638279917966,3.59605812703823,10.9129543996029
72.9203076800008,69.4202578658527,86.2586529619527,80.1801502913344,82.8945327731606,3.58180388263767,10.9887967222106
73.0266292915666,69.2073275335033,86.0441045816504,80.014722123535,82.7235199882496,3.5752794953008,11.0256982981985
73.0924968743808,69.0837584588553,85.9189085054875,79.9181824411207,82.6246920714315,3.57154057190929,11.0474816672577
73.257252558994,68.7944723372294,85.6214452993432,79.6866174452476,82.3868270413078,3.56278402688599,11.0999271918582
73.4932299152593,68.4394236963957,85.2423843663003,79.3846310100196,82.0740909262412,3.55202602083162,11.1689303835624
73.5509092843221,68.240685371805,85.0285173312094,79.1954479200069,81.870804649144,3.5453153121995,11.1936226874019
73.5903227377591,68.1045676001651,84.8820356816687,79.0658497927512,81.7315371500613,3.54071823496061,11.2105175125153
73.9258729069303,67.3528651594942,84.0220732137123,78.2642638516816,80.8332390881964,3.5181294592897,11.3202943897599
74.3321443531081,66.8310472746813,83.3602686165202,77.6000391195993,80.0425074259707,3.50888145233968,11.4224230516835
74.3499614220452,66.8110429051108,83.334174660384,77.5733506052352,80.0102775879595,3.50865343642976,11.4266826819444
74.5896093091606,66.5742075046166,83.0182836070362,77.2440998955464,79.608429213437,3.50866839214504,11.4814777939876
74.802114995352,66.1403323089541,82.4923870988927,76.6897281607475,78.9483352470958,3.50797893229329,11.5431375252665
74.8751323023737,65.9531331775839,82.2747797048061,76.4600832384285,78.679582646785,3.50858573886957,11.5661676313812
75.0482807519076,65.5362709519017,81.8006039215652,75.9605973886963,78.1030639836652,3.51245923994573,11.6182700261014
75.3028410068487,65.0114480920171,81.219373650393,75.3472136340056,77.4123739570721,3.52207327215652,11.6883581482377
75.3981919263924,64.841364552648,81.0321462355317,75.1474333524418,77.1902625216539,3.52620624692392,11.7129926785944
75.4605948711242,64.7300524252156,80.9096142025131,75.01668602532,77.0449004454932,3.52891109546889,11.7291148853198
75.6794774752516,64.3865463721222,80.5263794451078,74.5992626047729,76.5790469853258,3.53844138428082,11.7834573380644
75.9385940706776,63.8778294770899,79.9587185951944,73.957158094964,75.8527070043195,3.55054217090251,11.8546579735639
76.2388958643336,63.2370255808377,79.2139031402672,73.0490173865917,74.7750021086287,3.56360650271627,11.9450785155008
76.7522418248393,62.9106422088892,78.6612415934347,72.219448825064,73.6131302486425,3.57312742885646,12.068434067452
76.8397592754465,62.8838693915947,78.5933134538777,72.105386321502,73.4398716765346,3.57408629635812,12.0883900619424
76.8624252443812,62.8840463294765,78.5820280186545,72.0827647240826,73.4008583514785,3.57409270614017,12.0933127560976
77.1809176028185,62.9026228626242,78.4377217841446,71.7805526836098,72.8659168122925,3.57363534434937,12.161928418011
77.2174150194758,62.9045600663901,78.420334797824,71.7443420536006,72.80168271685,3.57350177027407,12.1698990725456
77.3868568541219,62.8970567940721,78.2663874845815,71.4402647682974,72.2509020802481,3.56589205376639,12.2161773612156
77.4635254547475,62.8982485572262,78.2047769916833,71.3158587094946,72.0175094547767,3.56226640930898,12.2363667474562
77.6328609378829,62.9152039229706,78.0938286098592,71.0822502448039,71.5514332194526,3.55368892717772,12.2786148520253
77.8737356570863,62.9261624268897,77.9531889651773,70.8040804622666,70.9770085253591,3.54185260483859,12.3339429790888
78.5387520777843,62.7995596833608,77.5320441234198,70.1433056128147,69.6746136475182,3.51447678410453,12.4682218300908
78.9071043275666,62.386490333546,76.9191740529618,69.3394515252698,68.3676436913236,3.4859351468777,12.5512409778759
79.1572926853954,62.2350847831123,76.6177611108403,68.9091755808431,67.6626583915364,3.47197502361056,12.6033885437092
79.2206582624653,62.2046209412543,76.5484079295994,68.8073057400368,67.4944086508129,3.46870499175631,12.6164172271335
79.2794584039408,62.2039492545119,76.5057707129525,68.7338258869581,67.3662990230223,3.46623078915031,12.6283358194667
79.653234422262,62.2516134053567,76.2707623624701,68.3005927949908,66.5952909015852,3.45112536642135,12.7043953637239
79.7302365845591,62.2817217348176,76.2358578222954,68.2238995712806,66.4522989507249,3.44820639800841,12.7202522760154
79.7853758991604,62.303281553409,76.2108635576632,68.1689814798428,66.3499060057903,3.4461161980344,12.7316070126795
79.9138666707276,62.35352225273,76.1526195919816,68.0410062231159,66.1113004193259,3.44124541918392,12.7580668786654
80.058546887878,62.4480688032011,76.0161250158709,67.7585370587466,65.6156535587452,3.42872818993182,12.7980607038282
80.2796280289777,62.6208873163546,75.8203213732963,67.3493010355209,64.8998874679553,3.41020959412316,12.8597458843543
81.6243947629102,63.2736833190095,73.9891278405485,64.7545855752965,61.1388808759029,3.32040826123347,13.2083861881293
81.7136555126129,63.2512674405068,73.7013876655127,64.433420089327,60.7500052239425,3.31210537860206,13.2323959915752
81.9329808471678,63.1945460641476,73.0179646900967,63.6988391680975,59.8858662155441,3.29504849690592,13.283650487525
82.1772636805436,63.180028322849,72.3676433060949,63.0155941403572,59.0898053217431,3.28073290716507,13.3299316809473
82.4121722050126,63.2062062067134,71.8213526023378,62.4419652565104,58.415440472651,3.26909797262589,13.3693390337307
82.5167951533891,63.2302005952985,71.6019913179633,62.2113089607027,58.1417752935276,3.26452112187733,13.3854335226649
82.845562353183,63.3429262684232,70.9839528546009,61.5538062714982,57.3477555257484,3.25129062230101,13.4328848924112
83.5058227625065,63.6875573720863,69.6338708214452,60.0632111524283,55.4855573112421,3.21631521980682,13.5184626370369
83.6925124827128,63.7995747368723,69.267379952392,59.6404042387123,54.9427810802109,3.20506044503981,13.5412103906722
84.4917906356914,64.0384479855973,67.8346541668547,57.9777204505674,52.8548098008214,3.16107121472156,13.644454199727
84.9439523038329,63.8408794500673,66.9572694195594,56.9945578588134,51.7209319960606,3.13775438490829,13.711445442425
85.2240082048323,62.8038639732866,65.3209163655831,55.2689814326575,49.9350746908971,3.09969479904765,13.7770028315753
85.3259603846906,62.1186476537959,64.4089307383639,54.3350621460847,49.0141273668397,3.08177321222648,13.8113011771327
85.3731362893553,61.7793439705631,63.9650110397519,53.8829111577468,48.5713810886744,3.07350259510017,13.828321400585
85.4641277733435,61.245014946797,63.2106296289376,53.1095985835225,47.7957083038098,3.06031503116361,13.8603502852299
85.543654252447,60.8965687009575,62.6537546151837,52.5308487335084,47.1933633668964,3.05062573620702,13.886090757532
85.6337524280606,60.555918977069,62.047438236988,51.8938175368919,46.5113009755141,3.03995714952125,13.9148672278447
85.6475249686537,59.9826722509385,60.5640803010425,50.2903412580518,44.6353933866334,3.00813691841658,13.9561176009896
85.65600114827,59.9273612199068,60.3666547389118,50.0747982907543,44.3732347732723,3.00386769147034,13.9624421988701
85.6604268523662,59.9140988779566,60.3098407655613,50.012796449244,44.2963423439667,3.00266346449575,13.9644736193806
85.80124541034,59.755346787781,59.355549093789,48.976920018826,42.9714081315732,2.98351049759791,14.0053526889091
85.9012708121326,59.6752277481533,58.9042801882985,48.4968971971609,42.3507753004926,2.97538256850138,14.0276085398711
85.906609547505,59.6709514908907,58.8801942538756,48.4712765570869,42.3176497704854,2.97494875007332,14.0287964191162
86.0453345179193,59.5293419196071,58.3683420127485,47.9428038033769,41.6453658727704,2.96686902709958,14.0555739289106
86.1467016536979,59.4192232587865,58.0191693831505,47.5865539586028,41.1951879381965,2.96166079021473,14.0742494847058
86.2074510325847,59.265489645182,57.6932833080239,47.2624681263092,40.8008701629403,2.9566035785289,14.0864035689596
86.2291562727477,59.1571775215307,57.505886309713,47.0793903187343,40.5842169075556,2.95361878811002,14.0913313289043
86.2600711969663,59.0029078120289,57.2389754643119,46.8186313266775,40.2756361721391,2.94936753039922,14.0983499715969
86.4468799285943,58.1675758452731,56.0408231622698,45.6804886043167,38.9764604182497,2.93203068583452,14.1332731296476
86.5309770804701,57.8454952247987,55.6482118534325,45.3172679663242,38.5778548090274,2.92684513648236,14.1464422067689
86.8751156404087,56.7450587402417,54.4432598542632,44.221231247882,37.4103494342639,2.91169490207257,14.1934042173105
87.0503756834959,56.2647366195953,53.9480944175441,43.7745220756986,36.942574827577,2.9055361311959,14.2152411670015
87.159506727893,56.0395101175999,53.7190916157044,43.5679677936056,36.7264368737729,2.90250870243512,14.2272384431455
87.2630481405405,55.8307938674493,53.5071606255997,43.3768153197252,36.5264295588735,2.89969072056388,14.2385134593651
87.4578139344872,55.4351093472625,53.1048665544808,43.0138360514943,36.1465609843699,2.89427156111351,14.2595922361988
87.6060571675862,55.0162833080437,52.6595253465427,42.6071857693296,35.7181571289161,2.88562391768359,14.2706703796991
87.7062117984238,54.7333201908327,52.3586483125938,42.3324487169948,35.4287231419784,2.879781482132,14.2781548857332
88.0632354661829,54.2008738576574,51.6326551548502,41.6804799019185,34.7224325777858,2.8643603012927,14.2992799071036
88.446221578359,53.981163907321,51.0875991695948,41.208907685239,34.1944605986892,2.85303626778121,14.316792022133
88.9429148329271,53.9473906853411,50.5530478522754,40.7716532289188,33.6969635595234,2.84437235277859,14.3317789304577
89.2792012697006,53.9108698557338,50.1183684681407,40.4228879639117,33.3157820842095,2.83831038560021,14.3260652318721
89.6648468061566,53.7095633132831,49.5149439542175,39.9358166785423,32.813529160167,2.83075289002508,14.2925606391381
90.0619258407435,53.4320030534092,49.1347947874292,39.6173495648185,32.4911824625468,2.82770933072128,14.2605244228155
90.0741481417363,53.423283011139,49.1237810870846,39.6080537008738,32.4817762029953,2.82762694103565,14.2595501641444
90.5045940273485,53.1062667488646,48.9246226684478,39.4131465797922,32.2658844991914,2.82628189997701,14.2304674266114
90.7784926169561,52.9194607420877,48.8788595468591,39.3464196418243,32.1712949483069,2.82560147933603,14.2144359565746
91.3451356195303,52.418119877453,48.8066453221159,39.2010564333584,31.9350807014347,2.82058241796953,14.1619997311446
91.3527634744604,52.4096504434516,48.8057265120014,39.1987999507996,31.9311677756225,2.82046179068427,14.1610054274053
91.3910261113589,52.3671663006745,48.8011176018798,39.1874810448157,31.9115398643765,2.81985670340112,14.1560178282319
93.8764452833588,52.034967958953,48.7895420752374,39.2874691970897,31.1071445995404,2.78741515732057,13.8894272343708
93.8891840358283,52.0530933723262,48.7821027354789,39.2841323662629,31.0936128092474,2.78707505232049,13.886341083624
94.0282143274966,52.3534711187594,48.7400174919669,39.2370467971405,30.9112065944581,2.78352447489889,13.8504473897211
94.3494500688333,53.5187942439898,49.3659565227392,39.1479801304193,30.2412854172016,2.77058434013126,13.7367634219343
94.4695981239164,54.7740989331917,51.3460912651869,39.2860120078785,29.4195206365111,2.74635441704031,13.5592186743318
94.5415452507119,55.0436474654562,51.8304995466596,39.3688869515599,29.2900544768555,2.74306897599722,13.5262653541725
94.5505537807537,55.0700556426208,51.8745649551669,39.3774787948676,29.2788565283144,2.74288107800184,13.5232710496976
94.6639343249196,55.9909256888996,53.2438164889871,39.5028888176365,28.6882168062604,2.73292110215289,13.3635785075216
94.8951425820273,57.4135955843967,54.1797532312875,38.9486285356159,27.4616713421747,2.74100343163656,13.1258768450941
94.9642765149917,57.9273290360761,55.2679626002562,38.8490312893657,26.8686716638214,2.75109909749906,13.0164776902216
95.0273057374806,58.1137743252434,55.8347514434903,38.930688247964,26.7136971619869,2.75788229038621,12.9834625924672
95.2139662134077,58.6506951516313,57.6859838261598,39.3475394677652,26.3527662469669,2.78405779484234,12.8876724275265
95.1844047333849,58.9668963567145,58.9899291411838,39.6882730875161,26.1100819960273,2.80651068818824,12.7955668694417
95.183184654606,59.0059097991562,59.1292124629311,39.7281066388838,26.0873681012388,2.80935896695974,12.7856247042806
95.233609304975,59.6041013964913,60.5371684810547,40.1447463178072,25.8676388540623,2.8493422920031,12.6742707999074
95.3118817316597,60.0420336469417,61.0933744548558,40.2981879139051,25.7661437634076,2.87442004264328,12.6186101950854
95.3858379241149,60.3928450805355,61.3893986579845,40.3667095669115,25.6965820914562,2.89249508214251,12.5820796978999
95.3670542504578,60.9128769372292,61.6411210397594,40.3477279040084,25.527016657558,2.91693183248478,12.5080201105832
95.3619112580702,60.9781578559277,61.6686627002094,40.3427304810727,25.504289530528,2.91994831877147,12.4982914615655
95.6703063165591,64.8352568354215,64.1642507826748,41.4453746956244,25.15436272838,3.06276508414457,12.1874368517486
95.6805575591323,65.4959448681983,65.0432092512317,41.9560909257122,25.21334152447,3.08678886517434,12.1426863054249
95.6831935503659,65.6469621065863,65.2458896758526,42.0739968172128,25.2274489924592,3.09228236172936,12.1325722053427
95.6858185299619,65.7020865291123,65.3247595417506,42.1192945964278,25.2345080088534,3.09424770251288,12.129420614686
95.786192565299,66.8716245720151,67.0831836186987,43.1007221205538,25.4201303688752,3.13396363351952,12.0764921703507
95.7917555422632,66.9175529246832,67.1533579950493,43.1382856928072,25.4280631904702,3.13541271397026,12.0748946046445
95.9547078949416,68.7463783700773,69.8123319022182,44.3634651367397,25.6528391664943,3.1768030412863,12.014965810236
95.9537522465825,69.3909918565965,70.6123696810736,44.6219561846992,25.6586854116305,3.17977303725457,11.9916143164563
95.9782083558428,69.9859817290755,71.2727953575986,44.8146572272771,25.6510183426595,3.17802670794466,11.9762108634175
96.0093733786809,70.4584453796316,71.7648757041161,44.951938653178,25.6402937513069,3.17471514303869,11.9666625446569
96.0624077710965,70.9231074570497,72.2173061659418,45.0967616801486,25.6319561083282,3.16845699219763,11.96153035119
96.0985737817767,71.2384565690298,72.5241097620787,45.1951237897008,25.6263147859015,3.16418654985633,11.9580803298847
96.1270817021516,71.449412045192,72.7316602257979,45.27349021868,25.6262123153138,3.16084656751884,11.9564154512393
96.1933797665549,71.8944063958228,73.1727739202462,45.4567483052843,25.6312404469868,3.1531108620445,11.9538220648105
96.2215651838467,72.5468321643891,73.8571115871821,45.7669399144417,25.6292945740607,3.13789453153132,11.9398190493418
96.210181879768,72.7372053676931,74.0674789619282,45.8692442059103,25.6260796042018,3.13235372805628,11.9328350609432
96.2004498777675,72.8999623653604,74.2473297062901,45.9567078774718,25.6233310091645,3.12761669299772,11.9268641944359
96.1855545813983,73.9024530341348,75.5337751328231,46.7477042468515,25.7113999986856,3.09968828564413,11.8944715198926
96.2612885422508,74.9238521864969,77.1217955589091,47.8783970749419,25.967856779589,3.07915839218065,11.8693035497396
96.2683503576889,74.9646684476755,77.1940248175818,47.9317195546028,25.9839174114887,3.07884436245813,11.8686609701829
96.294590508287,75.1055759641047,77.4469874792964,48.1188452717676,26.0418621474576,3.07801070762811,11.8666154158669
96.2512964055835,76.221701240114,79.6571664477503,49.6723776805464,26.5280914671791,3.07581975833713,11.8153644798325
96.4201752872107,77.5427866691522,81.5288481708276,50.7638148679557,26.8467273719201,3.09269787640856,11.8213468548406
96.3637179569227,78.1602819766402,82.3301117851923,51.187536961761,26.8674852588577,3.09685683173043,11.8132523525788
96.345357892341,78.4896156559593,82.7692933932284,51.4281838297159,26.8703583612589,3.09984696740899,11.8106426283492
96.4382188888703,80.1458985029134,85.8977312347849,53.0791536161487,27.0118752080784,3.1648693114389,11.7743675748586
96.425392039827,80.1715907570499,86.0333515349453,53.1306243014547,27.0201128497194,3.16987196341602,11.7671312038863
96.4040235427036,80.2191689396304,86.3682776123208,53.2437788083226,27.0492952635519,3.18357205272875,11.7484739348817
96.4010781687074,80.3570937703234,87.3390695205385,53.5322754128855,27.1704142542982,3.22454798420271,11.6977731147432
96.4817694434823,80.561404144553,88.2992941273433,53.8048816353243,27.3344050737181,3.26115148195627,11.6599200830375
96.4936341582932,81.0740449938457,90.5111894077744,54.5042616054739,27.7072848789606,3.32521436993385,11.571759610354
96.6554169166968,81.7540858138376,93.913433373163,56.1383001648188,28.5032350231076,3.41707997818094,11.5234243566882
96.664233437661,81.7140425787181,96.9578117246735,58.282440581887,29.6130007600781,3.53677134749953,11.5261296973509
96.7962698824827,84.0778410392505,101.596075216178,61.4201156218564,30.8213872169397,3.67632813589083,11.5610809081643
96.9422387984901,85.2989451982142,103.400044050778,62.3650060459993,31.0340173978845,3.72471665500754,11.579472700008
96.9327260169737,86.0516636451086,104.803197233926,63.0317460351214,31.143658223825,3.76499181751888,11.579468021085
96.9153643465648,86.4570662942186,105.880185890018,63.5279776109394,31.2362363479867,3.79542061645126,11.5782859510662
96.9858864725825,86.8492398053316,107.23395906871,64.1945952078848,31.4317342684582,3.82350479663355,11.5849735043701
97.022493079758,86.9684233613412,107.660279167915,64.4143922701739,31.5074136257721,3.82982816306375,11.5880261851202
97.1168595611272,87.2308177838438,108.466922748374,64.8558698668173,31.6794884910754,3.83431910611014,11.5941490949312
97.1014335789198,88.2393075390665,110.928907584426,66.231689484769,32.1837572500689,3.80277018187125,11.558783289791
97.259854557942,90.9998162977043,115.13533080453,68.6181416602644,32.9916738198651,3.78008071323652,11.4962377445439
97.3079942445439,92.6013243104593,118.347178664955,70.2757908658602,33.4812570225918,3.8735516164638,11.4684924769926
97.3069885085332,93.7969450194583,122.046313356855,72.224283806031,34.1422490232039,4.00551067754387,11.4889569206437
97.3158839638938,93.9999352625403,122.569991727116,72.52188783933,34.2509305884643,4.02146971303222,11.4968133999643
97.3389104227572,94.1943652601656,122.980877496577,72.768499406226,34.3461806154745,4.03357602649157,11.5056116138361
97.3683189894915,95.3731851851726,125.130298476989,74.1108185579062,34.860578699,4.09875374351973,11.5454515392113
97.3496121976168,95.5226980373065,125.384700710838,74.271004865079,34.9188395041401,4.10711575142243,11.5479900707549
97.3077226274795,95.9772780266479,126.151152749587,74.7536775756501,35.0979701974817,4.13295857935648,11.5569113218927
97.3046329336186,96.3853800708354,126.859119023779,75.1943394604949,35.2715570941532,4.15767980249795,11.5679052086681
97.3561790068002,97.1262147816179,128.246527838273,76.0402705260063,35.6239400156578,4.20553359523025,11.5933537558273
97.3475130967395,99.9593235838847,134.957763210583,79.9053960370525,37.0218809561884,4.45630185363478,11.7285837080304
97.3443183283028,99.9673911128534,134.962914312589,79.911426392425,37.0229388778576,4.45754331508731,11.7292514096458
97.3330497014258,99.9958470011501,134.981083343509,79.9326967367316,37.0266703922981,4.46192221332924,11.7316065350696
97.2915210924169,100.120445060507,135.041308790942,80.0211852772889,37.0508205423845,4.48080602509125,11.7426150893793
97.1950119173409,101.096779636251,135.519031982072,80.9833789640152,37.9451902043307,4.60087493464457,11.8389231839584
97.1071326466793,101.808270486032,136.678434492208,82.2292437420031,39.0981127478956,4.65837038744216,11.8941715654405
97.4039571803087,104.212329081671,139.972421100145,86.880131610715,43.5917802936318,4.80792129999363,12.0741230745826
97.5911832748586,104.622508608046,139.634816192095,87.9810430210851,45.1991146833394,4.85254497034484,12.1091243679943
97.5610137540763,104.636406589578,139.401437325946,88.2360025352723,45.6531415592982,4.86140220790812,12.1059409030045
97.6737535769431,105.1406102033,139.903270771303,90.7725825369825,48.65542705233,4.9021172584248,12.0948776905952
97.6206469168936,105.494193144019,141.003843971454,92.1199910589803,49.7846480612986,4.91111288205036,12.0789005882004
97.6371244277561,106.072623359635,142.810870316446,93.9783505828022,51.3182228245294,4.93098653875755,12.0683482937942
97.7494785525785,106.357824674913,143.618079188389,94.8745407366219,52.2658005665597,4.9529424835336,12.0707383185807
97.7254343982111,106.271791463793,143.686104452292,95.6527328077952,53.9004289806179,4.99886146508797,12.0311976235116
97.6560307794509,105.987994683513,142.149551911162,96.8414559690364,57.2608501547977,5.11402891402185,11.8894769520238
96.8356802424,106.614197062438,142.031121516769,99.6054695519327,61.7545302232782,5.27236418320845,11.6895752679722
96.3748057499273,106.488524110493,141.36602630391,99.7443429832316,63.0868978155692,5.33996586322684,11.6320658073148
96.21311483579,106.428752906206,140.958538734026,99.6972551145289,63.6733979582301,5.37736625152066,11.6130668438353
96.1984409466217,106.423312917019,140.92116410651,99.6927934449813,63.7269362109049,5.38079463903626,11.611344316984
96.1152369318685,106.402708782146,140.668232092144,99.6628700850286,64.0881058699884,5.40605593919775,11.60147230895
95.9667270333669,106.354327009751,140.285059879806,99.6027848753644,64.579790859867,5.44176773007971,11.5833079725068
95.9523661505627,106.347581681395,140.259015866878,99.5964150262717,64.6047264729969,5.44369794742054,11.5814896184182
95.4986424932328,106.171242921435,139.482488771467,99.4660418645756,65.4526029914417,5.50972407063323,11.5232958338586
94.7768422030534,106.227475667357,138.829986035058,100.168173902275,67.7720738770392,5.66756559430153,11.4416270819953
94.7586062948846,106.222210687838,138.818926895005,100.180247135711,67.8100952021113,5.66971285326099,11.4397328216635
94.347930135927,106.104390643509,138.562628993532,100.461148190581,68.6992740316838,5.7195304239944,11.3970215811276
94.085599773636,106.033196751244,138.374362343106,100.66875171143,69.3709856119587,5.75610485889654,11.3694302449782
94.0333831025906,106.023475720944,138.325478405549,100.719216633207,69.5397213362036,5.76526115959272,11.3635746209866
93.6803093939348,106.006538836424,137.918104770964,101.132936923562,70.9102278076842,5.84036562426717,11.320644055996
93.5320214568539,106.10635672042,137.612431234297,101.453116723746,71.8773185420526,5.89491272222567,11.2956836557344
93.2915678988814,106.105989413752,137.222395192034,101.623193603909,72.5368529104857,5.93192864729743,11.2559807002151
92.8899985748766,106.345856950278,136.473637974209,102.438595504951,74.2659460082895,6.02929194241193,11.182439666379
92.5608556796148,106.464512736342,136.013474453393,103.624999487635,76.0769456482223,6.12420817719693,11.1467638026456
92.3869351426872,106.3580488904,135.826473357112,103.921422361216,76.5755045771664,6.14948310980967,11.1291191566873
91.9652276089646,105.895944332681,135.275710151725,104.707236088386,78.1279654492781,6.23575438034658,11.0775548280021
91.9282251147036,105.830730229541,135.203554862254,104.784024567531,78.3256856635028,6.24792414403162,11.070605166779
91.4402799908022,104.983512935286,133.967440980844,104.939252587334,80.3285913165824,6.3815965453748,10.9348287067499
91.3878795956194,104.912186291973,133.791844105273,104.877316199148,80.5300129232222,6.39399182666294,10.9159725025778
91.2981815315891,104.945188332729,133.164057860517,104.616316049791,81.4895243513204,6.42512236306413,10.8707261123746
91.098327379277,105.24315255815,132.765150214199,104.492757602364,82.38355102488,6.38662025512356,10.8709410009811
91.0404549163716,105.320432621649,132.713284803038,104.500252123166,82.5731959727391,6.37083294703919,10.8737605577718
90.8091940057606,106.072891668379,132.664575847811,105.001998501976,84.2728265545604,6.24008919805251,10.908510170504
90.5309157542298,106.585901085964,132.250568822278,105.53698578662,86.2424516056759,6.13356151421781,10.8873028972486
90.5230675738343,106.675301658732,132.135132335506,105.621359097905,86.6161173692072,6.12580754506461,10.8910040253772
90.6878883986893,107.04979940479,131.711633837786,105.906122087479,87.9361158806777,6.14905634711549,11.000701517911
90.6800765606181,107.05571357316,131.669459507034,105.906319738814,87.9987097605794,6.15152383300539,11.0104079602513
90.6560950996372,107.073869402393,131.53998907279,105.9069265061,88.1908659054981,6.15909873612677,11.0402056424515
90.5125539419946,107.614459252061,130.846048601722,106.353762779318,90.4408380499895,6.26704768439663,11.5733475462581
89.7710952590818,109.238529378434,130.547450149445,110.37384610382,97.7579492835346,6.51029586299375,14.0059840712974
89.8002005228783,109.263118359051,130.258422333786,110.918073201701,98.9955396562037,6.57403802942561,14.3385297155428
90.1084324080594,110.249245604423,130.384986470437,112.034182711262,101.303323489873,6.68572952180763,14.6270103647351
90.1030026505404,110.303450647657,130.381040979568,112.084550270868,101.413535070034,6.69059974697796,14.6373669674594
90.2506020581565,110.986417536526,130.222582673736,113.064640833971,103.329254851727,6.78330886547624,14.8785684742281
90.1797321579509,109.608108538437,128.358931260918,113.229744297664,105.389117298457,6.90402547042647,15.1108947856502
90.1740613465707,108.28859549678,126.804991462237,112.532906506603,105.870885163511,6.96650598995124,15.1999910509202
90.0454203022344,107.395205288254,125.641101886838,111.734550899144,105.727431637067,6.99416666814163,15.2423112724579
89.9990757704052,106.391463037585,124.185851433955,110.60778674018,105.328075240446,7.0289367064936,15.3191715534927
90.0050677683228,106.019630209601,123.636347556519,110.164457993108,105.146054941837,7.04186616161061,15.351676725639
89.8682395302381,105.434463230573,122.851347522037,109.506439204531,104.804697978238,7.04985079671584,15.3671504740069
89.3551214606259,101.989866763592,118.445572849159,105.248179235133,102.422661346801,7.1153186960814,15.5736666338383
89.4652879491218,100.930427197158,116.913044290143,103.39445019016,101.43600582582,7.15790358583389,15.8221026427437
89.5039117829578,100.707362678525,116.586584837706,103.024206335397,101.275533525584,7.16634071330203,15.8803736370621
89.4726012687341,100.491269184953,116.297150229479,102.719256914543,101.130372303435,7.16921571263483,15.913074791748
89.4151988045108,100.003721435683,115.644849848147,102.055167000593,100.83318438514,7.17577522114115,15.9879757852317
89.4017260843606,99.8514575993822,115.439683913163,101.851387289937,100.745757781483,7.17798147316904,16.0128220812101
89.121991086898,98.3247994683957,113.197066887364,99.4515072575318,99.3534358440725,7.19843273920769,16.4077959044216
89.113312669737,98.3067509285441,113.165945292795,99.4033786438174,99.3111701083546,7.19847588031941,16.4194864687226
89.1021741710671,97.4553922845494,112.257395900271,97.7361208798137,97.8533228426396,7.17806219913049,16.9019580238851
89.1164379825977,97.413068039945,112.225901201998,97.6879877057348,97.8167335325595,7.17681158620288,16.9143693462554
90.5751952368347,95.2045913026651,110.493024920445,94.9186114175204,95.1283443148658,7.09337683978258,17.6750438867936
91.351313758775,94.1135977683682,109.683259167873,93.3591087645644,93.4612748935658,7.00684637102442,18.1767394511603
91.4704340858831,94.0175314588328,109.573193650052,93.1696187172219,93.2831303660593,7.00089195157444,18.2374735214612
92.7053306744792,92.6509584214527,108.588142223421,90.8236649361612,90.5054459535047,6.8461106875021,19.0666836771314
92.7250541700011,92.6495601519456,108.641565141239,90.8479710596254,90.4933071146274,6.84046929842161,19.0821853047012
93.1135853640079,92.8591114306644,109.485283487173,91.3371457273192,90.5076325299363,6.77713053347799,19.298126934417
NaN,NaN,NaN,NaN,NaN,NaN,NaN
NaN,NaN,NaN,NaN,NaN,NaN,NaN
NaN,NaN,NaN,NaN,NaN,NaN,NaN
NaN,NaN,NaN,NaN,NaN,NaN,NaN
NaN,NaN,NaN,NaN,NaN,NaN,NaN
NaN,NaN,NaN,NaN,NaN,NaN,NaN
NaN,NaN,NaN,NaN,NaN,NaN,NaN
NaN,NaN,NaN,NaN,NaN,NaN,NaN
NaN,NaN,NaN,NaN,NaN,NaN,NaN
NaN,NaN,NaN,NaN,NaN,NaN,NaN
NaN,NaN,NaN,NaN,NaN,NaN,NaN
NaN,NaN,NaN,NaN,NaN,NaN,NaN
NaN,NaN,NaN,NaN,NaN,NaN,NaN
NaN,NaN,NaN,NaN,NaN,NaN,NaN
NaN,NaN,NaN,NaN,NaN,NaN,NaN
NaN,NaN,NaN,NaN,NaN,NaN,NaN
NaN,NaN,NaN,NaN,NaN,NaN,NaN
NaN,NaN,NaN,NaN,NaN,NaN,NaN
NaN,NaN,NaN,NaN,NaN,NaN,NaN
NaN,NaN,NaN,NaN,NaN,NaN,NaN
NaN,NaN,NaN,NaN,NaN,NaN,NaN
NaN,NaN,NaN,NaN,NaN,NaN,NaN
NaN,NaN,NaN,NaN,NaN,NaN,NaN
NaN,NaN,NaN,NaN,NaN,NaN,NaN
NaN,NaN,NaN,NaN,NaN,NaN,NaN
NaN,NaN,NaN,NaN,NaN,NaN,NaN
NaN,NaN,NaN,NaN,NaN,NaN,NaN
NaN,NaN,NaN,NaN,NaN,NaN,NaN
NaN,NaN,NaN,NaN,NaN,NaN,NaN
NaN,NaN,NaN,NaN,NaN,NaN,NaN
NaN,NaN,NaN,NaN,NaN,NaN,NaN
NaN,NaN,NaN,NaN,NaN,NaN,NaN
NaN,NaN,NaN,NaN,NaN,NaN,NaN
NaN,NaN,NaN,NaN,NaN,NaN,NaN
NaN,NaN,NaN,NaN,NaN,NaN,NaN
NaN,NaN,NaN,NaN,NaN,NaN,NaN
NaN,NaN,NaN,NaN,NaN,NaN,NaN
NaN,NaN,NaN,NaN,NaN,NaN,NaN
NaN,NaN,NaN,NaN,NaN,NaN,NaN
NaN,NaN,NaN,NaN,NaN,NaN,NaN
NaN,NaN,NaN,NaN,NaN,NaN,NaN
NaN,NaN,NaN,NaN,NaN,NaN,NaN
NaN,NaN,NaN,NaN,NaN,NaN,NaN
NaN,NaN,NaN,NaN,NaN,NaN,NaN
NaN,NaN,NaN,NaN,NaN,NaN,NaN
NaN,NaN,NaN,NaN,NaN,NaN,NaN
NaN,NaN,NaN,NaN,NaN,NaN,NaN
NaN,NaN,NaN,NaN,NaN,NaN,NaN
NaN,NaN,NaN,NaN,NaN,NaN,NaN
NaN,NaN,NaN,NaN,NaN,NaN,NaN
NaN,NaN,NaN,NaN,NaN,NaN,NaN
NaN,NaN,NaN,NaN,NaN,NaN,NaN
NaN,NaN,NaN,NaN,NaN,NaN,NaN
NaN,NaN,NaN,NaN,NaN,NaN,NaN
NaN,NaN,NaN,NaN,NaN,NaN,NaN
NaN,NaN,NaN,NaN,NaN,NaN,NaN
NaN,NaN,NaN,NaN,NaN,NaN,NaN
NaN,NaN,NaN,NaN,NaN,NaN,NaN
NaN,NaN,NaN,NaN,NaN,NaN,NaN
NaN,NaN,NaN,NaN,NaN,NaN,NaN
NaN,NaN,NaN,NaN,NaN,NaN,NaN
NaN,NaN,NaN,NaN,NaN,NaN,NaN
NaN,NaN,NaN,NaN,NaN,NaN,NaN
NaN,NaN,NaN,NaN,NaN,NaN,NaN
NaN,NaN,NaN,NaN,NaN,NaN,NaN
NaN,NaN,NaN,NaN,NaN,NaN,NaN
NaN,NaN,NaN,NaN,NaN,NaN,NaN
NaN,NaN,NaN,NaN,NaN,NaN,NaN
NaN,NaN,NaN,NaN,NaN,NaN,NaN
NaN,NaN,NaN,NaN,NaN,NaN,NaN
NaN,NaN,NaN,NaN,NaN,NaN,NaN
NaN,NaN,NaN,NaN,NaN,NaN,NaN
NaN,NaN,NaN,NaN,NaN,NaN,NaN
NaN,NaN,NaN,NaN,NaN,NaN,NaN
NaN,NaN,NaN,NaN,NaN,NaN,NaN
