NaN,NaN,NaN,NaN,NaN,NaN,NaN
118.323645630424,112.050748378959,147.55435152577,138.741462337348,129.847812987043,5.5649301463578,11.7238687275267
132.556230533356,122.88497301226,159.169647758922,151.135641523173,142.012203505942,6.02021271105416,13.1796466713492
136.06609114613,125.592915760832,162.068011733419,154.195915350847,144.957518085172,6.12346306382108,13.5627755869105
138.300137962102,127.377044131901,163.966323900518,156.149711285735,146.755861874492,6.17543294545942,13.84465717273
136.896861804022,126.37044919942,162.873800773511,154.933499635107,145.48661573446,6.11726192020415,13.738585815963
130.337986016096,121.557371870626,157.662653599361,149.236626017628,139.728703853377,5.87332989333908,13.168388067003
119.525934727066,113.584814987115,149.015696558154,139.836429402468,130.376827842328,5.48799399634792,12.1884595535585
105.137028147717,103.30671482641,137.545907008301,127.270201622401,118.411019948315,4.98417053831332,10.9338179168742
106.085159548165,104.116885355795,138.332238616078,128.078394520348,119.326710113896,5.01494780322192,11.041699439609
107.004824939939,104.852119037511,139.084691508698,128.869798357597,120.158986238437,5.04517550359962,11.1365697234124
110.530572805797,107.664097518687,141.96946416088,131.904933539217,123.334744686801,5.16069820665224,11.4984550481914
111.167074483246,108.166449736405,142.490307831826,132.453738869949,123.89625688846,5.18126775276007,11.5623487134497
118.360195320948,113.863531570832,148.392311333965,138.652843669824,130.190353628745,5.41116876813676,12.2838947863045
119.434945944635,114.719320843055,149.277793073844,139.578398878261,131.118994255172,5.44493506485262,12.3915853177233
117.279975691327,113.903171191182,148.031482969994,137.707837274005,128.74501654508,5.31347178777089,12.2533814811477
113.49973654086,111.349664678385,145.183044896268,134.455142592878,125.308178159128,5.16373933012674,11.9245839612105
111.44832418263,109.971947385678,143.639991508704,132.688140135872,123.453509552647,5.08157733019667,11.7499645522269
110.849882628032,109.597703748654,143.203431052509,132.166447154746,122.909641561535,5.05347251883451,11.7044406345285
109.808496852915,108.94773708038,142.444372243632,131.258329029266,121.963092348984,5.00437446541654,11.6254718437964
109.71612944979,108.944153020948,142.400729511362,131.157255925631,121.86375406916,4.98983105149146,11.6280087283009
109.717797693682,108.947800902291,142.40308732002,131.157721059079,121.864528751827,4.98941848259441,11.6285952387616
109.728118993272,108.970370070014,142.41767490499,131.16059880477,121.869321655269,4.98686594983391,11.6322239349048
109.745604108858,109.008604063986,142.442387452776,131.165473938526,121.877441221022,4.98254175306354,11.6383712394118
109.746502164038,109.010567804871,142.443656716994,131.165724330873,121.877858251041,4.98231965745934,11.6386869718775
110.297689797722,109.493825794427,142.900845124349,131.578466797105,122.327653652207,4.97824596430371,11.7039733660106
111.522858048536,110.440358168276,143.858523805003,132.537325215652,123.358765082563,4.99147418860637,11.8260682459539
113.365232303009,111.76716520799,145.235651364358,133.961034368635,124.899586780431,5.01582545760784,11.988799408416
113.730066335347,112.026418815223,145.505065895364,134.239839792388,125.202979181147,5.02025839984141,12.020168792459
114.466121664894,112.506308715253,146.007885338314,134.763668345547,125.793694053443,5.02438354016705,12.0728681506768
115.131592338409,112.940179162442,146.462486480273,135.237263911102,126.327761817295,5.02811309662925,12.1205138588174
116.413671804855,113.641158182921,147.195311219586,135.983842091343,127.258045306405,5.00879698966064,12.1714481715268
116.518806214829,113.484468428412,147.017858823344,135.752756886844,127.158856395126,4.95865371588907,12.1041246821771
116.490507207007,113.393836977615,146.918121977392,135.633148163802,127.076384977205,4.94191610887148,12.0777830366427
114.2934330747,111.362984588046,144.674791320963,133.027681993542,124.677423738435,4.74485635390345,11.6510470795836
112.300192769367,110.02379952058,143.020148336518,130.83328302274,122.645476125647,4.565798194404,11.2229243878387
112.299536945036,110.075758316433,143.046951478272,130.811687491195,122.641477586602,4.55576175226139,11.2012791861027
113.787443355843,111.826931053563,144.698884476148,132.154696909674,124.191174345161,4.49791294909741,11.1628957751544
114.303798920749,112.507089800578,145.393183225466,132.746036404181,124.913662296678,4.42528314301066,11.1088888616119
114.293414264593,112.60082617606,145.502156465148,132.81485620457,125.032173781885,4.37413164598127,11.0581503832569
114.262351527927,112.597451926678,145.503069648344,132.806971236789,125.034077326765,4.36018699740362,11.0433459924961
114.258969029417,112.597084496286,145.50316908713,132.806112623072,125.034284608493,4.3586685300016,11.0417339056334
114.251231632779,112.596244006728,145.503396551331,132.804148561636,125.034758761234,4.35519506666257,11.0380462896796
113.490185895065,112.245549849486,145.217378972753,132.405665494105,124.704500634006,4.1368290870983,10.802396051165
113.169083535183,112.072040653484,145.067432734184,132.217869219391,124.514617499415,4.05277112224128,10.7136251698567
112.775273380012,111.854441960935,144.869914534241,131.973583859863,124.245063362417,3.95008278460131,10.6044000976863
112.524403144508,111.738488427108,144.764987515306,131.827357523551,124.066410091009,3.86729583339344,10.5188861786331
112.437746232724,111.705981633748,144.735717938191,131.779995513915,124.002455795187,3.83292086253363,10.4840485710502
112.328195453374,111.698058782261,144.728699691013,131.732355164897,123.914655641152,3.76486822016524,10.4162891091374
112.542524696094,112.143823485084,145.120784384452,131.964089903199,123.988380991427,3.5804106291756,10.2333029534463
112.717080963662,112.398431056207,145.327731453459,132.090319958411,124.050345636567,3.51242072565172,10.1543872200943
112.741039811984,112.579372051522,145.436344882144,132.082159951866,123.960901196327,3.4059356185154,10.014229133545
112.739774082964,112.582739532194,145.437901096551,132.080656352093,123.957274227615,3.40296736260572,10.0102899478991
112.618412515098,112.62082246403,145.450167399681,132.020182421386,123.832635341669,3.31239655952052,9.90021778129023
112.459292579309,112.662957846684,145.501283859527,132.010081798757,123.739739865358,3.21076386372325,9.79536633528145
112.15169145814,112.875678250641,145.824017713694,132.225051983951,123.718179280436,2.99409287800502,9.621015569424
112.093657215376,112.908925978919,145.880778700631,132.265594205791,123.716813929643,2.96142946010643,9.5976234452266
112.066805508017,112.924309280701,145.907041288684,132.284352577137,123.716182199165,2.94631651131977,9.58680020633273
112.016521371241,112.953116985198,145.956222204893,132.319480641725,123.714999182333,2.91801508624815,9.56653195234002
111.98338959227,112.984237573043,146.005054482806,132.356129617628,123.720887162324,2.89810730469031,9.55375023649312
111.747071694509,113.285862020914,146.458554931858,132.700922095452,123.801889982535,2.74777316218984,9.46444786876224
111.453208243713,115.044319635574,148.712545278559,134.29155364981,124.33089491424,2.48570549926733,9.35734498206883
111.409187910926,115.546446311112,149.29186829159,134.63007325197,124.405459131468,2.49520813011142,9.37369348372711
111.522527963981,116.304338851419,150.103234353036,135.127891652133,124.604658021519,2.55539424833623,9.44573383578645
111.647793538911,116.698817626974,150.500486076919,135.390329021246,124.752277210234,2.59750678913877,9.50339487730831
111.712134758801,116.877648160269,150.676840167644,135.511181577721,124.826654798552,2.61641867140919,9.53299864848155
111.882778892865,117.296495874039,151.08002894778,135.79920281675,125.020548726159,2.66024004140166,9.61148234405418
111.909646732694,117.389618108388,151.166834880713,135.858298384945,125.057421897164,2.67023890994755,9.63176300408394
111.912920624458,117.514216708509,151.27461553937,135.922789036972,125.088356400993,2.68437329660794,9.66725525037094
111.930932412661,117.849287739313,151.562108490685,136.103686199549,125.181955339083,2.71677129134091,9.76734432834165
111.950035512565,118.04312268338,151.726202670356,136.215376736575,125.245918477075,2.73022040755902,9.82962364779882
112.00407979549,118.35150357703,151.989163070746,136.404853752454,125.357281306791,2.74149547246774,9.92885361692279
112.052253122584,118.572385186803,152.178888920091,136.543140973398,125.437444824197,2.74676363063599,9.99827715376908
112.144348217163,118.902922190971,152.466423461872,136.753063178134,125.554303990355,2.75013401999785,10.0967163422759
112.296560229021,119.350937623707,152.860593936029,137.031785857297,125.694464564745,2.75425630386528,10.2176307225385
112.335141272497,119.461214576124,152.957797990067,137.10015568759,125.728222267043,2.75525282993461,10.24688392873
112.340820588514,119.567707899276,153.044542326503,137.142750854508,125.721225215786,2.75649657802749,10.278108791466
112.336323033276,119.699934328916,153.149641879445,137.187069948516,125.698055505682,2.75814378910979,10.3179670381257
112.335501283783,119.724093454454,153.168844646247,137.195167501772,125.69382216189,2.7584447514774,10.3252495487962
112.333299128988,119.788835975795,153.220304933482,137.216867625548,125.682477490064,2.75925128160107,10.3447654911993
112.357341115644,120.043849516645,153.425423153435,137.305636242292,125.641010321242,2.76779411501549,10.4119117360933
112.768389821317,121.260605365714,154.419892716558,137.803576451779,125.547630389528,2.84795159199024,10.6521940295465
112.998721019802,121.945903733534,154.934426232257,138.009890154519,125.338371003375,2.90547770740063,10.7559890187226
113.075878767031,122.176537227731,155.106311513183,138.070657998342,125.244599913831,2.91716669003226,10.7902608168957
113.093710963215,122.216515045846,155.138211154833,138.084757536546,125.234519818222,2.91822966050577,10.7962160904394
113.191316353028,122.419042599496,155.304084744105,138.162194737552,125.195076377128,2.92223490324824,10.8264979075094
113.289712482659,122.589977255307,155.453493772367,138.240795122131,125.187399639875,2.92257456550265,10.8523037098989
113.411508413927,122.788723798255,155.632379356498,138.338960741652,125.193134110104,2.92219691663488,10.8823592524557
113.444875445536,122.840600348957,155.680173720718,138.366028945301,125.197757305187,2.92193358653718,10.8902151877966
113.58958373849,123.140798793449,155.948440308687,138.480685897941,125.155435147933,2.91796198613108,10.939413396467
113.689403507305,123.527993174394,156.276891781139,138.576534992756,125.019394295058,2.91757041930081,11.0088808365425
113.723077710996,123.611775391986,156.347753712792,138.61690968222,125.021579438365,2.92125274670087,11.0218353966884
113.782497555588,123.759613374873,156.472793194199,138.68815287465,125.025435234836,2.9277504006279,11.0446943767463
113.881724261406,123.971661337803,156.64697495912,138.825736692497,125.081748222505,2.94390576524586,11.0710310369476
113.958489277122,124.461679530513,156.952038862093,139.233712079688,125.272602471976,3.02852066463446,11.0799609345057
113.929590629509,124.47934986541,156.945318242268,139.26219668282,125.285009762287,3.0402801321781,11.0689231362593
113.837028264375,124.560851030043,156.935080283696,139.405196120082,125.366661436662,3.0928292849403,11.006828799126
113.835553473385,124.562427361923,156.935043075554,139.408051908987,125.368429880701,3.09383256470662,11.0055411824721
113.834452441552,124.564903692433,156.935775778249,139.411952109876,125.370875261941,3.09514862035083,11.00367530029
113.833719819217,124.579782424292,156.944006282019,139.432550108168,125.383957981362,3.101797721861,10.9932235272847
113.832261464937,124.609399951967,156.960389880803,139.473552378408,125.410000375848,3.11503338938076,10.9724182813011
113.871335979006,124.77255541654,157.095143710073,139.633070351082,125.486540644396,3.17538826589787,10.8641289252868
113.847272607814,124.965858907095,157.382314597539,139.318640804891,124.903139059813,3.29354179264143,10.5683541286684
113.915947938365,125.042462186156,157.473209077747,139.300828044634,124.844130842294,3.31176777319736,10.5347750767838
114.050409387187,125.214856015335,157.642779891168,139.100889709253,124.508826931725,3.38480712501223,10.3896723350917
114.048376291129,125.2241345472,157.631298472002,139.032122442779,124.42030639766,3.40291207135297,10.3502250095948
114.046422108789,125.233052936979,157.620262699014,138.966024347159,124.335221748743,3.42031428225636,10.312308814487
114.060972846601,125.258898117158,157.606136970843,138.904735880182,124.257419874469,3.44507741045263,10.2598304718835
114.067827885439,125.270585518719,157.599992184654,138.878793370281,124.224533907758,3.4559262036291,10.2368804721258
114.124773766062,125.346270148564,157.594943166601,138.824122734369,124.150132354163,3.4993380218579,10.1444415166908
114.144555292422,125.370969909168,157.602427953567,138.822546541529,124.14363989423,3.50875517732126,10.1236692693578
114.180153978336,125.415419412399,157.615897519842,138.819710036761,124.131956112213,3.52570221939636,10.0862876894408
114.173344857494,125.42813986907,157.595473722745,138.777436243534,124.079096458902,3.54283306196142,10.0408447954738
114.038328812314,125.359556391663,157.466862948332,138.584509024529,123.856502699223,3.57414982978378,9.93415387215483
114.002918321236,125.394518984493,157.481804462838,138.337830750431,123.450537080946,3.64744125942244,9.71665802215766
114.086690906902,125.424296113825,157.596881042943,138.120770464049,123.010440377943,3.73055712838893,9.52037520263977
114.08396466371,125.41217200189,157.592636253944,138.084091285278,122.955495991351,3.74019729658851,9.49853873097615
114.082336762478,125.394462248269,157.587231728365,138.025793081579,122.86858632839,3.75634547753362,9.46256475286783
114.088277514668,125.393988142703,157.589109988244,138.012233060981,122.849351119786,3.76203108069323,9.45123780205865
114.137664777531,125.400443291433,157.608163113095,137.926647851781,122.730889620424,3.8015591574475,9.37371082638866
114.148586812916,125.406222954124,157.613816156846,137.91908310183,122.722041750052,3.80706159125395,9.36353025736732
114.19719307425,125.431944148508,157.638973859804,137.885417745498,122.682666131456,3.83154903577914,9.31822373884947
114.247039697877,125.469668385814,157.669634571179,137.867165486308,122.668238343716,3.85170131889972,9.2816807359942
114.256903144932,125.477518950458,157.675866887988,137.864107142739,122.666265956787,3.8555203032748,9.27478707586226
114.28358078736,125.498752354484,157.692723420841,137.855835247966,122.660931246422,3.86584950147778,9.25614180925383
114.241378609836,125.479889774884,157.63130366769,137.661459650212,122.494981524264,3.91137027252372,9.1519975082194
114.215239234153,125.465903786772,157.603087027381,137.595168983524,122.437329442604,3.92311106035638,9.12287842750754
114.169456995618,125.472740840059,157.55074616184,137.385917016897,122.250120246294,3.96604500123318,9.02118043918377
114.489103203954,125.870718630489,157.833995913558,137.181992672372,121.897883449453,4.07996625321228,8.82294105159935
114.509416654732,125.891678159418,157.852542700204,137.182260732732,121.887648863048,4.08408314800384,8.8175017681417
114.820915751729,126.195021350697,158.203433667774,137.029112141602,121.209278315848,4.18552917336045,8.70793310697911
114.845944414599,126.216286059268,158.231122233098,137.034581611007,121.185975757394,4.19016891054782,8.70529884356453
115.533715079286,126.755156520946,158.990206273268,137.201459114025,120.688610911454,4.30600169360297,8.63155159311825
115.546505257535,126.762537453556,158.997332743187,137.199090745869,120.681053420613,4.30781698312928,8.62913934405286
115.569239595165,126.775656943428,159.009999929688,137.194881009285,120.667620101305,4.31104363127957,8.62485160985283
115.606405656028,126.79710466568,159.030708227071,137.187998938267,120.645659331165,4.31631855080828,8.61784202845068
115.724210846009,126.85873078055,159.078388457276,137.179824831099,120.614843108995,4.32862202021754,8.60141058358242
115.854189018984,126.924668070833,159.125895043637,137.174955037836,120.591941714859,4.34092472245913,8.58500032401935
116.191229865317,127.015073343908,159.155949693064,137.101539208396,120.483207021207,4.37201775445303,8.53458675602682
116.299048828356,126.964053510549,159.094895193177,136.99277448956,120.341961336684,4.38736408336889,8.50075600551773
116.369725699767,126.939849599242,159.07686483525,136.951240011995,120.276576871974,4.39581182762431,8.48450892324521
116.373721105216,126.938481337785,159.075845568425,136.94889204335,120.272880649414,4.39628938361619,8.48359046605058
116.681536730646,126.887800472097,159.17964812392,136.974070588928,120.156923656582,4.42571926748086,8.44577926203835
116.763541589774,126.879461910314,159.232190451579,137.006404001301,120.145587476489,4.43291375311717,8.4391345216767
116.783495589528,126.877432912746,159.244975420717,137.014271594872,120.142829077327,4.43466436602157,8.43751767666352
117.004353187261,126.223698026159,159.4602050575,137.014734408751,119.675565259934,4.48404575341954,8.35558828621749
117.064914292201,126.002294933021,159.350314230603,136.891187990884,119.484505131806,4.49256192112921,8.33525749318625
117.089549900381,125.940003281176,159.308330351086,136.84931103811,119.427170639657,4.49497223480777,8.32958495258448
117.102116168317,125.910773490397,159.287041503547,136.828713105238,119.399707380873,4.49611157175392,8.32691659758664
117.253269127758,125.672485299934,158.984492035634,136.582091951034,119.131348687145,4.50483648291765,8.30466013529307
117.247964816516,125.588687762745,158.865884905948,136.484582782114,119.034629952587,4.50548461491668,8.29684289369388
117.245747265807,125.553654884858,158.816299330641,136.443817541008,118.994195164992,4.50575557668881,8.29357477294064
117.241139400895,125.480859810506,158.713265099401,136.359111147006,118.910175422771,4.50631861014589,8.28678392081626
117.317682991957,124.804936866992,157.630318262627,135.565243260706,118.110284349163,4.51265765521587,8.22691224314256
117.503377350011,124.403901588665,156.955650005451,135.228353664575,117.706029506976,4.51866946307027,8.19296499160886
117.584225332891,124.145708992335,156.672567224492,135.232454482626,117.608057172703,4.52079674427928,8.16746373280123
117.295060865928,123.483026647784,156.516598160058,135.720741031656,117.858864856298,4.50583148633168,8.08324554644808
117.294848091598,123.482342170087,156.518205584376,135.724011647994,117.861839742963,4.50576407809129,8.08304105335847
117.291239613909,123.383297520161,156.948504383308,136.530386939044,118.629681934921,4.48851162944182,8.03640535582144
117.1328375371,123.234482117078,157.158993671235,136.995263414059,119.136896777252,4.46410310935025,7.98466189650479
117.097156970165,123.215392657988,157.225228997043,137.121493311276,119.279078236533,4.4560300538728,7.97198991519878
117.048556550566,123.193003030702,157.32542424393,137.30684396439,119.486354794674,4.44425856546309,7.95418865452153
117.015113972869,123.356244185276,157.874097410786,138.057789511506,120.237610302314,4.40175920328541,7.92010410277203
117.023179177468,123.445678128106,158.078603810993,138.297456816099,120.449350818185,4.39001260005097,7.9158926230484
117.02850371741,123.49492781677,158.187547913694,138.422117882325,120.556772767429,4.38408261466552,7.91422839780932
116.886987219163,123.604940557291,158.5957686053,138.888291718547,120.919960430079,4.35243994987544,7.89563568874162
116.770036774209,123.638359936054,158.80898232752,139.1263330533,121.089885247239,4.33408931401868,7.88231531429637
116.63789882898,123.806482755713,159.933167534998,140.533932212786,122.462412256633,4.24368040441975,7.74080624595554
116.621968857856,123.756835027388,159.907773209908,140.541117202109,122.514827432004,4.23922545489588,7.7224071252677
116.628747143324,123.462123590429,159.660884275344,140.500697659974,122.824815633636,4.2229358226839,7.61390125660787
116.668805652299,123.328606233262,159.520525519023,140.461091107166,122.979670704584,4.21988573849888,7.56300542806028
116.74219330788,123.131503000135,159.32629902351,140.422897889138,123.270353277207,4.22256860542383,7.47790470016168
116.744192852687,123.123240726626,159.320390724759,140.423454610657,123.285724105577,4.22301638381865,7.47370858835502
116.748066396936,123.10723494275,159.308945091449,140.424533098837,123.315500674532,4.22388382595832,7.46557982590019
116.757730939352,123.067300307375,159.280388090032,140.42722394063,123.389793594713,4.22604810518546,7.44529845966409
116.171523464154,122.511577839658,158.928082271759,140.166434642613,123.437975095689,4.24162700196132,7.27858201098628
115.780973528564,122.312095139643,158.826888952494,140.039181213015,123.405018142713,4.25827125442386,7.17295727100836
114.859321674579,121.562834908932,155.982909116967,137.43954973691,122.38525750998,4.32365009235412,6.57010194144527
114.85683546927,121.541312863107,155.77264501546,137.263125391351,122.334342952688,4.32690138797901,6.53993041484806
114.854675846327,121.52261790505,155.590000735698,137.109875752939,122.29011641768,4.32972560068791,6.51372215245254
114.855129855108,121.493962366991,155.263418623643,136.837856856414,122.215368002637,4.33476902031564,6.468047727029
114.867245244653,121.473763606651,154.887114323462,136.529804233104,122.140875630325,4.34056286488595,6.41861043375819
114.868851263024,121.471086055092,154.837231352989,136.488968718056,122.131000907111,4.34133089803754,6.41205701664519
114.644278827481,121.189450183795,152.883656240978,134.853153664124,121.580453895251,4.36156012952064,6.17767764647384
114.385338217248,120.988072959631,151.439450624904,133.620577718218,121.13680937758,4.37563224300687,6.01342377125238
114.36914097735,120.977407031694,151.351539477917,133.54481666356,121.109744340779,4.37655707375922,6.00333231412219
114.276795169333,120.932298239501,150.845453585788,133.094898279003,120.948583604132,4.38301496297283,5.9401141059415
114.042268892299,120.789426383858,150.092188450559,132.348617440431,120.583729684655,4.3939346095789,5.81539109367796
113.858809376281,120.46016210104,150.19023632439,132.26358089322,120.189529025173,4.42763935809007,5.61918837459223
113.859641857687,120.445190315797,150.234348868471,132.303220327894,120.187073458985,4.43084068922993,5.60737142983139
113.821535541446,120.400582198256,150.246556304033,132.312993278946,120.156029330752,4.4331755739396,5.59297735811982
113.778493504927,120.350196214681,150.26034490758,132.324032071398,120.120964212081,4.43581288457091,5.57671889439548
113.616902556565,120.17334635243,150.355132064258,132.39727711637,120.005313002725,4.44666740024315,5.50496452372054
113.553582213489,120.108446725035,150.491851990617,132.455552748204,119.969530020304,4.44872764049013,5.44123193617096
113.579397696893,120.122797801087,150.58512140034,132.460211135171,119.99226234071,4.44201839339361,5.40972693802983
113.496400982122,120.047484844355,150.550586481712,132.348237432566,119.92608646192,4.43109968861477,5.38157555829284
113.4299654689,120.086111349827,150.990041348944,132.507696106747,120.778904160562,4.32866122013974,5.27602714508724
113.35204939149,120.195405682345,151.241469940752,133.030418651888,121.617305956044,4.2929616107693,5.28316383650264
113.377405652576,120.2696586716,151.333606103957,133.226970541501,121.925148277795,4.28026013645743,5.29380643172831
113.379159125865,120.2735805294,151.338071115407,133.236511507644,121.940267700974,4.27960943817234,5.29439241932584
113.329385913929,120.309509377579,151.305718433717,133.41755589427,122.568003079932,4.20320985169791,5.3217127465701
113.280360616066,120.248280281454,151.180789052941,133.251169913469,122.628699830205,4.14199478660133,5.33284752093136
113.372306437403,120.399296630373,151.29716283838,133.272973625293,122.947539482601,4.04711462455767,5.37520206964851
113.351416200158,120.450772422765,151.329882653801,133.309995267293,123.08710627251,4.02281403158191,5.38781847129608
113.362769409409,120.515317129338,151.369378516299,133.357794163354,123.221928432546,4.00687417210305,5.39890089887326
113.377941659933,120.562947818406,151.398049698548,133.393021140939,123.314211198854,3.99767863930492,5.4062320342151
113.419921679858,120.656431985615,151.448055208282,133.452997056872,123.482112022385,3.98243192740472,5.41935007401851
113.487689440317,120.780471035594,151.508207002632,133.523513485165,123.6918151991,3.96497217901002,5.43549904298733
113.629287522467,121.028582512417,151.56050794563,133.570193796247,124.082444506298,3.92179596255857,5.46680760413484
113.575878507722,121.06434506833,151.442101816643,133.428047979174,124.172654003023,3.88474970099373,5.47561142270918
113.571109283055,121.074301119206,151.424728602978,133.404363363497,124.186198543631,3.87738559117444,5.47768603041702
113.549790321079,121.121348992765,151.34540546446,133.295824931256,124.24931301499,3.84307718651453,5.48746167971447
113.563147611051,121.222099663675,151.309951957072,133.227335560774,124.341310755201,3.79339567706589,5.50703826494171
113.635571053533,121.545435892107,151.592921573099,133.66859659681,124.760822527453,3.64995560329432,5.59355900811463
113.631327028463,120.968795012114,151.595338821343,135.378499243212,126.514224693715,3.39051269270721,5.7812419197935
113.640004501532,119.787366156912,150.250527446682,134.923742918338,126.945816112252,3.28577462315471,5.81730001060013
113.922945369173,118.325954162957,148.368156736568,133.91380723104,127.057747885854,3.19002371750816,5.87645758947467
113.846794838342,117.504056094648,147.434072665994,133.391442864808,126.871350515297,3.15218169825538,5.91012195032354
113.830818583625,117.171174943162,147.122143341056,133.29790669866,126.859199020605,3.1386261082673,5.93798702698094
113.690623175028,116.107818133362,146.758252005309,134.151343226697,127.773082386036,3.09857872415672,6.1382046893052
113.7198530214,115.848698067607,146.513103908862,134.28190868419,128.069141910708,3.08118593830522,6.20259408109953
113.805723718637,115.729622776728,146.306238590201,134.283757339498,128.204347311157,3.06878043728811,6.24393467093211
113.896264427692,115.604011586671,146.023634486064,134.201913494818,128.274708371975,3.05330494910333,6.28649644745155
113.886418607206,115.556187842845,145.932582898913,134.150276267873,128.255069552534,3.04892483522601,6.29364778894589
113.846892495849,115.320552002364,145.437397785152,133.870854558949,128.15901829166,3.0229962855422,6.33805830874152
113.853131211773,115.227734056565,145.085362994796,133.696104180724,128.168514843123,2.99547406536688,6.39337282507739
113.916776897535,115.612196021666,145.289506562849,134.005337941021,128.797810473358,2.95586531976774,6.50635625058048
113.90337844602,115.724751077954,145.408751187646,134.116312949163,128.96881657807,2.94995681094388,6.5258482429725
113.593798183661,116.166030573797,145.993844460844,134.566121375285,129.660504727709,2.93112452075842,6.58388185634817
113.256596949971,116.967324166213,147.013876743297,135.282397174009,130.710578431087,2.92406375173981,6.66015567174917
112.704256960055,118.828117100811,148.427345202022,135.556417900506,131.857657343682,2.9637266092157,6.85516040949672
112.656525001267,118.946762527065,148.415449902995,135.417180207644,131.804284733082,2.96942211486905,6.87312932421384
112.650420863185,119.043716836974,148.333234825964,135.199484256069,131.684436789361,2.97592876743096,6.89296425843101
112.867179401017,119.395218010215,147.575006925072,133.726946567782,130.855598780371,3.00838488385635,7.00355797284248
112.91983042003,119.413021363609,147.459565610061,133.536232972785,130.755692108022,3.01129377016078,7.01608270551065
113.028072400145,119.335867220982,146.875270255492,132.672134840489,130.302276801809,3.01747995359105,7.05457323903065
113.209530072291,119.060625078511,145.807222183436,131.184253113003,129.729649944282,3.01861139912236,7.11336917166128
113.349371467382,118.953382057766,145.361231917215,130.568308529659,129.650556804367,3.01682059541106,7.14544825077163
113.587860916163,118.874697567479,144.845711727099,129.853855112852,129.765234261145,3.01323913960662,7.19862541738866
113.810866658455,118.877465099163,144.491209957308,129.359799692114,130.001387233387,3.01062426558228,7.2524611113849
113.83257511658,118.875521726561,144.447284747953,129.299814482366,130.026284417693,3.01027926712559,7.25862613686513
113.884422529975,118.723415844266,143.511793198416,128.104760229229,130.224718059127,3.00529659045032,7.36755403549686
114.172597384335,118.833127625691,142.62993460379,126.893718921483,130.037012203766,3.02438103691086,7.54479097757328
114.254607992605,118.657918792684,141.637601700603,125.54836493085,129.217567694305,3.04020913867896,7.69724234752426
114.351844765921,118.59883358137,141.307954228734,125.100623036757,129.085630625003,3.03967516436978,7.75596319378642
114.780610787533,118.447134196866,140.342655187027,123.968827746568,129.705217408217,2.99743267458709,7.9285308664286
114.843684098701,118.326987388381,139.986103532094,123.606114804125,129.935735082891,2.97527876981814,7.96944415421867
115.068968264612,118.070296962845,139.274630539577,122.905427171325,130.375333195596,2.92485033033388,8.0548398477716
115.364134198383,117.786491652059,138.741305393585,122.37848722673,130.509951341901,2.88010290149365,8.1248226935121
115.625390025599,113.434712534887,138.674351333027,121.476161959137,130.197966725499,2.53087128202663,8.40148980349172
115.483367877783,113.033355055371,138.886881187742,121.572995722722,131.320755901417,2.46058357915514,8.46615656022133
115.200079131443,112.911973967719,138.187026606146,120.835321018065,131.186295321176,2.4250934935781,8.49595034200595
115.062397903342,113.122922995162,137.145706742456,119.758168594531,130.352725414257,2.41322514791603,8.52645094835832
115.066970062215,113.228054724022,136.89807740945,119.496793146756,130.103930403769,2.41365043310178,8.53565994495069
115.116974683963,113.937827205868,135.416515677202,117.904220837311,128.56322654118,2.4192415640718,8.59565818031708
114.97064143853,114.307393580726,134.357998104689,116.732722711872,127.445436587026,2.41972566091442,8.62484078093357
114.887688304992,114.787004960364,132.37458131401,114.508226269071,125.667731351447,2.40149072766916,8.69170370061278
114.88929515017,114.684070596907,131.874915502036,113.968189889203,125.287948836966,2.39000634129642,8.70021231792925
114.447515972136,111.788176051489,127.972001628822,110.068570918483,122.077799171687,2.28047418057567,8.61935836249945
114.446417629239,111.520535490446,127.643408273535,109.755721885937,121.822494645768,2.27138153518183,8.61410567198466
114.176138208277,109.886980348237,125.63923680965,107.86765728293,120.278217387568,2.21706802159611,8.57323344950634
113.945194543686,107.822853577341,123.016998792841,105.646752761145,118.751776447703,2.13982374320983,8.5604474066472
113.650542658416,105.077179413456,120.104320952164,103.6090481068,117.697126946456,2.05359746745074,8.55156097441691
113.653325249658,104.919644160701,119.94777637963,103.496209038851,117.648032844073,2.05011025177117,8.55147265818221
113.674594996775,104.417092234644,119.442868214074,103.122389605294,117.490033732913,2.03998492977292,8.55247896351186
113.677043988044,104.384319825749,119.409469436874,103.096825092683,117.479611667697,2.03941025950091,8.55265495802927
113.710031554605,103.94288010583,118.959592624342,102.752474717853,117.339227920974,2.03166953208788,8.55502557932596
113.251430553453,99.1278522180173,114.208211273602,99.3061132918819,115.76880774155,2.0239756322591,8.59107678292496
113.227979918042,98.9807834504614,114.084751439846,99.2549972893717,115.758662495286,2.02640554857082,8.59145268507893
113.218102734961,98.9171550066183,114.031552274476,99.2335548854135,115.755034407757,2.02749094905175,8.59160759948829
113.179654547617,98.6694732223137,113.824467778824,99.1500876095954,115.740911617091,2.03171600802797,8.59221062346637
113.116122099901,98.1421392497873,113.382808500989,98.9841217697267,115.743835486404,2.04211566200123,8.59256192881715
113.104331320045,96.5374186881358,111.903610235994,98.32221304601,115.946582638431,2.0841782309061,8.5812777010465
112.880148014955,95.6376933103034,110.914927830802,97.5392401442395,115.757538559596,2.10083025456362,8.54713643817094
112.795376226776,95.3014326297384,110.517780339046,97.1800077984596,115.654962986633,2.10789351001755,8.53390858398568
112.743174589668,95.0943665951779,110.273220802334,96.9587960373893,115.591797953183,2.11224299356547,8.52576300090031
112.56067616319,94.2812980278576,109.251361633075,95.874818141061,115.214501547705,2.13900295036589,8.50297236905309
112.152127170222,93.456037934507,108.406292274011,94.7307905078506,114.526560534523,2.18933839242034,8.50426392152759
111.8496669096,93.2853519971066,108.532749011384,94.7409953750187,114.375309028231,2.21602927595609,8.52446128044857
111.334260839051,93.1451507815957,109.165870130014,95.6145635855848,115.327669834651,2.20699533507517,8.55916846324579
111.027964251004,92.6190663249913,108.298458741655,94.8125616574545,115.355296226021,2.13283895178792,8.56676881402012
110.960119445534,92.5604210711333,108.199858621834,94.7068612835027,115.299164457084,2.12356564463328,8.57139035728139
110.918607400652,92.529224131103,108.145602074143,94.6486162183581,115.269545317377,2.1174813606173,8.57563974976679
110.525061458955,92.4111699898499,108.067856725995,94.689776285569,115.478251654313,2.07932774028617,8.61204518338995
110.324883441179,91.5558020059048,107.669915336301,95.0416862422141,115.643182672856,2.10235316159536,8.59517266117973
111.038352023108,89.3092259512619,106.137820562406,94.8829518073684,114.929370005096,2.0171293170621,8.58302139443444
111.09261651337,88.8041967416492,105.821997354372,94.8756981537852,114.856115784663,1.98643693862859,8.57055300001685
111.152342427269,88.3994902392386,105.599330826322,94.9273758805735,114.846646640664,1.96018325216689,8.56145015992903
111.57529817612,88.0326919354606,106.104793876663,96.1361283859938,114.986729400338,1.97411778609425,8.57733126470182
111.565384101217,88.5215671591335,106.952764276643,96.8096435412944,114.241768432215,2.08551671636089,8.54752650617356
112.266557179481,90.0377911838939,108.627860917699,97.3198273179014,110.469772351328,2.42205183899607,8.45304250758951
112.619469890863,90.1231032334395,108.691923208389,97.1136866931856,109.050107947565,2.51917139964297,8.5839133330808
112.923908910466,90.202822717126,108.822940001815,97.1977848509438,108.5757641034,2.58307713612983,8.78744287033791
113.040499851233,90.2334246165658,108.920918772802,97.2941695600076,108.338263100501,2.62600722803783,8.92944783284933
114.211071767421,91.2507083866758,111.08549187786,99.398418403066,103.805860511774,3.06408520961479,9.58623769354628
114.233379946791,92.8708316720165,113.207041132277,101.34907002487,104.614513457645,3.14950811204901,11.5762548268495
114.678156883381,94.7943272721741,115.511661664884,103.37413442077,104.896365168756,3.18158384561367,13.5685904660303
115.731647320664,96.4176265091462,117.467747452889,105.193819731576,103.184183510669,3.09859541761701,14.7942508605021
115.891035990535,96.7665434964993,118.481157066293,106.39178938505,103.413914642628,3.07697081881418,15.3034681557942
115.967178258264,96.5376538017817,120.344708618023,108.700745554518,105.850205856831,3.1230489652088,16.2638139859441
115.915860880786,96.3737814268071,120.577456655361,109.000172573466,106.165485206443,3.12942253338559,16.4027142831138
115.906716991353,96.133021451904,120.995536455924,109.526663618331,106.645282708311,3.13774795820631,16.6385987386526
116.076868652061,96.1102482149982,121.680614321655,110.347184340938,107.234470499562,3.14652309020807,16.9885257999638
116.201861567639,96.2832088847293,122.033982650253,110.753949686091,107.49984338664,3.15140276812573,17.1579071107774
NaN,NaN,NaN,NaN,NaN,NaN,NaN
NaN,NaN,NaN,NaN,NaN,NaN,NaN
NaN,NaN,NaN,NaN,NaN,NaN,NaN
NaN,NaN,NaN,NaN,NaN,NaN,NaN
NaN,NaN,NaN,NaN,NaN,NaN,NaN
NaN,NaN,NaN,NaN,NaN,NaN,NaN
NaN,NaN,NaN,NaN,NaN,NaN,NaN
NaN,NaN,NaN,NaN,NaN,NaN,NaN
NaN,NaN,NaN,NaN,NaN,NaN,NaN
NaN,NaN,NaN,NaN,NaN,NaN,NaN
NaN,NaN,NaN,NaN,NaN,NaN,NaN
NaN,NaN,NaN,NaN,NaN,NaN,NaN
NaN,NaN,NaN,NaN,NaN,NaN,NaN
NaN,NaN,NaN,NaN,NaN,NaN,NaN
NaN,NaN,NaN,NaN,NaN,NaN,NaN
NaN,NaN,NaN,NaN,NaN,NaN,NaN
NaN,NaN,NaN,NaN,NaN,NaN,NaN
NaN,NaN,NaN,NaN,NaN,NaN,NaN
NaN,NaN,NaN,NaN,NaN,NaN,NaN
NaN,NaN,NaN,NaN,NaN,NaN,NaN
NaN,NaN,NaN,NaN,NaN,NaN,NaN
NaN,NaN,NaN,NaN,NaN,NaN,NaN
NaN,NaN,NaN,NaN,NaN,NaN,NaN
NaN,NaN,NaN,NaN,NaN,NaN,NaN
NaN,NaN,NaN,NaN,NaN,NaN,NaN
NaN,NaN,NaN,NaN,NaN,NaN,NaN
NaN,NaN,NaN,NaN,NaN,NaN,NaN
NaN,NaN,NaN,NaN,NaN,NaN,NaN
NaN,NaN,NaN,NaN,NaN,NaN,NaN
NaN,NaN,NaN,NaN,NaN,NaN,NaN
NaN,NaN,NaN,NaN,NaN,NaN,NaN
NaN,NaN,NaN,NaN,NaN,NaN,NaN
NaN,NaN,NaN,NaN,NaN,NaN,NaN
NaN,NaN,NaN,NaN,NaN,NaN,NaN
NaN,NaN,NaN,NaN,NaN,NaN,NaN
NaN,NaN,NaN,NaN,NaN,NaN,NaN
NaN,NaN,NaN,NaN,NaN,NaN,NaN
NaN,NaN,NaN,NaN,NaN,NaN,NaN
NaN,NaN,NaN,NaN,NaN,NaN,NaN
NaN,NaN,NaN,NaN,NaN,NaN,NaN
NaN,NaN,NaN,NaN,NaN,NaN,NaN
NaN,NaN,NaN,NaN,NaN,NaN,NaN
NaN,NaN,NaN,NaN,NaN,NaN,NaN
NaN,NaN,NaN,NaN,NaN,NaN,NaN
NaN,NaN,NaN,NaN,NaN,NaN,NaN
NaN,NaN,NaN,NaN,NaN,NaN,NaN
NaN,NaN,NaN,NaN,NaN,NaN,NaN
NaN,NaN,NaN,NaN,NaN,NaN,NaN
NaN,NaN,NaN,NaN,NaN,NaN,NaN
NaN,NaN,NaN,NaN,NaN,NaN,NaN
NaN,NaN,NaN,NaN,NaN,NaN,NaN
NaN,NaN,NaN,NaN,NaN,NaN,NaN
NaN,NaN,NaN,NaN,NaN,NaN,NaN
NaN,NaN,NaN,NaN,NaN,NaN,NaN
NaN,NaN,NaN,NaN,NaN,NaN,NaN
NaN,NaN,NaN,NaN,NaN,NaN,NaN
NaN,NaN,NaN,NaN,NaN,NaN,NaN
NaN,NaN,NaN,NaN,NaN,NaN,NaN
NaN,NaN,NaN,NaN,NaN,NaN,NaN
NaN,NaN,NaN,NaN,NaN,NaN,NaN
NaN,NaN,NaN,NaN,NaN,NaN,NaN
NaN,NaN,NaN,NaN,NaN,NaN,NaN
NaN,NaN,NaN,NaN,NaN,NaN,NaN
NaN,NaN,NaN,NaN,NaN,NaN,NaN
NaN,NaN,NaN,NaN,NaN,NaN,NaN
NaN,NaN,NaN,NaN,NaN,NaN,NaN
NaN,NaN,NaN,NaN,NaN,NaN,NaN
NaN,NaN,NaN,NaN,NaN,NaN,NaN
NaN,NaN,NaN,NaN,NaN,NaN,NaN
NaN,NaN,NaN,NaN,NaN,NaN,NaN
NaN,NaN,NaN,NaN,NaN,NaN,NaN
NaN,NaN,NaN,NaN,NaN,NaN,NaN
