NaN,NaN,NaN,NaN,NaN,NaN,NaN
113.850964142982,167.857619044809,200.052942657648,160.760234325929,146.392620024277,12.5405129124567,30.7693661235363
117.37044509793,171.697963504346,204.155691001047,164.65628665261,150.52516217737,12.7691932969052,31.5646341539404
115.550853294187,169.685297871966,202.263581872484,163.096711679588,149.282523301109,12.614551404702,31.202679762523
114.637227349787,168.674728613872,201.313544624606,162.313641457653,148.658588243512,12.5369049542634,31.0209406922503
114.336013007834,168.341552924258,201.000325799983,162.055470175358,148.452882408485,12.511305610662,30.9610229383874
111.740118896534,165.4702256476,198.204497470171,159.654743377281,146.342231859868,12.3060022870092,30.4264089755654
111.259970014926,164.939131561516,197.685712305441,159.207677273082,145.946038523417,12.2682911931875,30.3272113082023
110.938831030338,164.583918788857,197.338732134494,158.908665111968,145.681051702367,12.2430688031301,30.2608647240684
110.824044650548,164.456953237537,197.21470920488,158.801787637931,145.586336082838,12.2340534328908,30.2371501189608
108.7917396799,162.209014749347,195.018870144612,156.909510678482,143.909386041198,12.0744353511708,29.8172805322956
100.542621040188,153.05680015959,186.069257854813,149.203557390638,137.07217636444,11.4319912054226,28.1117975759124
93.0481356933489,144.689714258316,177.901766001498,142.211882165033,130.914691735413,10.853402538673,26.5675169209612
89.322592190967,139.691749247936,173.792944911232,140.24446139995,131.094809558066,10.5135620656368,25.9423058085153
97.1658596446951,148.780534052453,181.9028550952,148.944823770609,138.770133392472,10.7415382457731,27.1939609880236
95.9112978811176,147.512919542314,180.420334098544,147.695979495199,137.406842434731,10.6010763867962,26.8635670778414
94.448393757609,146.025421192951,178.690544731066,146.231033210315,135.822451610394,10.4403212404053,26.4821425362913
89.7860060736588,141.298053184456,172.902504513659,141.464850385609,130.647652381888,9.88710579946338,25.2096847335424
89.649103211821,141.162798759405,172.715715285995,141.321868448484,130.488079160165,9.86733118050778,25.1673487944519
89.3368975339847,140.889976464699,172.170201139385,140.990150490602,130.079653533697,9.79354102926196,25.0297440299033
90.6582476060062,142.47703803617,173.094675168745,142.379128169727,131.350374998803,9.76605138059677,25.1231274433571
94.9104391752013,147.404521511522,177.289394900192,147.565717937346,136.760337751247,9.88911180808304,25.692694864438
94.9409132780246,147.444350130243,177.321647197255,147.622596264407,136.825857424557,9.88803724668855,25.6930376828934
95.0507459449037,147.587897700375,177.437888709596,147.827593221497,137.061998927865,9.88416438636624,25.694273245608
95.2104892170593,147.796676738655,177.606953160721,148.125745726011,137.405448809417,9.87853160517222,25.6960702777351
94.8753560755482,147.574135721145,177.314619995516,148.374267027031,137.841632969753,9.78747690104476,25.5052541555834
94.7417005069254,147.465063652612,177.193095441695,148.390669838996,137.904820775505,9.76063017060291,25.4466417011913
94.3697228575707,147.117076240247,176.844839824124,148.255248091398,137.837136882374,9.70642397123354,25.3216307071973
92.9091736398062,145.737707839973,175.497133047808,147.670100176329,137.479468595668,9.49770736906671,24.8419299111657
90.1866380236386,143.347406628423,173.465804305927,147.26498093143,137.335376248467,9.02340538209382,23.8465655671468
90.1836528615996,143.379161939499,173.523529888366,147.390927233155,137.458190248976,9.00840777929777,23.8243326622887
90.5436817768456,144.032230718963,174.349702127438,148.641889335041,138.648217415371,8.93805153320192,23.7574736248767
91.7889822295696,146.276404447528,176.943305657813,152.338113317969,142.063112063745,8.8260558324697,23.6925210004789
91.791624413323,146.345653666968,177.031522420495,152.508466768483,142.216865037077,8.81478467778867,23.6730466387239
91.7936921082293,146.399846059197,177.100558251413,152.641780343457,142.337187569295,8.80596420529405,23.6578065788479
91.4889909442697,146.375524111125,177.16126117531,153.095856208854,142.737416251019,8.73341528823801,23.5021959054631
91.4077680260468,146.365654819301,177.173157392872,153.208396882467,142.836459873208,8.71463921745194,23.4617058619206
91.1134831690414,146.224885669124,177.089004268088,153.356501414497,142.963891029631,8.66233683599834,23.3431312763251
90.8440970057788,146.096026638939,177.011971125292,153.492075198521,143.080540559811,8.61445962609818,23.234588985026
90.1168644795055,145.728177667508,176.807158726963,153.816912885475,143.366238883088,8.48140884432473,22.9361995932633
90.0509952571231,145.694712347537,176.791525837863,153.845774056534,143.391147901646,8.46932144918664,22.9093355536207
89.6627097620638,145.497441181089,176.699373177424,154.015904713724,143.537981434097,8.39806874518598,22.7509775746643
89.4418089646918,145.412811745129,176.692146606324,154.177432644805,143.679118863375,8.35200742918239,22.6509440849322
89.1124985827917,145.391350017583,176.848335074619,154.660156550984,144.103651467439,8.26334673473187,22.4648595310735
89.0768409084986,145.435961511491,176.937615038344,154.818864625479,144.243201306358,8.24531372388556,22.4285573990928
89.0743048580508,145.439134376837,176.943964821286,154.830152284906,144.253126390888,8.24403117738925,22.4259755134289
89.037196295129,145.911416492649,177.678954158356,155.941607976001,145.22526657462,8.15328122290114,22.2434942728842
89.0502471007683,145.97116504374,177.759668577271,156.049937261134,145.319107136675,8.14768756351928,22.2310409245693
88.5276497658263,147.101344545232,179.757079820562,158.944091395169,147.814788457762,7.948548937141,21.5708510543688
88.5053369434003,147.111088161147,179.791148693523,158.991747447103,147.860366465887,7.9437823508217,21.5533419094193
88.312647182492,147.262712776918,180.241020015178,159.542625100476,148.416905896757,7.88844895211805,21.3654896172741
88.2960529082034,147.278880655337,180.286936664232,159.59648768329,148.472344107072,7.88303060963237,21.3476229542029
87.9472876655028,147.496904617285,181.052502578735,160.387052087738,149.322749633,7.77717379264597,21.0395419136666
86.4881394415969,148.594484225328,183.481977080403,162.057167371197,150.852580163626,7.26209183547036,19.9745237289853
86.1726733061437,148.659826232723,183.599504251851,162.034087995299,150.715987702965,7.17543932433043,19.8074068920014
85.9997768534394,148.698002842432,183.660308880362,162.014915018989,150.627680304149,7.12682774287393,19.7139678470895
85.362339988305,148.980658098122,183.992444446533,161.879239264034,150.022052820238,6.86413679607737,19.2089161562574
85.3354020806219,149.003118794903,184.01725921476,161.871100716608,149.979654221148,6.84657030972269,19.175015574358
85.2969339044322,149.059126126633,184.082022902272,161.857569961768,149.886832459395,6.80612717848901,19.0965530866081
85.2978155550592,149.092025958555,184.122427321954,161.855153917152,149.842860702286,6.78511857885074,19.0554285682515
85.2956908049988,149.239349270739,184.387108561484,161.684762638007,149.267351876391,6.56781622140887,18.6107105807263
85.4619692938876,149.289502342389,184.566941858002,161.592491725598,148.965078503201,6.44506768509684,18.3454434927657
85.7161529412344,149.390226222465,184.794410450376,161.588272243849,148.803803389408,6.35017802605624,18.1360247627428
85.7168342771871,149.390505685311,184.795007778346,161.588303196076,148.803461921057,6.3499511687767,18.1355214982114
86.6617863435676,149.920717099088,185.647787449253,161.807909536928,148.618795478369,6.10551922255035,17.5799532528972
86.8475167402278,150.046436523785,185.821840273382,161.86902213644,148.606210579098,6.06200739667861,17.4792124320419
87.0239991033276,150.166003804552,185.987730133014,161.847014127201,148.438182865331,5.97564232571517,17.2676285541181
87.314863817689,150.455786159033,186.292954530655,161.812595758579,148.107029079391,5.8105434135964,16.8607971122798
87.3528202441663,150.515122451668,186.337987297517,161.810926289163,148.057619140182,5.78523699683663,16.7988305902075
87.3844579294078,150.567157944345,186.376063577703,161.809900282952,148.015812346309,5.76371520268186,16.7462006867985
87.5440887460884,150.840957992484,186.564974298869,161.808353586678,147.811506733108,5.65497476295211,16.4820212549474
87.6309020761219,151.005698031068,186.663197165449,161.812622593799,147.709736834831,5.59562602332355,16.3402783047223
87.7079379424537,151.146013705215,186.742118361489,161.817594859587,147.632236004534,5.54597562825658,16.2232429624768
87.7175778623163,151.162639153853,186.750684674092,161.818405259898,147.624573448756,5.54024166289169,16.2099873918693
87.7791044712507,151.268750770057,186.805359004689,161.823577624786,147.575667329251,5.50364473577255,16.1253839594145
87.9466183547544,151.556945980877,186.742577982252,161.504329406778,147.034889347742,5.25880383990856,15.5568313115807
88.575809422715,151.79963495032,186.60395331535,161.105774376322,146.786845025827,4.98058635772869,14.943029370365
89.063375510784,151.8694812083,186.500809326743,160.86668220342,146.793822833376,4.84922876475787,14.6609735422007
89.3385503240316,151.766139105431,186.263743891738,160.527883224811,146.67509221684,4.75166160000173,14.4465654158476
89.4294575177092,151.740696592171,186.19951910176,160.432783128589,146.646802366606,4.7258255290257,14.3911505718091
89.4996316912774,151.721056701539,186.149941929955,160.359372319295,146.624964525394,4.70588183859101,14.348374079361
89.9673753918069,151.628146188398,185.877738256832,159.939185636505,146.51347185784,4.5953400075155,14.1193509805871
91.9132916590899,151.270029847349,184.879289181715,158.401409452753,146.019196529286,4.25630419817311,13.4970149697789
92.0664903897527,151.211911622384,184.765778597405,158.247748352894,145.947203554473,4.23023550630525,13.452302394479
92.4613629114564,151.073004932266,184.486835735316,157.869676913411,145.772751617115,4.16607381057801,13.34410394625
93.0035055869353,150.935389890916,184.163390196061,157.427654168151,145.588226813032,4.08856388347381,13.2183419436952
93.2109682376788,150.888689917841,184.046300404554,157.267155471129,145.523788255411,4.06009101250837,13.1727750410354
93.3904287912585,150.859498273749,183.956017265233,157.142108171436,145.479326593974,4.03700698768516,13.1363710816446
94.2173534269643,150.783991833626,183.594939849155,156.633286159695,145.332528532288,3.93775775630507,12.9820820677034
94.3147131694084,150.782225685474,183.558090787046,156.579826594673,145.321830401105,3.92660245545594,12.9647640155064
95.0595952460682,150.663601610769,183.112066452512,155.985728956677,145.117588973001,3.82337631890239,12.7937322093958
95.3203575526367,150.556792579841,182.850529797804,155.656594955963,144.968082764141,3.77550553357596,12.7087817630887
95.9868904511738,150.349317893063,182.210488445366,154.780971146604,144.615106578558,3.6483563156262,12.4893190092596
96.9442178032816,150.054516967758,181.335243116527,153.261238609135,144.053940042687,3.42333754358812,12.1472311584084
96.9813159948875,149.974637202988,181.216709563407,153.067215614388,143.952168213892,3.3991921168514,12.1102609711694
97.1074863320264,149.763380151402,180.925588749787,152.544045358819,143.689974405436,3.32898750163508,12.010064418811
97.2697833427622,149.6012670043,180.716987939012,152.105115172324,143.493332214362,3.26079671685935,11.9187219793666
97.3082122005299,149.570845248098,180.679151520791,152.018000160473,143.45683188886,3.24626339973814,11.8997049336705
97.3130544547294,149.567011934144,180.674383917337,152.007023174519,143.452232640672,3.24443211929029,11.8973086779727
97.549737821838,149.490393669375,180.581556314592,151.6916746963,143.358804808214,3.1762679418735,11.8089073176014
97.9442928545235,149.50262525532,180.586966363523,151.42970635271,143.35843699718,3.08763930484727,11.6890485034442
98.0178962286121,149.441752952838,180.520192159888,151.274985820046,143.288829692648,3.05167801094419,11.6272204737257
98.0675396183005,149.399185445308,180.473530254919,151.168083595512,143.240219173433,3.02697008170854,11.5846143669941
98.2072110765447,149.336483359967,180.395089940425,150.952242171175,143.154561612406,2.97110609312784,11.4858180316931
98.217386625892,149.333519131142,180.390860552485,150.938904448802,143.14975766192,2.96741991781018,11.4792127566746
98.6969468181952,149.298793357505,180.28823971871,150.456650150725,143.010757549302,2.82542667097026,11.2232024824503
98.7248521923616,149.300643685512,180.285989516318,150.433899418786,143.005800532505,2.81865377906276,11.2111020951707
99.6076666105271,149.150800843553,179.999078688598,149.351851517412,142.60370063674,2.57311288044693,10.771686423668
99.6536081774433,149.107755061329,179.947143670056,149.235155399709,142.542020659662,2.55356810103331,10.7358794578784
99.669366453141,149.095206482952,179.932532211343,149.200665623581,142.524484632001,2.54772637732715,10.7254593881358
99.9510559098837,148.887418930289,179.69153418793,148.620481449401,142.233933826517,2.44757905442536,10.5474970285647
100.0142172136,148.857709009334,179.658121159672,148.527513122058,142.192194163498,2.4294927247589,10.516074980332
100.550935604047,148.737886932904,179.519338458804,148.004059793196,141.995916626836,2.30177571041644,10.2939285645787
100.603524905026,148.7532798196,179.533313543648,148.00369097645,142.004853166072,2.29365783979669,10.279033096305
100.668149498503,148.772195436021,179.550486888036,148.003237754372,142.015834871561,2.28368215883225,10.2607287346966
100.758712752515,148.798703297543,179.574553174049,148.002602620533,142.031224353029,2.26970249442731,10.2350774700516
100.822180934606,148.817280432389,179.591419213588,148.002157508543,142.042009548667,2.25990532121726,10.2171006520463
100.852623505675,148.826190971957,179.59950902474,148.001944010174,142.047182677531,2.25520609820655,10.2084780549952
100.865249684317,148.829886654037,179.602864306413,148.001855460868,142.049328253508,2.25325707658565,10.2049017982305
101.410178681416,149.184435880707,179.847037409708,148.347567923405,142.074553288523,2.14183715735409,9.93224123241631
101.429712265189,149.21153966152,179.867521992532,148.377522831191,142.082578344173,2.13955862985726,9.92542695078219
101.74995683186,149.664785330331,180.208704372274,148.869599366208,142.213393819427,2.10385887723205,9.81831726826314
102.299089798081,150.491058628353,180.814458152467,149.68249799245,142.411897440906,2.05374528372321,9.66937586779961
103.286617398634,151.949438587942,181.647508847883,150.807532742803,142.213449107237,1.90308515808701,9.25160936346053
103.494874971526,152.170618077019,181.771941955893,150.971522406948,142.226855279011,1.87483028837818,9.17708554824481
104.034963401895,152.551327120506,182.06335370995,151.421887435756,142.644127356517,1.82418629797533,9.03187906018865
104.089855835301,152.543050524388,182.07546216846,151.489104406259,142.771241881896,1.81851235286125,9.00734699686125
104.094103804447,152.528984118207,182.070430168362,151.500370111787,142.803538242567,1.81752269079034,9.00139731707794
104.169377750554,152.039171727268,182.096697198458,152.126782838225,144.309696690674,1.82663557378929,8.89936288727147
104.258302622703,150.911460134101,183.584978815439,155.096192129574,149.768041205373,1.93149387136621,8.84182043393152
104.274608128399,150.886891809675,183.677650312712,155.216037486642,149.949474679846,1.93259473103209,8.83719969106244
104.417877416986,150.817699945834,184.20127641761,155.83023113707,150.82272964506,1.9345960625366,8.81375838066896
104.764516939497,150.869922856061,184.963841396637,156.580009363766,151.751240964058,1.92869191358834,8.78598500039027
104.791874168475,150.828901802595,185.038055961171,156.633016105836,151.809653858648,1.92546482432862,8.77471551837662
104.92045568167,150.695707273503,185.288620139062,156.79440230803,151.971346686365,1.91510704339102,8.73745299732018
105.158343529147,150.608896579168,185.470364167502,156.865017872789,152.012178554623,1.91077371541465,8.7117353161736
105.675439862428,150.531257383238,185.373699625799,156.69740200102,151.958165079183,1.92278094745739,8.69293362476369
105.697076737249,150.439734762802,185.236921558353,156.56647660164,151.876886096128,1.92461055816759,8.68181815203748
105.719204328329,150.346136443439,185.097041415304,156.43258186299,151.793763736025,1.92648166376693,8.6704505845318
105.725238352495,150.320612900505,185.058897174457,156.396069795959,151.771096906734,1.92699189989536,8.66735073616635
105.775204318868,150.206380207603,184.859996196831,156.212655953621,151.683660069141,1.93017661584748,8.65246189797838
106.124471173469,149.80220807851,184.057834659898,155.476612747578,151.439453350626,1.94380483047076,8.59392298157254
106.207467001253,149.74871344746,183.934681286711,155.362924130056,151.419092509311,1.94594950451817,8.58515485824506
106.275450826272,149.710545226669,183.844278679202,155.278925789452,151.40661176179,1.94749412564833,8.57883623749044
106.413907199626,149.654584890626,183.700528779471,155.143022472557,151.397367065495,1.94982249324499,8.56929527277082
106.499352941067,149.620050023876,183.611816237989,155.059152301794,151.391661875404,1.95125940142643,8.56340724620485
106.916305371545,148.937000004149,182.4974664147,153.991624511526,150.952671141237,1.954350369248,8.48989993086967
107.50491222668,148.379262543494,181.522106956512,153.091016823185,150.615146831221,1.95731342731985,8.45353481357669
107.572188883328,148.331164932293,181.429961343721,153.00938261894,150.588862139503,1.95760240914191,8.45138186563592
107.819973534552,148.17713861655,181.114730662108,152.738369667075,150.511774807551,1.95849333230381,8.44617721301179
107.826250236872,148.173236932856,181.106745465524,152.731504562173,150.50982208678,1.95851590052766,8.44604537250013
107.941586344439,147.972654238499,180.769371642077,152.438373006562,150.373507316798,1.95788645488744,8.43489455459696
108.096308402883,147.423517567697,179.879062895772,151.666706759769,149.978789299557,1.95512835990378,8.40224634723221
108.138821274967,147.290051224928,179.652966441022,151.471895195845,149.885835288076,1.95463651702819,8.39484380813336
108.252657957074,147.024123183258,179.166291047372,151.050823738135,149.712240038281,1.95450771051864,8.38205722524871
108.29916108324,146.948986647159,179.016672081478,150.91832364727,149.666735701396,1.95482171921302,8.37925445568444
108.37843586913,146.837519360012,178.78601991031,150.712051253914,149.60177095001,1.95553891665074,8.37567751343643
108.398599304378,146.809167805336,178.727353840566,150.659586147891,149.585247252806,1.95572133485512,8.37476772298299
108.440625654881,146.760558272154,178.622107855172,150.56338029259,149.557897363303,1.95619177665516,8.37363524752696
108.619909555277,146.478968579579,178.058231885075,150.01043444028,149.369450131638,1.95899855714807,8.36738877493301
108.618621423501,146.351015718674,177.856350228406,149.805942712294,149.263061380876,1.95918242276598,8.36163436626138
108.618580024269,146.346903445162,177.849861959339,149.799370558216,149.259642155712,1.95918833201806,8.36144942547776
108.662414453125,146.083440925693,177.424954825104,149.350242951467,149.030186777006,1.96030781409553,8.35387787488124
109.047122031597,145.638524047197,176.641672822917,148.476922954423,148.607211482726,1.96320401898485,8.36014602570319
109.312900458523,145.519499628671,176.398172233055,148.206775088364,148.487535128585,1.96321644285291,8.36890058108122
109.435111082155,145.475832131727,176.303829453399,148.10386235429,148.443579611426,1.96301471400561,8.37299180427009
109.658123168336,145.237910754357,175.933391823922,147.733469308095,148.214858381343,1.959720975383,8.37215704593243
109.685784545389,145.194407323616,175.86991069683,147.671380570189,148.173356137309,1.95905372374169,8.37131949629624
109.775676970609,145.064924300782,175.679855299174,147.487283093855,148.051294569648,1.95695937262797,8.36906378418373
109.942304451655,144.894916117826,175.423175943659,147.250083340489,147.900447727061,1.95351311188909,8.36762641058194
110.393830416083,144.568394001052,174.911614564826,146.796978928202,147.638301499568,1.94564687190512,8.3697239752695
110.513368631414,144.521239640484,174.830783321928,146.730414655836,147.611512851714,1.94411572308279,8.37218696360034
110.542614109472,144.511267741778,174.813193728089,146.716220493168,147.606650521316,1.94376504229081,8.37286800573655
111.552843426606,144.0552611074,174.138782570335,146.128985444625,147.378959788046,1.93066156031764,8.39453977867308
111.862541726383,143.867249749878,173.894581154353,145.85980584466,147.2407420274,1.92668842148546,8.40185291727807
111.982654604818,143.81719570359,173.822440815361,145.772171379675,147.197932100381,1.92548584884046,8.40558198423675
112.215293436442,143.763031599722,173.715238328027,145.629787391125,147.127740773276,1.92342636716051,8.4133538903297
112.381142904444,143.731587051464,173.639148405023,145.530653921437,147.075998760901,1.92180901656207,8.41844865601518
112.702828434065,143.592049072755,173.367905568789,145.217709387478,146.866363441751,1.91641129281314,8.42232329221468
113.159847685402,142.936273773905,172.278502952775,144.128013742544,145.998156742168,1.89525460981642,8.39594031609776
113.197376725507,142.898451380117,172.208389325582,144.061034583639,145.945494158361,1.89371944593374,8.39452013020207
113.19979184484,142.896017382492,172.203877279016,144.056724250598,145.942105144841,1.893620653,8.39442873648661
113.352710495227,142.790921425398,171.98661815663,143.856784742717,145.789446296441,1.88809547321866,8.39129117163239
113.580240961213,142.681396651289,171.731490297757,143.629408131601,145.621425550314,1.88052863411537,8.38912840378313
113.58270918138,142.680790227694,171.729594764052,143.627815661195,145.620336376187,1.88045425590266,8.38913580147186
113.591927070706,142.678525459881,171.722515646823,143.621868373285,145.616268713707,1.88017648079068,8.38916342910285
113.693677617749,142.65352609661,171.644373674723,143.556219961071,145.571368317548,1.87711029409689,8.38946839333786
113.802365464159,142.606435945171,171.53282038923,143.461377270063,145.500940792645,1.87294431716854,8.38829187940366
113.823565319938,142.50776247944,171.387785001573,143.334373426808,145.388587091273,1.86822172115365,8.38146799336105
113.830345009477,142.476206818382,171.34140285111,143.293757743542,145.352656506563,1.86671144036991,8.37928572243885
113.902294830054,142.334029681046,171.130657548679,143.110964476138,145.177200445184,1.85539900322616,8.36708988067335
114.013922253129,142.379155240132,171.182819579589,143.154850935472,145.179875030562,1.84653583834713,8.36422258942214
114.327401637495,142.743793256304,171.647423823031,143.539628712479,145.404787258712,1.83420282066988,8.37232271544726
114.484358892139,142.981834487007,171.983001675391,143.787623598843,145.469544418355,1.82326235364922,8.36914640610886
114.493098520016,143.001429094098,172.014918689835,143.808153376365,145.464845616162,1.82173996923305,8.36770926420953
114.591533162196,143.151097064509,172.226517933321,143.95012879717,145.449542190036,1.81379094067132,8.36340507907352
114.607502980645,143.174436955032,172.25888619654,143.971978971717,145.447558279532,1.81262328098443,8.36286435424686
114.692782297305,143.281759348543,172.398437227552,144.069098546193,145.444764597908,1.80831784831252,8.36268301272858
114.934494971827,143.552253725049,172.730615235931,144.308622047857,145.453660689784,1.79994042447018,8.367767220236
114.938415682379,143.556290416202,172.735373423865,144.312183012965,145.454013826146,1.79984581422791,8.36791483105806
114.954318846037,143.57266401971,172.754673558479,144.326626979216,145.455446215831,1.79946205670575,8.3685135692281
115.082347212946,143.704479661089,172.910049228936,144.44290808219,145.4669776643,1.79637261803119,8.37333370890388
115.08430895949,143.706499439088,172.91243001135,144.444689828355,145.467154357792,1.79632527933753,8.37340756669473
115.101381937817,143.724077462169,172.933149837108,144.460196272739,145.468692112077,1.79591329314409,8.37405034721446
115.369342247706,143.987995217851,173.238783911782,144.699786040498,145.509226526602,1.79163510595051,8.38807993931195
115.531977941398,144.147894899463,173.436561004068,144.848047769343,145.472245812543,1.78796095402553,8.3964236575612
115.664705385133,144.293412875209,173.646106258035,145.00297501449,145.348333849165,1.78358892982246,8.40441182727335
115.772264983096,144.429218260433,173.83827509468,145.165257319866,145.315300014037,1.78205544079305,8.4138224728571
115.799478582591,144.467018230177,173.891102579562,145.212968639162,145.320133061465,1.78197113326766,8.41651096497844
115.813362974819,144.486303793861,173.918055189071,145.237310978402,145.322598884708,1.78192811952556,8.41788263501871
115.819829456233,144.495285803089,173.930608028661,145.248648117376,145.323747310934,1.78190808641505,8.41852147312381
116.009986842847,144.770191879326,174.312461787179,145.603021384575,145.40723394585,1.78202810180787,8.43695131582526
116.155532995702,144.988831674898,174.614528967756,145.891079821703,145.514048485584,1.78260770122803,8.45028236566408
116.293452025549,145.19916281494,174.904695014807,146.172113617034,145.641820487862,1.78323389279731,8.46158977619486
116.318376628614,145.237173669449,174.957133561927,146.222901791834,145.664911329228,1.78334705757467,8.46363324125893
116.330386113498,145.255488536149,174.982400160451,146.247373187266,145.676037248049,1.78340158404716,8.46461784922783
116.446947279384,145.626507732786,175.634269296923,146.89357832911,145.841183439619,1.78047699696656,8.46430952083077
116.632073290926,145.98728931041,176.238621949005,147.487700821829,146.073213735948,1.77711306482335,8.46420044266366
116.694140643007,146.079249818116,176.386854989916,147.63162800969,146.139548151015,1.77628092851547,8.46513857257286
116.722764711582,146.118375564888,176.44915501464,147.691824000893,146.1686600818,1.77593133650889,8.46569671781909
116.883934946497,146.338676385576,176.799940563998,148.030762611859,146.332577266077,1.7739629291989,8.46883940175362
117.094367968099,146.585513472282,177.186686357663,148.400134084464,146.523378538732,1.77183956818852,8.47496082524757
117.258042032673,146.775663807507,177.518278904809,148.715089939419,146.658725199065,1.76904793004742,8.47709654242476
117.553459403916,147.092080531286,178.224382529338,149.375839799603,146.826876505623,1.75945357043825,8.47163337459309
117.848645264528,147.387517900288,178.762143663148,149.878914243201,147.009896747679,1.75456825976292,8.47776992931341
118.154651067703,147.699645084191,179.268832371262,150.354782670755,147.20319600187,1.75089718399131,8.48618471638644
118.227253828696,147.774754781317,179.384249778565,150.463368982492,147.248652572611,1.75013279401734,8.48819914811513
118.367672237609,147.921769872127,179.617244253029,150.682274517032,147.329030460459,1.74827618006634,8.49089418998831
118.42530797321,147.995254303373,179.786320917817,150.838974386879,147.305356395453,1.74467081641004,8.48297212071892
118.475413999229,148.05731194265,179.917042833914,150.959537564719,147.289079561464,1.7420062046918,8.47699507593186
118.522510996059,148.113612132032,180.021830606257,151.055444955724,147.278565619026,1.7400238431324,8.4723887370769
118.556639575345,148.154409754096,180.097764488186,151.12494371824,147.270946748562,1.73858733574966,8.469050779003
118.668864930247,148.275072825138,180.29625603291,151.303681425078,147.259405231657,1.73529165907095,8.46179251847613
119.046741430299,148.622018259743,180.802713621505,151.747750606281,147.255812356367,1.72848162562847,8.4503159242648
119.099464182492,148.662993759932,180.857900644258,151.794698398269,147.257634070095,1.72791235939051,8.45005120041114
119.263189938441,148.790239483357,181.029278970369,151.940490535697,147.263291237918,1.72614455438662,8.44922912433858
119.395436892734,148.801057370072,181.123060142086,151.987455368279,147.01601687968,1.72035921546517,8.43014994652125
119.406026117953,148.801842899197,181.128809191255,151.990458033841,147.001814275599,1.72004999112473,8.42929106010139
119.411347438807,148.802237645028,181.131698216146,151.991966939973,146.994677151615,1.71989459902595,8.42885945059996
119.604655082978,148.837553061782,181.244938196761,152.065580360248,146.807201699048,1.71546714281173,8.41882409895575
119.754860247985,148.889923405093,181.344551101012,152.146168973821,146.740967200993,1.71328024790751,8.41698836629206
119.777532707533,148.90070917848,181.361461188621,152.16135008661,146.738381717533,1.71303687265838,8.41717644681499
119.839554001154,148.930214032894,181.407719315425,152.202878543275,146.73130903852,1.71237111128588,8.41769094756039
120.246513503975,149.15650767406,181.73633721623,152.511178562777,146.751621907505,1.70834511543869,8.42406968960343
120.328008536111,149.193353908759,181.802279360639,152.576117641859,146.732460264282,1.70659045034712,8.42283481835256
120.404022346424,149.194914302112,181.856658548581,152.63469900259,146.631464619017,1.70227148292851,8.41395200896196
120.40774958797,149.194990814036,181.859324963641,152.637571465905,146.626512424627,1.70205970779539,8.41351645158009
120.443823099558,149.207911662451,181.889916060085,152.669493275804,146.603307505032,1.7004981501475,8.41097083076751
120.557275402449,149.254255232131,181.988367836924,152.771819308031,146.541911809709,1.69581569071179,8.40374718487899
120.735772500077,149.356870443624,182.145404453336,152.926516531519,146.51447068107,1.69038079330273,8.39866360251303
121.387467330965,149.735308417268,182.649392565298,153.373365329069,146.492808678939,1.67533471655096,8.39715825325781
122.593128268084,150.045603865174,183.57294069756,154.241227944322,145.859206847289,1.62960589548329,8.3932069501278
122.608483874368,150.056723319,183.597056193669,154.26915091768,145.861549277723,1.6289267330232,8.39372653671357
122.851749376473,150.255421337356,183.934049228773,154.635779198554,145.950707562391,1.6210813922407,8.40755303693765
122.964915047858,150.347908930916,184.076335612905,154.782569767365,145.994377228592,1.61788378855225,8.41508615172421
122.990313543493,150.36866651325,184.108269856408,154.815514913852,146.004178291165,1.617166129899,8.41677685687071
123.052749921178,150.415998546126,184.189977268731,154.899422228701,146.01488713657,1.61461969269418,8.42079623794792
123.058998951674,150.402469124555,184.213993319406,154.922248957411,145.94980230587,1.6104984911087,8.42052221950567
123.084970807551,150.385190583278,184.265912944839,154.963507808597,145.825872071596,1.60240014950608,8.42165947215724
123.093788020299,150.384343094066,184.277368603004,154.970607566124,145.802682730031,1.60081422905426,8.42233880713135
123.098664621823,150.383874366895,184.283704469184,154.974534281897,145.789857228182,1.59993709221836,8.42271453198503
123.134934500995,150.388195696432,184.327261915933,155.000853409206,145.719241099992,1.59477893347668,8.42575020675213
123.21174144347,150.419733995414,184.409276923744,155.048312971189,145.64073761123,1.58777140168419,8.43287034936965
123.261132616389,150.451009676703,184.464514214874,155.08395172612,145.617984662767,1.58453122397434,8.43761196433296
123.436030339051,150.584212450965,184.671276398788,155.227618011535,145.586768572286,1.57499800885756,8.4546939572296
123.446939710356,150.59386729733,184.685093251317,155.237916367331,145.58747987416,1.57449305253711,8.45577523832164
123.480217799222,150.623318566919,184.727240358925,155.2693306065,145.589649638696,1.57295272717496,8.45907359230243
123.545157584872,150.682629203577,184.821951059139,155.335667686465,145.572931552666,1.56836261567248,8.46616804258256
123.532663116275,150.674985137042,184.829266912915,155.333220079682,145.533216646923,1.56599954353765,8.46615121737578
123.501481163936,150.65590814177,184.847524800553,155.327111683998,145.434101723516,1.56010211764008,8.46610922737104
123.496972737988,150.653149904583,184.8501646075,155.326228504866,145.419771245179,1.55924944146213,8.4661031562686
123.479395923781,150.67291722348,184.925979720521,155.371043766694,145.320118729975,1.55041419707283,8.46950784841838
123.489120436448,150.704331056123,184.984401738668,155.415573014625,145.288883025289,1.54585871540759,8.47321505686427
123.500259354332,150.729817228728,185.026485425253,155.449406931723,145.274400382882,1.54297353270367,8.4760793487461
123.589445674938,150.860370957775,185.206524069942,155.602706326421,145.256503959014,1.53269601241112,8.49108875283605
123.745771865545,151.004419357481,185.371322985583,155.727958790074,145.100517490456,1.5128480879079,8.52007902332199
123.744764369898,151.00280490205,185.369455641432,155.725764628323,145.095507632864,1.5126069392565,8.52018192786308
123.736356556318,150.985150847595,185.347588025401,155.699842063805,145.038086826051,1.50986329703183,8.52162873202511
123.737676389821,150.980163311776,185.33935906153,155.68978602022,145.018128458225,1.50893708674954,8.52249285902364
123.816221395782,150.923034707914,185.212350397484,155.527346084883,144.690380891005,1.49339948557746,8.54184538824538
124.004635970734,150.976609000916,185.198316794359,155.48513630717,144.531657542262,1.48374399993201,8.56561107804676
124.138709287227,151.048526236336,185.240577426947,155.517412404517,144.500968128182,1.47974602217026,8.58006052763499
124.110336073054,150.97172382312,185.129057951935,155.41666055098,144.274453361347,1.47164997355961,8.58339793725105
124.104585096268,150.968071704417,185.124190362625,155.418487856657,144.246128488635,1.47018358637911,8.58406524945442
124.153302955795,151.116014670407,185.318055978661,155.681449344362,144.283725045938,1.46238112907019,8.59631432687319
124.166779845311,151.146109264574,185.357631994982,155.729169035307,144.309052285462,1.46186054732608,8.59826313714228
124.167909161264,151.148631085744,185.360948325989,155.733167777612,144.311174619077,1.46181692440643,8.59842644059026
124.192721545643,151.204038428612,185.433811973642,155.821024794824,144.357804755918,1.46085847814772,8.60201440719197
124.255237106847,151.330199388642,185.601472130481,156.014201206986,144.478848859844,1.45961757563832,8.61019290667197
124.242850796421,151.479789275116,185.853707373193,156.327000213701,144.624005044018,1.45563759379873,8.61729264286426
124.238093179323,151.482034696405,185.860313005247,156.336122041826,144.626257749492,1.45544464465381,8.61726208856873
124.196007455608,151.525256359648,185.960219009651,156.463071647573,144.668653301691,1.45335683380909,8.6183978520038
124.168166150962,151.676367405052,186.244299867767,156.790860100556,144.811873107828,1.44992017324692,8.62631221826478
124.168563801991,151.679446712357,186.249569472014,156.796621768667,144.814703967958,1.44988037818059,8.62650165768597
124.285523215826,152.059005102687,186.865429278653,157.447774374025,145.154458373705,1.44704490119139,8.65097368591286
124.44757545438,152.448534470969,187.514217477086,158.111428058777,145.478438699468,1.44588888445148,8.67368907682027
124.447478253548,152.584678039445,187.825309176875,158.439242957145,145.574205249634,1.44447110812251,8.67670264237315
124.450005068727,152.595860402523,187.848946847084,158.464208690519,145.582826032903,1.44439778447522,8.67698347290915
124.451333817537,152.601740750147,187.861376931573,158.477337149138,145.587359350418,1.44435922656647,8.67713115020808
124.547292507939,152.828338500427,188.30407049859,158.95062780937,145.781785175044,1.44331547779212,8.68359774667418
124.97664139503,153.417024401355,189.290780983519,160.054185592814,146.404252220988,1.44105658679677,8.70415020663363
124.998739684269,153.479462066544,189.445492146522,160.262309761059,146.508011511452,1.439036337745,8.70118463039621
124.997917728074,153.556441296146,189.661878385652,160.576712762288,146.672913646033,1.43535557403547,8.6941802752408
125.005329913744,153.626047150006,189.816054091262,160.79953324084,146.811895876194,1.43311241675815,8.69116231197749
125.023686382625,153.730625643274,189.999907118723,161.056267153776,146.998181587101,1.4312938840465,8.6907752074576
125.051292457702,153.876697781201,190.226898417709,161.361134074944,147.236193666968,1.42999871991003,8.69298832117059
125.07153024544,153.981250378298,190.382116222049,161.566271113491,147.401154589283,1.42937461806746,8.69524246693
125.093595629748,154.099640865628,190.544069520291,161.771658224767,147.573705230247,1.42943259055541,8.69911443202428
125.071586844275,154.293157461601,190.821971300188,162.13931799293,147.877060250079,1.42957441169101,8.70296898391383
125.056227508311,154.298508110326,190.833606153956,162.158776479476,147.891488038644,1.42955734898961,8.70238863207762
124.943732027593,154.337697551977,190.918822628861,162.301295127626,147.997160641557,1.42943237764958,8.69813799526926
124.87416790576,154.378357640337,190.989695616463,162.411547983436,148.082068248408,1.42987753982678,8.69639369624747
124.865373486321,154.38426134204,190.99950026227,162.426514473106,148.093711545584,1.4299580973147,8.69621426911695
124.705430570556,154.896819798811,191.712636551038,163.556792014507,149.006755694342,1.44019811984021,8.70805656548986
124.659424573526,154.858467783828,191.688288313483,163.631943333795,149.059301259047,1.44004739677187,8.70476420067001
124.783834128796,155.061227385561,191.975543785925,164.262967995763,149.645485302475,1.44002901310292,8.72324135403424
124.708201932981,155.216183955484,192.218115885352,164.673279180299,150.039707745873,1.43981366248752,8.73215857580432
124.653440769694,155.242269573606,192.270479415069,164.765036823239,150.128593174927,1.43962993754028,8.73251108604274
124.561005409833,155.313382189565,192.394310543067,164.957635536934,150.316623168462,1.43956880114999,8.7344004665045
124.482821830465,155.532008872015,192.718319515968,165.390663580252,150.747823194834,1.44072121044022,8.74371439129838
124.484065185393,155.548753658381,192.741588733266,165.41993830139,150.777468914107,1.44084605666357,8.74456239441347
124.516232272874,155.728053756989,192.988361735679,165.729013158873,151.092422572802,1.4422373473076,8.7540731049993
124.536185446032,155.704315147625,193.072841434762,165.97663343411,151.420519387101,1.44024082093297,8.75154623367389
124.59047322168,155.646534957975,193.017533095618,165.946408903488,151.418417933183,1.43932063436322,8.75106711280775
124.632623827748,155.604995339895,192.977231490311,165.923807406326,151.416352069527,1.43866721946883,8.75087389935317
124.830342267218,155.51716406284,192.883010537881,165.867715083092,151.42184619872,1.43782973819647,8.7564001942174
124.857300980594,155.51179497399,192.876652715539,165.864641011344,151.425596625349,1.4378727089679,8.75758038771884
125.037926467158,154.942276733013,192.272356567094,165.418483776941,151.239757188568,1.43388786163248,8.74843563010258
125.109308131963,154.906569423491,192.224060389636,165.444429921434,151.344161340108,1.43203966995274,8.73889999398842
125.024989450565,154.677414229576,191.944634995419,165.252191185399,151.256969107991,1.42409238963938,8.7030620831862
125.027211378901,154.669880621981,191.932895253068,165.243708156044,151.254370319999,1.42356544239962,8.70113711468624
125.03835987656,154.632080840016,191.873991242524,165.201144662263,151.241330933719,1.42092149120901,8.69147860929265
125.193486589255,154.673672031455,191.839785453696,165.152982151202,151.252003187836,1.41401493832222,8.67192451826448
125.099098139607,154.569162164595,191.689189186938,164.970885153471,151.085226308945,1.40821075214994,8.65003643066184
125.006665352872,154.495533575379,191.578592434193,164.82138691929,150.936250297833,1.40267978773923,8.63112568098577
125.003661414405,154.493380450048,191.575170048883,164.816502271775,150.931280509341,1.40248443029939,8.63048335631209
124.967298544346,154.500271721724,191.548967355268,164.740828669277,150.838992285276,1.3963276404171,8.61342234789703
124.965924532177,154.502247160315,191.548769622613,164.737108240963,150.83383303282,1.39589765712747,8.61229443573006
125.040752188576,154.617038301587,191.651243727421,164.80788543565,150.874029172945,1.39152579534249,8.60357075622097
125.077686614199,154.65966479381,191.694411753998,164.847190293881,150.904213822203,1.39075152241691,8.60243318925932
125.195165743351,154.796912967922,191.833864819795,164.973906228115,150.998324771948,1.38770689268643,8.59688107853757
125.18989125432,154.803683463618,191.862096872086,164.989047168352,150.942658277195,1.37587002953402,8.55746987131891
125.277268130438,154.888992376792,191.978858068617,165.062097074839,150.967541049771,1.37032876333765,8.54345153039504
124.531904831594,155.004824630451,192.520252182511,164.717042847761,150.196753697548,1.3350666080018,8.54152935253703
124.402580378197,155.037142683378,192.635013690812,164.770600981668,150.185359016601,1.33074570711152,8.55225591756803
123.424145042994,154.633578632629,192.681707272761,165.068476038022,150.268875140222,1.33545716876591,8.53423285613603
123.41929277797,154.633296041775,192.686656969638,165.078691199983,150.277416628537,1.33609465006012,8.53411132804484
123.391614594009,154.631684093209,192.714890922242,165.136960303289,150.326138799261,1.33973095690779,8.53341811016663
123.363980900413,154.642888395348,192.768438355768,165.233666533736,150.410142168703,1.34765311871949,8.53285481777652
123.354627207454,154.652118883698,192.797325545403,165.282752490527,150.453582501005,1.35215602537778,8.53271881554879
123.238709861885,154.658856698167,192.916621270587,165.519505971348,150.659195926603,1.38168618698737,8.52714342722618
122.955221850451,154.55747649244,192.92196446126,165.638813134693,150.749355975258,1.42664506266843,8.50943671008793
122.701440917062,154.56383981656,193.017759794129,165.825460070349,150.8945699172,1.49773708230848,8.49865379852138
122.69444518152,154.566275137315,193.02248531726,165.832566572919,150.900117431301,1.50040880097463,8.4984904759976
122.601095445468,154.626094034298,193.110334236779,165.953970009093,150.995060506359,1.54514034204632,8.49803394228278
122.514894832286,154.846508021772,193.341184543473,166.233496572672,151.215633916138,1.643090568575,8.50795367767925
122.50539901037,154.93086696389,193.421022979495,166.327482594771,151.290462455801,1.67507802829817,8.51278267569714
122.502222941519,154.959082510765,193.44772655208,166.3589181124,151.315490367667,1.68577687831416,8.51439783132276
122.4760209987,154.970874935269,193.454349066912,166.372788081912,151.322770805482,1.69879180037436,8.51452854219726
122.283613155644,154.996440384826,193.443967567241,166.406846890549,151.321220134265,1.77358200874436,8.51184451862875
122.118423918111,155.167868489613,193.539903843659,166.611368997055,151.476965938815,1.92472801381006,8.51542580268933
122.132349546306,155.299194305705,193.648432192926,166.779083121789,151.633720461171,2.00064510831013,8.51934172267783
122.192082747196,155.439907023414,193.781295253605,166.966268319996,151.817802884602,2.07106334024318,8.52318457258554
122.151869106081,155.54160582106,193.915028674191,167.228256345012,152.092231371341,2.2420876264766,8.50336866851207
122.121750575658,155.544171527321,193.934187946439,167.27861971107,152.142126320227,2.28679520538847,8.49419746795465
122.119613259205,155.587751042177,193.997141044076,167.385875993887,152.231989086151,2.34788261865502,8.4842698156506
122.165226471091,155.691897923141,194.110204753774,167.561233362485,152.361185239556,2.42020222400395,8.47707757435468
122.224425685125,155.791766150327,194.202653421929,167.704485471178,152.456851371045,2.46667044216447,8.4758307707605
122.231431366203,155.802427295428,194.211637959275,167.718708577913,152.465765393519,2.47062241837259,8.47596805467071
122.285121871572,155.932755152571,194.295646304806,167.916105619733,152.553192241264,2.54238548705547,8.47340913784934
122.27093743063,156.068041300884,194.237611649899,168.213689234254,152.551725956114,2.67001931483964,8.46667418602924
122.707513074243,156.473522418825,194.406187108418,168.888695855938,152.92336482462,2.79295794154785,8.49357231720974
122.709175813457,156.470361252042,194.39542467092,168.896091321203,152.923972719555,2.79657856864743,8.49300857377271
122.809054781444,156.434019704779,194.180583780257,169.11234473343,152.994950844909,2.88406709445075,8.48013514989001
122.830181400369,156.441118295574,194.171157160597,169.141792678822,153.012880769191,2.89245760342478,8.47925080017163
123.010409786791,156.528074003723,194.132961371917,169.393346274916,153.173227345654,2.95651962992417,8.47432278119023
123.174666185145,156.666507708075,194.075950120182,169.854868558546,153.416109028324,3.07144023071785,8.45971654690083
123.157600956503,156.66468974925,194.062957409794,169.907015224557,153.433745874143,3.08488717815728,8.45631482370877
123.137231736289,156.814798420729,194.311479969458,170.630913518949,153.861100795727,3.18664283944254,8.45023900049275
123.13798965092,156.81664928645,194.315278721064,170.637288632798,153.865642659428,3.18725221505878,8.45034005080936
123.145256385783,156.834395019152,194.351700396523,170.698411957429,153.909189145962,3.19309478736358,8.45130890116292
123.199305803902,156.933631421895,194.568215955287,171.030143898962,154.155936069015,3.22304818400475,8.45846579139959
123.209864131819,156.948929798877,194.603725284747,171.079611536272,154.19451076232,3.22721457771607,8.45985770297017
123.116162157405,156.85969805437,195.047086175253,171.735181479809,154.651571641476,3.33317050850016,8.46809344326334
123.123235865644,156.83769560189,195.047885002004,171.734932692124,154.641140689926,3.34648816127248,8.46979022300215
123.224505058301,156.722372839971,194.878500494583,171.530500263797,154.394754298067,3.42355831926865,8.48133297043089
123.199430921984,155.94315694881,192.858166946617,169.389745954101,152.200871767965,3.61253360942545,8.47447231500979
122.664941457469,152.559863592478,186.414517206249,163.037701915859,146.265803527361,4.02546292292023,8.45791304231545
122.411516760546,151.17519656078,184.783223853919,161.550067109949,145.1752934707,4.12775889401654,8.47813205181361
122.362791132165,150.690962644622,184.251597095284,161.087164772698,144.874809857973,4.16619532841149,8.49515866464652
122.349111222937,150.54625047497,184.093203876129,160.949712779025,144.78631072382,4.17775931205574,8.50046696176572
122.096313266262,149.655958567478,183.111379467444,160.079085313148,144.15336712153,4.22952858346372,8.51627790612258
121.828673116828,148.314985121295,181.479155803885,158.618873960457,143.004221101958,4.31143617980133,8.56097629114194
121.833565892837,147.866839138079,180.859672184558,158.055127896145,142.52624830815,4.34357769007474,8.58736280277337
121.880929027986,147.523716841777,180.359566754104,157.595228155384,142.124901629347,4.37002643975743,8.61187209859784
121.929650468688,147.366766579764,180.118124399653,157.370109506902,141.922746149515,4.3830964850205,8.62542063930461
121.987830732265,147.179345857373,179.829808216508,157.101286128199,141.681344028998,4.39870396023899,8.64159950548842
121.970824140185,146.293324000658,178.607447039117,155.920462432154,140.58644582342,4.43749462283075,8.67228269100111
122.112268883976,145.308624048461,177.294211810005,154.648386257878,139.460963260609,4.48218632310288,8.71178869795468
122.168429298869,145.108528902028,177.035409472525,154.405330783255,139.267314292718,4.4940570130785,8.72123483602113
122.307192386993,144.394707423364,176.131097995838,153.598602885066,138.69212265713,4.54446254655329,8.74845885227109
122.193969166535,143.893266760017,175.528317487869,153.074903965574,138.324360568379,4.57177830565136,8.74757243350406
121.994170754464,142.992436096941,174.399520297049,152.174005105955,137.795771491787,4.64264607858355,8.75105123578979
121.965365211396,142.798231769123,174.144092646196,151.989676514236,137.712828532442,4.66403723411444,8.75463598059787
121.917678727178,142.176281646116,173.315945238433,151.431187373433,137.516645326369,4.74393537633309,8.77352953868864
121.87999113223,142.086113205995,173.209250935397,151.35190447912,137.473580778776,4.75041183304654,8.77289443130999
121.862869179132,142.045148538314,173.16077835828,151.31588525317,137.454016007792,4.75335416959643,8.77260589396064
121.694683081603,141.64275942101,172.684640295313,150.96207438745,137.261834516467,4.7822562521508,8.76977163956806
121.488712436463,141.05230454379,172.022687785892,150.497305478828,137.064922246756,4.82516047587896,8.77098463903002
121.406620502335,140.759863937519,171.711191166373,150.293684806876,137.011954822405,4.84742777183962,8.77409010739143
121.398130658997,140.729620102248,171.678976582466,150.272626616159,137.006476998798,4.84973062724523,8.77441127097661
121.328781566106,140.395454781128,171.341981228634,150.078526651793,137.015170473357,4.87843668987198,8.78103902046047
121.270559517217,140.020715318394,170.978616717802,149.904114655547,137.106038116095,4.91647298541016,8.79096693400341
121.150895232826,139.761229248334,170.725693928422,149.753733804395,137.096856848362,4.93404747373387,8.78809418679909
121.068529477194,139.610231758446,170.577926152527,149.660449992396,137.078121133331,4.94275362708504,8.78485581322808
120.780056855116,139.081761438076,170.057560871197,149.360414740768,137.062524351701,4.97978528688352,8.77318426629441
120.683034489745,138.898675705806,169.874350448898,149.269053670333,137.080164605125,4.99649303630581,8.7692410531999
120.486106282346,138.487578138002,169.448803074765,149.106883017519,137.193813763748,5.04994662808679,8.76164587587183
120.479987541592,138.472471889507,169.432527338213,149.102610087693,137.200709585248,5.05260755647144,8.76143994850922
120.396960144745,138.228540952071,169.162520346815,149.051919275603,137.336865915209,5.10414900590338,8.75917750367092
120.371509240403,138.112923159013,169.028205767039,149.044025566276,137.423259436811,5.1361337423401,8.7590417211757
120.26219954361,137.937652540116,168.832592024509,148.956713043132,137.400791515642,5.16266286066985,8.75112240321269
119.898644854326,137.330307591438,168.155930362398,148.689227177592,137.305400067593,5.27547429916687,8.72366184096191
119.769324522044,136.982947522301,167.791357515259,148.676845062309,137.341644088325,5.40832591356106,8.71671205986477
119.59962806627,136.717051620228,167.537691108589,148.601275919314,137.280391650525,5.48837621498118,8.70738698654399
119.565221714351,136.67337216577,167.49588741067,148.579796885775,137.260827924226,5.49756813175374,8.70519733882622
119.490789355638,136.578265868638,167.405443885473,148.534784770541,137.22045734222,5.51857500770309,8.70056035775099
119.286850943163,136.307196519468,167.156784337317,148.434857299169,137.141474289031,5.59457849783635,8.68948497642975
119.237171120447,136.228975980873,167.087007488833,148.420756384315,137.13866992886,5.6260124200197,8.68775797366917
118.944899006367,135.552387381513,166.438031981028,148.352397345293,137.236256048856,5.99791992978276,8.69372160415685
118.843194850811,135.383818516993,166.25979890761,148.267628468599,137.18560377247,6.06408336774516,8.69188391753308
118.778502411983,135.265757378444,166.129490508072,148.20875239175,137.154718049581,6.11933507211536,8.69269073776189
118.499236435876,134.720577023286,165.492250252518,147.93087937152,137.042032340229,6.42727534578972,8.71078815868262
117.767166811475,133.719627727369,164.261181788623,147.228801505046,136.713492561738,6.9137039480657,8.74611225810654
117.715111296789,133.65806732013,164.186740862544,147.183159510571,136.690191471266,6.93679969815798,8.74703771817278
117.291513600196,133.096945673261,163.490930020045,146.834689627372,136.586969844843,7.17445063744968,8.76256662827677
117.24667882764,133.009226561952,163.376471591681,146.80260735383,136.605191572898,7.22072108255908,8.76714173927691
117.181186053954,132.881090127276,163.20927547318,146.75574290107,136.631809116462,7.28831102708434,8.77382487141373
117.028846130819,131.950874236529,161.975900604823,146.545343161126,136.92086773081,7.74710353526646,8.80020465458952
117.213567401091,131.688539173999,161.575410262589,146.571572246111,137.137792245774,7.94041005099037,8.81263563245029
117.372996347156,131.605058657309,161.418754936974,146.614550638488,137.27814812809,8.04242794866338,8.82208703996835
117.721707043312,131.442843052496,161.085601003618,146.640822057163,137.526638933933,8.26787459626829,8.84343589287623
117.799230120991,131.036856911645,160.431015980312,146.244767284923,137.422070412808,8.52563390843122,8.85201674950817
117.896039187189,130.844337724226,160.00883828418,145.930579965152,137.350662548817,8.71735269737065,8.87753493109784
117.946646120152,130.803449346832,159.885825522469,145.846290890454,137.350758442087,8.77601461322316,8.89115155990539
117.832006372365,130.493569794172,159.388878420217,145.45411565096,137.151826801714,8.88692526302336,8.90466724786948
117.731971005128,130.227755900218,159.009140335479,145.182512174733,137.017907831331,8.94695978761952,8.91154001677147
117.719614179721,130.152378008412,158.907326008316,145.122348094806,137.001810842818,8.96271093778178,8.91426856978816
117.709186479308,129.822584112494,158.486565235472,144.90817089259,136.997046840948,9.02949421730177,8.92759408336601
117.47622899358,128.966896795948,157.623935757634,144.414700376824,136.910015124426,9.11129306130677,8.92200493679041
117.453643091744,128.915408349357,157.573976540106,144.380640025423,136.895944827681,9.11462990785913,8.92088015302165
117.377237549204,128.737729493897,157.400602743368,144.262586757472,136.848057826069,9.1270436537363,8.91761032651723
117.189939956918,128.234723861131,156.883277757862,143.917024226359,136.72235457761,9.18063143087233,8.92041190612462
117.064534033339,127.866013196202,156.443116740174,143.625979506154,136.602154787258,9.24444734969672,8.93718189631616
116.884130961886,127.592513965459,156.113302964163,143.362363341706,136.413979274406,9.27396475999158,8.93816462358142
116.605089538336,127.069739575107,155.445896655204,142.840880145854,136.077136783634,9.35852354267789,8.95426209391224
116.300959546767,125.971897560218,154.309149528218,141.844833866324,135.718428239815,9.61662229492201,8.98097485865971
116.260855942087,125.866901577345,154.220860884082,141.750023508563,135.679939042315,9.63740779937452,8.97859132014367
116.153048162473,125.522922417114,153.948768136139,141.440726473296,135.56991359866,9.71811057496673,8.97125875392031
116.13558764688,125.461087781337,153.901252247161,141.385233265692,135.55144332702,9.73364424154002,8.96997939713432
115.999475289933,124.806094578198,153.425430528733,140.795827674121,135.365937606984,9.96070172564165,8.9642653886598
115.963689615066,124.745584837075,153.373973322858,140.737242681939,135.328006350133,9.97446111884621,8.96219486401208
115.735309158567,124.355071885613,153.045917611574,140.363352427232,135.088826845165,10.0678530848429,8.95035439838239
115.549923518344,124.019587835976,152.780962518194,140.058834224454,134.909905970583,10.1605311418642,8.9443774659964
115.364641959825,123.605243769291,152.52266019059,139.746880483513,134.810930623464,10.2991646283938,8.94528180502466
115.070934677225,123.078367535648,152.227278761084,139.38772334896,134.764668860107,10.4127375319111,8.93201845142677
114.824045503964,122.695949706902,151.943475413598,139.071192305983,134.681905723684,10.4573596456355,8.91146527611932
114.735118123951,122.542898006482,151.812500933328,138.934439337764,134.658028788696,10.4757576708876,8.90284489768194
114.714689815155,122.503969292083,151.772577555149,138.89705211146,134.653830290377,10.4811864077336,8.90069955722415
114.326462373505,121.966313724869,150.994521467099,138.356437136502,134.506707182866,10.5485313744505,8.86775320470079
114.108693732174,121.787377407252,150.747942713239,138.309994970331,134.543287218314,10.562800568574,8.85619814615046
113.907490566002,121.760188926734,150.973906575052,138.978900218917,135.32358253461,10.5689340119724,8.85701177942863
113.895403248533,121.801058138066,151.147463183408,139.245411546603,135.61236042489,10.5650927685106,8.85964755819471
113.828524041095,121.853875686266,151.496552192351,139.772442134009,136.184795423192,10.5521823860065,8.8608661804604
113.604923506089,121.869780112149,152.098609666578,140.621399138246,137.107124793338,10.5127409843036,8.85062432719732
113.468087133203,121.964265174777,152.768606722112,141.484327656402,138.031207273168,10.4710578992081,8.84435931123573
113.411893764412,122.819225001826,155.423893175762,144.621958738572,141.265270343563,10.3138040211342,8.84137244851717
113.385167249813,123.332233998225,156.601133981257,145.975529284077,142.586429206205,10.2314102295714,8.83329632706109
113.292299626966,123.863108169573,157.618268536561,147.141064848553,143.656518369932,10.1450822549003,8.81435521557344
113.286369120631,124.406644039979,158.41924889768,148.049442304628,144.441056322657,10.079793816225,8.79953984951262
113.387813135794,126.1402371287,160.537746541291,150.427193980761,146.395110489153,9.92753658395053,8.73393819678961
113.233808247188,126.680696686835,161.292710528581,151.28308248558,147.123434118658,9.87291339809632,8.67421226010179
112.733840843471,128.071494408955,163.808071386436,154.275867365171,150.027736462994,9.81475291995545,8.4950016635114
112.701111089206,128.095646412301,163.86373448086,154.348496281054,150.097646148353,9.81441201604463,8.48935198129558
112.361411484931,128.403040120832,164.498198822514,155.181987655831,150.878288097055,9.81652563294369,8.43333358552596
112.360965539501,128.403574826546,164.499174422415,155.183268533193,150.879444312584,9.8165363667721,8.43326361821517
111.985449123317,129.205839791028,165.767370168318,156.79757105988,152.238864922803,9.83007140797328,8.37806814762204
111.606635152745,129.453423298648,166.239467221659,157.38268289852,152.594600823811,9.81086347449281,8.34442984096112
111.598713924572,129.460451219364,166.252466289057,157.397920171082,152.603485622237,9.81022511054253,8.34376632367799
111.421204924179,129.696506374009,166.674673780618,157.875671308466,152.887538172337,9.78881678410537,8.32926613799409
111.241196643544,130.954663443448,168.79413204703,160.108288477907,153.93020951174,9.62739957323061,8.31694454920787
111.316861423782,131.998985484993,170.326713503009,161.511802687914,153.688919735866,9.30388996437513,8.38593097479969
111.202477310027,131.941958445946,170.338601627309,161.518281383017,153.632462869153,9.23965855121742,8.39049656222866
111.122033716594,131.907496963283,170.392041765566,161.5809756028,153.663802698208,9.16034566714169,8.40504920178741
111.085910153118,131.964555602408,170.634369573703,161.870655914503,153.893107302506,8.99564580256148,8.46007999526021
111.058362310841,131.947664626933,170.628329599281,161.866467963663,153.880892929124,8.98357958995562,8.46159453980211
110.892137508527,131.893630429613,170.691064109792,161.970156439053,153.826613935607,8.84201276708618,8.48951482375976
110.961287498806,132.062175047624,170.980341653286,162.357334670995,153.997933074013,8.67793544096292,8.53010664211382
110.740943336405,131.998029291853,171.05120826392,162.56648851651,153.986332238624,8.4452900846268,8.5320540423477
110.728426846658,132.030519388194,171.128323056385,162.684317581996,154.04893885055,8.3741291971974,8.5353387606174
110.772422381137,132.187988136622,171.397752912034,163.035753479239,154.273409041675,8.20777916696139,8.55079032470902
110.853463387268,132.397844155184,171.712257610773,163.387442246167,154.508194507918,8.06178556650227,8.57244340242174
110.755540936245,132.454495005771,171.852663307177,163.528507866114,154.538946334063,7.92536819497071,8.57861305786648
110.71394667499,132.568545651409,172.037967085526,163.70232099687,154.603447233071,7.79429919100246,8.59401897812476
110.711572938727,132.623699713622,172.116256298297,163.775278190021,154.636722219692,7.74629451985219,8.60203429912523
110.7107253355,132.643393881774,172.144211463502,163.801329421285,154.648603904477,7.72915322458192,8.60489637443296
110.777087567165,132.885360632253,172.432936816729,164.08623867385,154.829872191374,7.57581280512336,8.64579005966552
110.784219711315,133.001956846279,172.561202937762,164.222394492337,154.922867977665,7.47810073782731,8.6714231876562
110.5599569358,133.291915864292,172.82679592951,164.602320513437,155.329485933935,7.00166276646847,8.78806804587076
110.597039198737,133.388287644482,172.934184833801,164.718500180486,155.446657392824,6.94553828459295,8.81043410569026
110.523988126647,133.426198441381,173.00302253163,164.780528111019,155.488385040734,6.85413665713414,8.8305326618339
110.509234719757,133.530397889251,173.1732045882,164.931204610295,155.580619972704,6.74812081681811,8.85882414691634
110.509102628572,133.533427764195,173.178122724431,164.935554312152,155.583266109204,6.74526987207348,8.85960378440772
110.989083224224,134.164712151908,174.167379594357,165.84787617354,156.107153492402,6.47470610572617,8.96757378319593
111.05638143331,134.260371838667,174.44519190448,166.088154886355,156.131879105409,6.35477473115014,8.99287641560453
111.059897253629,134.264797101446,174.45641354349,166.098072630637,156.133978252268,6.35023007118165,8.99397366306982
111.238034003385,134.497108758907,174.903149561178,166.495690013456,156.29556797552,6.19438926922806,9.04560474821291
111.300589672716,134.587795989628,175.030884509341,166.608493694643,156.37280989848,6.15958987579132,9.06426773474118
111.512635227239,135.080373696641,175.658629083888,167.122804546632,156.787709627864,5.96908769093253,9.17795480348905
111.490337565466,135.389133556698,176.019189683736,167.383086838205,157.056343617363,5.82586724485403,9.26419103521993
111.756198494125,136.257162507012,176.972100160988,168.244291080547,157.964822772619,5.5891579183815,9.47267665920701
111.785650628531,136.325933934964,177.047344739357,168.317342624924,158.039298431653,5.57327704602177,9.48898562007385
111.943263211079,137.417519197371,178.30026439931,169.546302126319,159.018953681114,5.24540968122794,9.84865295238127
112.020231700475,137.890484042541,178.8129473851,169.964444707437,159.264524785703,5.15312134894485,10.004500100153
111.956670697465,138.277924231335,179.253098782109,170.260986608245,159.380224437275,5.0581705399722,10.1557144406769
112.165786945704,139.267174584153,180.414558857645,171.139170104873,159.931882362486,4.88045498922423,10.4831167501557
112.147749029168,139.321499427571,180.489806046929,171.184528869191,159.94359138183,4.85851518874507,10.5127565444289
112.112829429007,139.773924178957,181.031011992974,171.46645082044,159.963114760954,4.70956122398738,10.7399849736425
112.488993006052,140.772242699271,181.739449248574,171.530248830093,159.623482472693,4.58005476214606,11.1274814649072
112.49399686821,140.874563516033,181.768325349585,171.434293964988,159.466121868854,4.56290118881592,11.1848375907379
112.53546511054,141.094167278451,181.813887161126,171.205895001196,159.11300156442,4.53214520347508,11.3117638088393
112.571300428032,141.239240047597,181.839477353465,171.048843021765,158.875499119237,4.51349193100998,11.3966639457074
112.575687977137,141.2540772551,181.841617317811,171.031964165889,158.850389199277,4.51162949992591,11.4056289618927
112.589360150713,141.281097591575,181.841761311665,170.994804881762,158.798216144832,4.50859417357851,11.4241723555218
112.610739653587,141.323349934129,181.841986478276,170.936698025712,158.716631899184,4.50384776160431,11.4531691010079
112.662333850081,141.425315619525,181.842529862773,170.796471353172,158.519748294106,4.49239345822446,11.5231456478462
113.864700643156,139.979713442741,178.664298178734,165.950140085391,153.083220456759,4.32575575683999,13.0841713017298
113.922174450632,139.878283398603,178.51860185263,165.781133624572,152.905234533835,4.32326843601462,13.1434377027397
113.992979775954,139.753325829443,178.339110076794,165.572924738379,152.685963326153,4.32020416086123,13.2164514282686
114.010792766976,139.497051621628,178.000192084548,165.179263794383,152.273056807539,4.31467859192974,13.3215433335857
114.027893574795,139.248146941023,177.671065985218,164.796975471577,151.872081745812,4.30931310961232,13.4235430961173
114.067988430516,138.965718280674,177.28119625145,164.331273169421,151.380588161777,4.30611962977047,13.5545803059802
114.093728311045,138.827995766425,177.086172199921,164.094631650536,151.129997792739,4.30542810120489,13.6230545745434
114.831961393394,137.604049893496,175.034910303268,161.443372042802,148.317578910429,4.36781855715633,14.3964152092661
115.051934201053,136.468980376832,173.4700972875,159.575008120455,146.40790505541,4.43939633545693,14.6406297959579
115.115627872682,136.23894574063,173.174575723947,159.238828990115,146.069243128152,4.45548252960174,14.6716894377754
115.541625092471,134.968186513076,171.554933792473,157.423654612983,144.24542021597,4.54498879892776,14.8244388423141
115.703735487917,134.227908317269,170.609763311548,156.367816617279,143.180366683294,4.58604318344842,14.8965549638769
115.705206857932,134.026335497161,170.357792287584,156.086055293852,142.89527814621,4.5939226858408,14.9107717552003
115.716090165102,133.642448273042,169.854915100619,155.516144039938,142.316737857456,4.60942819425644,14.9437172550922
115.880494855286,132.664095967223,168.20911685454,153.559763760991,140.319959789911,4.66018140214183,15.1056393050165
115.938320358868,132.581525328934,167.953834608701,153.238442320118,139.992743034942,4.66845155928556,15.140972848197
115.94926215465,132.565901235658,167.905529863778,153.177641577047,139.930826775034,4.67001644614242,15.1476586942297
116.240362601066,132.499929584543,166.241690804938,151.048273355591,137.820273675975,4.70994259667222,15.3500115936683
116.323641081012,132.628426948622,165.633987364413,150.279934947091,137.087688353517,4.72055697457937,15.402915936521
116.377757355222,132.720335047689,165.414613601006,150.003748264607,136.831498154048,4.72464483191836,15.4215136285109
116.614309785705,133.114962799559,164.653103853447,149.048678571416,135.958054313164,4.73858146766597,15.4863282708405
117.014756697037,133.832342465033,163.384510204476,147.486558171701,134.552575269732,4.75183852795342,15.5771046137356
117.023518892707,133.867994938969,163.268902174813,147.347827387175,134.425739583521,4.75177805132843,15.5813889246375
117.208552066169,134.372132151681,161.915477783298,145.694137961054,132.902522222579,4.75009669102752,15.6446518023311
117.828720677227,135.670761272649,159.175889683647,142.149887727103,129.556524577406,4.76458674720738,15.8212811246763
117.874658400389,135.820572047909,158.764334414253,141.619434932547,129.055281863758,4.77099119110016,15.839162632135
117.945892401624,135.988371113533,158.386525302542,141.13475790214,128.606127302597,4.78078200867997,15.8582435045125
118.436147596391,136.860545255579,156.753511626604,139.086530729272,126.784408578195,4.84368866907089,15.9662831124574
118.649702303862,137.409539169241,154.490334932058,136.454349085088,124.542639276832,4.91494478557633,16.072735204977
119.149180928143,138.066551296692,152.937683371841,134.620553857653,123.062296349329,4.96250135932656,16.2061521183112
119.310556817604,138.325224476074,151.89221898505,133.380698299985,122.037167260277,4.97854865442279,16.2700866719826
119.3630255094,138.403294030428,151.633918488905,133.071278375058,121.783193221613,4.98220706348043,16.287075051425
119.371771007725,138.41630668871,151.590864879617,133.019704163036,121.740860747642,4.98281684827192,16.2899066799425
119.426955343499,138.498416921571,151.319195416891,132.694269461918,121.473741668663,4.986664607134,16.3077743340299
119.53057287248,138.637081909117,150.98237761281,132.288430833124,121.146204194212,4.992276768256,16.3347486095088
119.844500563664,139.037302439419,150.16395510479,131.303084157292,120.361943827644,5.00784921265219,16.4103073367969
120.143709754249,139.401598144297,149.536830758534,130.554778203299,119.7785401622,5.02191269842811,16.4800476031712
120.187204763752,139.45399050449,149.450015872163,130.451644559851,119.698642897967,5.02394323171924,16.4902151184745
120.429434182046,139.840655520265,148.082184668561,128.881517608548,118.431212989661,5.04339848823634,16.5941232142164
120.629924400667,140.171338672606,146.939341222825,127.572718951051,117.383558527504,5.05749137022529,16.6923563801635
121.121574848854,140.938615281559,144.71849200728,124.938554920822,115.296478873805,5.06072407108107,16.9229171528351
121.124755337146,141.006154186157,144.20270626409,124.323033811198,114.793299197715,5.05388261728724,16.9588613820213
121.193856886323,141.19846738767,143.176567945364,123.079872616429,113.796129838416,5.03238130180541,17.0369704387564
121.360193600759,141.457576613523,142.20034158722,121.899043262197,112.878891186576,5.00573682378415,17.1192956221646
121.54293049699,141.679604996014,141.518580080635,121.090798014814,112.271194320043,4.98503682527442,17.1806725239694
121.665724648486,141.832405734984,140.595926980029,120.043495792711,111.470239576395,4.95643141931772,17.2377108479958
122.047450887823,142.251547380938,137.89790423076,117.091597095881,109.183331812864,4.86616651426832,17.3856533438848
122.374300807052,142.651979345964,136.550096079923,115.566694375674,107.934152489936,4.80861210175232,17.4764791690938
122.404900996188,142.734918821592,135.978673683078,114.912166687131,107.364327449823,4.78225579847005,17.5000327066515
122.440162344209,142.814564897239,135.576063381932,114.442934279071,106.949431032808,4.76225414294904,17.5189960175756
122.73924893461,143.629691464515,131.13996192107,109.455113486417,102.675280916217,4.5636035039671,17.7356778018455
122.728006476022,143.678708720524,130.565415152945,108.8528362223,102.208127459366,4.54347765238965,17.7626313287219
122.610362986087,144.096180495471,126.290956670656,104.326424776181,98.8207418988096,4.3817290424551,17.9984792330073
122.606911684499,144.15273248762,125.627214194145,103.61827531639,98.2691182722008,4.35425383690958,18.0352654728282
122.607933006377,144.160229105525,125.546615114975,103.532385790242,98.2017345246038,4.35091943635966,18.0398015942467
122.772653148017,144.322932268879,123.244622527006,101.124239588633,96.1699468369953,4.25999743635493,18.1508691248075
122.730193082888,144.113348559608,120.994851077896,98.83566040915,94.0371960191034,4.17722236332864,18.1880127912079
122.784206782721,144.105131498612,120.203559227859,98.0119127364651,93.2543407915063,4.14386690123449,18.2090489901522
122.793056650988,144.105892856611,120.095784676771,97.898994243263,93.1469609030909,4.13917954632353,18.2121519742492
122.810260515784,144.107372912547,119.88627434855,97.6794842538069,92.9382177866583,4.13006747621079,18.2181840774689
122.919999617971,144.178846271136,118.907977087856,96.6157489935177,91.9389408149879,4.07940479937361,18.2533417229053
122.809382784633,144.076233988857,117.911672472473,95.5235263536546,90.9208660918872,4.02372856215487,18.2582766629425
122.805725616078,144.073569093092,117.862522416761,95.4684922892254,90.8709227830434,4.02054838824848,18.258694880038
122.791982372424,144.06370577393,117.674456167246,95.257751337861,90.679860314267,4.00831954612811,18.2603194503036
122.736593876754,144.02434245178,116.887824871454,94.3757581155213,89.8814765165428,3.95686502333698,18.2672118379975
122.72987623767,144.030140213838,116.003628712281,93.3706912824008,89.0047949881755,3.89097996609969,18.2775195640057
122.895651070652,144.094262187787,113.913337902436,91.0237798745651,87.1218532510353,3.71274172052597,18.2767904669578
122.971005947045,143.930292323492,112.237678577037,89.2340230901293,85.8170284968284,3.56606188862967,18.2109277465552
123.034605545977,143.944917112367,112.006225812492,88.9809585586561,85.65616116541,3.54242391010743,18.2043615764016
123.394604109629,144.120089358117,111.229252405973,88.0897222586411,85.1503296384853,3.45186581136713,18.1970509887505
123.436088927772,144.080496703396,110.734357594401,87.5177731165331,84.809545303074,3.39911569034839,18.1736420895086
123.639854988296,144.064863681291,109.94397523116,86.5815228770324,84.3769620578255,3.30325069496532,18.1354985594325
123.915054691471,144.090755737995,109.562914704197,86.1450402560956,84.3322264300272,3.24803046338824,18.1058594808097
124.327399627899,143.910856481506,109.26672328675,85.9503164569324,85.3050798362231,3.1617115271863,17.7248003535023
124.341914205336,143.935672522056,109.302964381622,85.9835674830201,85.3625332028922,3.16137305536068,17.711895891769
124.410996264793,144.159307455713,109.575853526354,86.1970708186914,85.6473921570935,3.16278986776604,17.6601172780937
124.441703702461,144.259818200308,109.69820452006,86.2925522135203,85.774133189048,3.16345131358977,17.6372021504067
124.445690231533,144.442466564919,109.92929415553,86.4563208923345,85.9828024396506,3.16434283169812,17.5867317596956
124.268899583905,145.224624789071,110.900026777084,87.0569685107384,86.6485619561058,3.16888043986265,17.3785401166873
124.229458064396,145.507815667636,111.229260148087,87.2558992305261,86.8471969858078,3.17128077827018,17.3212761032527
124.161258328635,146.377003330401,112.202313823234,87.835690737111,87.3867022982509,3.1796662535745,17.1745147806452
124.1503296053,146.70557840769,112.563561807299,88.0495220029112,87.5766954692883,3.18294858614566,17.1243245919904
124.148954096102,146.7469334706,112.609029142285,88.0764351988915,87.6006083588646,3.18336170655361,17.1180075626332
124.134294934498,147.537213905334,113.478124804188,88.590632325569,88.051724011885,3.19105544042035,16.9986576480851
124.048866750317,148.521881086823,114.596778666029,89.2295734900356,88.5878091125388,3.1984744128717,16.8213773445522
123.296289513623,152.507751912111,119.62671686786,91.9691936223791,90.6712515349461,3.14794523925748,16.1294273964763
123.217823800484,152.820648444199,120.00322466658,92.161305154574,90.7931797752014,3.13836741421566,16.1283682376474
123.16564106686,153.028736738211,120.253616912846,92.2890667527225,90.8742667701177,3.13199779017409,16.1276638560669
123.13294401574,153.159122272165,120.410509576522,92.3691205792603,90.9250748714531,3.12800666306295,16.1272224993394
122.426227379143,158.4520978771,126.491045209933,95.8142625073564,92.9917006945918,3.04546811906374,16.4340524519153
122.370401499456,158.792776160877,126.951250727512,96.0831984585327,93.1355829283856,3.03774079710593,16.4566780033478
122.192991561131,159.912864562107,128.946799271095,97.1758362296044,93.6650809385132,2.97783160833352,16.6104701970313
122.192931759414,159.912850186717,128.946893541319,97.1758608762397,93.6650665286594,2.97782391464374,16.6104802785837
121.91874557589,159.799282280717,129.355596949783,97.2592858968413,93.5769209321523,2.94300508685178,16.664174137801
121.473231399425,159.27732874351,129.945127899461,97.1811653767538,93.2782815035208,2.90885569414744,16.8574019434962
120.323507072324,158.377726088683,131.184868213804,96.8599820473883,92.7273702070291,3.04450015563654,17.6459271933963
119.77343056857,157.728989543037,132.551628155449,96.9266671166168,92.6855492599059,3.07513685645214,19.0260689961243
119.670579934922,157.278605348455,132.924078209348,96.9247581456273,92.6752536816513,3.03404615521805,19.5826462144847
119.665247158534,157.073607712773,133.105888743924,96.9448689264899,92.6949047404189,3.01103560564482,19.8407060685253
119.771722837541,156.516282645234,133.716013099626,97.0921194686135,92.8416889533448,2.93904828084774,20.5944139981402
119.657161017815,155.851481578683,134.17655413707,97.122412457142,92.8451640388005,2.87559657894411,21.2218367938537
119.499853695167,155.171609716811,135.016176297992,97.1974121807602,92.7999185904066,2.8147058752607,22.1557949519408
119.461864218379,154.999220826748,135.567378034225,97.246877428506,92.7409933171724,2.79597591046295,22.707360863591
119.448574553486,154.936521713102,135.870989377715,97.2671937593358,92.69585197611,2.78763616537413,23.0124372426176
118.252137757103,152.324471377881,138.617570674977,98.0087759397317,92.9511967078094,2.64112759572098,25.752931431588
118.231492255418,152.278568250586,138.771507622452,98.1827228452017,93.1300999987185,2.64001664891487,25.7864924417902
118.227943327905,152.270761029538,138.801739251147,98.2172089148405,93.1656237057253,2.63984602713187,25.7926847481838
118.148906716568,152.200916550314,141.048559209612,100.828244697118,95.8538784042897,2.64264277613866,26.1691881008324
117.999417768172,152.270998735262,142.367650762517,102.399360079443,97.4628529161166,2.6468988862756,26.3716052134805
117.764767692714,152.107578195109,144.54319926422,104.89659251539,100.001482981643,2.65010856023794,26.8881231488833
117.763462556657,152.025119231752,144.768839654798,105.136494378501,100.243003786764,2.65100549431043,26.9681660005038
117.767088889086,151.945969217814,144.918928742536,105.291937906555,100.39877602188,2.65207285032759,27.0273353280424
117.550894271785,147.389736743598,144.623765142546,104.749858510769,99.6834209511956,2.82693141265183,27.6148870543046
117.515477680042,147.149463327259,144.635935193553,104.750647207303,99.6588840500499,2.85577129641566,27.6316255417313
116.713578144787,147.411572386675,149.433392312785,108.455359429273,103.062458761093,3.44431184742451,28.2198040726347
116.60556918782,147.43142422166,150.208402968319,108.922343270561,103.503033677144,3.52617060721773,28.2994410227431
116.534860641657,147.265226425796,151.632678603731,109.65174093488,104.127293972452,3.71027685747275,28.4734851737484
116.539178643908,147.235862207868,151.745992717903,109.700915442309,104.160678370836,3.72830794003075,28.4909525775884
116.199368986083,146.299698211698,152.715295481234,109.945555749404,104.02989199102,3.97608295492938,28.6737003190705
115.933490109132,146.188325231164,157.320061407087,113.933653306662,107.195184576331,4.43162884093542,29.0502941959435
116.018167260729,146.357745996553,158.343039444648,115.016211290064,108.282171257122,4.48936545016287,29.0581127728248
115.930128073031,146.408481932005,160.754453614659,117.727978850286,111.042568548264,4.64521635345156,28.9967167725604
115.925353662825,146.421218658335,161.221804645705,118.236282335158,111.540496205298,4.67936680647824,28.9985027928396
115.954627035716,146.539502343707,162.806194292279,119.781908641331,112.926532010584,4.79508234859767,29.0920313315417
115.57333801041,146.452229839305,164.181688919588,120.607542053583,113.166701300627,4.88482693119931,29.3574639121826
114.203727766397,146.740714517468,166.752245083738,121.2149395941,111.45237010919,4.89745036020744,30.2140378807153
113.62533684582,146.836852089228,167.360632155859,121.28157160134,110.801038453895,4.88073018444825,30.4142187832937
113.519311339999,146.863030185207,167.477686725205,121.293057579695,110.678638913887,4.87772889019237,30.4520277488241
111.669362962155,147.075836038214,168.071101618227,119.48224788302,107.422663828828,4.83074066269646,31.1112828184929
111.318035122833,146.989150556664,167.051187705764,118.153741114893,106.075238883274,4.77536375986464,31.3616774158451
111.232010685185,146.793033238153,164.904366676089,116.552880396854,104.739008600493,4.67900655259304,31.6213946256032
111.314775750752,146.800660551804,164.242866091337,116.114307193604,104.419078388758,4.65470429312735,31.7073053807083
111.285666893248,146.662692955604,163.124078417539,115.330083732514,103.831338769702,4.62037664205861,31.8081103904223
111.178894209546,146.440044827775,161.329245078688,114.006264178109,102.874506712162,4.58347429222514,31.9703312066963
111.1724997346,146.424974936725,161.105767433393,113.839367904054,102.759340348445,4.58039982679863,31.9939973008971
111.173251181388,146.423929663037,160.8773899708,113.671109803596,102.649662984982,4.57871838896107,32.0212948958164
111.179295645457,146.432930892,160.614496351567,113.479054932011,102.529106285616,4.57782099692642,32.0549307991515
111.217354024933,146.498636193854,159.948464110759,113.010386882826,102.257618674579,4.57926649677427,32.1468315972186
111.085938944177,146.430956130371,159.033880819754,112.377642805878,101.872405449959,4.58060078841007,32.2167666639529
110.955689535256,146.340608176184,158.094956841847,111.74674987313,101.500254491842,4.57659542862549,32.272197388078
111.0938997668,146.265401139399,155.072656134499,109.563072575716,100.229846980785,4.52741929975472,32.5033317797837
111.406116000326,146.309979125678,152.014249474714,107.891210605885,99.8615967796209,4.50904550218364,32.6926311771766
112.429240677462,146.814016253104,156.266794401276,115.14413779879,106.594531968502,4.32967569401854,31.970454108336
112.536605696861,146.833124214912,156.532906965185,115.670640662506,107.074439678292,4.31201286646474,31.8383287833908
112.667570456003,147.603367551074,158.851507445991,120.236318699482,111.146131218589,4.50026391463677,29.7673671934818
112.684457363152,149.240571403826,161.665960517368,124.824371768018,114.96705502493,4.89024193589441,27.3280299688714
112.827598146549,149.793340819454,162.929216209376,127.212930494427,117.003205873713,5.03140772563208,26.0706866832785
113.32854846574,151.984993026871,166.359450107991,132.088281138775,120.549186049906,5.34940086177234,23.4772286271764
113.694893728645,152.14024778512,166.537795372298,131.947669772587,120.09425931332,5.36777032411715,23.2217985117109
113.961470954556,151.928395871533,166.412512326698,131.398798204297,119.114663573268,5.39456459690204,22.7800615259616
114.39696822352,153.125646520724,167.927347296378,132.711176912824,119.559570356681,5.53131823036011,21.8580938324548
114.3289821643,154.158574025554,169.145003115533,134.032393554113,120.571900724712,5.57791462236282,21.5944970291892
114.728812015664,157.135187954867,173.095996286451,138.112206015545,123.902443116115,5.63078745315773,21.2443870185615
114.73834009558,157.271290711969,173.425867516854,138.460921441351,124.166234738935,5.62520656360218,21.1891225899278
114.962261551177,157.273905038642,174.372667979791,139.633128455479,124.95936885906,5.57189564095557,20.8752058162244
115.009731300565,157.207987675274,174.382172248223,139.701843811072,124.992379648346,5.56317498344178,20.8345128314978
115.220748126196,156.24960288091,173.831135734382,140.330330573681,125.223455070633,5.42608580539838,20.2602129398749
115.211832623849,156.205039460817,173.78416504664,140.423206166998,125.28117122517,5.41128177165916,20.207090342452
115.225136882502,156.265906719778,173.840209577404,140.950133964189,125.685104340853,5.36250820403537,20.0457982884991
115.238190123758,156.317242192385,173.900023790714,141.099084403116,125.808716920969,5.35333074393072,20.0166784585202
115.319620516759,156.607149731637,174.268194356112,141.832593097724,126.432346110838,5.31567808201186,19.894879795933
115.298044151013,157.195068782644,175.378107193818,143.580495408556,127.967753873621,5.24050450191501,19.5927205338975
115.295414923574,157.235371703753,175.473499802139,143.715216523748,128.08854639121,5.23557952458605,19.5693765318662
115.733933976782,157.512586744765,177.219344230089,146.385444498251,130.018521796488,5.16867783937734,18.7779162718781
115.790767645787,157.496601272135,177.183304371849,146.311032500675,129.832231127643,5.16936710193539,18.753893517176
115.913755462927,157.402985774679,177.103953978794,145.672072540756,128.501614239298,5.16272670723294,18.635762154264
115.975157409587,157.413918726775,177.24461218637,145.433312498768,127.896873215135,5.15436454102357,18.5439290841552
116.248444534847,157.632579708098,177.669257224123,145.647479817611,127.842570836849,5.15075529160724,18.3765591385132
116.337484186637,157.704026107203,177.785478513688,145.765243793812,127.927711301465,5.15118533514026,18.3271314107869
116.355439909898,157.71843397768,177.808915682078,145.788992060165,127.944880715207,5.15127205765673,18.3171638223854
116.527807510673,157.679451624336,177.842627187925,146.448830456734,128.804117919178,5.15250801019736,17.887860998704
116.620705802239,157.69757499085,177.833284891317,146.651537049182,129.10234495958,5.15594543876318,17.7986457660821
117.643852351745,157.933930656904,177.768016318785,148.394226466149,131.702579890881,5.19143739000929,17.1558007974298
118.760089166469,157.889412830775,177.852903696241,150.500601355565,134.553388080868,5.19196162628295,16.4550442236517
118.884790440017,157.921189076559,177.980201780907,150.822440032846,134.890750253717,5.18859881530727,16.3936912738645
118.961956359169,157.613219465983,178.624001381115,152.762568226972,136.781863216587,5.15278348345659,15.9214310128169
118.98618051996,157.53697301306,179.225872830009,153.983103815703,137.925160365295,5.15583503580066,15.7052173166382
119.09198060636,157.569762735894,179.742702822563,154.826805245794,138.72784836026,5.17384670393761,15.5931282169932
119.111658588778,157.573383429196,179.849776681753,154.999586743183,138.892731386085,5.17802381832328,15.5697123142707
119.286230359639,157.38615335393,181.457368032227,157.253410373775,141.089031818588,5.28988119755148,15.2557041132996
120.008174644307,157.725270887914,183.47559538429,159.59246996559,143.341437450718,5.44211229087144,15.1404325579295
120.67874434952,158.012966494514,185.897245104118,162.647994053966,146.275661311621,5.65749772028728,14.955514764745
121.392132969748,158.434800817836,188.131023805962,165.670741778578,149.295805920361,5.88086627038891,14.7271707567958
121.512574294917,158.500831917536,188.504649635117,166.147310865485,149.76476957833,5.91549324002887,14.6957767499243
122.41448261425,158.965335433174,191.432060964818,169.681992420271,152.988909683772,6.13527527654222,14.621861956905
122.592835944654,159.018993678368,192.200288562908,170.584942993241,153.723879798805,6.18366005563994,14.65040090136
123.249692856005,159.41674512823,193.84220486317,172.366893486453,155.001879157197,6.27458869676709,14.9259115996653
123.927533360106,159.883975359625,194.032768321234,172.074430990728,153.975240839716,6.33553218915406,15.7002565369595
124.534149074808,160.381964870926,193.304160422732,170.628034780448,151.893944584747,6.38225408399251,16.4520804035976
124.768027326372,160.531475060151,193.012915015711,170.064169621182,151.04911503751,6.39595918768437,16.745514213916
124.944349933307,160.644278769488,192.933875438504,169.868197867006,150.728471735666,6.39800576919907,16.8921936060219
125.401242296456,160.88016109208,192.68214867871,169.362733667655,149.978636694297,6.38248872105606,17.2598302523209
125.404431002788,160.878788971405,192.672275243069,169.349316370864,149.962559118016,6.38177727642589,17.2652565518529
126.241619895628,161.005768205051,191.5168303385,167.906588512094,148.368460370161,6.24913412044272,18.0748687916885
126.526056450563,160.95959716081,190.887773460407,167.275632134677,147.643929140101,6.17942390914065,18.4908301126162
126.597866056234,160.928059974815,190.667874632878,167.062389363411,147.371960949765,6.15715102365473,18.6405971053691
126.893548770323,161.016565446247,190.311741618676,166.68883841985,146.759884524286,6.11455774229247,19.0550047057088
127.068167272403,161.114824125707,190.206208384457,166.550683546752,146.494432610841,6.09866177468975,19.2545903265929
127.196727694609,161.18787538305,190.114618641811,166.423965578142,146.265701631845,6.08608710340624,19.4126360845823
127.241190610045,161.11020912908,189.564568500448,165.720034599682,145.33817216101,6.04248040564331,19.7897319755691
127.398941079827,161.156981110703,189.117072153261,165.080978237091,144.577108709253,5.99929443153441,20.1759412486406
127.453071990435,161.183878807755,189.025972720165,164.945127634731,144.42881278635,5.98887685817437,20.2722422471328
127.485470101034,161.200136648088,188.972737456861,164.865797929438,144.342784293141,5.98271891063017,20.3293467669823
127.487263603102,161.020339324064,188.115050253288,163.904909818782,143.592790996264,5.89572295004885,21.0071728057309
127.458903395024,160.962111326609,187.925571523212,163.765567522013,143.564044888806,5.87281356050667,21.200938554567
127.4766989286,160.958007784342,187.688635038932,163.69185463736,143.703995579262,5.8298786082864,21.6294207703199
127.080629403063,160.662608487589,187.017363798771,163.347879119797,143.603710350209,5.73121075417591,22.4571940998649
127.040555050905,160.643277577576,186.953734626098,163.315487332689,143.577935129505,5.71782939150135,22.572310055724
127.001914124318,160.637648799516,186.885451439118,163.285599394085,143.537011156532,5.69646711499826,22.7635277245038
126.95425651694,160.677699856923,186.785599184994,163.258352034812,143.400208968314,5.63357840154144,23.3383979871868
126.528225139844,160.347636678657,186.394436298157,162.922982077026,142.807541979395,5.52991157252399,24.0550061671475
126.436865179875,160.282994937411,186.308324659783,162.866085123933,142.629848294035,5.48623530275281,24.3561712531472
125.960349358317,159.850145919367,185.486450382302,162.21212844305,141.539399811377,5.27361387195691,25.5486653134326
125.921304658237,159.78730779069,185.290802831396,162.022815106408,141.253921215914,5.23186380127787,25.7781502610805
125.782145887676,159.421099211416,184.588947151547,161.241719549591,140.092642302773,5.12227846501691,26.4430725354664
125.732475321185,159.085815499691,184.108450762367,160.697925308451,139.24791768968,5.06413586154709,26.9046042661321
125.765434036843,159.008661818219,183.983468261738,160.563183735593,139.0143687074,5.0469778071316,27.0748104297788
125.821907619997,158.964044863781,183.88600670284,160.469886439185,138.841980984178,5.03179828811885,27.241526046889
125.575087705956,158.241998945862,182.693062149434,159.389443693636,137.492536116754,4.90825682625938,28.2553760801979
124.989650054683,157.599335048843,181.236627027895,158.017513663882,136.121503974607,4.71618339821998,29.5902288328909
124.943329787754,157.548821039809,181.098030680226,157.913164211022,136.027067717917,4.69779265459268,29.7167452447298
NaN,NaN,NaN,NaN,NaN,NaN,NaN
NaN,NaN,NaN,NaN,NaN,NaN,NaN
NaN,NaN,NaN,NaN,NaN,NaN,NaN
NaN,NaN,NaN,NaN,NaN,NaN,NaN
NaN,NaN,NaN,NaN,NaN,NaN,NaN
NaN,NaN,NaN,NaN,NaN,NaN,NaN
NaN,NaN,NaN,NaN,NaN,NaN,NaN
NaN,NaN,NaN,NaN,NaN,NaN,NaN
NaN,NaN,NaN,NaN,NaN,NaN,NaN
NaN,NaN,NaN,NaN,NaN,NaN,NaN
NaN,NaN,NaN,NaN,NaN,NaN,NaN
NaN,NaN,NaN,NaN,NaN,NaN,NaN
NaN,NaN,NaN,NaN,NaN,NaN,NaN
NaN,NaN,NaN,NaN,NaN,NaN,NaN
NaN,NaN,NaN,NaN,NaN,NaN,NaN
NaN,NaN,NaN,NaN,NaN,NaN,NaN
NaN,NaN,NaN,NaN,NaN,NaN,NaN
NaN,NaN,NaN,NaN,NaN,NaN,NaN
NaN,NaN,NaN,NaN,NaN,NaN,NaN
NaN,NaN,NaN,NaN,NaN,NaN,NaN
NaN,NaN,NaN,NaN,NaN,NaN,NaN
NaN,NaN,NaN,NaN,NaN,NaN,NaN
NaN,NaN,NaN,NaN,NaN,NaN,NaN
NaN,NaN,NaN,NaN,NaN,NaN,NaN
NaN,NaN,NaN,NaN,NaN,NaN,NaN
NaN,NaN,NaN,NaN,NaN,NaN,NaN
NaN,NaN,NaN,NaN,NaN,NaN,NaN
NaN,NaN,NaN,NaN,NaN,NaN,NaN
NaN,NaN,NaN,NaN,NaN,NaN,NaN
NaN,NaN,NaN,NaN,NaN,NaN,NaN
NaN,NaN,NaN,NaN,NaN,NaN,NaN
NaN,NaN,NaN,NaN,NaN,NaN,NaN
NaN,NaN,NaN,NaN,NaN,NaN,NaN
NaN,NaN,NaN,NaN,NaN,NaN,NaN
NaN,NaN,NaN,NaN,NaN,NaN,NaN
NaN,NaN,NaN,NaN,NaN,NaN,NaN
NaN,NaN,NaN,NaN,NaN,NaN,NaN
NaN,NaN,NaN,NaN,NaN,NaN,NaN
NaN,NaN,NaN,NaN,NaN,NaN,NaN
NaN,NaN,NaN,NaN,NaN,NaN,NaN
NaN,NaN,NaN,NaN,NaN,NaN,NaN
NaN,NaN,NaN,NaN,NaN,NaN,NaN
NaN,NaN,NaN,NaN,NaN,NaN,NaN
NaN,NaN,NaN,NaN,NaN,NaN,NaN
NaN,NaN,NaN,NaN,NaN,NaN,NaN
NaN,NaN,NaN,NaN,NaN,NaN,NaN
NaN,NaN,NaN,NaN,NaN,NaN,NaN
NaN,NaN,NaN,NaN,NaN,NaN,NaN
NaN,NaN,NaN,NaN,NaN,NaN,NaN
NaN,NaN,NaN,NaN,NaN,NaN,NaN
NaN,NaN,NaN,NaN,NaN,NaN,NaN
NaN,NaN,NaN,NaN,NaN,NaN,NaN
NaN,NaN,NaN,NaN,NaN,NaN,NaN
NaN,NaN,NaN,NaN,NaN,NaN,NaN
NaN,NaN,NaN,NaN,NaN,NaN,NaN
NaN,NaN,NaN,NaN,NaN,NaN,NaN
NaN,NaN,NaN,NaN,NaN,NaN,NaN
NaN,NaN,NaN,NaN,NaN,NaN,NaN
NaN,NaN,NaN,NaN,NaN,NaN,NaN
NaN,NaN,NaN,NaN,NaN,NaN,NaN
NaN,NaN,NaN,NaN,NaN,NaN,NaN
NaN,NaN,NaN,NaN,NaN,NaN,NaN
NaN,NaN,NaN,NaN,NaN,NaN,NaN
NaN,NaN,NaN,NaN,NaN,NaN,NaN
NaN,NaN,NaN,NaN,NaN,NaN,NaN
NaN,NaN,NaN,NaN,NaN,NaN,NaN
NaN,NaN,NaN,NaN,NaN,NaN,NaN
NaN,NaN,NaN,NaN,NaN,NaN,NaN
NaN,NaN,NaN,NaN,NaN,NaN,NaN
NaN,NaN,NaN,NaN,NaN,NaN,NaN
NaN,NaN,NaN,NaN,NaN,NaN,NaN
NaN,NaN,NaN,NaN,NaN,NaN,NaN
NaN,NaN,NaN,NaN,NaN,NaN,NaN
NaN,NaN,NaN,NaN,NaN,NaN,NaN
NaN,NaN,NaN,NaN,NaN,NaN,NaN
NaN,NaN,NaN,NaN,NaN,NaN,NaN
NaN,NaN,NaN,NaN,NaN,NaN,NaN
NaN,NaN,NaN,NaN,NaN,NaN,NaN
NaN,NaN,NaN,NaN,NaN,NaN,NaN
NaN,NaN,NaN,NaN,NaN,NaN,NaN
NaN,NaN,NaN,NaN,NaN,NaN,NaN
NaN,NaN,NaN,NaN,NaN,NaN,NaN
NaN,NaN,NaN,NaN,NaN,NaN,NaN
NaN,NaN,NaN,NaN,NaN,NaN,NaN
NaN,NaN,NaN,NaN,NaN,NaN,NaN
NaN,NaN,NaN,NaN,NaN,NaN,NaN
NaN,NaN,NaN,NaN,NaN,NaN,NaN
NaN,NaN,NaN,NaN,NaN,NaN,NaN
NaN,NaN,NaN,NaN,NaN,NaN,NaN
NaN,NaN,NaN,NaN,NaN,NaN,NaN
NaN,NaN,NaN,NaN,NaN,NaN,NaN
NaN,NaN,NaN,NaN,NaN,NaN,NaN
NaN,NaN,NaN,NaN,NaN,NaN,NaN
NaN,NaN,NaN,NaN,NaN,NaN,NaN
NaN,NaN,NaN,NaN,NaN,NaN,NaN
NaN,NaN,NaN,NaN,NaN,NaN,NaN
NaN,NaN,NaN,NaN,NaN,NaN,NaN
NaN,NaN,NaN,NaN,NaN,NaN,NaN
NaN,NaN,NaN,NaN,NaN,NaN,NaN
NaN,NaN,NaN,NaN,NaN,NaN,NaN
NaN,NaN,NaN,NaN,NaN,NaN,NaN
NaN,NaN,NaN,NaN,NaN,NaN,NaN
NaN,NaN,NaN,NaN,NaN,NaN,NaN
NaN,NaN,NaN,NaN,NaN,NaN,NaN
NaN,NaN,NaN,NaN,NaN,NaN,NaN
NaN,NaN,NaN,NaN,NaN,NaN,NaN
NaN,NaN,NaN,NaN,NaN,NaN,NaN
NaN,NaN,NaN,NaN,NaN,NaN,NaN
NaN,NaN,NaN,NaN,NaN,NaN,NaN
NaN,NaN,NaN,NaN,NaN,NaN,NaN
NaN,NaN,NaN,NaN,NaN,NaN,NaN
NaN,NaN,NaN,NaN,NaN,NaN,NaN
NaN,NaN,NaN,NaN,NaN,NaN,NaN
NaN,NaN,NaN,NaN,NaN,NaN,NaN
NaN,NaN,NaN,NaN,NaN,NaN,NaN
NaN,NaN,NaN,NaN,NaN,NaN,NaN
NaN,NaN,NaN,NaN,NaN,NaN,NaN
NaN,NaN,NaN,NaN,NaN,NaN,NaN
NaN,NaN,NaN,NaN,NaN,NaN,NaN
NaN,NaN,NaN,NaN,NaN,NaN,NaN
NaN,NaN,NaN,NaN,NaN,NaN,NaN
NaN,NaN,NaN,NaN,NaN,NaN,NaN
NaN,NaN,NaN,NaN,NaN,NaN,NaN
NaN,NaN,NaN,NaN,NaN,NaN,NaN
NaN,NaN,NaN,NaN,NaN,NaN,NaN
NaN,NaN,NaN,NaN,NaN,NaN,NaN
NaN,NaN,NaN,NaN,NaN,NaN,NaN
NaN,NaN,NaN,NaN,NaN,NaN,NaN
NaN,NaN,NaN,NaN,NaN,NaN,NaN
NaN,NaN,NaN,NaN,NaN,NaN,NaN
NaN,NaN,NaN,NaN,NaN,NaN,NaN
NaN,NaN,NaN,NaN,NaN,NaN,NaN
NaN,NaN,NaN,NaN,NaN,NaN,NaN
NaN,NaN,NaN,NaN,NaN,NaN,NaN
NaN,NaN,NaN,NaN,NaN,NaN,NaN
NaN,NaN,NaN,NaN,NaN,NaN,NaN
NaN,NaN,NaN,NaN,NaN,NaN,NaN
NaN,NaN,NaN,NaN,NaN,NaN,NaN
NaN,NaN,NaN,NaN,NaN,NaN,NaN
NaN,NaN,NaN,NaN,NaN,NaN,NaN
NaN,NaN,NaN,NaN,NaN,NaN,NaN
NaN,NaN,NaN,NaN,NaN,NaN,NaN
NaN,NaN,NaN,NaN,NaN,NaN,NaN
NaN,NaN,NaN,NaN,NaN,NaN,NaN
NaN,NaN,NaN,NaN,NaN,NaN,NaN
NaN,NaN,NaN,NaN,NaN,NaN,NaN
NaN,NaN,NaN,NaN,NaN,NaN,NaN
NaN,NaN,NaN,NaN,NaN,NaN,NaN
NaN,NaN,NaN,NaN,NaN,NaN,NaN
