85.1293077638158,104.558068020357,133.670682390894,136.658549951612,141.664850188737,5.03379228409999,8.30915848524222
86.9547376341248,106.213273079852,135.405803763729,138.671350808513,143.83547362378,5.10419463827699,8.48852610576302
95.8154239886022,114.134842934301,143.7841632307,148.378515193072,154.14826288353,5.43349555767658,9.35375691064474
94.9647423776379,113.319036212865,142.958049717912,147.415402052568,153.049072596158,5.39546520867434,9.26791579483756
94.2780597906526,112.661414817327,142.291551449871,146.638467586,152.163594453315,5.36485933357483,9.19866520486247
90.9570362057723,109.568259703072,139.101991020961,142.929381711065,148.054320559861,5.22574478998308,8.86774052670118
84.1117012749623,103.199112277474,132.529755243534,135.28691207369,139.597575962512,4.93766501554495,8.18537388328992
74.6901879288053,94.4151059828426,123.477277767159,124.755890907461,127.919968110887,4.52921691431129,7.24236553615534
74.4672567012883,94.2018429331394,123.261067807208,124.503484465914,127.63234004547,4.51768091566433,7.21945683545608
78.417192088528,97.5360111795095,126.933451656921,128.71983100542,131.784280198669,4.56955206249683,7.57980874412536
79.0258988052887,98.0828828230761,127.511538110661,129.389021529139,132.493476402353,4.58861104560603,7.63880029805827
80.8320200917696,99.7055304614572,129.226804626993,131.374607060429,134.597764599763,4.64516181816099,7.81383681128718
81.3056212230513,100.131021131968,129.676581820067,131.895267306734,135.149551059674,4.65999056197645,7.85973488651687
82.1165226903065,100.859222939893,130.447288150209,132.787273854398,136.092102019891,4.68477069558983,7.93829667359794
84.1644675057025,102.697761413184,132.39472384373,135.040944071702,138.468791076766,4.74632640415507,8.13666354371735
87.0254340092,105.226000637522,135.108865621603,138.175268098528,141.691152309254,4.81229404446221,8.41033905620257
81.0576365479044,99.4648443586181,129.318901819685,131.423558787771,133.941477122943,4.47538866322668,7.79371939187523
80.3847243477742,98.8025116647849,128.65944264738,130.654730906169,133.056490306904,4.43612625089987,7.72209479030758
80.6302550479844,98.8071372049965,128.819408311087,130.825337392129,132.995937675433,4.38101066945966,7.71762533132564
81.6486976465793,99.6741403580777,129.774480186576,131.929106848958,134.108922367466,4.39873499097917,7.80836386255891
85.3523532008916,102.906132292259,133.310045367887,136.015425876243,138.216513692699,4.46849272586643,8.14279362501419
85.5230029389834,103.051904772225,133.476748218607,136.206925721191,138.39105425099,4.46836853873018,8.15689330937474
85.763229430376,103.257111131142,133.711418610611,136.47650325684,138.636757915072,4.46819371842076,8.17674167094592
85.6818451904063,103.111261015617,133.662433906694,136.397869128357,138.300739683712,4.41462514054897,8.14878461031557
85.3148674989262,102.749694434397,133.319217653291,135.989293481886,137.771189084871,4.38229167808012,8.10556207942788
84.4230301844354,101.877174264433,132.468737982365,134.977377789406,136.518434644411,4.31001598642773,8.00333563841947
83.5204148101572,100.903577751288,131.565968049799,133.856753221873,134.998637257695,4.1395897394107,7.86600372979344
83.838760608747,101.17418525352,131.860962003861,134.186067221431,135.315154187315,4.11493038994453,7.88669413194416
83.9502770616781,101.271248058373,131.965252515682,134.303663570631,135.432372538754,4.1084386054334,7.8947037543231
84.3742804777102,101.644821820458,132.364682692913,134.756039236115,135.889158146653,4.08544621850832,7.92612819675402
84.4655969398722,101.727166446738,132.451917832576,134.855659972499,135.992169430267,4.08120004573134,7.93330114294937
85.5318807883566,102.705943588714,133.492625002306,136.050353297105,137.23099984994,4.01524458210503,8.01396915709027
85.5598080450962,102.732112459741,133.520565062113,136.082615901553,137.264559025404,4.01301087433773,8.01598644084962
85.6320787997562,102.800947712705,133.594983530652,136.168923072033,137.354116336472,4.00514809792798,8.02081519430761
85.8241595983363,103.003563341641,133.835894519077,136.455438666355,137.646268986141,3.94068867107312,8.0252803066873
85.6754525850766,102.87892314374,133.741249568135,136.354789155211,137.533750588947,3.89522561514173,8.00307194563346
85.5797906371938,102.7903778157,133.663827390011,136.26831863211,137.441465825881,3.88289784036212,7.99205240955989
84.9233287750214,102.121589738584,133.087018849983,135.621791062219,136.776496781271,3.84250369958168,7.9238746899982
84.7453071896218,101.925128744438,132.920278101248,135.436000005981,136.592718910284,3.84192834379804,7.90670020138111
84.5238602100034,101.412854264929,132.564853170026,135.069173522825,136.362834883308,3.9158265716892,7.90109584237014
84.5569538281464,101.391432822632,132.559689956209,135.069623835084,136.393127795687,3.92960542003127,7.90814984514829
84.5952384385821,101.382817690028,132.556886373286,135.071102768434,136.421951705473,3.9390136977848,7.91607871845809
84.683396806415,101.366912400887,132.550590021802,135.074005078922,136.48620652003,3.95888392670553,7.9343516406539
84.6627515088758,101.297794531876,132.471836056662,134.98961235975,136.433952685679,3.96152697283283,7.93881164449457
84.2739653882985,100.74078290568,131.796866621358,134.221869203446,135.784014959044,3.92137411217981,7.93654729996244
84.1906138706357,100.642165092039,131.674835297463,134.079542105294,135.652764507494,3.90976248741463,7.93368194985029
84.0331764959272,100.463539492973,131.450828218573,133.811799377218,135.397674000054,3.88239644709623,7.92779430617666
83.7039537149357,100.081902673573,130.968842762073,133.227640356846,134.838960175188,3.81589929419119,7.91719707091728
83.6699443411221,100.041789226561,130.917916886279,133.165290950159,134.779178656923,3.80828048729334,7.91624505945663
83.2828460800576,99.5909397307339,130.376323405206,132.511726021683,134.15019165752,3.72893180157896,7.89929787208996
83.1386207886835,99.4115093722159,130.168738843334,132.265154763147,133.917793374467,3.69815964171856,7.89291587017834
83.0777037654307,99.335722641484,130.081060507156,132.16100945724,133.819634365893,3.68516227932883,7.89022027805891
82.9553478061732,99.1711579815212,129.895016021665,131.945314444201,133.622812578754,3.65850772275325,7.88535092683634
82.8781436021719,99.0643729651927,129.775252174085,131.807659662942,133.498702448686,3.64155821425584,7.88240862205196
82.7898698427505,98.9370752111834,129.633318888542,131.647077478109,133.356906752896,3.62229463066432,7.8794408566948
82.7144487834667,98.8191541704545,129.503252763083,131.504259384986,133.235949124209,3.60604031400001,7.87760307441401
82.6917553705335,98.783672954781,129.464117217631,131.461286904986,133.199554230776,3.60114955903697,7.87705010482467
82.6511466645353,98.7201811274396,129.394086153373,131.384389841886,133.134427423645,3.59239780226122,7.87606059392363
82.5812568977408,98.6011976919156,129.262149801229,131.24423602386,133.021494186281,3.57850757919312,7.87565646411335
82.3408464596084,98.2470458279566,128.872685502926,130.833107115906,132.677288525461,3.54736962052549,7.86865849984717
81.8163900961751,97.5644192972426,128.11078628875,130.019555078143,131.970525639502,3.51305375881892,7.85152286127091
81.6266955871784,97.3063350731915,127.807504437604,129.680691299588,131.677610981251,3.50770069099916,7.85369171436942
81.4752064880833,97.0868512205688,127.539199500453,129.363319314665,131.401131959868,3.5081878573195,7.86303439128213
81.3544701596536,96.8923640234775,127.294116111864,129.052979422034,131.128395220112,3.51364619901234,7.87955043725819
81.2950748888641,96.8165424210814,127.206130119389,128.94450445271,131.028123878776,3.51429152181443,7.88109326951237
81.257724007894,96.7709585955088,127.154240632961,128.880956871903,130.968647958468,3.514481911693,7.88136837025631
80.8381817969401,96.2479963014913,126.568830570291,128.174170121085,130.320040679326,3.51618683132421,7.8853649330857
80.2329836551528,95.4249044676763,125.707918107562,127.262029152773,129.597265911047,3.50188862228561,7.88902066255699
80.1543391333893,95.3121137079418,125.594592711374,127.16145590321,129.534869761566,3.49610205351113,7.88853208121666
79.8504690152558,94.9109594425969,125.191867054966,126.800174106805,129.292625653611,3.473106602346,7.8800399045268
79.4331901043119,94.412341386181,124.689934557592,126.342949737711,128.958628456138,3.4380495319864,7.85949522995643
79.4058308011645,94.3796182166972,124.656711865594,126.312606331229,128.936789569952,3.43537842413392,7.85831346056428
78.9954551929016,93.8846802476398,124.143999665451,125.822514570322,128.574637987409,3.39122023098509,7.84641811156462
78.9700486559914,93.8536992820097,124.111069303221,125.789286340552,128.549361696927,3.38814841172404,7.84616311422119
78.751490902291,93.5768096021881,123.795092155984,125.419086764458,128.241340257245,3.35732493607432,7.85610872459546
78.7233793949584,93.5400122894318,123.750723360581,125.361855180435,128.191396312994,3.35285897760512,7.85877166241789
78.5860884204782,93.3314575863944,123.401295907015,124.691958858727,127.489595002337,3.32510591109395,7.92081517643172
78.5562706160456,93.2960795751915,123.333797238644,124.543936143044,127.319510177973,3.32250216427147,7.93250660008407
78.5429076197741,93.2802247448043,123.303547377163,124.4775990322,127.2432858242,3.32133528227788,7.93774616931621
78.5239713722195,93.2339295148062,123.082363955581,123.827996199026,126.451391578583,3.32377577145211,8.00881318388128
78.5341494508451,93.2386325522318,123.054882709298,123.724805556473,126.320959381387,3.32584343560861,8.02242492960659
78.5752757366629,93.2671978616682,123.018633361089,123.543456592364,126.084435581316,3.33249417186441,8.05043334117638
79.0750114736068,93.6044309885672,122.782827797999,122.204585297519,124.313989793638,3.40923735631183,8.2917331355774
79.1161200601884,93.6116341146655,122.690719830229,121.957533943717,124.005166455338,3.42186258149352,8.32528767559834
79.152066558902,93.5948017955776,122.518119999939,121.549410256357,123.502850937589,3.4405934588638,8.37422817702939
79.177135683177,93.5779807463669,122.400756963666,121.295262560374,123.194900941117,3.4524766505875,8.4058619511228
79.2442653299621,93.529923328605,122.112309980865,120.702113794093,122.483588158917,3.48053911292256,8.48280855678627
79.3445372157969,93.4744574009176,121.804013612776,120.101711207584,121.772821955346,3.50964350073994,8.57075390368965
79.4090925205567,93.4491447595046,121.651663548693,119.805592214389,121.422895691152,3.52434379094579,8.61839390575222
79.5629030109111,93.2800260618591,121.07194350277,118.693418099413,120.101128885512,3.56903939640187,8.77992968331316
79.6524162791359,93.187789534625,120.736162841168,118.000133203486,119.260339797044,3.59678402709623,8.87408753583764
79.8340974620114,93.1834008238889,120.457311761023,117.341435597226,118.449073587355,3.63198448861772,8.97616198176406
79.8555449500996,93.1869299485415,120.432586312349,117.279847975184,118.373082736287,3.63572857554167,8.98617204582991
80.0976897518739,93.2472033136818,120.18303996164,116.658880505841,117.613307514834,3.67680575656066,9.08775093724523
80.1954606098274,93.2191852737465,119.882904883881,116.066970436977,116.918766272503,3.70803375021857,9.15360321183487
80.2753187746948,93.1460272295115,119.425878142855,115.235982762964,115.965224738919,3.74915762786271,9.23018473069495
80.3037786608207,93.1317482754718,119.300943975535,115.00784220138,115.704986229974,3.76112996288133,9.25166079372822
80.3082310746873,93.1309390082847,119.286307279056,114.980564631224,115.673966708176,3.76265491096864,9.25434341643405
80.6121294688517,93.1558804494309,118.597860790491,113.597283858082,114.087759774323,3.84514135089849,9.40233271025048
80.8903806869142,93.1385463710207,117.852480643017,111.775996014646,111.928917799031,3.93639159984249,9.56600545257883
80.9170026971571,93.1474539951741,117.826249246074,111.67884198099,111.809162636177,3.94171450250289,9.57563647630732
81.0862457064278,93.2129678095451,117.694595978617,111.143397380719,111.146892272029,3.97251384109061,9.63057990710998
81.5103094168552,93.4146798176302,117.517456311534,110.198830095419,109.980833016925,4.03631169183895,9.73279293138308
81.6075480054811,93.3986481763531,117.272560461287,109.54369437361,109.219784181878,4.06969640381866,9.76632098028442
81.6724618228815,93.3990808627951,117.139884064913,109.202101382285,108.829767406303,4.08983006828121,9.78426549635174
81.6733621173093,93.3990868637546,117.138043966377,109.197363804386,108.824358235439,4.09010930352962,9.78451437014275
81.8068082783242,93.4183162534892,116.912566283047,108.626766550079,108.17946273381,4.12899789823942,9.81854218481999
81.8336110273619,93.4233480602044,116.870293504135,108.520556041004,108.059939527847,4.13664920077515,9.82519420974314
81.9333467399127,93.4537347716321,116.741332545796,108.193580962893,107.692725537957,4.16441851932765,9.85078907198846
81.9784752404967,93.4684689477313,116.68537313601,108.051393358258,107.533115768439,4.1769243346286,9.86244135369058
82.0146237537623,93.4802712135564,116.640548924242,107.937499245984,107.405266276521,4.18694165460271,9.87177498220097
82.151956713053,93.5380549443013,116.499617913353,107.562322301769,106.979558700441,4.22590248229001,9.91172225069293
82.2365485094732,93.4829389672386,115.994547304283,106.487365313243,105.759351050456,4.321014471796,9.99861307073147
82.265373740215,93.4633830348995,115.807265053503,106.073319986733,105.281008018999,4.36246773035152,10.0397189761551
82.3640819265059,93.4783974771798,115.553334499854,105.434507799745,104.526439126383,4.43956988218564,10.1249107888591
82.4091646864109,93.4943723603186,115.483889061813,105.239541422818,104.292963801687,4.46606026230192,10.1559511105391
82.5240700290384,93.5407135979994,115.341438700362,104.819605534722,103.788100885137,4.52579545145583,10.2276890441135
82.5718351619503,93.5618084808389,115.293471100229,104.670105400654,103.607602191238,4.5480932087175,10.2551084149906
82.6280490093864,93.5486867619505,115.091240982783,104.182149961413,103.031487209637,4.6078063559761,10.3231948463155
82.6486686042433,93.491329242024,114.827630704385,103.604257393923,102.356877983872,4.67155363952053,10.3931075275614
82.6546017531453,93.4854727878703,114.793203828612,103.526910296884,102.266502892611,4.68031578268979,10.4029790609262
82.8356104722906,93.4722408608247,114.344752993557,102.437185452715,100.983267331511,4.80618642840831,10.556076894557
83.0638838425581,93.5570187437401,114.116512367341,101.749563548107,100.155209180125,4.88395314772017,10.6681243626003
83.0785912585473,93.5635450277601,114.104845365874,101.710974566193,100.108321114337,4.88820310730806,10.6746498488248
83.1373077856868,93.584688739905,114.038175046836,101.510960915764,99.8668106751625,4.90790075624216,10.704784603471
83.1542079735494,93.5619415004028,113.901028364033,101.183599939534,99.4784004218777,4.92960060200865,10.7374288535416
83.1650804089584,93.5473074682708,113.812797483853,100.972998075319,99.2285235906065,4.94356081200143,10.7584299514731
83.2102013864022,93.5401889397505,113.644200863015,100.523798828075,98.6911578169283,4.97131602748118,10.8057349472232
83.2133212844945,93.5400022644599,113.633669121241,100.495159793259,98.6568489177642,4.9730631730885,10.8087787566482
83.369113614954,93.5954354321125,113.354917308567,99.6241167771733,97.6099762880931,5.0251616545443,10.9089155480969
83.4094235329925,93.6180539055998,113.316086937553,99.478267043579,97.4349985991729,5.03408727091795,10.9273914138607
83.5385567491791,93.6924270774452,113.203656086431,99.0464161773932,96.9184446398244,5.06119224416641,10.9830995052644
83.7349211224175,93.7121297200366,112.676829092495,97.6319518261905,95.2888097135782,5.13878780324649,11.1133312047457
83.7396797952132,93.7095129572991,112.655921013125,97.5828682941987,95.2331091881046,5.14158141597246,11.1172740546417
83.8398848855696,93.6942825856179,112.404619575142,96.9885358494401,94.5544248404638,5.18119333950306,11.1717026801834
84.0199957283469,93.7157833005935,112.167109814546,96.4062746786412,93.874166841287,5.23025593720022,11.2394638795127
84.0420845554336,93.7193079087813,112.141688612352,96.3431431387874,93.7998461534345,5.23588577802453,11.2472802959004
84.1006020417026,93.7343744368629,112.094825709872,96.2187718358593,93.6484264841251,5.24857458736933,11.2658379801429
84.7641885536387,93.6856302372603,111.0440433567,93.7677712957544,90.6051575471937,5.44706085446158,11.5813100834191
84.9431423379161,93.7409454846644,110.886623038683,93.2958424499436,90.0194430980146,5.48308888255652,11.6591621895497
85.0487798305885,93.5871743577949,110.245020776491,91.9113407677794,88.4099368819248,5.55023094585692,11.8059475539766
85.0572305038428,93.5604363653098,110.155529735602,91.727959725093,88.201316583799,5.55839302327659,11.824277714271
85.0704525467911,93.5340915242291,110.066794418827,91.5497652220237,88.000486595011,5.56668556983278,11.8430395268292
85.166080544184,93.4003753401381,109.610464230402,90.6501136551258,86.9914948172564,5.61132429521874,11.943406028612
85.1904642613007,93.3755353967491,109.523905759423,90.4826237342143,86.8038461912506,5.62037416878629,11.9634039545287
85.2041992600105,93.3615434123128,109.475148612122,90.388279059996,86.6981464070984,5.62547183298483,11.9746684998541
85.2065902059426,93.3591077311033,109.466661119297,90.3718558320216,86.679746516841,5.6263592185417,11.9766293969312
85.3708354798742,93.1911076757376,108.939027166691,89.3892624690165,85.5676964844417,5.68583178558578,12.0986768757872
85.4007652138589,92.7683536365988,108.107605022893,87.9952403622432,83.9643175435867,5.76781614511798,12.2315933123777
85.5558696174656,92.6296426433406,107.690642557421,87.1421572479635,82.9260373945167,5.83959461765136,12.3389337778054
85.5623189341461,92.629061361903,107.681872306499,87.11974321018,82.8978086488249,5.84178047597299,12.3421689758035
85.652660519646,92.620918811414,107.559019233421,86.8057689069922,82.5023823162712,5.87239982934562,12.3874874073566
86.0248022462805,92.8444189259818,107.140655550278,85.267840111647,80.5105392791453,6.00274598851652,12.5775214894164
86.0313153419821,92.8549133508036,107.133480396263,85.2312595844604,80.4624553356773,6.0049511112334,12.581071726195
86.0676102731995,92.9133946697518,107.093496073388,85.0274106347526,80.1945023528303,6.01723939640545,12.6008558051626
86.3158736932586,93.3786379191615,106.965348578111,84.0242177799073,78.8459246189647,6.06324756031235,12.7019034745865
86.3698983565564,93.4874518578998,106.95623168447,83.8679652154086,78.6292943300904,6.06685755792788,12.7187345229028
86.6935209448044,94.1423381289868,106.916476066902,83.0423255746214,77.4670504314374,6.07585803099891,12.812016376143
86.7863615385855,94.4080496314,106.844870510502,82.6427375890944,76.9124783682579,6.06950455237207,12.8454528786406
86.9441225921307,94.9818943285239,106.613213385401,81.7276056468167,75.6432424765299,6.04137114202863,12.9135504527648
86.9879039779952,95.1234761954221,106.561451510026,81.5246349024139,75.3579367819708,6.03389814204409,12.9303632211214
87.1987173279387,95.658591221515,106.421889932815,80.9337679016115,74.4998868866038,6.00958463771466,12.9978029040494
87.3399919063597,95.9592181486319,106.375542158517,80.6871680069636,74.128240809978,6.000984781766,13.0385673800685
88.01620750207,97.4242556888806,106.127278102031,79.5782142607312,72.4848276936564,5.98629809663411,13.2489153089777
88.1479305669146,97.7411634465951,106.049852641866,79.3368112898691,72.1506194953904,5.99132947307282,13.2956803024169
88.4036695740865,98.3192562278679,105.93089242282,78.9465079359822,71.6162118129518,6.00546580013299,13.3800716105847
88.4736394389731,98.4690448859368,105.905164178956,78.8568661437097,71.4951193144613,6.0102196049845,13.4016462347429
88.5957575513398,98.7297871966377,105.860709512276,78.7016474650599,71.2855892525098,6.01855105835777,13.4391545781662
88.6897612873932,98.9174516747115,105.835059891242,78.6057090376817,71.1589095329767,6.02562636923596,13.4652437255087
89.4341468422586,100.432876598852,105.571432162762,77.7889496918744,70.1083222596983,6.08178375354918,13.6671022563001
89.7447691678106,101.215189649963,105.28208634263,77.1887513451624,69.3703074676589,6.10454379045794,13.7583683946426
90.0483891985183,101.88020672547,105.112922194963,76.7771461311483,68.8414902732563,6.12040472336837,13.8323367971961
90.1499103763511,102.091019274402,105.071138183115,76.6607821849896,68.6877973910985,6.1251851840591,13.8556388861586
90.1686090501564,102.126765348679,105.067698049321,76.6452293934019,68.6658626558518,6.12597419130695,13.8596124023659
90.5329065205112,102.818232734711,105.008234848786,76.3521872144926,68.2494244339092,6.14135780872698,13.9366936083868
91.3072631019535,104.411404704054,104.841360653192,75.5890721598536,67.1628371855712,6.17771650445072,14.1136861946427
91.373471593371,104.557815181284,104.817580662685,75.5078423987317,67.0513499582198,6.18129451686267,14.1299597131821
91.5247543441588,104.881523931641,104.763511775114,75.3320954619841,66.814021386484,6.18965198285438,14.1665780545918
91.8851254975861,105.623712730038,104.626621182436,74.9327489575751,66.2897639394526,6.20972520813357,14.2522679691711
92.4835494924601,106.817756053213,104.334295258375,74.2511919135669,65.4395367443639,6.24135289184733,14.3921663256738
92.5827681464193,107.111376763744,104.147641760578,73.9472123848038,65.0850131323668,6.2466365722134,14.4231866712621
92.8317861791956,107.789176765009,103.759895016093,73.2953751346323,64.3176252854788,6.25883105214432,14.4945519469568
93.0086073962564,108.206516184668,103.588029563795,72.9672664415737,63.9179380293176,6.26711431611545,14.5391570794708
93.5241326647642,109.232668319698,103.452983500321,72.4669161509789,63.2352910201436,6.29321710313163,14.6553337639844
93.7193574954748,109.568567144094,103.518876576028,72.4206106130917,63.1268700368264,6.3046520752055,14.6972391566736
93.8974077236281,109.861609879762,103.610330615465,72.4166091371302,63.0679791428078,6.31559650662508,14.7351663701014
94.0792270131587,110.168375814217,103.719955951982,72.4228681751361,63.0125132347258,6.32776847922805,14.7758628814008
94.3889455010527,110.734464688791,104.037507508762,72.5311810265073,62.9792294460945,6.35588718184116,14.8593766657687
94.3897134088381,110.735693308699,104.038602040502,72.5319112043928,62.9796734243641,6.35596385190813,14.8595901733982
95.0751333480074,111.76699397908,105.11778758208,73.3709481321634,63.601268844161,6.4270696135544,15.0583331366326
95.4905863599066,112.31504088563,105.893980148217,74.148944194237,64.313848221651,6.47366485164351,15.1990314830795
95.5820282789514,112.431937567889,106.075385232908,74.3550428473159,64.5163669251613,6.48426410208827,15.2349358227367
95.9370929545657,112.971382657701,107.072325113288,75.6318198787296,65.8223410186711,6.54228921148069,15.4574408222944
95.9654174346181,113.049110875994,107.257208830995,75.9352122348036,66.1593847251709,6.55199298924397,15.5105828640407
95.9734412053015,113.071129758532,107.309582768707,76.0211573496911,66.2548626088332,6.55474187951101,15.5256369640924
96.0048577627373,113.170969025524,107.539330466686,76.4138363423344,66.6982371882452,6.56568255269958,15.5941737947872
96.023085997041,113.243516031673,107.699112944836,76.7019343772222,67.0300948174324,6.57222096878454,15.644232521936
96.0706445050894,113.447500698489,108.102958583273,77.4228020802044,67.8665895794501,6.58469542670722,15.7659829284396
96.0795384747624,113.837335964592,108.864473161587,78.670467512365,69.3054632920791,6.59283976431873,15.9505790015151
96.0137679475738,114.392567965937,110.062083455298,80.2766700058733,71.0821821463953,6.59264031521973,16.1161513740064
96.0562802612002,114.568020629517,110.384772181347,80.6598528415542,71.4910849682779,6.59528570752387,16.1492200194128
96.0806750900535,114.668700581624,110.569940561361,80.8797345393161,71.7257255584165,6.59680371223838,16.1681957908137
96.1013736836498,114.736113102727,110.68872587035,81.0199086832602,71.8745122514294,6.59804582999835,16.1800022229737
96.1172924662724,114.781798269161,110.766973345774,81.1118477030378,71.9717377518311,6.59898542083753,16.1876136942595
96.2072429747751,115.03994639827,111.209117721403,81.6313573776346,72.5211191591857,6.604294663119,16.2306229952121
96.2000634959961,115.206792136959,111.564727887815,82.0783951585262,72.9967796186313,6.60484372487696,16.2572012595652
96.1844700198986,115.391689126514,111.968727663022,82.6039165618386,73.5552727835107,6.60462086287875,16.2856890318249
96.1844112082907,115.396386113141,111.978670261438,82.6170869177604,73.5692363838038,6.6046186733479,16.286399997534
96.1837616852024,115.448260247669,112.088477618535,82.762542050838,73.7234522114498,6.6045944918829,16.2942519957967
96.1830513181713,115.504993681171,112.208571157417,82.9216226638456,73.892114175303,6.6045680452241,16.3028395283955
96.2063686588448,115.679431993904,112.555051769639,83.3892890189442,74.3824280860914,6.60459798189121,16.3290463058195
96.2092953308168,115.699075465541,112.593800207016,83.4416996474221,74.4373086701783,6.60460266579617,16.3319951187755
96.2111567585583,115.711569145528,112.618445065395,83.4750339598176,74.4722139286635,6.60460564486274,16.3338706286697
96.2516880062489,115.88521285265,112.94993755552,83.9214995493276,74.9342483961969,6.6046484711714,16.3596259489257
96.2778878132251,115.978981910742,113.125700202237,84.1576431816456,75.1769563846316,6.60467201595489,16.373442404009
96.2902059323363,116.023068435028,113.208336888054,84.2686686328209,75.2910681379544,6.60468308578635,16.3799383579512
96.3821888612829,116.514705580047,114.242162324722,85.6482989641242,76.6775672651629,6.59646898085316,16.4438191633177
96.3671415630849,116.564708377273,114.38580608362,85.8459075259853,76.8741000701349,6.59324296164378,16.4486416741741
96.3803908170453,116.991463546338,115.486515258472,87.2879680945605,78.315719709737,6.5727990362105,16.480592842334
96.394391678211,117.064783383643,115.658064700621,87.5103105799368,78.5414336741232,6.57017698570011,16.4857249372707
96.4255457008013,117.183569614546,115.920073789836,87.8501626383683,78.8904483241503,6.56667111942824,16.4939566286423
96.4930555422358,117.416374389544,116.415342474815,88.4981216719248,79.5615485111466,6.56042656213527,16.510405482632
96.5525239964641,117.715343111978,117.061226536619,89.3907834856083,80.5102960700685,6.54890307739515,16.5273739484194
96.5292054189795,117.766609408234,117.212431579144,89.6250787196062,80.7663033722636,6.54297682407851,16.5263600681721
96.4591679189857,118.037204994606,117.904471397966,90.7614757508045,82.025152499407,6.51453154584112,16.5322725335403
96.4589629376487,118.043788327947,117.918761917023,90.785999808263,82.0523911966917,6.51395446239682,16.5327554790228
96.4683736316817,118.251550402337,118.349557651176,91.5225042207819,82.8650638465875,6.49751107125709,16.5517748634721
96.4807640065828,118.323697734832,118.487553566613,91.7567510036356,83.1203018273291,6.49281699962979,16.5605499981862
96.4830128001356,118.336792129268,118.512599162684,91.7992656699992,83.1666262953212,6.49196504816779,16.5621426430034
96.4927156396546,118.393290338121,118.620663061675,91.9827031333547,83.3665018588993,6.48828914456889,16.5690144063333
96.5677248128593,118.642458481662,119.069803695741,92.7103269261488,84.1378537793254,6.47663760592486,16.6068622785481
96.5488581884904,118.687042647977,119.194615313935,92.929138000109,84.3668504474115,6.47013096801953,16.6141288622243
96.5144870022771,118.725450188775,119.327044161023,93.1673481685641,84.6152103157846,6.46204419989065,16.6206508892097
96.452050037159,118.848892235598,119.715042973154,93.8161293736267,85.2844621700436,6.44247612370609,16.6413318687253
96.4411876563325,119.010970132486,120.157229285298,94.485624484003,85.9733747705243,6.42685792134031,16.6660347587106
96.458674656918,119.127856863214,120.446280040335,94.8990761889516,86.4033069624089,6.41935923211139,16.6821737961273
96.4912195502726,119.243676372886,120.712382874023,95.2653597208414,86.7894094501458,6.41423443797725,16.6968963251744
96.5019601131702,119.281899473353,120.800202925892,95.3862417059125,86.9168321462134,6.41254313811231,16.7017550981782
96.5715940182284,119.460162391498,121.175982742161,95.8896595292821,87.4615547264618,6.40728942950057,16.7223391156986
96.5865780130366,119.496754337131,121.251925345516,95.9908643794778,87.571619676109,6.40630404327542,16.7264910570804
96.5910645972201,119.507710884208,121.27466446732,96.0211676521361,87.6045758849551,6.40600899390381,16.7277342525548
96.6162203871669,119.596489403838,121.477892488293,96.2984706953078,87.9106779661694,6.40189047936188,16.7365353628722
96.6108549062607,119.607561936324,121.517649607463,96.357173981845,87.9785183411209,6.40006485924425,16.7366670079948
96.5587060268213,119.797142542087,122.123290089848,97.2503871953665,89.0211118387284,6.37101849280719,16.7421577437194
96.5560988054619,119.829025539357,122.213495983432,97.3832429642045,89.1779940002932,6.36647671723227,16.7435834073491
96.5860066883058,120.000633305613,122.612529014027,97.9664791681615,89.8626241476338,6.34524229527997,16.7588048773518
96.5867309417632,120.004191279853,122.620597193089,97.9782589407886,89.8764399360114,6.3448096511328,16.759138360183
96.5890100035427,120.015387419853,122.645985927302,98.0153272202611,89.9199150964342,6.34344821788048,16.7601877552075
96.6572032494265,120.218501979532,123.04928238164,98.5958686003358,90.5826620831118,6.32176211920869,16.7869985078253
96.7732246511816,120.675420318995,123.952497586765,99.9057791935273,92.0046374619399,6.26608958296541,16.8669598833116
96.7328065834226,120.778793965756,124.225013347365,100.327614050001,92.4434738390351,6.24201080743709,16.8906168197231
96.7131004220597,120.849675801268,124.395318834082,100.584141424292,92.7027773607741,6.22908011885239,16.9070685250293
96.6841344287072,120.975579331358,124.684955475512,101.014648560935,93.1355522598991,6.20952201529811,16.9353866199554
96.6278001589647,121.694773291683,126.074096254831,102.969337144955,95.1082911987894,6.17153096664747,17.0647256333297
96.5801037679033,121.777097892668,126.250198112067,103.225426761033,95.3788928729451,6.1687133755601,17.0748108602973
96.0663341999317,122.582073005319,127.819803461997,105.454837911391,97.835307332571,6.11790327219256,17.1257386023597
96.0649462925215,122.63781241829,127.90480364837,105.561313797131,97.9476427721956,6.11339857173511,17.1309380102558
96.0809165938887,122.836525609518,128.1974700721,105.915984203747,98.3120220298938,6.09611958264763,17.1517038006506
95.9703207296966,123.363744565334,129.065599809001,106.946087583388,99.2900959257056,6.00483604793848,17.2059646048183
95.9557991288458,123.50719185818,129.292761886302,107.199022943026,99.5100834669739,5.97903815814958,17.2231011942255
96.0102926294553,123.926652323434,129.902969321827,107.835621185003,100.032840668013,5.9291747133477,17.2788216478
96.0199913975863,123.965612763626,129.95734324266,107.890549864651,100.077527725782,5.92678607298347,17.2841560663323
96.2244471812788,124.920541855004,131.32314894724,109.270701069347,101.227666655955,5.92034141050289,17.4130352212312
96.1693937692784,125.34562285411,132.029527933691,110.008800714358,101.893036105285,5.99005212356509,17.4685672281632
96.1924209909428,125.955997630809,133.012149282295,111.082577062323,102.972327006583,6.17777690811343,17.5766437886656
96.228527842582,126.203030313187,133.405332248506,111.524110036736,103.428519014149,6.26278242250791,17.6309628946118
96.2559483355436,126.361434032535,133.656805220125,111.808306167486,103.723099918673,6.31800229494285,17.6677018889613
96.1078530230077,127.060599200386,134.9465416765,113.329764045162,105.284950392278,6.64792681897561,17.8900027579694
96.1113824022098,127.310458337911,135.343542751196,113.784634792642,105.737377993943,6.7379127678024,17.9659566364653
96.1262224613908,127.526715071939,135.673282169567,114.158616382394,106.10732631515,6.80962707314587,18.0286402800734
96.1391677807163,127.624370589971,135.814834440188,114.317050523468,106.262922607119,6.83874242130456,18.0553276140003
96.2180349904266,128.125341571859,136.524375007166,115.107099885007,107.038407155158,6.98151165100173,18.1869623203219
96.2871121720935,128.57356973835,137.141566701139,115.791235585331,107.710052864702,7.10408676632898,18.2976152372065
96.2232960334438,129.194140216272,138.035523392739,116.812306599732,108.726298414482,7.31230198360495,18.4499262380741
96.2167810354994,129.339386921505,138.237707118464,117.044110754553,108.959551181643,7.36020634616964,18.4836900336948
96.2154616732355,129.368801055397,138.278651656033,117.091053770821,109.006787558625,7.3699075323838,18.490527591927
96.2184683391905,129.476976245764,138.427315431188,117.264425184887,109.183723917331,7.40610350380382,18.515295190144
96.220336866137,129.506150430589,138.467151238694,117.311280762871,109.231875515332,7.41593508895435,18.5219239046861
96.2394212500258,129.80412383894,138.874018179732,117.78984482065,109.723676601114,7.51635095162006,18.5896269331307
96.3293866620321,130.319694904054,139.597242715786,118.676290479865,110.649704597428,7.70232135464203,18.7137301459771
96.4287120229083,130.613715336593,140.048513824606,119.267517819593,111.27624542008,7.82472448986647,18.7967870481802
96.4607326894918,130.713921211295,140.207263277826,119.478530695345,111.500310919717,7.86900828685785,18.826334122681
96.4393711249547,130.855106326136,140.654176391012,120.205124648056,112.290249038564,8.04522470837559,18.9247287753046
96.7949188533083,130.99934303255,141.889258430545,122.389333082051,114.642756481327,8.51377420750975,19.2272543341664
97.4430458079409,130.616299437896,143.963860333782,125.959441455389,118.417968875005,9.0630532535186,19.509665705777
97.6547926874678,130.578275899595,144.729713233382,127.047277093023,119.532614443382,9.14481545199597,19.5433182561926
97.6583883578452,130.451235707541,145.122137966845,127.613255670242,120.104481088653,9.16715423832567,19.5366592264929
97.6490075188276,130.39876340774,145.248276070065,127.797200430582,120.289805905094,9.17295756030335,19.5323347587362
97.6194782442961,130.173141721204,145.878257719272,128.670578389134,121.156184983062,9.17998837258764,19.5076049723005
97.6222890531572,130.077786934099,146.21833623908,129.118249399669,121.593388955782,9.17506223673359,19.4949464584895
97.6278101125761,129.983196170249,146.567553966294,129.575381820868,122.039110137885,9.1692977960657,19.4821661220947
97.7112502081758,129.792622584716,147.558599943221,130.821932910534,123.242123570247,9.14666614449917,19.453939919096
97.761199375608,129.726921348805,147.981496173301,131.344638114785,123.744582320165,9.13746923325249,19.443890411644
97.7064307068727,129.484394663734,148.548295507841,132.069372155906,124.433589180232,9.11692805782408,19.4058611580994
97.688625305048,129.403429181235,148.736457746709,132.308450784966,124.660232777888,9.11049135766206,19.3932761778415
97.6820819952251,129.344337465434,148.895458679568,132.50652414776,124.847452262437,9.1061880318578,19.3843002944116
97.6685943500604,129.222532428464,149.223205373718,132.914810367769,125.233365514881,9.09731763857879,19.3657984147791
97.6690195229478,129.163544651671,149.407960053714,133.141311070744,125.447101486453,9.09332159856692,19.3572386019334
97.6841339740837,129.078150943572,149.72967628892,133.529176210044,125.812465575414,9.08816136337151,19.3456812054043
97.6878744873541,129.057017771386,149.809294386613,133.625164789958,125.902885611909,9.08688431215386,19.3428209893964
97.6951154305863,129.016107850994,149.963420327084,133.810980962189,126.077922111977,9.0844121767267,19.3372841391708
97.7211308856762,128.977357433436,150.186539048526,134.072376595312,126.323723702671,9.08241258860332,19.3336370456656
97.8303341645916,128.870274807546,150.960373926604,134.96828180842,127.166303595331,9.07666071542922,19.327598708862
97.8474260326163,128.652420818456,151.760934937877,135.89567073066,128.034449107971,9.06144065474639,19.3135758229509
97.8389734859572,128.622569404526,151.827515604891,135.973992184417,128.10740452265,9.05931154780176,19.3110441110953
97.8121744641416,128.490499536173,152.169120697166,136.371074519575,128.481452945621,9.04729471815206,19.3027549293859
97.7914256191008,128.330881422447,152.629933949831,136.904312381047,128.988119728126,9.03064423990715,19.2949608616979
97.8132324499606,128.077118064729,153.572549926242,137.992368287803,130.042026597415,8.99710711830767,19.2895471059681
97.830572202789,127.998513061076,153.902965431795,138.374194082869,130.415133247419,8.98573770638145,19.2888253126662
97.8065221157607,127.407603372681,155.608105745545,140.401123554027,132.429993574474,8.91655784970474,19.254665891201
97.7709904942874,127.05470281162,156.425724028608,141.391345531446,133.424679619181,8.8783498391717,19.2270361308231
97.8327399049229,126.738360463526,157.34140487437,142.482906589125,134.522211269669,8.83562286895222,19.2052625009285
97.9590245413019,126.595832494114,157.92054274063,143.150903639118,135.190626664221,8.80161555326493,19.1953511995476
97.9634354210719,126.563883755065,157.971829510438,143.210279527913,135.249541728369,8.79472488718612,19.1906961963942
97.9323076134718,126.452713405374,158.01846883882,143.267432342509,135.304696024397,8.77385944764488,19.1711916338889
97.9186865871302,126.404067054144,158.038877456369,143.292441491984,135.328830654395,8.76472906797692,19.1626567520533
97.9027029919999,126.343235086896,158.051833810649,143.307097340053,135.341933799872,8.75121969830686,19.1500146479644
97.8952196278938,126.308715131359,158.040188133105,143.290287121552,135.323548271648,8.74039061572757,19.1398630814726
97.8745520849763,126.213377973838,158.008025119646,143.24386068721,135.272771149454,8.71048287292752,19.11182650151
97.9023340701983,125.974534222304,157.404892357357,142.419277394693,134.439998779903,8.50125874889905,18.8461334467011
97.8543187731103,125.901615246693,157.303277247233,142.298717563137,134.322315771663,8.47531910531322,18.8003180695384
97.8461834586154,125.889260459047,157.286060424087,142.278290903205,134.302376536861,8.47092410681784,18.7925554912659
97.8061201900761,125.8284179218,157.201274247776,142.177697525686,134.204183539055,8.44928044386418,18.7543278040534
97.6175036157751,125.467075707015,156.833964190886,141.743631725029,133.800263594575,8.31296092687447,18.4901086404836
97.5583017875186,125.271642025922,156.708912280147,141.594893944411,133.677649196988,8.23296055679483,18.3238063338069
97.5462650500992,125.201866693103,156.674036217706,141.552945625392,133.646768850457,8.20310157640891,18.2602671919248
97.5076523267761,124.987344559659,156.560125998321,141.425110192444,133.551740174891,8.12532982509776,18.089085583676
97.4961639946081,124.965284811326,156.543040239918,141.407345261716,133.535938249168,8.12048326688378,18.0780613938769
97.4131710528897,124.805922827273,156.419610891719,141.27900949992,133.421783445725,8.08547121139109,17.9984214663314
97.2573149001066,124.282433771651,155.868227618662,140.687841293405,132.8898472089,7.95352563820267,17.7238012124391
97.2880384344764,124.159043430872,155.682152998134,140.484473676158,132.710206040624,7.9125215467649,17.6497293596785
97.3170571137709,124.011117013241,155.464630904785,140.252276841123,132.508162622873,7.87055961508407,17.5754864756962
97.3007019116413,123.967922863074,155.413019216991,140.199315217982,132.460480710152,7.86353168521487,17.5618002973837
97.2198121414968,123.744473791584,155.147766946596,139.927206880493,132.217619342591,7.82735353721583,17.4909043272904
97.1157811859928,123.307501985911,154.653086772863,139.415880330473,131.792835976458,7.76009120289553,17.3485196958595
97.1051508012509,123.141631733771,154.471703019496,139.217274472298,131.644054065595,7.73861985623135,17.2907427066467
97.0664586561907,122.943805725675,154.24550717772,138.949774580143,131.433086018955,7.72447309591868,17.2298420609722
96.6919393092074,122.407009714428,153.573294241167,138.12794223771,130.661327598767,7.71958518393379,17.1279605265279
96.6810720158648,122.393079658718,153.551750626468,138.098817746856,130.632110339714,7.72035770175865,17.1260982155508
96.6431639559723,122.3444878549,153.476600668647,137.997223641606,130.53019263388,7.72305245297684,17.1196019709174
96.6406205080643,122.341227579325,153.471558469084,137.990407167347,130.523354447583,7.72323325778109,17.1191661042477
96.5753573854644,122.26268370767,153.322883175585,137.769598778054,130.288401877512,7.7338963702732,17.114462078942
96.5204291137911,122.199289528825,153.178475984783,137.536018816812,130.027990313104,7.7489214818701,17.1165383305914
96.5181012642627,122.196709017255,153.171330120212,137.523548907947,130.013567202014,7.74988080418849,17.1169405613523
96.2313987603246,121.915069872893,152.747283491688,136.906096426658,129.314433900495,7.77486918583035,17.104687248716
96.1643793071667,121.851074754256,152.658335013748,136.776505949876,129.166958188117,7.7800312902177,17.1013278342381
95.9812331889618,121.675742983458,152.40653100519,136.395179365804,128.735896927733,7.79864648741457,17.0926671915578
95.8184461344163,121.511266422728,152.124298128413,135.925606236726,128.233965766071,7.83327327067611,17.0825397750436
95.8081958713697,121.49980373856,152.100004130804,135.883438210649,128.191566625624,7.83700767847157,17.081479557201
95.2480022241683,120.919361156928,151.204896076027,134.676138202502,127.011178089707,7.88805496294953,17.0013311760704
95.2156631157517,120.884398268822,151.142339370542,134.591590612781,126.927541266164,7.89223516912394,16.9970173032101
95.1062785360716,120.752666505659,150.874021357618,134.217189197735,126.540205693383,7.91405209401898,16.9839139838827
95.105175375885,120.751303490313,150.871170152411,134.213186992231,126.536032057925,7.9142917707707,16.9837856432578
95.0953186119805,120.737314802831,150.840064423103,134.168368110878,126.487380342801,7.91721982167683,16.982626713949
95.0826407537951,120.715487763935,150.788128682258,134.091530298967,126.400737891913,7.92265215264906,16.9811102378282
95.0684576734777,120.691069235093,150.730026692713,134.005569654683,126.303808519311,7.92872945572056,16.9794137128864
94.8231254766222,120.393759155962,150.291290780957,133.436041367011,125.658938152565,7.94745839249892,16.9402884859343
94.6692594892705,120.200730165593,150.02837606733,133.093493644506,125.255611572299,7.95966798130527,16.9083817739008
94.6484648122601,120.171672295894,149.98810109168,133.038542399517,125.190164233645,7.96256047000911,16.9019119231309
94.5587088555215,120.041898828582,149.807315319133,132.788676113875,124.891651026809,7.97686519690023,16.8708254309412
94.5256539892325,119.978287085241,149.712067491769,132.647315855758,124.727814229914,7.98840890443328,16.8468089073951
94.3597831543472,119.64517524382,149.217945454466,131.939360419679,124.005253025498,8.03992212970297,16.6896323339135
94.2327972700435,119.410263923927,148.879079574412,131.494484409648,123.607096052421,8.05923734214391,16.5838389239497
94.2107464217412,119.202134064588,148.523996862517,131.015386154065,123.208956693131,8.08140958426501,16.4669841540668
94.2574970135288,119.114229084027,148.349669792352,130.776577878927,123.017249783295,8.09255787473318,16.4098261006559
94.3835422686307,118.85984547583,147.925980790138,130.250729667246,122.566978950937,8.10911017688272,16.3039886032713
94.4218966794246,118.456385987391,147.397504102488,129.683502418685,122.040820566222,8.12875155461755,16.2124814980931
94.468224088912,118.321712157355,147.230699978026,129.522655290065,121.892050072684,8.14550283664159,16.1892689097268
94.4279187728267,117.22250386221,146.034771780102,128.59062766953,121.235719888202,8.38529337693799,16.009973788544
94.3999072356642,117.157475816246,145.966815700835,128.542789339732,121.216674997206,8.39913297944589,15.9963738592438
94.2872759367178,116.896539511604,145.693172689417,128.352797373952,121.150181662502,8.45348580923029,15.9392911623812
94.2789338455159,116.876846559723,145.672173016257,128.338863110364,121.147682716398,8.45702624614072,15.9342420891568
94.2165713932157,116.729629184298,145.515187065848,128.234695602808,121.129001500444,8.48349327012834,15.8964970465174
93.8981262612228,116.174778021938,144.90665360025,127.774755481278,120.917028892091,8.46324013738157,15.7395125208568
93.6058069971229,115.565579464321,144.198324488389,127.227009830742,120.55055703917,8.24124151313399,15.5095442366917
93.611550095905,115.37404102048,143.946477486198,127.059100965383,120.447347132851,8.09339459428762,15.3845101467509
93.4825394296614,115.043645663136,143.548712111552,126.746013948285,120.195161669518,7.93300162966159,15.2219958779471
93.3274942960105,114.473721373423,142.8633871523,126.213115759242,119.783483420418,7.6251143120827,14.8752711090021
93.3248639136541,114.386540497607,142.758507891341,126.132090580639,119.724423693045,7.56526383516904,14.8062632919618
93.2323270232062,113.886963024013,142.191817701407,125.647932309385,119.320692278435,7.25761137761357,14.4570423664317
93.1346743027897,113.660938302071,141.951346395126,125.423370746899,119.109007634251,7.14608609201375,14.3356876952705
93.0732251997722,113.511102611459,141.793151817924,125.274832687782,118.967131457377,7.06825265119458,14.2536732531672
93.0671354372154,113.490992924914,141.772075402604,125.255170895521,118.947927730382,7.05571562507166,14.2416293160938
93.0111491547253,113.30611435516,141.578309203844,125.074410045567,118.771378107247,6.94045637160336,14.1309032808846
92.6924368047934,112.344971926745,140.524378817463,124.155832894806,117.945647759492,6.36885031083904,13.5983727746175
92.641446235714,112.203695660659,140.362232958918,124.019295049255,117.843176478339,6.29225459266742,13.5250987973889
92.6184513102672,112.138043126904,140.286696829788,123.955540599602,117.795675055752,6.25616298360968,13.4907143765327
92.5986971789783,111.924547398131,140.026198582905,123.717681146952,117.641327438298,6.09825955495188,13.3526946873539
92.6016942239019,111.901600235298,139.99675595927,123.68800003389,117.623005364775,6.07722206979377,13.3354129570718
92.5751787213327,111.829849412888,139.911836186043,123.597257506954,117.552620285927,6.0363482017053,13.2996250165187
92.530518577393,111.758638687376,139.831205892794,123.508253044794,117.476070759509,6.00851315839502,13.2734344855939
92.3023152270129,111.341403099051,139.308807496546,122.77714133448,116.831591758608,5.79367906626745,13.0924647091397
92.2990985500049,111.311050509603,139.119005424488,122.288759763185,116.407700906217,5.75872541697006,13.0388944211177
92.2780041905109,111.295203482137,139.066996744792,122.185835385646,116.323223337245,5.76707245450307,13.0325569115311
92.2551718685741,111.284145533394,138.973440942379,121.982643995106,116.166424644939,5.79406866528862,13.025117525225
92.2797204736177,111.316518940531,138.916421822405,121.817651974373,116.061008241823,5.83583343229857,13.0298692197379
92.3321068889851,111.36714050729,138.898189656839,121.721419791722,116.01737603767,5.87378947264462,13.0417559026723
92.3353394706735,111.370264186369,138.897064613941,121.71548164174,116.014683647607,5.87613160657623,13.042489388125
92.4603120486788,111.475432932848,138.893052116985,121.591103431829,115.981878984669,5.93957234629757,13.0712120267198
92.4319732899719,111.374885735579,138.604850267868,121.108339325059,115.668211153166,6.0251797670188,13.0918698583654
92.4685957455679,111.363196289388,138.520957761402,120.952233960735,115.574525655411,6.05454461271636,13.1061326359468
92.5868506685052,111.397530611917,138.445791829123,120.778362562124,115.480744168671,6.0950141296557,13.1317049812793
92.6618737871308,111.437207693861,138.4363673566,120.733076209055,115.460875980371,6.11162702652315,13.1428757083411
92.6806449226936,111.447980194283,138.435603070018,120.724467726252,115.457526904989,6.11544779108705,13.1454350629227
92.7385122315049,111.434739377311,138.245111200006,120.443683880181,115.227635058576,6.16175360946082,13.1442244348674
92.7786566312946,111.482811529233,138.110245013996,120.249142109342,115.03929877024,6.21620671932082,13.1356577166814
92.7834320554635,111.489889539201,138.104258741801,120.239246484494,115.029032340017,6.22044465045019,13.1353948810966
92.9471043868927,111.771757255987,138.109932329796,120.154484527593,114.912135414454,6.32245335893526,13.1504145748227
92.9195097098721,111.844210979181,138.038584301184,120.025762204882,114.759571551897,6.37259968506212,13.1499711974034
92.8486861951801,111.89738352352,137.939150965539,119.853211151425,114.55959834667,6.42514446052798,13.1492505559645
92.8917450577789,112.336627529978,137.878063535399,119.461324191631,114.08369038527,6.61155905421046,13.2150894643606
92.8851263406192,112.336172914036,137.868859488809,119.446095592439,114.067556943428,6.61437654325345,13.2154679555646
92.7521523200358,112.355507149674,137.658939055651,119.083568098028,113.685341907208,6.69398620970514,13.2362571472217
92.7509586249387,112.360895696589,137.653486167647,119.071668386906,113.672795081592,6.69852028695915,13.2387100667381
92.7586571783922,112.496530796662,137.583280813688,118.884262548969,113.471711728846,6.78998562634793,13.2958137004922
92.8072834010763,112.638716134248,137.594165327539,118.827923196205,113.400504055981,6.85744642853714,13.3494546669474
92.6831408962766,112.670541519607,137.466718282365,118.625483406446,113.167487682543,6.93693179294981,13.3975037132965
92.5544272359486,113.182227075569,137.554590759742,118.481714326824,112.756612934524,7.20626585676563,13.5659514259151
92.4156301104893,113.364950913685,137.57454117569,118.385789835229,112.453270351906,7.3053775454762,13.5974815832457
92.402924279849,113.388860489134,137.580265616241,118.377284113685,112.418402717668,7.31620619933804,13.6009652605205
92.4137029628035,113.603120254002,137.684451463291,118.383957733159,112.255182023278,7.37864947063885,13.6396417389776
92.4583128371304,113.72681672428,137.758834716034,118.409729218161,112.204623059562,7.40431601760865,13.6671456207926
92.4899547375474,113.787794275573,137.798209512424,118.426017537714,112.189298706503,7.41428075749386,13.683630536254
92.545793396878,113.88876431576,137.864374483888,118.454267696537,112.167349559954,7.4298216858435,13.7119716140997
92.5571783651048,113.942697548747,137.886505206048,118.440433912053,112.109945860269,7.44059527050069,13.7352390026876
92.5802044563405,114.213123719282,137.961085202005,118.227254132244,111.636896533033,7.4610324620111,13.9370165174514
92.5915191703652,114.228268944813,137.972179495703,118.230633994395,111.633592163646,7.46013120450615,13.9426398409056
92.6771828806845,114.434341785454,138.029924463184,118.05874832566,111.216430081993,7.36243756766964,14.0141653002246
92.6836322516662,114.442770884979,138.031603881228,118.053189127825,111.201382112119,7.35721491693251,14.0149705471152
92.7245724566739,114.482845122864,138.041670966972,118.037816749687,111.151012075593,7.33640966755635,14.0203670985985
92.8079176054065,114.554469172231,138.059808664378,118.017442835299,111.075811749758,7.30199910325956,14.0325083011726
92.9015167864895,114.584316499906,137.961403137225,117.857612564327,110.820296801248,7.22863281407157,14.0666269420047
92.8810658995912,114.525732204849,137.842704688566,117.717937162222,110.642746332307,7.1943297252904,14.0830790830173
92.8733394721434,114.475874284184,137.742202310929,117.602985334165,110.497742492183,7.16637038797486,14.1032753199332
92.971719668708,114.263596166109,137.337050120481,117.174636360954,109.937181273747,7.05306921069861,14.2597597661123
93.0313788972486,114.209259089104,137.244661566864,117.086853526834,109.810618492794,7.0246681794615,14.3150956496313
93.058091638961,113.388953630479,136.21892213852,116.117734031067,108.531324884782,6.75013027315951,14.6593065620915
92.9779953281882,113.083700910048,135.783313231145,115.668498502084,108.022102065191,6.63357740448194,14.7345730515141
93.0877456837568,112.785474860124,135.264431285062,115.126473879194,107.423047720666,6.4635472336345,14.8395727454527
93.0877665564212,112.785461588185,135.264405759438,115.126447486017,107.423016434305,6.46353694807214,14.8395791180022
93.1307622765544,112.587324930361,134.989933590696,114.844873065025,107.09542078756,6.38740560769309,14.8677552013917
93.1102187102093,112.469087093528,134.850960369457,114.700637032284,106.923168806084,6.3571406931195,14.8718263038951
93.1144871837001,112.311410380671,134.673876438798,114.508067810052,106.672062955292,6.31346554489757,14.8816887092646
93.4647870849074,112.027274482477,134.359096059482,113.987754142586,105.768955887385,6.1651312936473,15.0054428801518
93.4649035704786,112.020488025023,134.351550189356,113.976567136997,105.752096419758,6.1629833818361,15.0069893265334
93.5120382231713,111.887807020843,134.185843062017,113.726517380379,105.367617351104,6.10803871069607,15.0532698532222
93.542952424821,111.846651331242,134.128575953373,113.646306585515,105.243564335319,6.08788498042254,15.0699197331741
93.6677283872425,111.71912264781,133.94392482012,113.436384051397,104.923323247264,6.02895294142891,15.1063427235427
93.6758669972158,111.711229659946,133.932572305884,113.427241883643,104.909880899159,6.02609884322736,15.1068065744303
93.746437700719,111.551320335091,133.721865812942,113.258285102474,104.681260406582,5.98415530080006,15.1020088400649
93.7403127108799,111.527489155896,133.693868434194,113.235974796267,104.654903230588,5.98070646876457,15.0987890577576
93.6685186959628,110.857690961045,132.87850260167,112.651689432793,103.945919417732,5.89240690216304,14.9692073200651
93.7548599453453,110.601719199932,132.525468119642,112.43682074491,103.652755343778,5.8607312318224,14.892723097854
94.0526392309449,109.642161958713,131.09993437695,111.461641429866,102.296039564016,5.74126951181119,14.6300934334201
94.0097328622834,108.582405731177,129.942566632088,110.704394696888,101.500241585209,5.62800963743686,14.4912846087122
93.8474172835033,107.861182046575,129.267312329761,110.215960721978,101.073681558768,5.57401386481737,14.4059215393404
93.8294003641481,107.743442174903,129.158713672326,110.135298013753,101.004643991147,5.56582552871417,14.3920419366461
93.8740900227008,106.157087211615,127.653691968144,108.873503533565,99.8756535780716,5.46484725082026,14.2024994855153
93.8696928346958,105.643415539886,127.136254635545,108.37144102681,99.3922401155362,5.43331787898491,14.1375805982942
94.1320663732713,104.588443173039,126.012639621542,107.201415261411,98.251398972491,5.35509144782981,14.0023228746137
94.3785306929926,104.179340038374,125.563906691204,106.738019086995,97.8330265359152,5.30795891228127,13.9464377908515
94.4456172218452,104.018051136123,125.394344247386,106.577048701101,97.7024436721158,5.28615232143769,13.9225689315512
94.2141908719605,103.229596465419,124.689772698191,106.108246936726,97.502734853039,5.16448163350529,13.7827079020822
93.2906706776396,101.980068492895,123.830228760911,106.127202931145,98.1870638721874,4.95585175555469,13.4648463537704
93.0967032172209,101.182679365352,123.158320137565,105.81077608872,98.0975379188423,4.88898015917944,13.2845294021207
93.071770576275,100.664450450281,122.692691736476,105.550107647367,97.9664633773872,4.86880307096919,13.1775136839321
93.2103583646823,100.192684231161,122.232081739538,105.278551709285,97.8123804176152,4.8740548512109,13.0792975106502
93.1923565610568,100.050450307045,122.084232653754,105.162478561909,97.7145597541568,4.87629921508478,13.0531674797
93.1730561020339,99.6379911794335,121.643336178127,104.806829266483,97.4087893026359,4.88913122697619,12.9782885402235
93.270470498939,99.1390997115636,121.079003778869,104.330915107095,96.9969072255285,4.92338152136178,12.8921185884136
93.3166851356335,99.0263025682088,120.948018512244,104.219196252335,96.9037846243996,4.9339998887546,12.873831551171
93.3625397177262,98.9212038609137,120.826196459585,104.115727307228,96.8189640685313,4.94404956394156,12.8570257346321
93.4122437638789,98.8331053496058,120.724980629214,104.031515388884,96.7557120843617,4.95310275324257,12.8438783650154
93.4860817794943,98.3987325390084,120.248791961106,103.625336479013,96.4404118977599,4.98113286152384,12.7815736926579
93.4757141616663,98.2504027903017,120.090933181637,103.488511034327,96.3320294988847,4.98725363074643,12.7608213074827
93.4750306237959,98.2091505948551,120.047843214368,103.452359059094,96.3056882818106,4.98886716585461,12.7552345997637
93.4758704455245,98.1064153128652,119.941469877125,103.364521973881,96.2444802409656,4.99278301948998,12.7415348707219
93.4777503956514,97.8764412602544,119.703351998033,103.167897697734,96.1074653719464,5.0015487006904,12.710867877393
93.4790873271378,97.8169873113114,119.641989959808,103.117622331535,96.0731384097863,5.00379016306876,12.7029620609514
93.5085715636124,97.5917186573136,119.415153234207,102.943110659434,95.9744908116191,5.01157468534393,12.6736487711826
93.5308916445747,97.4293380906815,119.25179333746,102.817852818246,95.9044338156473,5.0171599571494,12.6525146126445
93.7886566767596,96.1778349979246,118.027720231032,101.951324018251,95.5304398648195,5.0353327663864,12.4826279484371
93.9410488937461,95.4250320012375,117.289267334939,101.427284384547,95.2794241307036,5.03305843682546,12.3780934474477
94.2043749356987,94.9421876097626,116.819311841614,101.126025662293,95.1773402391301,5.03286629193041,12.3107299093621
94.2713331231775,94.6476320563812,116.535910770032,100.928926799063,95.0746285369603,5.02878006995153,12.2674617962131
94.2714171373547,94.6327515338601,116.521617099989,100.918368894531,95.0680066461472,5.02846667586378,12.2652375476056
94.2720869501114,94.514114844837,116.407659160315,100.834194777995,95.0152128547982,5.0259681052069,12.2475044680051
94.2870970816318,94.2346336463618,116.142484320106,100.64404894034,94.9014609194198,5.01973754994009,12.2033452332211
94.3035244873241,94.04041617289,115.959501186207,100.515297896747,94.8269930923749,5.01528129588368,12.1715779334992
94.4948040318958,93.4013806882187,115.37086505606,100.144584583711,94.6694390593227,4.99969339284131,12.0411146530951
94.6002279794017,92.7867320534782,114.790070066154,99.7495191813723,94.4681713382827,4.97930730433657,11.8974830533218
94.6052721786277,92.678016450051,114.684301287745,99.6709025682055,94.4215084595586,4.97504102135056,11.8730939495213
94.6121278880394,92.5899706710782,114.598267992466,99.6069474739375,94.3842835382806,4.97154072425153,11.8533080939515
94.6251604949705,92.4225968866318,114.434719911148,99.4853697414539,94.3135194877751,4.9648867088179,11.8156954614794
94.8447497947881,91.7513245602101,113.76289548139,98.9885446325596,94.0783367987608,4.93678723163117,11.6764942527481
94.9775824595124,91.5192969838645,113.526641229959,98.8153102336972,94.0183273071506,4.92696251452386,11.6353391140615
95.0521005333424,91.4004999562952,113.405301519614,98.7265438968114,93.9903943925791,4.92195009277887,11.6152594478668
95.3918157931057,89.3235107275077,111.283856821748,97.0806238704712,93.2369494926352,4.86695797713888,11.2364569095453
95.2213534278433,88.0392584812713,109.949561381577,96.1411321708376,92.8048795687516,4.91691896329475,10.8283275520568
95.21200447801,87.5933324984609,109.501106400899,95.8458183321041,92.7135258989268,4.945938814747,10.7102773790523
95.1648164266309,87.1425252011528,109.065053870592,95.5457991778743,92.6013732015426,4.96977214183659,10.6174859139051
95.1869468747308,86.9226250703632,108.862309703769,95.4196047735654,92.5819577201359,4.98443408047158,10.5757117105566
95.2225907967626,86.7280596921408,108.686721265197,95.3158857638341,92.5781813021887,4.99858385091996,10.5386895857437
95.3977993364182,86.3472310846503,108.370401591959,95.1715021342871,92.6667657572008,5.03500251238507,10.4543434512043
95.4821728858331,85.9075750809679,108.015133863602,94.9910235089435,92.7134037578155,5.06961570818185,10.3355047125456
95.4846996822745,85.7971305119764,107.926214390542,94.9419464759181,92.7154548668796,5.07728101433133,10.3015327472983
95.6704694223561,85.2281756012206,107.511522424784,94.7873109009325,92.9223356467343,5.13939968567042,10.0237961709484
96.0926352032958,84.5825138352344,107.068914676843,94.6723025966841,93.5048625830523,5.25077543213791,9.46999433315142
96.2394795511193,84.4899597866442,107.021698379869,94.7037819728051,93.7069557592474,5.28183687691829,9.35848686436512
96.5293203283861,83.9170686470265,106.669639449562,94.7178965651105,94.3235990536652,5.41653472843332,8.93688080614093
96.7106541941603,83.737147224658,106.572373046967,94.7660248547676,94.606005276,5.47479406883038,8.79842064276487
96.7999572591559,83.6658446363365,106.530077494702,94.7835705717346,94.7315325051406,5.49808784972945,8.74598659447522
96.6886300620286,83.1021344650631,106.027428912639,94.5035168174536,94.8839859250037,5.54724025007033,8.55203708417156
96.6504161677339,82.6349030314257,105.603485378371,94.3960443631741,95.2707551355213,5.58019262108791,8.3972920620513
96.519179975493,82.3833028820451,105.374531480651,94.3006831151843,95.3550366762725,5.58786822523654,8.32827720511995
96.4220024199235,82.2127083016325,105.219909277239,94.2330940423154,95.4021922621432,5.59260784434927,8.28245599194547
96.0962502209678,80.9110394531087,104.228753864015,93.7927527268855,96.208271083466,5.65009631740931,8.00590736048638
96.1867965759057,80.7182817618767,104.19950714207,93.6882852359155,96.4764390942346,5.63251425824603,8.05985995016429
96.2339870801933,80.5697867149168,104.193950252769,93.6401084839112,96.7223424486963,5.60909765432244,8.10511875792126
96.084823801201,80.2490228957805,104.03873243311,93.4543460911459,96.8710453105623,5.57515061005671,8.12593190694025
96.0737326614831,80.222584931296,104.026364774682,93.4399843961608,96.8857987992588,5.57232455763427,8.12753487911479
96.0732469407236,80.2214271180761,104.025823150593,93.4393554460643,96.8864449074061,5.57220079466996,8.12760507901145
96.2371290358065,80.0947498797882,104.056487408918,93.3242515342248,97.4809975935776,5.53111494281866,8.16812132446752
96.3001191122754,80.287881131587,104.216538925019,93.4258565744276,97.6841154243637,5.52293171519807,8.18812918891192
96.3377781408784,80.4106900206491,104.3236886889,93.5119402135355,97.816182954914,5.51806745350008,8.20130377077605
96.4037315198166,81.1010685351693,105.008673867839,94.2485347922841,98.81595121172,5.47139737320628,8.28084905340492
96.1529275900885,81.3119247557086,105.273116753519,94.6436496962702,99.4116320160666,5.42505774298572,8.30780181095773
95.8464146883597,81.4938734385837,105.565402209799,95.2032614447728,100.300757704329,5.36002952366415,8.34890607650467
95.7882556892333,81.5186360600911,105.621786677863,95.3420145547606,100.536494828605,5.34365980307572,8.36155363754239
95.6110255422352,81.2669945179368,105.440814472767,95.4158170914363,100.938741618218,5.29604679107334,8.40003148892205
95.6023069511451,81.0989505035802,105.266802675482,95.2691168850875,100.847965847539,5.28969430285001,8.40996169919693
95.967831301126,80.7279990052539,104.814540796404,94.7495917958312,100.348749135498,5.28610179283231,8.46968290489897
96.131349935723,80.2917137664352,104.279604959994,94.12989370714,99.6977436431243,5.23894225864693,8.51235308486715
96.4167823965646,79.9756668143926,103.796051879118,93.7578250835529,99.4958705150113,5.09085313893102,8.58586316150797
96.3986732414238,79.8745510126243,103.661775112932,93.6546063667069,99.4379985089425,5.05041353281215,8.59183093791467
96.4073871852039,79.7368092850858,103.48148886222,93.5512650774216,99.4394133214414,4.93067413307752,8.61764922365159
96.0695561255835,79.8801503871221,103.810194115163,94.0406087064479,99.9673667259986,4.69911212924628,8.66214473955025
96.0576328716424,79.8832601333184,103.817348313334,94.0514917760535,99.977820899698,4.69561611190141,8.66242505153767
95.8733992877845,79.9313107484826,103.927892261761,94.2196528272823,100.139354814552,4.64159698190124,8.66675632572638
95.7603213196789,79.9803520404536,104.01180693244,94.3494382777308,100.265899574465,4.60836530037214,8.67114087765184
95.7354530705765,79.9925959983389,104.031460353698,94.3799636721794,100.295773973411,4.60105126935199,8.67223393605745
95.3816984167029,80.2163807242614,104.343342396964,94.8747696233969,100.785626934981,4.49291194996771,8.69330670035325
94.8635771740266,80.6515381575666,104.759916128251,95.6217203619792,101.537160699849,4.33328668675132,8.73364929992117
94.6237957017633,80.8017728831118,104.841700283675,95.8162189954255,101.72494098207,4.27145328736246,8.74253288903149
94.6132154390668,80.8111333899123,104.846330915817,95.826039459507,101.734172920452,4.26832647105816,8.7431081468298
94.3200028307929,81.4671628557503,105.223181254982,96.319834330842,102.139953998317,4.12674582002179,8.78495862543216
94.3170874657861,82.2854273538623,105.85464240253,96.7752566530277,102.382239656513,4.02587507712904,8.83157293244937
94.2769022329304,82.4324281792691,105.981915963248,96.8366164958922,102.381132103055,4.00566916627324,8.83505077434251
94.2663564064833,82.4710056636372,106.015316413793,96.8527191835633,102.380841447366,4.00036652114846,8.83596346575697
94.1446243999898,83.2140039827268,106.763619329281,97.2426968043433,102.43756670786,3.91897253945302,8.85548726056501
94.1072697762811,83.7611114535336,107.381801477132,97.608008400778,102.553611040834,3.8719036164756,8.87426264891214
94.0984481874329,84.1313318899195,107.818307491668,97.8876566396922,102.666638037337,3.84357479185046,8.88964512449446
94.1082559643221,84.5356668772824,108.307191578956,98.2335360531698,102.837422964782,3.81518639008723,8.91084167168006
94.0537443533988,84.9028323829182,108.765419177651,98.5611871991202,102.9830152263,3.78296701507057,8.92666809524408
93.8993821828798,85.3759344368274,109.367519112734,99.0245320096615,103.186236879668,3.72871841875442,8.94356811801832
93.8834651459986,85.4387472284163,109.445947212229,99.0894338155278,103.218929468185,3.72144390245232,8.94629482565669
94.0602307598385,86.7244414627048,110.836151361968,100.48912534211,104.20849040856,3.57437484972502,9.04398939973411
93.7498139000149,93.2173947606992,116.56293970439,105.54339792873,107.724112781105,3.02080122254038,9.84282552564063
93.9953625334371,93.6660544092035,117.111523255165,105.963619065763,108.242491878355,2.9900803091854,9.99742357218772
94.0770432086211,93.9207355951644,117.586040213013,106.430300593054,108.767958835072,2.97237654903463,10.139926030245
94.0560378920145,94.0329669849142,117.921649224861,106.852241719593,109.180265231048,2.97470598167632,10.2470990869806
94.048603711022,95.0030185731996,119.706350158634,109.154352459842,111.012390661799,3.08349092734603,10.938120387414
94.0301672207477,95.1480996543795,119.908752841861,109.384591691777,111.174637173367,3.09696019075804,11.0413713169897
94.2344519004038,96.819029826898,122.01500170973,111.575395623069,112.943389946128,3.21642386134681,12.1207787172498
94.2845628979877,97.9805884535104,123.574199389384,113.261019588503,114.252845960259,3.30898755324808,12.9125792895472
94.3191309326313,98.1346753443533,123.766958502475,113.470560405382,114.393087267959,3.32081826731955,12.9956904835213
94.3379994857548,98.2089448442264,123.85774360735,113.568552948771,114.45566802279,3.32637814057148,13.0336444816378
94.3886204993088,98.4081968661016,124.101304096294,113.831449729178,114.623561194978,3.34129430385132,13.1354683915321
94.4147831283259,98.5754150407895,124.305352357879,114.050195392355,114.749348795501,3.35398595811167,13.2245962464778
94.3951797528584,98.7595315204238,124.528968111294,114.285454830961,114.843017504953,3.36847503166099,13.333629768643
94.7904209795403,100.861624375305,126.866322453696,116.580387479311,115.832393874777,3.51437783769677,14.3701789888107
94.8634782441537,101.116999865973,127.151934227107,116.852372992645,115.97811336542,3.53282109926696,14.4903526819048
94.8700117194499,101.196360084865,127.244869679287,116.939469639638,116.020995304562,3.53940310153595,14.5327291077777
95.8996825700145,105.176982064989,132.052627196436,121.48335702165,119.019296250188,3.92885444731879,16.1090955555011
96.4751258244701,108.25112755168,135.924576956524,125.077626123374,121.268699706396,4.29702892992841,18.2217996244107
96.5476119242506,109.383260113906,137.426289928449,126.530927454011,122.217316451925,4.4811267755867,19.1132195202772
97.0775767296893,112.050354144963,140.73913395165,129.711974705047,124.137414320408,4.95556591636331,20.5130919665633
97.2724920915143,112.661240572705,141.483193971712,130.407905630331,124.528509026164,5.07897902341005,20.7880131326018
97.3150604793687,112.777510309852,141.623244881193,130.538446165442,124.602609269544,5.10230521252314,20.838323192239
97.6257576296431,113.808804429183,142.866133177099,131.666522440246,125.155953988057,5.33212230571278,21.2840552170282
97.9423862468475,114.989963462096,144.306512627444,132.943913267102,125.716004975067,5.60402939578868,21.74806758466
98.0763470472238,115.342953522275,144.740755011138,133.337458459321,125.931967431076,5.67308216282627,21.8734172775579
98.2783008086726,116.062511313437,145.664017586962,134.168244872115,126.389159149671,5.81585100287125,22.1483601205151
98.30078248018,116.198330747892,145.844084709625,134.32857736913,126.47790026275,5.84298908068074,22.2043535638568
98.3360197491026,116.366888744967,146.065326889355,134.526952323532,126.597575872744,5.87383624446715,22.2721150500636
98.3927742643754,116.613980968915,146.386490820536,134.815442636899,126.777316933333,5.91717286602622,22.3695796206892
98.6576784614872,117.440544426079,147.404625414594,135.734394567658,127.42877247266,6.03370110690576,22.6624216241794
98.9773335092717,118.717398795957,148.86992491821,136.995284003201,128.298835544339,6.18575507961751,23.0515313905073
99.0028332517073,118.894306617815,149.064947139447,137.152215753914,128.390963491138,6.20518661227153,23.0980079310607
99.4214865379866,120.660327817086,151.007552357829,138.704258149026,129.249867243438,6.38186124927545,23.5009166148157
99.6696125395033,122.291289338246,152.877497672984,140.126288920259,129.829600751794,6.57942863822888,23.9076965184422
100.137565613999,123.547136917725,154.239941223012,141.187019813408,130.407480949116,6.77184239636331,24.2797109219681
100.140385618854,123.55707072213,154.250125978442,141.193266285719,130.409144768933,6.77411558010983,24.2835768294997
100.169109091257,123.658252589318,154.353863935142,141.256890422653,130.426091790331,6.79726934542897,24.3229534596859
100.220206455558,123.826211340552,154.526036855175,141.361791580546,130.453905290263,6.83561773150421,24.3883659757076
101.231961857725,125.113382515227,155.992855797349,142.18388787972,130.667434024151,7.08280921918164,24.8829762459625
101.28545215305,125.167463336086,156.063160005161,142.224635181509,130.679282636228,7.09155297758889,24.9035731071411
101.440543436222,125.324818342037,156.294851878535,142.340173173619,130.679246365789,7.12211984856097,24.9760581409655
102.208895281225,126.28569890837,158.122512650727,143.571216218805,131.249653576539,7.42663499255773,25.583512496948
102.17434662841,126.29282793313,158.157701854115,143.61821146701,131.305294672924,7.44932032897871,25.6068496246091
101.728858600871,126.243992957602,158.217370042936,143.858014648926,131.70089090542,7.63618329167476,25.7448335358726
101.662950963153,126.24267875991,158.214332810114,143.888470827628,131.759805783478,7.66432418112552,25.7595010711507
100.462593304096,126.242014747765,158.334531637361,144.163989968997,132.200152678757,8.1633633970989,25.8955826754956
100.292360678797,126.232266028556,158.458346088439,144.205902123019,132.246979116234,8.24421996810149,25.9020844384029
100.031020959007,126.244828713601,158.891208915269,144.433834483803,132.608896274676,8.42845160290413,25.9197530811881
99.5468724705271,125.962734007943,159.022371570247,144.411558994944,132.839474479614,8.59394373917346,25.8880091296315
99.1985675895106,125.750928531437,159.111302724996,144.414850230639,133.037541095977,8.73535203090885,25.8641514379537
99.1243628855557,125.710937560279,159.140535694612,144.425801751669,133.077278067915,8.77483009849369,25.8591171610654
98.5508916236731,125.42748436891,159.277887143308,144.40739609377,132.429642930054,9.15700440926042,25.7625687022925
98.5503389901242,125.4916953909,159.475787207988,144.588825110716,131.933482441059,9.32723862258979,25.7029496378769
98.5504075824988,125.491817152854,159.476038835191,144.589083432403,131.933137219435,9.32739573529716,25.7028970864163
98.5572100252843,125.503892529024,159.500993207439,144.614701709996,131.898900901517,9.34297691627321,25.6976854531184
98.6382183989554,125.661244149864,159.789383278838,144.943085523322,131.765695765345,9.49395138288553,25.6386971664398
98.5607085635804,125.688311604012,159.899213790303,145.094687459552,131.692845997928,9.59870489282178,25.5660642131346
98.5050965620481,125.936683242035,160.222778680618,145.463082887276,131.89243451939,9.76915229204106,25.4549050612991
98.5200311634964,127.489969846746,161.235264619649,145.868056236167,132.235333811257,10.0709060394787,25.1473685570106
98.7798227314552,128.363454000225,161.674317067938,145.764191368642,132.161982256871,10.1809643693092,24.93181110292
98.9592530139934,129.027657869303,161.886573438524,145.288392024699,132.093595802023,10.3563018856687,24.1965327321325
98.8082898211091,129.558019229761,162.176792260786,145.109867787253,131.799377441863,10.35985101395,23.505656683501
98.7540388414125,129.597710384109,162.193150551127,145.07718028478,131.719752584033,10.3490286933935,23.436977140552
97.5997961151106,129.930484813997,162.443735470531,144.815946457961,130.728470817863,10.0848176302719,22.3972308033429
97.1611577665343,129.694776562565,162.296481145765,144.695477467469,130.594825448484,10.0170100265703,22.1665248245835
96.5806211178777,129.306691768341,162.083237776502,144.605132092021,130.600530323264,9.93223426150791,21.8516113213597
96.390876385561,129.168905964839,162.012355107328,144.590496848257,130.638215663414,9.90516297618419,21.74398890938
96.056666326731,128.921176347823,161.893881422179,144.598017890896,130.770722400771,9.85689104678993,21.5367369511249
95.7846905275623,128.724649554428,161.804534927144,144.623678871438,130.911236975755,9.81615489172988,21.3553860078918
94.5143490386028,127.884093584229,161.219259614194,144.436219307841,131.071881502295,9.61576153232095,20.5640139740059
94.2509393709321,127.762047736406,161.109191972765,144.388968007909,131.044276869925,9.55821648954539,20.3958026419788
94.1362111802598,127.712511793294,161.063506866308,144.370748131348,131.031676552835,9.5313792487477,20.3222733370369
94.1152990107266,127.705296998461,161.056309406706,144.368609802114,131.0290906577,9.52559886288954,20.3087380524102
92.6570412757825,126.828751659081,160.234982030423,143.929892950159,130.681100198433,9.12321233006594,19.457562868773
92.5752748300305,126.763093763629,160.178579997868,143.903765421542,130.676093013482,9.09859079061281,19.3958222037628
91.7726549811515,126.227508783837,159.641714388075,143.689531631542,130.80310125389,8.87262282160726,18.3324601233251
91.5808358120777,126.141744660563,159.506156922918,143.601230553198,130.785143578645,8.84326581538885,18.0318127763355
91.4162433675912,126.087710936718,159.394428935746,143.530566141725,130.77925870865,8.82435447830529,17.7443241642333
91.1773415822459,126.092956655044,159.24991242385,143.452672787887,130.820412951966,8.83197781214043,17.2047909507811
90.8180517888528,126.098002312618,158.973808183732,143.284654860263,130.863837962252,8.98201213242648,16.5137286055738
90.723487030556,126.050152241032,158.88025711692,143.214813952183,130.839056093191,9.02633958089308,16.4231007195572
90.3224998074206,125.803455060686,158.455825286178,142.958806963506,130.866993808255,9.34657509953658,16.1209271775065
90.3113589919616,125.795756225551,158.443789282631,142.953471689223,130.872348158494,9.35914875878121,16.1144065839373
89.7605370257998,125.363465020172,157.922535797997,142.595891990485,130.81630720268,9.66430272239097,15.997242788934
89.3957200895711,125.104364124466,157.614418191948,142.367675154852,130.796044413379,9.81281092065013,16.0944709219239
88.2682782848768,124.187747783699,156.523227979765,141.581678111151,130.881582265313,10.1262159239691,17.560980798896
88.2242011300268,124.155041402522,156.479288885509,141.553823771697,130.894217514316,10.1353136897039,17.6424260401853
88.0963442548186,124.085259212913,156.360695911689,141.486430176998,130.946601909495,10.152523434543,17.8851909157763
87.791922583076,123.877301851233,156.071827529829,141.248212108282,130.830484168563,10.145090440599,18.1007725358117
87.5240945179448,123.709729677094,155.824045321923,141.037218381262,130.698812105426,10.1212694947669,18.2467610554482
87.1439158710913,123.50530860736,155.472221832512,140.755542134201,130.527067263397,10.0606378708724,18.531565133386
87.1052231674775,123.485763515927,155.434728917697,140.728480916494,130.513335206725,10.0525732704035,18.5754291335719
87.0424548704625,123.452178727407,155.370961424905,140.685269926369,130.495752421496,10.0393737131187,18.6626365838574
86.9693933692932,123.406559229529,155.286500630984,140.637365241076,130.491597793154,10.0236031542904,18.8199221709174
86.1192284715713,122.425837314311,154.16012675018,139.875835703088,130.266008233792,10.0297006218656,20.2203600514159
86.1048271969698,122.404703835477,154.137497884227,139.864321222999,130.271908051095,10.0327976316423,20.2576859109816
84.5176521587168,120.302453834209,151.705692879167,138.343045136485,130.035535719323,10.3141772371383,21.7489000218121
84.4836250941799,120.250082301138,151.640297499523,138.301114877649,130.028240554725,10.3257065125672,21.7855797521549
84.3040679365844,119.972133333586,151.277464174535,138.084201402194,130.051649266821,10.4061803050343,21.9981952837553
83.9412015909923,119.533254206978,150.692030421727,137.697473416281,130.077078100044,10.5182708053827,22.1066614202128
83.966828469359,117.721878653583,148.539042750079,136.347629521887,129.607727622518,10.3901743743913,21.7259441202767
84.1078782586843,117.629188525732,148.425803730496,136.303423775005,129.620463890306,10.3642099140363,21.7618623512182
84.592400991625,117.294294206971,147.923148299486,136.069100633468,129.665977354475,10.2772921205667,21.9018815659914
85.3499517451892,117.05038368382,146.811099504838,135.407947819173,129.275680458557,10.1273864450625,22.1432764885029
86.1853405944638,116.422862721611,145.33125518942,134.220096503121,128.717489985464,9.6914282934015,23.153900305579
86.2616123752976,116.096283964084,145.025792951883,134.003832722646,129.081907170794,9.57126382764961,23.3152958299467
86.2922939641896,115.967950523371,144.918438509719,133.941902740343,129.286384191343,9.51697433943932,23.3650699797893
85.9822689230625,114.833534253418,143.942711438976,133.470675496202,130.172502408168,8.99369867087161,23.3663859343577
85.9062387260472,114.721063394909,143.837728733317,133.428545763658,130.119770659657,8.94538736371305,23.3390826855923
84.3000079313299,110.481100801845,139.723310992172,131.691539193735,129.886945249185,8.35852250202887,22.4619668929231
84.3124511544421,110.481304115458,139.719756629285,131.689596611532,129.898511259142,8.36268113901224,22.4611985036426
84.4481811914067,110.483521849878,139.680985821937,131.668407024887,130.024672700181,8.4080433370848,22.4528169529374
86.2590073999971,110.832852780396,138.773353343861,130.077357655438,129.76012639178,9.21788771972259,22.1761056019538
86.4607190535046,110.800423162963,138.614226194544,129.859037545677,129.701618875763,9.31331328471702,22.1400148912507
86.8250134356874,110.657335512471,138.150071308489,129.234965895998,129.487213944575,9.51489202985678,21.972947862584
86.8915466281355,110.643422263364,138.065110900688,129.108054515565,129.433302708181,9.55679039641431,21.9426751615856
87.1470028476615,110.676739020088,137.909535190395,128.841344224898,129.362257909507,9.68598347095356,21.9061830308155
87.1910688818559,110.406634551707,137.502879557071,128.3665666117,129.112062326544,9.79835202128815,21.906700517019
87.1577537940654,110.133822533448,137.215876014271,128.081852215569,128.977151675887,9.81101344786917,21.8863634121528
87.1927839692434,109.920976312244,137.030535309342,127.913058511761,128.962154017698,9.74026858131624,21.7846897060349
87.1992245319145,109.903814319472,137.016693206353,127.900484382661,128.964541021703,9.72953368068888,21.770326922676
87.2008679855921,109.899435053005,137.013161084048,127.897275812266,128.965150119186,9.72679443059291,21.7666619371246
87.2071638241846,109.882658702562,136.999630023075,127.884984232896,128.967483485494,9.71630075090865,21.7526218958448
87.190922667961,108.942901027679,135.72857822398,126.253604730864,128.129908205373,7.86807484719768,17.7529440631571
87.4717967842306,108.445203636119,135.16895449017,125.648230058891,127.340915065042,7.36723116313822,11.7557044429621
87.5040398043383,108.407409905836,135.043889536225,125.516492199789,127.224327223349,7.32837793597371,11.4801411352637
NaN,NaN,NaN,NaN,NaN,NaN,NaN
NaN,NaN,NaN,NaN,NaN,NaN,NaN
NaN,NaN,NaN,NaN,NaN,NaN,NaN
NaN,NaN,NaN,NaN,NaN,NaN,NaN
NaN,NaN,NaN,NaN,NaN,NaN,NaN
NaN,NaN,NaN,NaN,NaN,NaN,NaN
NaN,NaN,NaN,NaN,NaN,NaN,NaN
NaN,NaN,NaN,NaN,NaN,NaN,NaN
NaN,NaN,NaN,NaN,NaN,NaN,NaN
NaN,NaN,NaN,NaN,NaN,NaN,NaN
NaN,NaN,NaN,NaN,NaN,NaN,NaN
NaN,NaN,NaN,NaN,NaN,NaN,NaN
NaN,NaN,NaN,NaN,NaN,NaN,NaN
NaN,NaN,NaN,NaN,NaN,NaN,NaN
NaN,NaN,NaN,NaN,NaN,NaN,NaN
NaN,NaN,NaN,NaN,NaN,NaN,NaN
NaN,NaN,NaN,NaN,NaN,NaN,NaN
NaN,NaN,NaN,NaN,NaN,NaN,NaN
NaN,NaN,NaN,NaN,NaN,NaN,NaN
NaN,NaN,NaN,NaN,NaN,NaN,NaN
NaN,NaN,NaN,NaN,NaN,NaN,NaN
NaN,NaN,NaN,NaN,NaN,NaN,NaN
NaN,NaN,NaN,NaN,NaN,NaN,NaN
NaN,NaN,NaN,NaN,NaN,NaN,NaN
NaN,NaN,NaN,NaN,NaN,NaN,NaN
NaN,NaN,NaN,NaN,NaN,NaN,NaN
NaN,NaN,NaN,NaN,NaN,NaN,NaN
NaN,NaN,NaN,NaN,NaN,NaN,NaN
NaN,NaN,NaN,NaN,NaN,NaN,NaN
NaN,NaN,NaN,NaN,NaN,NaN,NaN
NaN,NaN,NaN,NaN,NaN,NaN,NaN
NaN,NaN,NaN,NaN,NaN,NaN,NaN
NaN,NaN,NaN,NaN,NaN,NaN,NaN
NaN,NaN,NaN,NaN,NaN,NaN,NaN
NaN,NaN,NaN,NaN,NaN,NaN,NaN
NaN,NaN,NaN,NaN,NaN,NaN,NaN
NaN,NaN,NaN,NaN,NaN,NaN,NaN
NaN,NaN,NaN,NaN,NaN,NaN,NaN
NaN,NaN,NaN,NaN,NaN,NaN,NaN
NaN,NaN,NaN,NaN,NaN,NaN,NaN
NaN,NaN,NaN,NaN,NaN,NaN,NaN
NaN,NaN,NaN,NaN,NaN,NaN,NaN
NaN,NaN,NaN,NaN,NaN,NaN,NaN
NaN,NaN,NaN,NaN,NaN,NaN,NaN
NaN,NaN,NaN,NaN,NaN,NaN,NaN
NaN,NaN,NaN,NaN,NaN,NaN,NaN
NaN,NaN,NaN,NaN,NaN,NaN,NaN
NaN,NaN,NaN,NaN,NaN,NaN,NaN
NaN,NaN,NaN,NaN,NaN,NaN,NaN
NaN,NaN,NaN,NaN,NaN,NaN,NaN
NaN,NaN,NaN,NaN,NaN,NaN,NaN
NaN,NaN,NaN,NaN,NaN,NaN,NaN
NaN,NaN,NaN,NaN,NaN,NaN,NaN
NaN,NaN,NaN,NaN,NaN,NaN,NaN
NaN,NaN,NaN,NaN,NaN,NaN,NaN
NaN,NaN,NaN,NaN,NaN,NaN,NaN
NaN,NaN,NaN,NaN,NaN,NaN,NaN
NaN,NaN,NaN,NaN,NaN,NaN,NaN
NaN,NaN,NaN,NaN,NaN,NaN,NaN
NaN,NaN,NaN,NaN,NaN,NaN,NaN
NaN,NaN,NaN,NaN,NaN,NaN,NaN
NaN,NaN,NaN,NaN,NaN,NaN,NaN
NaN,NaN,NaN,NaN,NaN,NaN,NaN
NaN,NaN,NaN,NaN,NaN,NaN,NaN
NaN,NaN,NaN,NaN,NaN,NaN,NaN
NaN,NaN,NaN,NaN,NaN,NaN,NaN
NaN,NaN,NaN,NaN,NaN,NaN,NaN
NaN,NaN,NaN,NaN,NaN,NaN,NaN
NaN,NaN,NaN,NaN,NaN,NaN,NaN
NaN,NaN,NaN,NaN,NaN,NaN,NaN
NaN,NaN,NaN,NaN,NaN,NaN,NaN
NaN,NaN,NaN,NaN,NaN,NaN,NaN
NaN,NaN,NaN,NaN,NaN,NaN,NaN
NaN,NaN,NaN,NaN,NaN,NaN,NaN
NaN,NaN,NaN,NaN,NaN,NaN,NaN
NaN,NaN,NaN,NaN,NaN,NaN,NaN
NaN,NaN,NaN,NaN,NaN,NaN,NaN
NaN,NaN,NaN,NaN,NaN,NaN,NaN
NaN,NaN,NaN,NaN,NaN,NaN,NaN
NaN,NaN,NaN,NaN,NaN,NaN,NaN
NaN,NaN,NaN,NaN,NaN,NaN,NaN
NaN,NaN,NaN,NaN,NaN,NaN,NaN
NaN,NaN,NaN,NaN,NaN,NaN,NaN
NaN,NaN,NaN,NaN,NaN,NaN,NaN
NaN,NaN,NaN,NaN,NaN,NaN,NaN
NaN,NaN,NaN,NaN,NaN,NaN,NaN
NaN,NaN,NaN,NaN,NaN,NaN,NaN
NaN,NaN,NaN,NaN,NaN,NaN,NaN
NaN,NaN,NaN,NaN,NaN,NaN,NaN
NaN,NaN,NaN,NaN,NaN,NaN,NaN
NaN,NaN,NaN,NaN,NaN,NaN,NaN
NaN,NaN,NaN,NaN,NaN,NaN,NaN
NaN,NaN,NaN,NaN,NaN,NaN,NaN
NaN,NaN,NaN,NaN,NaN,NaN,NaN
NaN,NaN,NaN,NaN,NaN,NaN,NaN
NaN,NaN,NaN,NaN,NaN,NaN,NaN
NaN,NaN,NaN,NaN,NaN,NaN,NaN
NaN,NaN,NaN,NaN,NaN,NaN,NaN
NaN,NaN,NaN,NaN,NaN,NaN,NaN
NaN,NaN,NaN,NaN,NaN,NaN,NaN
NaN,NaN,NaN,NaN,NaN,NaN,NaN
NaN,NaN,NaN,NaN,NaN,NaN,NaN
NaN,NaN,NaN,NaN,NaN,NaN,NaN
NaN,NaN,NaN,NaN,NaN,NaN,NaN
NaN,NaN,NaN,NaN,NaN,NaN,NaN
NaN,NaN,NaN,NaN,NaN,NaN,NaN
NaN,NaN,NaN,NaN,NaN,NaN,NaN
NaN,NaN,NaN,NaN,NaN,NaN,NaN
NaN,NaN,NaN,NaN,NaN,NaN,NaN
NaN,NaN,NaN,NaN,NaN,NaN,NaN
NaN,NaN,NaN,NaN,NaN,NaN,NaN
NaN,NaN,NaN,NaN,NaN,NaN,NaN
NaN,NaN,NaN,NaN,NaN,NaN,NaN
NaN,NaN,NaN,NaN,NaN,NaN,NaN
NaN,NaN,NaN,NaN,NaN,NaN,NaN
NaN,NaN,NaN,NaN,NaN,NaN,NaN
NaN,NaN,NaN,NaN,NaN,NaN,NaN
NaN,NaN,NaN,NaN,NaN,NaN,NaN
NaN,NaN,NaN,NaN,NaN,NaN,NaN
NaN,NaN,NaN,NaN,NaN,NaN,NaN
NaN,NaN,NaN,NaN,NaN,NaN,NaN
NaN,NaN,NaN,NaN,NaN,NaN,NaN
NaN,NaN,NaN,NaN,NaN,NaN,NaN
NaN,NaN,NaN,NaN,NaN,NaN,NaN
NaN,NaN,NaN,NaN,NaN,NaN,NaN
NaN,NaN,NaN,NaN,NaN,NaN,NaN
NaN,NaN,NaN,NaN,NaN,NaN,NaN
NaN,NaN,NaN,NaN,NaN,NaN,NaN
NaN,NaN,NaN,NaN,NaN,NaN,NaN
NaN,NaN,NaN,NaN,NaN,NaN,NaN
NaN,NaN,NaN,NaN,NaN,NaN,NaN
NaN,NaN,NaN,NaN,NaN,NaN,NaN
NaN,NaN,NaN,NaN,NaN,NaN,NaN
NaN,NaN,NaN,NaN,NaN,NaN,NaN
NaN,NaN,NaN,NaN,NaN,NaN,NaN
NaN,NaN,NaN,NaN,NaN,NaN,NaN
NaN,NaN,NaN,NaN,NaN,NaN,NaN
NaN,NaN,NaN,NaN,NaN,NaN,NaN
NaN,NaN,NaN,NaN,NaN,NaN,NaN
NaN,NaN,NaN,NaN,NaN,NaN,NaN
NaN,NaN,NaN,NaN,NaN,NaN,NaN
NaN,NaN,NaN,NaN,NaN,NaN,NaN
NaN,NaN,NaN,NaN,NaN,NaN,NaN
NaN,NaN,NaN,NaN,NaN,NaN,NaN
NaN,NaN,NaN,NaN,NaN,NaN,NaN
NaN,NaN,NaN,NaN,NaN,NaN,NaN
NaN,NaN,NaN,NaN,NaN,NaN,NaN
NaN,NaN,NaN,NaN,NaN,NaN,NaN
NaN,NaN,NaN,NaN,NaN,NaN,NaN
NaN,NaN,NaN,NaN,NaN,NaN,NaN
NaN,NaN,NaN,NaN,NaN,NaN,NaN
NaN,NaN,NaN,NaN,NaN,NaN,NaN
NaN,NaN,NaN,NaN,NaN,NaN,NaN
NaN,NaN,NaN,NaN,NaN,NaN,NaN
NaN,NaN,NaN,NaN,NaN,NaN,NaN
NaN,NaN,NaN,NaN,NaN,NaN,NaN
NaN,NaN,NaN,NaN,NaN,NaN,NaN
NaN,NaN,NaN,NaN,NaN,NaN,NaN
NaN,NaN,NaN,NaN,NaN,NaN,NaN
NaN,NaN,NaN,NaN,NaN,NaN,NaN
NaN,NaN,NaN,NaN,NaN,NaN,NaN
NaN,NaN,NaN,NaN,NaN,NaN,NaN
NaN,NaN,NaN,NaN,NaN,NaN,NaN
