NaN,NaN,NaN,NaN,NaN,NaN,NaN
93.4266601315611,139.35577244038,168.194630695155,156.00348629624,157.617036175908,8.59779445203715,6.49590518014287
96.4789407180707,142.976735614822,171.990259424315,159.932701032995,161.960873493578,8.88049420113222,6.77507389026385
95.4042813406792,141.899325698996,170.919109387483,158.821514709775,160.845842833212,8.84432908857296,6.69959673504039
92.9310544787464,139.356864624727,168.367479486003,156.177840281472,158.148128697372,8.74059659908104,6.51820719726864
85.9251735491692,132.007343124908,160.935075338476,148.487105631723,150.198559951881,8.39847812797583,5.9859822788411
85.0975955059835,131.135906922259,160.051394270276,147.574567792809,149.253274060211,8.35685209299843,5.9224254356182
71.2685522667396,116.634171559964,145.324658435587,132.413266405815,133.606279660276,7.67913347742644,4.85983496233664
69.3811942372205,114.71849430285,143.376368867702,130.442778911939,131.626399526528,7.60666938243039,4.71644163247363
69.0949869831768,114.427992596858,143.080921687789,130.143965541116,131.326161814577,7.59568060906508,4.69469683866854
70.1174793837706,115.768801536578,144.47920572766,131.70852914494,133.1549598837,7.73592374813284,4.78422764724561
71.2471114133345,117.049031648888,145.804257182175,133.113283276792,134.677947460489,7.82478951482067,4.87559413170332
71.8219157377596,117.700466616697,146.478499135491,133.828081307133,135.452907644225,7.87000815739514,4.92208524473779
72.159384461011,118.082925337911,146.874347881715,134.2477406041,135.907888257041,7.89655610932996,4.94938026652451
73.636631202748,119.743982761995,148.603088616812,136.072456948583,137.873070777888,8.00952279968985,5.0686508434568
76.7736350738513,123.252753899234,152.268410946886,139.929919126438,142.008813298356,8.24482483621957,5.32162850035939
78.1338033674107,124.782156969381,153.89686687716,141.641537035499,143.839871094876,8.35257833058437,5.43244072145986
81.0889200546088,128.347000008912,158.166953772323,146.167889647989,148.666758131606,8.70046400535736,5.69217005662592
80.1411345677644,127.411626826536,157.402831831017,145.393458685044,147.828947395664,8.68160937207755,5.62428322737535
79.3100391167431,126.57264349426,156.675827824457,144.651931177906,147.027963334216,8.65601265905005,5.56326423989621
78.7140107610656,125.970958266212,156.154449681827,144.120137362615,146.453529660584,8.63765572212086,5.51950386709232
72.9740269918606,120.180954815602,151.070861382681,138.995017605735,140.858101671195,8.43317846829297,5.09626149510115
71.1639195056337,118.492863323507,149.803341407323,137.829169002016,139.504059224298,8.40399611905468,4.97241704007946
71.1007229708685,118.685646608055,150.397862916006,138.629291878073,140.240809227167,8.47782400392769,4.986829975554
71.2240579452013,118.850936012755,150.612318454186,138.877426811368,140.491399022213,8.49532763803431,4.99911223338979
72.9018560565187,121.033973333442,153.363114581046,142.035189699729,143.702066568331,8.71648675764686,5.16180129859002
73.0713850388784,121.247751146421,153.623762530882,142.331641714967,144.005890446356,8.7370725218078,5.17778349362873
74.9579241225273,123.929097421143,157.237356870365,146.576979602862,148.313400440966,9.07415667693828,5.38219962641459
74.6404530129019,123.747748515708,157.278457419339,146.708008382179,148.38931273913,9.10377729110558,5.36841478886947
74.3731594143673,123.580907412326,157.279442386113,146.773222678106,148.408605834951,9.12349688678003,5.35550478000225
73.4770294126748,122.832104299744,156.832783488102,146.388179451502,147.876083592759,9.1197532110722,5.29477106693202
72.432845281238,121.936023400565,156.266848952844,145.852351478896,147.132565862612,9.09429878596816,5.21752586254426
72.2595777844936,121.786164720731,156.170688142359,145.759122157206,147.003098483019,9.0890305845573,5.20438738714346
71.7557268451351,121.353372411968,155.900808690035,145.494182533294,146.622577974325,9.07150336676927,5.16532275406473
70.4564927426888,120.301857454255,155.407215548139,144.975413372578,145.644664701112,8.99968956864789,5.05272198120992
70.0352130197216,120.038289680211,155.48423107934,145.032313601539,145.408329246466,8.96218803132326,5.00752900136469
70.2082871101402,120.492400530817,156.538921299046,146.06839997342,145.924911521302,8.92393721748146,4.98883042849949
70.2883295946422,120.605620941485,156.72561332909,146.255113216246,146.048761732315,8.92140030906364,4.99050101425349
70.9439798115912,121.476287891656,158.098256745154,147.638230487669,147.005769083973,8.90878754537529,5.00905943145388
70.9908574069532,121.534924833243,158.186425719013,147.72780420634,147.07053261655,8.9084058636656,5.01069669573059
71.7113105644572,122.436994437719,159.596074273858,149.171099460971,148.084641815157,8.89854415140495,5.0323764990186
71.8242062178109,122.578508901315,159.826751252402,149.409209649796,148.246917358133,8.89628276335752,5.03514957355514
72.1778832776577,123.065878177397,160.821880712938,150.466053384676,148.871318447619,8.87245240368025,5.03054903150706
72.1068571740537,123.028701480055,160.943324012701,150.617627926717,148.888266366748,8.85773321010214,5.01670454096693
71.5257804404628,122.571080016343,161.002241360435,150.803553718482,148.640971102438,8.7941305324014,4.94875335231363
71.3249464094905,122.404237068496,160.930958210219,150.767691738757,148.527410926786,8.77748900800573,4.93026792208587
70.8556248311765,122.018578276002,160.750050173546,150.669176502851,148.259949204974,8.73841215446334,4.88803911142198
70.634256253388,121.839502528258,160.655130696257,150.61286450133,148.132396688934,8.7198547289357,4.86876925188345
70.4070736053703,121.664506830228,160.576834766964,150.581047760437,148.016726312894,8.69849287379375,4.84811952047402
70.1963787026588,121.51865804838,160.540016514088,150.600176428648,147.937972725773,8.67434274861432,4.82733233230724
70.118638753397,121.464844326478,160.52643170936,150.607234319831,147.908915070423,8.66543209400449,4.81966249818889
70.0153295546112,121.433154852783,160.626035166545,150.772016929412,147.945058917582,8.63955359841412,4.80257530344695
69.9653141189034,121.423598097767,160.691348322044,150.874368936838,147.973417473057,8.6249858083535,4.79330123804722
70.0987661491204,121.645724636156,161.169074357755,151.455527045241,148.272617655067,8.58526233391558,4.77660630920283
70.1325808887732,121.684042299011,161.23628493659,151.531487956428,148.313914936239,8.58165086762613,4.77557419151446
70.3208956849367,121.897433942537,161.610581665865,151.954515418818,148.543900119205,8.56153855728067,4.76982631250969
70.3889571126825,121.967776265884,161.749979538023,152.10819039518,148.607680481927,8.55300176318687,4.76623905551736
70.4897554878758,122.066756383898,161.95958160509,152.336381431566,148.687320389503,8.53938760333224,4.7597696302447
70.7080899536105,122.262965778976,162.448712675394,152.846555490816,148.781972865397,8.50680021875012,4.74101303883873
70.7759886676564,122.318993669378,162.665813718709,153.04929539774,148.738250597755,8.49281001976486,4.73070762579727
70.8117794101419,122.354896013319,162.844176603333,153.200099451813,148.662409069062,8.48327502092873,4.72325042704249
70.8165260732829,122.364248538251,162.903869594688,153.244775211296,148.624044996713,8.48096213794577,4.72134935939251
70.7950412528942,122.410845687897,163.157853129603,153.390009535351,148.402533185511,8.4800543720845,4.72347741930402
70.5674675953022,122.286041034314,163.119249152461,153.168323513932,147.939067391845,8.48858895680583,4.74183206399252
70.5369054592331,122.190843504358,163.00680966372,152.929563199963,147.638490394223,8.48944333500186,4.76137431202627
70.5669132714632,122.169904480371,162.975851623084,152.869471363955,147.570509619617,8.48777900952703,4.7663319584908
70.841164806295,122.101668204729,162.860689766188,152.647666416539,147.319659414055,8.47337156731138,4.78491852276208
71.7077525631786,121.710698835918,162.360409515684,152.025562490316,146.586020016127,8.39471183703011,4.78274439827533
72.1423065303624,121.656299634361,162.265428180136,151.91215613415,146.418492052748,8.3649919683958,4.78303564710648
72.908510646284,121.660981320537,162.185570548581,151.816957145252,146.22961993463,8.31700233181811,4.78853275716969
73.2825078393689,121.699048890453,162.167965716561,151.79619947142,146.166310932701,8.2937676080168,4.79405398424489
73.8759297044126,121.656312247215,161.979721829715,151.599431906613,145.892578717499,8.23951252622436,4.80016605087418
74.5392357227492,121.554662391696,161.563191550035,151.174964692726,145.431397659775,8.15143319047402,4.81619660619909
74.8848939687337,121.534585898325,161.329391910104,150.942218150748,145.231326014728,8.0979539880515,4.8292537577086
74.8893010134001,121.534467990659,161.326454209934,150.939321604,145.229072670765,8.09724460301307,4.82942072896004
75.1451368983217,121.531521742777,161.166135902048,150.782463184091,145.115200542297,8.05533867927946,4.83728170352539
75.4576759021668,121.473758790837,160.902374994464,150.524117613366,144.927933944938,7.98999060667325,4.83833440347958
76.9142267821635,121.05611631967,159.783472160052,149.355092393087,143.936689886987,7.60786704365403,4.71317615910474
76.9204157106945,121.056584519285,159.781971128102,149.352992826278,143.934503908057,7.60645419815237,4.71256248161043
77.1659694492259,121.07516094416,159.722415745452,149.26968979951,143.847772368658,7.55039772680023,4.68821403385815
77.2406086982529,121.058499871339,159.66804711239,149.199198268299,143.772094483275,7.52307499636941,4.67451062360181
77.4056867341162,120.996765686647,159.507344658953,148.992903744828,143.54970633727,7.45117399255959,4.6371724649463
77.5291187836352,120.96478986055,159.396403094848,148.842135385866,143.38708375861,7.39628870380541,4.60894738549615
77.9307695707866,120.9621021955,159.107038310083,148.390180337204,142.908440972655,7.21544675183674,4.51935381004026
78.2075402605092,121.037635718887,158.977408377014,148.1393564488,142.665485732239,7.10073448539931,4.46739311929313
78.8447714765475,121.076549764987,158.462839625416,147.331564489165,141.977435252418,6.80398359190091,4.33746849686356
78.9099313942705,121.060118869106,158.390583864837,147.23522794015,141.898619630242,6.77307313762328,4.3237100628273
79.0646125005774,121.034962587444,158.257499410997,147.061790568032,141.758821062917,6.71196493026948,4.29672038397714
79.185997687514,121.023240529781,158.175322106573,146.957681616828,141.676504339851,6.67111523877414,4.27882428186634
79.2731048897982,121.014828666079,158.116350865846,146.882972010977,141.617433050936,6.64180109896736,4.26598186323186
79.2991744369876,121.012311153496,158.098701882723,146.860612831206,141.599754125273,6.63302792831131,4.26213836889571
79.3364032742948,121.012389033125,158.081940593158,146.840606237532,141.583674330233,6.62290585057029,4.2576856296214
80.2153384786308,121.061395175464,157.772046853838,146.490292192869,141.28771269274,6.40582742053069,4.16124623522443
80.3271572005019,121.022715276618,157.663558823747,146.381711456143,141.176703114522,6.36454431476501,4.13987065159206
80.4320377354923,120.986435408485,157.561802316021,146.279867994092,141.072581517014,6.32582276486423,4.11982139141825
81.1878911004706,120.936616989718,157.022372424525,145.761386872056,140.53292733166,6.08072797376621,3.99722270917995
81.2344211230542,120.941592296995,156.996310992106,145.736937560553,140.507640451717,6.06689297368425,3.99053958339894
81.6387076616933,121.080725274291,156.854105334594,145.599838170405,140.384576090793,5.96295407105804,3.94420554203943
82.2749224486399,121.335305262383,156.480072749856,145.162267910704,140.058278474484,5.77620346413164,3.85813975155723
82.4139562350304,121.387781716663,156.372264348945,145.020664910916,139.957447633067,5.73364766168507,3.83646956259863
82.9138808074816,121.6034341995,156.243656334863,144.75372807099,139.77001321254,5.64069160790798,3.77999568193679
83.5229372344313,121.826445488654,156.22732610845,144.556929375992,139.570932166372,5.55735888331656,3.71473522041476
83.680539820452,121.80775410179,156.145663340351,144.395228987199,139.377805338793,5.52348933888793,3.68162131526506
84.1443731951171,121.776693486471,155.984101477815,144.011197458538,138.871476313883,5.43459641960709,3.59150591703311
84.2320609408906,121.77931833918,155.97141404213,143.959953443999,138.792644651666,5.42004714026937,3.57665404271615
84.3409045483571,121.784389953763,155.958999871112,143.900373781201,138.698156473883,5.40239492692632,3.5586653443021
84.4106354670776,121.787639095835,155.951046702612,143.862203927035,138.637622395691,5.3910859940224,3.54714084142872
84.5136068057184,121.792437089533,155.939302293936,143.805838672549,138.548231990701,5.37438614292214,3.53012265910994
85.1571948651359,121.88943346549,155.94491934691,143.551130348408,138.087437523999,5.27829422023524,3.43889124827864
85.4923471170095,121.968489982934,155.973195442597,143.450133777981,137.882891816384,5.23046373172627,3.3976084939543
85.5536575996372,121.981889602837,155.976794807639,143.429381463458,137.842702572992,5.22139451683763,3.38980799723716
86.1879389886079,121.961351380009,155.736765207834,142.811296296591,136.935306007024,5.06773949634267,3.26993971917557
87.3314929156652,122.355746931368,155.699715386235,142.324959427355,135.996267690462,4.85298395934206,3.1404655613487
87.436616236547,122.373289119483,155.663231543929,142.245431509484,135.854406944063,4.82607965563351,3.12324566042847
87.8196640211243,122.393283963767,155.472220408764,141.894808032004,135.241800744173,4.71575235039593,3.04927213979551
88.421879237403,122.487760893545,155.317622578644,141.561528309372,134.564145588057,4.57336938727479,2.95103379233223
88.7233890765347,122.555596083494,155.281757870655,141.452988220792,134.320005785168,4.51176797501163,2.90830402958981
89.2165218895016,122.684550051647,155.246876954423,141.305966095727,133.999039657462,4.41774055194401,2.84394732768657
89.2290425620058,122.687900040903,155.246091471992,141.302361655569,133.991220242376,4.41538151200132,2.84233659730156
90.1431930915659,122.70305355807,154.735615134482,140.459840330376,132.94953194204,4.15905057760956,2.66122017338385
90.9140513650014,122.989294834088,154.563180345344,140.038836940202,132.54201759294,3.99643361153635,2.55280808641802
91.3154548210667,123.098943594715,154.30497459966,139.593162045134,132.082331939339,3.87482745150316,2.46473078701396
91.5214911198782,123.161851804609,154.172503823793,139.359817030773,131.807277717754,3.80896999416492,2.41549559160948
91.6441227034428,123.209253650234,154.121082213356,139.255121517706,131.664146062107,3.7741862529638,2.38959567451481
91.6830976383697,123.225091971918,154.106867901947,139.224500764857,131.6202530377,3.76347385482572,2.38162837988915
91.9151192189053,123.322009984838,154.03322909983,139.056232072184,131.367405807034,3.70162852160303,2.33584972731102
92.1401909109601,123.423327448163,153.992273400099,138.93191679883,131.145592405325,3.6469832326138,2.29602604708051
92.1479799294892,123.426833724728,153.990856053025,138.927614640888,131.137916145907,3.64509213220674,2.29464787561711
92.5190388874256,123.594922376969,153.950347272771,138.759895623376,130.794383168365,3.56076290885454,2.23468345177191
92.5827652727321,123.623831097628,153.9444370165,138.732534035367,130.736242701797,3.54650327947387,2.22460554881673
92.6490875435237,123.640054859318,153.91363030984,138.67271040942,130.632409469089,3.52613693121305,2.20982307356401
92.799110979746,123.632866981667,153.765888391808,138.438146065365,130.260376633078,3.46257352077239,2.16279028770186
92.8688321659319,123.630532611305,153.699824555508,138.333235733833,130.093056942687,3.43382140220189,2.14166652521617
92.9039121822615,123.631517976984,153.672160126766,138.28925237096,130.020843564415,3.42104664208972,2.13261400375668
92.9423047480313,123.632596389157,153.641883390575,138.241115729973,129.941811193143,3.40706558195587,2.12270666727626
93.381892118014,123.672529519655,153.345869124426,137.771486714177,129.161962847332,3.26358855178162,2.02403539863756
94.1797671200233,123.85680411779,152.963720120445,137.201514539884,128.235486729372,3.06354197536224,1.90183680077564
94.1964110785989,123.851991402074,152.937432145619,137.16949733217,128.193069622778,3.05602764588912,1.89721138324379
94.2510823323288,123.836182831006,152.851082703256,137.064328788357,128.053740004373,3.03134494727688,1.88201804000497
94.3753422154758,123.812042996942,152.676753131711,136.848831790102,127.765092969397,2.97803821257342,1.85023953340097
94.4090283419185,123.810371985232,152.63855724352,136.800139285203,127.698426954409,2.96474162286627,1.84276270817952
94.5045363999478,123.805634275669,152.530262954712,136.662084629633,127.509413188198,2.92704267687723,1.82156415754352
94.7490275786695,123.835835977581,152.33757199335,136.39052351456,127.114113899342,2.839709422442,1.77597652890809
94.989178429362,123.900766164453,152.220106115217,136.188952089426,126.79293209413,2.76096909667733,1.73780776967256
95.1386658510901,123.949255589605,152.163564208724,136.078088132511,126.607681556246,2.71350617427909,1.71549823266269
95.6498650156998,124.112125980219,151.957704928942,135.617838760706,125.835902342767,2.5239925642547,1.6270980451189
95.8707765076211,124.131333684975,151.747392713564,135.235670287284,125.258491019219,2.400619324024,1.56603099337045
95.987471853438,124.154032410275,151.655830165783,135.061524300407,124.993770757938,2.34186181430222,1.53706811572135
96.3173612087264,124.277700159785,151.472363430316,134.709260961937,124.478064231212,2.21691272878139,1.47407451103281
96.4945859873599,124.360100149498,151.388589547406,134.558856987732,124.274307586531,2.16388663882847,1.44617205325135
96.6371097784611,124.435685507024,151.321410847931,134.461700007415,124.169742765021,2.1344710682771,1.42860559601442
96.8491629934462,124.444089770507,150.845201080428,133.959673507163,123.74976721069,2.07164944140483,1.37319151633138
96.8571380078899,124.431516372972,150.779697142828,133.901231267545,123.714926112859,2.07079971272069,1.36890439909297
96.8586501694178,124.429132301048,150.767276784839,133.890149894969,123.708319809121,2.07063859363628,1.36809150855853
96.8947707295934,124.370275552328,150.474291572445,133.63526619482,123.571180367569,2.07388256444707,1.35153932287449
96.9139722460462,124.337083013266,150.32222948446,133.509561679957,123.518891898321,2.08268273007434,1.34559853077128
96.9169790181224,124.331885382139,150.298418029718,133.48987756667,123.510704028908,2.08406075104152,1.34466826008927
96.9296437531991,124.312896637805,150.219781842737,133.424957078846,123.486163042867,2.09130406911916,1.34247068522604
96.9502778723909,124.284134474033,150.107888063718,133.33266132486,123.453630594348,2.10418324415856,1.34017930069337
96.9860446471583,124.239886438025,149.94697641114,133.19659230828,123.40116570175,2.12468302659241,1.33724063614585
96.9379875257299,123.935781481431,149.42236855754,132.695803560647,123.043010195577,2.17456068811901,1.32151427710023
96.8778296068903,123.711326881273,149.121838228269,132.389609161847,122.753718865683,2.19383976408126,1.30661128030456
96.8735178656953,123.648634935705,149.034543262059,132.299748078922,122.660744186981,2.19948024131567,1.30098843941252
97.1607762513707,123.511808089976,148.607355489507,131.876214607924,122.129116287911,2.23851616601866,1.24707400624231
97.168592759619,123.471093202257,148.448720242463,131.73099386218,121.963764982479,2.24699825891607,1.22688507035433
97.1947270204221,123.474158627559,148.292705621169,131.586962542123,121.807394433145,2.26164833155066,1.20510782147335
97.3139719085184,123.692443236115,148.033050723155,131.279030822297,121.51147472484,2.32245842465273,1.16410322456139
97.3238769750045,123.716080236597,148.018489713727,131.254903883925,121.489439399695,2.32804156862641,1.16180651742082
97.3810364222524,123.89573257895,147.891076625237,131.002090243533,121.248310290671,2.37592296912509,1.14793447523764
97.2480460548076,123.819667807604,147.658181319397,130.680672727409,120.925584191957,2.39806212494214,1.13599649382664
97.0677111302589,123.681860114518,147.330490663685,130.245496810131,120.483539680025,2.42536520014439,1.12322331015261
97.0594156449917,123.674917184319,147.315209763982,130.22549013069,120.4631283209,2.42657382269578,1.12269520985519
96.9498398262371,123.564717115578,147.093262828913,129.950994003332,120.182868253502,2.44243416470263,1.11652457189306
96.8566106791497,123.45272455983,146.88460655084,129.707364186656,119.933921718987,2.45582543345363,1.11206833199827
96.7833870944421,123.342595100072,146.686614009804,129.496328714707,119.720499808763,2.46726059968347,1.1089746979627
96.6960593649631,123.186571606213,146.412508174298,129.22272832627,119.446045494203,2.48191981466869,1.10573759285953
96.6131263472874,122.960432355229,146.009919329959,128.876067908889,119.110655178448,2.50173164834046,1.10328157283183
96.5668371600838,122.857527214586,145.842335218756,128.737551639163,118.978613867137,2.50822455434664,1.10150182520301
96.5179190522435,122.770284618261,145.714405377808,128.63487310856,118.882031253897,2.51155219838395,1.09929790238521
96.347763416538,122.466545915823,145.268704548657,128.277269597144,118.545763752575,2.52319130899569,1.09163556073224
96.327074154524,122.42583175499,145.204747320126,128.227638058275,118.500536751948,2.52548773485889,1.0907550539615
96.309729952836,122.391700299911,145.151130759501,128.186030995652,118.462622097472,2.52741287231936,1.0900169083955
96.0707091044234,121.909473335615,144.337512633963,127.520219858222,117.854595422888,2.56516085251954,1.08051031806939
96.0519931342941,121.871384028084,144.255949840355,127.438046545248,117.777212049413,2.57146193629518,1.07996509972965
96.0071987424884,121.885811827488,143.946183026121,126.719322795535,117.019551598075,2.63705984282926,1.08149416747683
95.8026565623027,122.004222778965,143.907020440515,125.805746627237,115.950505266369,2.68824861975889,1.07322621747825
95.7711368569963,122.215064584393,144.033006654277,125.277857298245,115.303723317339,2.71906125843583,1.07171291507377
95.8137239672275,122.495207789159,144.184549376663,124.754178571841,114.668133739606,2.75018411413385,1.07235016043345
95.9168286526707,122.903400217912,144.156875811263,123.779308874154,113.594222827946,2.79868773891228,1.07052104338576
95.9059196465698,122.926154822716,144.097452347852,123.611780137773,113.422581278318,2.8044680472428,1.06861910024284
95.893339095335,122.976069900695,143.916695422507,123.233919196625,113.054118807416,2.81775240398448,1.06465671400793
95.8906496530269,123.0140547393,143.748568513,122.94008374168,112.77860848556,2.82822833463449,1.06176861414797
95.8906007324888,123.014745677617,143.74551031062,122.934738920376,112.773596995582,2.82841889018649,1.06171608005994
95.8896717693828,123.027866060808,143.687437417371,122.833244905779,112.678432684545,2.83203739244827,1.0607184984393
95.9921130284897,123.389631257665,142.016262487603,120.849796554184,111.031462651939,2.90859140389225,1.05231807072848
95.894052202692,123.442391736275,141.310065232019,120.075403697883,110.383849738519,2.93110951408234,1.04646189747144
95.672526015273,123.538426930646,140.303697033627,118.864718129305,109.335169449268,2.9636843142405,1.03718951646534
95.6690108771847,123.544450732086,140.286595540108,118.838524347575,109.311576099018,2.96450712676002,1.03712820597708
95.565960486975,123.948091655779,139.614182350824,117.590277701677,108.164104665209,3.00857009133411,1.03866535178154
95.5820843041808,124.009568891164,139.610536947158,117.50531375991,108.079754496164,3.01326193475001,1.04017479757919
95.6127284122688,124.126232557443,139.603749853957,117.344218552641,107.919805134982,3.02216314238095,1.0430410190629
95.6364816473168,124.216662322235,139.598488959444,117.219348469545,107.795823234089,3.02906275507193,1.04526271963928
95.631427931751,124.345458673478,139.580158034968,116.889142584956,107.455337503834,3.0437740235517,1.04695117152197
95.6553738821859,124.487139263765,139.626793095027,116.547549096162,107.089557323319,3.06204185837351,1.04989111786506
95.6606672703833,124.498810671672,139.635135499504,116.526685674071,107.06636668846,3.06348306006072,1.05025706890034
95.825989134207,124.721526143079,139.844975635504,116.249844842615,106.744420994128,3.0907911508035,1.0603431267774
95.8378292698902,124.734713337333,139.859015939281,116.237321030276,106.729204260021,3.09240192895664,1.06103930061408
95.8393230139687,124.736377025474,139.860787255184,116.23574103398,106.727284526407,3.09260514371636,1.0611271294679
95.8580652167098,124.757251538648,139.883012187987,116.215916613363,106.703197377127,3.09515490594246,1.06222912960872
96.15011899556,125.019662040031,140.15188836906,116.051238241721,106.493565044545,3.12873566514561,1.08071825554221
96.4963698190764,125.311318735195,140.23261819518,115.498998672591,105.911099513979,3.19546984500361,1.11606333317107
96.5043623302273,125.3237989721,140.210435181328,115.440435921188,105.855432343945,3.20032562978793,1.11853960978071
96.5898755830673,125.502827064664,139.926581530234,114.757138865159,105.224563433659,3.25676215793027,1.14934381064036
96.6077930919647,125.552983279827,139.854179556188,114.598204403578,105.082574640957,3.26983327648298,1.15699597948623
96.6303572376551,125.635092289591,139.762538377488,114.405249844356,104.919372859985,3.28593004694289,1.16757557653623
96.7097832685127,125.922431335061,139.482255574981,113.800820912423,104.418322005921,3.33717093988351,1.20285092473324
96.7296339312767,126.06779704266,139.31294609118,113.45297795284,104.133405347001,3.36443619583244,1.22178925982438
96.6886379532722,126.107540539657,139.163017215058,113.191147396636,103.913498234831,3.38008236095299,1.23118833943607
96.6193982215874,126.231589715487,138.820673630518,112.538557173722,103.36262004724,3.42132814194584,1.25742274040566
96.7598884617604,126.561348861511,138.506073824768,111.509369591656,102.432177667796,3.50227608074156,1.31769280462436
96.7872053889572,126.592134508169,138.498880960704,111.435805138417,102.359832337101,3.50910214172192,1.32324348662967
96.7908653688984,126.596259234512,138.497917245495,111.425948816682,102.350139355996,3.51001671187416,1.32398717879727
97.0180515479914,126.780238182929,138.533140768069,111.035309221113,101.927740011167,3.55050530616499,1.35942224208095
97.0253303775075,126.785722157188,138.534810811864,111.024053631544,101.915228150607,3.55170975785718,1.36049642391918
97.0846293756174,126.819377212344,138.537893025286,110.8890222381,101.763247904036,3.56378676126609,1.37097412870293
97.1079007268287,126.812289905481,138.519725419045,110.756235425355,101.611446183572,3.57269624102718,1.37826528701729
97.168786405545,126.794094848542,138.473252576354,110.4124510387,101.218165963917,3.59577779449686,1.39721764680735
97.2684312109381,126.784404954398,138.458416198524,110.059555976735,100.7989147418,3.62034413900892,1.42108511085347
97.4202965005296,126.798606282972,138.46215705187,109.619035871108,100.277264965328,3.65164615151188,1.45621582174691
97.5403479902998,126.836100705695,138.477659575094,109.317178976558,99.9293977134312,3.67343070651787,1.48490001834446
97.6088051969513,126.867801004925,138.48955988733,109.156380671116,99.7494808747507,3.68511905985436,1.50195140795319
97.8050014636544,127.010724497005,138.52761208817,108.698701697217,99.2730172005364,3.71819975944812,1.5574121549276
97.7656894519882,127.075788494015,138.316018866967,107.79398965524,98.4714791530893,3.75684769304655,1.64157745393333
97.757852802327,127.085616477108,138.297221044874,107.719502296272,98.4115713554256,3.75977280863329,1.64912311890505
97.7297229123578,127.154692007246,138.227417276521,107.393038617467,98.1601349782189,3.77324258214415,1.68563464654242
97.7160767378245,127.226293312045,138.190930304745,107.16807020482,97.9971401461482,3.78312427952523,1.71397064006269
97.7153235816745,127.230245112817,138.188916525196,107.155653806134,97.9881441773587,3.78366966762188,1.71553455291863
97.7216982586025,127.3641563359,138.178958115675,106.882514623216,97.7979344421989,3.79787710512413,1.75634254367319
97.7721309498763,127.606302023761,138.222621866366,106.512498264939,97.5364536831023,3.82117091511835,1.82031598794094
97.7729782403452,127.60937026274,138.223488282957,106.508371776999,97.533478568266,3.82145831458834,1.82108313721596
97.7800666408588,127.63503903579,138.2307366919,106.473849732547,97.5085888683259,3.82386268785284,1.82750107948549
97.7956139473047,127.694106860241,138.246857737577,106.391776780127,97.4489768455808,3.82949536262921,1.84252144577707
97.726473022933,127.725224442243,138.198817656622,106.08216304599,97.1810892685458,3.8425657008247,1.87590312028352
97.6497438596037,127.821612912138,138.164657206143,105.454318465679,96.6024915434505,3.8753102900295,1.95140855846884
97.731430348141,128.041669012807,138.239584565729,104.789035149463,95.9469604390386,3.92631822983774,2.05439668403053
97.6528366497196,128.1839186555,138.02315267493,103.903775547483,95.1727417028575,3.98611893850356,2.17420433508321
97.6229241452565,128.192075711647,137.968091837613,103.791751113111,95.0867750112809,3.99261647218644,2.18807997223441
97.5662475228739,128.216505700165,137.857935272786,103.574933294603,94.9252668272195,4.00561980719801,2.21619721655897
97.5414229781414,128.243254837033,137.799260324482,103.471812083731,94.8569880435766,4.01255306915358,2.23177880505449
97.3399841797467,128.678082567333,137.203766481319,102.530717087956,94.2420203915447,4.08684318330571,2.4026110192436
97.2617551872384,128.688685564117,137.078324841043,102.372804719214,94.1102545927797,4.09534954078467,2.42275956289353
97.2409377647713,128.691507114752,137.044943718049,102.330782849988,94.0751905556285,4.09761315727286,2.4281212674459
97.0561701560909,128.920028503564,136.608424120254,101.503492745253,93.1009964343587,4.1618989219423,2.57403071269358
97.0786704661194,128.984271627769,136.597140815887,101.380464204779,92.9083400721711,4.1746557425107,2.60238404918319
97.1600067747925,129.11605451903,136.625657743851,101.149381149965,92.5150601120108,4.19968143652652,2.65829141716798
97.1759735437282,129.149807628988,136.580496613073,100.063614663732,90.9137626685716,4.26314544191597,2.81773262930655
97.1924192469048,129.164990972536,136.593889723828,100.002065295599,90.8237211358237,4.26724012523378,2.82847350419776
97.5051487219533,129.481314732742,136.87238322796,99.4436092980585,90.0426056646332,4.31235047004705,2.94608116740088
97.5334234123705,129.517662534732,136.898245694604,99.2925025556026,89.8602206144631,4.32095671998724,2.96861764145956
97.5604449241801,129.574181418814,136.926187925992,98.8857304409492,89.3891536578251,4.34162412290676,3.02177435743289
97.8784417638295,130.112800776785,137.333699072046,97.9299541404703,88.1940152153347,4.43128261533235,3.20279680906626
97.9502557483779,130.256717385381,137.453945426394,97.7743125191245,87.9581644366895,4.45448004262036,3.24227603784937
97.9344199438475,130.270919281361,137.464218812969,97.6946505570655,87.8452536304856,4.46202110305971,3.25416370519131
97.8550890210106,130.372124906438,137.545074534867,97.2758802014647,87.2219838292602,4.50592256111293,3.32212335861173
97.8249738014664,130.451789545165,137.614631735254,97.0790706863106,86.8967448864289,4.53132953829649,3.3604543510816
97.8165546228427,130.516972873399,137.673127103213,96.9744595872517,86.7045646695264,4.54784725689867,3.38515165646334
97.8202743190496,130.710333028444,137.846956239929,96.7445931571502,86.2466715429442,4.59012277709354,3.44855570340031
97.8211512624791,130.718702551912,137.854488059674,96.7366507975374,86.2296510278877,4.5917849225578,3.45105415876461
97.8211811428649,130.718987729475,137.854744693879,96.7363801748708,86.2290710822046,4.59184155739426,3.45113928946707
97.8319839081092,130.816836387893,137.9427728486,96.6446741416254,86.0317818605156,4.61116979125249,3.48020548397335
97.8031619827541,131.173077195811,138.252302522369,96.1650070105683,85.0631681035564,4.69591466684026,3.60863246747999
97.8016755418086,131.174384384803,138.253339835221,96.1603241150084,85.0548880376537,4.69650394187004,3.60951976200888
97.795139074766,131.18542262272,138.262320239512,96.1292657706949,84.9988280140224,4.7006495661739,3.6158315165238
97.779973619908,131.225334119724,138.295102357945,96.0289124588837,84.8156402995313,4.71447007955311,3.6369908728028
97.7656138024367,131.358641108939,138.407778486346,95.7380225099103,84.2759911619218,4.75646325912797,3.70167944774419
97.7967840352762,131.466402027367,138.503455198823,95.5529340676961,83.9207992211097,4.78576762310966,3.74729062582036
97.8613632964436,131.582527522757,138.611387452523,95.3859047822151,83.5894974037292,4.81446776302133,3.79226773207498
97.9168391523579,131.656223457456,138.683642179768,95.293848951556,83.3999034012846,4.83145644910053,3.81902290788598
97.9609082294003,131.711858672241,138.738757005571,95.2264593557732,83.2598932295102,4.84409668363685,3.83895108504052
97.9568961266362,131.750025820294,138.804848038476,94.7052917152778,82.3842954575782,4.89717189366013,3.92165514739743
97.9710610279471,131.83373404333,138.920522690126,94.2832362583373,81.6317579053987,4.94112467983077,3.99177872444595
97.9828235042876,131.86892468749,138.961721937715,94.2036073683544,81.4775185901564,4.95070885660767,4.00741350419821
98.0008833413641,131.91676281507,139.012314824664,94.1579487180933,81.3724233877405,4.95804764081462,4.01987306990932
98.0826399415183,132.481178959265,139.589662833997,93.6940925545598,80.2762926020164,5.02842629758431,4.14747397163657
98.0472555583677,132.676194547387,139.781202500276,93.5248746890652,79.9008682347777,5.04786428332219,4.18801978865866
98.0509324565143,132.78812521429,139.890111229245,93.4574945489732,79.73618469644,5.05758363319809,4.20898847149315
98.2868167571337,133.466823520226,140.559556398453,93.1677860322924,78.9322235123054,5.11731385720553,4.33960992528514
98.3001245983262,133.510751314314,140.611163855795,93.0420306706647,78.7079959603911,5.12881561711776,4.36536471121642
98.2955627096115,133.516822879873,140.622445757322,92.9646256786033,78.5806610583691,5.1344164213533,4.37805593205657
98.349992625797,133.544302740891,140.669126749238,92.6070201747993,77.978055843145,5.16459970043094,4.4437506231571
98.3759474756954,133.555176658521,140.680640476411,92.5622306593111,77.8943569944465,5.16990119468992,4.45469270359314
98.4045924496586,133.56717761744,140.693347558764,92.512798876426,77.8019830700696,5.1757521691941,4.46676889014102
98.4169807736169,133.57236776937,140.698843093616,92.4914207128083,77.7620333706234,5.17828258753981,4.47199157637307
98.5449044814378,133.650640121359,140.77264604069,92.3775420299406,77.5061737522386,5.19826605503883,4.51201560722672
98.6753639512114,133.755012293202,140.868581586991,92.3267634439357,77.335084772565,5.21546676968676,4.54555431570344
98.8526226708512,133.980816100407,141.078666842814,92.2641448246903,77.0282166768413,5.24636542049943,4.60439420140377
98.8817721899263,134.112917068718,141.209704484296,92.2369010494013,76.8619889549783,5.2608614515349,4.63142072185155
99.0023284660372,134.645872065544,141.762613449858,92.3636811462613,76.6651253096293,5.2938953825162,4.69036366685308
99.0134296736342,134.691468931203,141.811904259149,92.3808471046147,76.6617668574948,5.29602341769508,4.6939734516371
99.0294005242899,134.757067265928,141.882816918604,92.405543062674,76.6569351905788,5.29908493435757,4.69916670049592
99.0406331929997,134.803204092185,141.932691432377,92.4229123012533,76.6535369674688,5.30123816984645,4.70281923255051
99.0924476264539,135.016025601984,142.162754273338,92.5030337113797,76.6378615291787,5.31117068720557,4.71966775572615
99.1967855758879,135.423567551611,142.609340543738,92.6589527662469,76.6201905109955,5.32966784536108,4.75026604036703
99.2700600959988,136.896356762286,144.116962943092,92.7379417968786,75.8359850982017,5.41684460989931,4.88385627210572
99.3072485704698,137.034944103191,144.212292770075,92.7295792156321,75.7444525929526,5.42740777875883,4.89992575632317
99.4183810265725,137.294943434986,144.313823178796,92.7276991756507,75.5839686001137,5.45109656552117,4.93655580997292
99.3609757111168,137.343722655249,144.156047063843,92.6068851964509,75.3232290246908,5.47043180852604,4.96572154505154
99.2114811499372,137.260611862206,143.654229413235,92.6271092208948,75.1325741571024,5.50986249460755,5.02634018869122
99.1633411421223,137.197164976573,143.565683539688,92.810549003827,75.2698067817045,5.52290467106831,5.04654287923077
99.158797421453,137.191176507964,143.557326089532,92.827863066934,75.282759557186,5.52413566394611,5.04844972110193
99.1212710827564,137.137300093895,143.537397462825,93.0136908622357,75.4377077071337,5.53376233468951,5.06326869823897
99.0870483414824,137.084932569816,143.555162054327,93.2145134836094,75.6141317435532,5.54214621368078,5.07610266497115
98.653193531197,136.558855272513,143.746753713035,94.1061435248783,76.4381230337668,5.56477628267197,5.10747329249338
98.4542760322552,136.308537306994,144.020509724288,94.65069052278,76.9567712815837,5.57456361531181,5.12036802173133
98.350336067036,136.166198014983,144.305473417805,95.0836614761057,77.3715207205094,5.58170068354897,5.12983707602967
98.3046950773759,136.103695529619,144.430603582722,95.2737829829024,77.553640993627,5.58483463550795,5.13399502440314
98.223539942361,135.973383923398,144.846130537812,95.830169911961,78.0854120681389,5.59395789137723,5.14632026854534
98.2000695868304,135.931939745465,145.004129873503,96.0338639290575,78.2799512577316,5.59729218944864,5.15085126155516
98.1848810219332,135.905119632521,145.106377287724,96.1656821196172,78.4058450092053,5.59944994128065,5.15378344046011
98.1398052849717,135.775312967994,145.852095101524,97.0805864037839,79.2743288130617,5.61485295466139,5.17502815084082
97.9673019981669,135.345771576672,147.503085373231,99.1464624699569,81.2051197638409,5.64524175709318,5.21371079970214
97.9464612088974,135.248833004842,147.883008864456,99.6434068616638,81.6618016864689,5.65267359250938,5.22295264926832
97.9779443781756,135.15880409235,148.31912229775,100.282636126922,82.2340728491499,5.6637722412841,5.23697058893588
97.981525629806,135.149091515445,148.366474085302,100.352243831657,82.2963494750791,5.66498484638794,5.23850263570476
98.1136584238353,135.015660146885,149.024740201063,101.505088908829,83.2989857618961,5.68794416786582,5.26755505620152
98.1600070772372,134.987686234212,149.109815276168,101.749840632425,83.5010459318076,5.69384230520352,5.27494890378006
98.2286230637365,134.946272784771,149.235763060545,102.112178688209,83.8001820851375,5.70257409096707,5.28589498545426
98.2281265617768,134.778222347182,149.236091792327,102.509734029567,84.1082777053366,5.71126899547964,5.29483294431527
98.1379462681076,134.334178325469,148.969202581574,103.146428468446,84.5685800593792,5.72463550507618,5.30589550504363
98.0877827841644,134.039398273124,148.722253072086,103.55535056123,84.8638004362854,5.73330876038474,5.31343490202252
98.0501192201531,133.705796778609,148.465051686837,104.102805972316,85.2788960378069,5.7440712895281,5.32391049496011
97.9773220704202,133.241162220297,148.302864731649,104.98754291367,85.9880239508525,5.75580477675412,5.33516608809059
97.9582519966753,133.197123385126,148.290981301153,105.041532652391,86.0309022583655,5.75587645878314,5.33479572748652
97.943818304663,133.1637914226,148.281987011035,105.082396220668,86.0633558446984,5.75593071323142,5.33451541022272
97.8006198457107,132.797741799068,148.286838794222,105.642419696096,86.5134603040831,5.75623495176633,5.33091063244419
97.723559817751,132.49719642619,148.511082537543,106.355411243485,87.0875522715114,5.75641433994435,5.32715465025283
97.796896006088,132.240489334048,149.292981368635,107.720310314572,88.1501556132958,5.75877361339361,5.32296296882862
97.8206953385434,132.222475654928,149.421087032335,107.914390619759,88.2972972283795,5.75933966737915,5.32259863911797
97.8343511135406,132.212139619268,149.494592544418,108.025751599484,88.381725343835,5.75966446244965,5.32238959104644
97.7767390594119,132.045023350361,149.736262231922,108.455544407038,88.6715197568433,5.75593993751424,5.31167599832795
97.7671919398061,132.019385609928,149.770927247524,108.517990703503,88.7132406634649,5.75534569931534,5.31001372969721
97.7670902533756,132.019112542195,149.771296464822,108.518655819396,88.7136850331016,5.75533937008057,5.30999602486365
97.7586861088429,131.996544135703,149.801811406854,108.573626085057,88.7504111393787,5.75481627370002,5.30853276197372
97.7496914100009,131.659890276928,150.504748823755,110.031856577385,89.7639494396081,5.75301201360307,5.28929379444665
97.8230666070594,131.6349710566,150.67402706069,110.510812702447,90.1558528816639,5.758263534456,5.29401229125248
97.7918475869225,131.387953709556,150.706874562249,111.253247066733,90.8340582475781,5.76402057931845,5.29836034232699
97.8282538737553,131.146793526561,150.685465508742,111.946448625364,91.5525588963994,5.77150926675334,5.30865463036175
97.8565251541498,131.10634048251,150.693796128312,112.102613676777,91.7170756029941,5.77360453109607,5.31176439622332
98.1759883901632,130.738313346069,150.81363354282,113.378953475512,93.0405323375756,5.789494608892,5.333085521934
98.22335958917,130.425800270746,150.771794332645,113.919794722048,93.5839742292234,5.79177892655188,5.33320983668593
98.2288198542992,130.413433687898,150.773060189241,113.955732582352,93.6198279660278,5.79213377468014,5.33361529382952
98.3125550073814,130.265826469413,150.80571833394,114.486433089028,94.1526841524807,5.79835111837092,5.34164820965183
98.3911692393099,130.22577922101,150.869423626248,114.951467558539,94.6295385388291,5.80633029048632,5.35403845848745
98.4376505889377,130.237629332904,150.922217882183,115.238004826385,94.9293618546785,5.81234157472303,5.36406817244585
98.2544710541928,130.123848620973,150.929462309915,116.47175721386,96.2778017811136,5.83559595669071,5.40752308754576
98.3308000690576,130.556667030885,151.62993971915,118.751491801108,98.5219691547853,5.89738847943523,5.51465308610653
98.3328620759721,130.601921209121,152.131748111291,119.911815710942,99.400294599817,5.93020700516825,5.55900853872635
98.4343322412198,130.660164201297,152.460527057487,120.433667310284,99.7361145263117,5.94846802132672,5.58065497674221
98.5341151690686,130.715366997992,152.72080014552,120.808004495111,99.9710925646333,5.96296696138792,5.59737186309155
98.6414127586437,130.774032319336,152.979532896104,121.163970903942,100.191819942946,5.97739795461898,5.61381517614602
98.9024897913955,130.923861960295,153.542511120911,121.893018160154,100.655514629077,6.01040487405541,5.65133180883327
98.9513755873476,130.919784581155,153.765267500113,122.209290276483,100.838995509931,6.02603222248456,5.66781098894791
99.0813142233257,130.93936068217,154.386411843196,123.107278042109,101.400147360094,6.07386030956648,5.72107050767169
99.195575454777,131.031962148911,154.785834533694,123.70574884813,101.839477797558,6.10772508523491,5.76240144961286
99.5106479958364,131.400409424392,155.682451180533,125.259471005604,103.160752336415,6.19390863060929,5.87263701377861
99.5669169949474,131.599782131202,156.441996721457,127.764479729496,105.586643439502,6.32213140023674,6.02617965942209
99.6124386843989,131.518349040912,156.668625830739,129.358289333366,107.492624363775,6.40892153778031,6.10621810742582
99.6191820890706,131.428772626744,156.711273965561,129.938010482807,108.290396021046,6.44386115429833,6.13243866943672
99.9506793742652,131.419329010068,157.026928134546,131.463219037317,110.52381582211,6.54273720705278,6.19899262077115
100.003373581781,131.27452358699,157.051820291615,132.064856191277,111.525614404174,6.57968428619749,6.20833454806276
100.00376147734,131.274229475567,157.052054481717,132.066945043198,111.529018838836,6.57980185342425,6.20835631587353
100.147050321698,131.218212336944,157.140547457246,132.682552596719,112.516676051776,6.61292635524864,6.21372866780749
100.774279929694,131.259909095848,157.493444634151,134.470393438742,115.249463979923,6.69083342521908,6.2132167969421
101.054875539402,131.065766539639,157.552224699109,135.79418096365,117.337421377699,6.72807522461199,6.18559263404115
101.158068874986,131.061702775707,157.605309838023,136.133655721973,117.857987173422,6.73899891060999,6.18363587888109
101.240854034002,131.063018182895,157.649985287023,136.395627959934,118.258783982457,6.74766883945307,6.18268851829507
101.556134029636,130.934116626501,157.749632594942,137.808711914235,120.611649585177,6.79264249028753,6.17206051605693
101.87671799052,130.92717343793,157.778790555466,138.974332045534,122.712795531497,6.82367526988531,6.16374020392611
102.008797252133,130.966210514034,157.799302928332,139.315479878318,123.323284010641,6.8322029427855,6.16224912805595
102.079683022836,130.863413737114,157.666260092448,139.848092614104,124.391649200706,6.83075787288584,6.13935747191668
102.235838960921,130.762307006126,157.572838278219,140.692818323639,125.948466940644,6.81091994034044,6.09388003652329
102.258955889361,130.75659129047,157.571351084715,140.791237887395,126.121479482721,6.80839052392699,6.08874499533628
102.417528299875,130.770964457944,157.642181246284,141.297546652871,126.953014443976,6.79514251092953,6.0634021885296
102.542204638357,130.796574247375,157.724814537242,141.636915679872,127.494548048367,6.78645421842823,6.04571177547924
102.607634279236,130.810758012829,157.769580815866,141.811963027783,127.772907179711,6.78198445979331,6.03654411304634
102.638819930399,130.795801166776,157.788712093798,141.947272454158,128.005481045584,6.77519945730709,6.02446458761581
102.640585955319,130.756917130944,157.785932415155,142.045795517666,128.193622987465,6.76666286840323,6.01027679706008
102.64180012022,130.730183854986,157.78402135025,142.113531394065,128.322972998184,6.76079385347135,6.00052250813277
102.642135609989,130.722797098403,157.783493297822,142.132247709703,128.358714111419,6.7591721672721,5.99782726950746
102.642730435926,130.709700322237,157.782557056811,142.165431881108,128.422083379746,6.75629690518306,5.99304859071999
102.833599210656,130.328027709193,157.607090797562,143.038544105203,130.825225234851,6.66944836726924,5.77910406865561
102.846459508178,130.316441603168,157.582250449016,143.048853682243,130.912643848811,6.66853524693353,5.770872913192
102.904493283751,130.264157783474,157.470155125384,143.095376997836,131.307131784639,6.66441467192006,5.73372874696417
102.916243668531,130.253571620622,157.447458632323,143.10479680301,131.38700570273,6.66358035877325,5.72620798442262
103.354215853362,128.575283374525,153.714995085272,141.311103413176,135.474432733682,6.76111221247654,5.23618407381939
103.378809294294,128.430869360693,153.472877110172,141.163115534524,135.674860820468,6.77411826468724,5.21453500720817
103.443583100376,128.158856844363,153.091107126696,140.939906991508,136.045725795211,6.80178204423723,5.18533425732178
103.740747898114,127.01399398036,151.753918283275,140.227065136902,137.547257615145,6.92617767208485,5.10527975968699
103.813444785414,126.733170005466,151.483549093902,140.102556540543,137.89304628123,6.95820068607372,5.09538448574846
104.000206248018,125.961742606579,150.78640333715,139.799475498877,138.779875041394,7.04764898880305,5.07887595718678
104.036726793773,125.805402516722,150.649798210576,139.742053134114,138.953124597256,7.06592899652443,5.076626859812
104.071336518049,124.46276165499,149.486880981398,139.146457852894,139.90222257258,7.18423090809031,5.05395994018856
104.082690719445,123.789664307417,148.892973683973,138.814714416912,140.253707044057,7.24583390185494,5.04903631660157
104.15429557927,122.539370966698,147.746546003409,138.130777194524,140.788880443761,7.37471305825854,5.04985734018813
104.615821710942,120.587363910343,145.628249535705,136.555258587887,140.908106564615,7.68434223402021,5.11019857071359
104.754435494532,120.129172660306,145.017764045992,135.984127144494,140.614021816746,7.78160768225474,5.13620533558684
104.953460049261,119.461316978024,144.013197696311,134.937523995791,139.828523318572,7.94608946747206,5.18440463405865
105.990156311927,118.622154719109,141.600624005907,131.847771020515,136.432310778918,8.60850521155034,5.46808163770503
106.219361929565,118.418932770545,140.773033015745,130.784523031394,135.181351232784,8.89868713448402,5.60665379285519
106.284540978738,118.262838663778,140.25512527962,130.163891937211,134.519359983089,9.08565203408653,5.6990313011339
106.309454467181,118.202625410901,140.052878792363,129.925110178231,134.273158206221,9.16163287218057,5.7371895169911
106.313624121629,118.192547799399,140.019029740391,129.885146388108,134.231952562287,9.17434943093238,5.74357587973708
106.374114931456,118.082754022635,139.629451882049,129.440309047392,133.841439616782,9.34000083701182,5.83095667565382
106.577173022052,117.860189586992,138.738764218377,128.429447740304,133.133383595209,9.77073851907346,6.06834632491293
106.774166696133,117.712723372479,138.074521934336,127.630042190764,132.731462257955,10.1300677041042,6.27539362237142
106.844644357477,117.466087856095,137.31015492201,126.645201112901,132.176176913449,10.4848450180288,6.4793473998659
106.917401453458,117.371867696966,136.928160401764,126.107292752759,131.866951806011,10.6847750152829,6.59650121092007
107.390743304362,117.191925969052,135.422967908008,123.689151876311,130.254260793668,11.7068327016376,7.1884175584385
107.222766380504,116.808765130763,134.488361252269,122.441376218233,129.254999297807,12.2461551182741,7.47397416627694
107.150243165876,116.643321991175,134.123151204025,122.015876499601,128.930031274545,12.479072050529,7.5967008575287
107.121610884579,116.570174171243,133.965227707744,121.842107221129,128.803118346925,12.5832159827264,7.65177152555889
107.120107414918,116.566333208417,133.956935207994,121.832982665681,128.796454199756,12.5886845390343,7.65466326435422
107.106253025973,116.527304397238,133.872790254067,121.741835730652,128.731209043016,12.6445455006393,7.68430529368018
107.025503349041,116.288323695283,133.399796891489,121.258180210936,128.39996734734,12.9393336386545,7.84159614115029
106.999735112802,116.246720977535,133.335431678478,121.192672876502,128.349610741032,12.9664958117155,7.85557347990524
106.722539408111,115.760241672693,132.56481658634,120.398294077982,127.73608404324,13.2974598955566,8.02878817414199
106.679096854104,115.675535776479,132.427045609025,120.254304524498,127.624321767987,13.357755280477,8.06090184729358
106.477947277611,114.970791668589,131.105090430729,118.815201198096,126.479259350391,14.0174272321379,8.42190505057327
106.289508590405,114.599331415442,130.452139492735,118.130487168143,125.906607203666,14.3075264539385,8.57248988584779
106.204446662287,114.470435044172,130.241391493046,117.915198731298,125.723031155263,14.3907870962879,8.61407696468181
105.860510841208,114.028007581288,129.431913367356,117.1794933483,125.148079038573,14.7741771002803,8.80253430276895
105.441082714702,113.609044314743,128.277600370716,116.549607654698,125.056399508864,15.5763134839086,9.18640140799509
105.391549944633,113.464023800642,127.893246734213,116.429520309691,125.187209957982,15.8736781553716,9.32324208700127
105.763772372215,113.298323069671,127.422052239712,116.334975051641,125.456619288295,16.3774219147189,9.56042505340243
105.95594254344,113.236424361308,127.290875595604,116.291486535434,125.50150777165,16.5324409887143,9.63345135475851
106.232893744301,112.859418129686,126.798278615354,115.959549530599,125.333725654593,16.8716417427305,9.78130944270196
106.398702657542,112.601429040113,126.49231485888,115.721237994065,125.170258860911,17.0702871221656,9.86581127725439
106.848105250869,112.024562821846,125.784448011004,115.150259615586,124.796429115519,17.5780523806824,10.0840280145896
107.194782721609,111.675361652337,125.289805630819,114.761944989061,124.618142075172,17.9802925880564,10.260319096029
107.207031452751,111.585404994918,125.170606368952,114.665449936503,124.569853975213,18.0464449609701,10.2873453193769
107.24617121238,111.167874681989,124.61228982086,114.226512944404,124.376224837263,18.3491122043313,10.410291403589
107.325288502151,110.854602327974,124.168966312109,113.923596365349,124.331658533461,18.6103390375274,10.5183112286954
107.867639562728,110.116048598269,123.149561906353,113.421300150553,124.603276221346,19.3041126130948,10.8099470230492
108.407252335824,108.315195033603,121.237415693177,112.322961861334,124.631866910386,20.5070963817445,11.2389971307075
108.376373907526,108.267559273608,121.17888102292,112.276009997434,124.615204101554,20.5428105778454,11.2502041477246
108.356254512599,108.236521338038,121.140741706487,112.245417666657,124.604347148983,20.5660808041963,11.2575062810828
107.874699425507,107.727614775697,120.397992277839,111.671897845956,124.491851969203,21.0932049645366,11.4317152586055
107.55165933108,107.537516767186,119.881872374046,111.376193390829,124.570070799709,21.6093974675328,11.6287324878432
107.520032626434,107.519436291731,119.81321696566,111.345483867063,124.582880947146,21.687064239868,11.6600593766402
107.517226434283,107.517832037071,119.807125269724,111.342759055056,124.584017573159,21.6939555012055,11.6628389665614
107.514926906744,107.516517434374,119.80213344386,111.340526214285,124.584948978663,21.6996025290511,11.6651166949648
107.12565216266,107.203974923796,119.263121377492,111.011329590075,124.310784820726,22.0753255725988,11.8065088749531
107.05169542136,107.146428522865,119.157262142464,110.952185141765,124.243553892532,22.160071334917,11.8392146025075
107.051342772376,107.146154123541,119.156757372364,110.951903122449,124.243233314339,22.1604754293436,11.8393705536944
106.667260353246,107.190531253516,118.864564108996,110.834695489216,123.711814033024,22.7938971004189,12.1017222365364
106.593423360271,107.263468552625,118.871896423116,110.842600176393,123.610398193895,22.9169767104896,12.1548653449168
106.450350125368,107.279692548182,118.845953590939,110.7955129882,123.480381192475,23.0002728981821,12.1878688455396
105.860544907205,107.353515214494,118.763463123478,110.594979340452,123.00640685906,23.3183911549828,12.3152433586392
105.396169372787,107.407243212289,118.702625885423,110.401511606584,122.714345995076,23.5744026671353,12.423158009783
105.229053534367,107.406719071594,118.660885944475,110.306651050239,122.617741929116,23.6749109440744,12.4670552373603
104.992391989049,107.374195236125,118.569174468492,110.134796240889,122.485653512287,23.8301357321877,12.536589587905
104.56207459949,107.107726527429,118.189691150233,109.606929509914,122.181932203482,24.1679198624642,12.6926866086224
104.251429369018,106.710506318616,117.753096836129,109.10389492753,121.866318043799,24.3364012025754,12.7666724721061
103.587086742424,104.674866668487,115.471365092017,106.620271755023,120.155246102468,25.0285087492663,13.0886467465392
103.548100810476,104.310506701915,115.038184760491,106.150453711005,119.781809973659,25.1509431354503,13.1479517649757
103.524084661498,103.510900574108,113.986829130152,104.972113243616,118.67848686212,25.4535040526009,13.2973676926185
103.514970808559,103.47203606507,113.934233317953,104.911624836364,118.61430223691,25.4659737195824,13.3032186431029
103.486155666931,103.349158689315,113.767941872659,104.720379483455,118.411370603273,25.5053988916257,13.3217175115818
103.376451163133,102.881342091046,113.134839987297,103.992273516972,117.638772832965,25.6554977178596,13.3921460804738
103.071362995453,101.506119690049,110.288071813757,100.419957393704,113.24209997743,26.5585217947597,13.8506909111885
103.069356616134,101.467614054378,110.03663539745,100.087604605965,112.817212676439,26.6665695950888,13.909406915514
103.048083991845,101.390648537135,109.57731232509,99.4865382955998,112.058308546422,26.8562625936007,14.0121362421344
102.873914325499,101.203039349606,108.739812525895,98.4400400154219,110.817592247397,27.142489891823,14.1644871996278
102.749611789645,101.096147141446,107.778700363737,97.2747701153048,109.546255611628,27.4909894371315,14.355732833223
102.775332678098,101.256972046257,105.223309692244,94.3312861489365,106.670374264874,28.4762300465739,14.9226233615332
102.666521787333,101.226274168067,104.215280764598,93.2055738486403,105.492250951499,28.7896008422624,15.108940572803
102.628335421208,101.215750178837,103.750594901228,92.6851336625685,104.916706579374,28.9372033813766,15.1994216339114
102.623871084129,101.208996048716,103.596784324397,92.5107146130395,104.697861893291,28.9899943490644,15.233835539091
102.609736157569,101.186089416211,103.082383420962,91.9271815781187,103.963204597342,29.1669302347602,15.3493631393592
102.654938281966,101.035808933252,102.116964512945,90.8005044557601,102.234531623664,29.5585838223448,15.6271568362503
102.501324598849,100.436080744689,101.186414239555,89.6620724172051,100.014885496671,29.943938772013,15.9312735438198
102.46469108976,100.314805067216,101.085084768705,89.5250700194528,99.674961306156,29.9964647544317,15.9765182187705
102.21912064312,99.4898069977255,100.803792899904,88.8905682758117,97.1560832818554,30.4057276775437,16.3484869403804
102.024637713227,99.3213285917724,101.214190813543,88.9572358655626,95.6922703747054,30.650763464634,16.5856695626881
101.908660814998,99.30324061399,101.340556471527,88.9810340233327,95.2977262053742,30.6974462919621,16.6341265965812
101.751979919436,99.3444133248336,101.561867069136,89.0488916116297,94.7523633557396,30.7620826251874,16.7016351267624
101.263020080617,100.505855562295,103.028428835498,89.7729305905157,92.5476573874442,31.0403653152012,16.9907233781372
101.228894694568,100.699023048627,103.214395553612,89.8765881165857,92.3176658728143,31.071880712306,17.0227979540219
100.920240879416,102.425230625902,104.624391368138,90.7089105645543,90.4700445800806,31.3000080693773,17.2572806801087
100.78998445668,103.07972394587,105.182713831135,91.0851252069241,89.8315057166055,31.3803845769141,17.3423692844437
100.786904358328,103.102254464918,105.204260057639,91.1012546745433,89.8142031579892,31.3832638200305,17.3453829701413
100.716833114732,103.625423702358,105.709655553523,91.4815794424371,89.4203614874042,31.450331829398,17.4155189338589
100.644208860079,104.666447560209,107.068526245342,92.6216377902341,89.1658922846217,31.5953110213745,17.5634016263807
100.511225119279,104.793270089823,107.372308364327,92.8709774171507,89.163152307989,31.6067694267462,17.580004082209
100.150136055248,105.165770742121,108.235630139915,93.5523449722885,89.3541132384711,31.6270873269219,17.615186163301
100.02845772773,105.385439968638,108.543553514656,93.7541338910358,89.473529343279,31.6345337469127,17.6279505872762
99.9880963107527,105.495259959905,108.646181546179,93.8065622966093,89.5113171586497,31.6386076828754,17.6337923201441
99.968175075443,105.55348717353,108.696052054058,93.8301943672129,89.5282317400019,31.6408596316914,17.6369077817706
99.7849507621018,106.008113067455,108.644883129234,93.5647681001882,89.2719510422313,31.6500826109241,17.6529502579795
99.5664164059115,106.273443848092,108.334624145949,93.1119148410283,88.8122307635564,31.640968509028,17.6518740806728
99.4968289720649,106.376342281586,108.210383058788,92.9394228108402,88.6347991062429,31.6389866335987,17.6523540041013
99.4600958302117,106.458760893472,108.119482540136,92.819887282435,88.5045672282869,31.6395835283793,17.6539440448357
99.3803432566227,106.637702744836,107.922125332519,92.5603596312544,88.2218163688087,31.6408794669382,17.6573962363522
99.321263791771,106.801208797866,107.763322065028,92.3530347277365,87.9845044561315,31.6437876000519,17.6612787069427
99.3011903287117,106.865507033755,107.705804448314,92.2783339793432,87.8960033517702,31.6453260853492,17.6629722375723
99.2798712302871,106.933795221766,107.644717642902,92.1989977630322,87.8020104144785,31.6469600395593,17.6647708582721
99.1403518467156,107.43082164771,107.279751500253,91.7150929441096,87.181697334534,31.6606835234455,17.6769018658266
99.0809980608814,107.466061525131,107.21475081311,91.633860242973,87.0743650623049,31.6555021845319,17.6726809234149
98.9466342987985,107.545836765059,107.067603723168,91.4499674857468,86.8313886845237,31.6437727863263,17.6631256491557
98.5777564411451,107.838781046239,106.659669514558,90.9086781691271,86.1058947720968,31.6100138678936,17.6322906839364
98.455562958181,108.087362638745,106.423486593644,90.5597167063954,85.6604695182872,31.6010101748333,17.6210839433368
98.4516358548942,108.849507677095,105.502037953098,89.2311901852768,84.1807201276503,31.6166239608921,17.6341401988377
98.5518965151576,109.285140199429,104.968757327843,88.4959837411298,83.419458532071,31.6394436822164,17.663498344944
98.6421427888873,109.537768960397,104.768530646726,88.2097958571474,83.1274662522092,31.6579476665559,17.6855452625311
99.0511693950444,110.851901201266,105.175128565389,88.5000678049729,83.4133196684286,31.7581199763001,17.8159596199483
99.053268756386,110.898759298532,105.253963780875,88.5873639816253,83.5016061250023,31.7607012652735,17.8202080168421
99.1091198168273,111.395752654493,106.268583720516,89.7171341530581,84.6467766509811,31.7956799610444,17.867675607026
99.6679231584744,112.8960796477,109.871855338692,93.5231174759637,88.4252956847821,31.9729855828351,18.0609127120173
99.9440408611259,113.375430975734,110.531772342191,94.0971770956152,88.950600537317,32.0327676804027,18.1423923499573
99.893972116686,113.600068054538,110.937474496856,94.390963211186,89.1646773951875,32.043202593313,18.1873485142715
99.8343903948183,113.69086540312,111.126526907568,94.5186263637056,89.2477217769063,32.0479328016356,18.2069531628947
99.7232687204575,113.858951778931,111.473218257548,94.7483526259649,89.3924939338713,32.0607115556235,18.2414757189413
99.721229062716,113.862022810965,111.479514920884,94.7524743198536,89.3950365492918,32.0609910119648,18.2420862294209
99.6850659655256,113.916472156884,111.591154655123,94.8255518826516,89.4401170776071,32.0659457681611,18.2529105698778
99.6704914770983,113.938416387982,111.636147815032,94.8550036767743,89.4582854782495,32.0679426390724,18.2572730066428
99.4475022074992,114.3712887641,112.414236154693,95.3350237829008,89.7314118366447,32.112776756069,18.3181086250701
99.2065989968519,114.58659986473,112.816401294516,95.5364170185861,89.8061138625715,32.1146077626773,18.3225824293202
98.7083158657552,115.116896813469,113.647855584883,95.9755988247449,90.0929798488946,32.0281561922601,18.2276107675277
98.6268067165161,115.601907206101,114.287924282498,96.4631452597206,90.6090200012409,31.8981233632528,18.1007373169543
98.5938880153805,116.071522595856,114.945991363165,97.0269268353002,91.2460499236069,31.6957487114229,17.9288591718481
98.5782006115245,116.099471784462,114.993533456496,97.0673419819464,91.292630954725,31.6732294797523,17.9109465188358
98.4380022449161,116.371059980234,115.452715215469,97.4510488132188,91.7260561347978,31.4512871562102,17.7388639313083
97.7986811716935,117.683513000705,117.235363712284,98.0623607990894,91.7628683581264,30.2769185946586,17.0140972007795
97.7429874876878,117.701204749625,117.244736875381,97.9899917595982,91.632729713038,30.2308695838365,16.991544118096
97.0567505200648,117.760147676628,116.789786116074,95.7726392552474,88.1045561487755,29.5229758793998,16.7475214619777
97.0519307393385,117.755624767175,116.769581474063,95.7052294536626,88.0010537603084,29.5061905242843,16.7440801867177
97.0462830529441,117.534493174387,116.448747842363,94.7956866645484,86.6249187809321,29.2352876495483,16.6860090942532
97.0281947683377,117.288933881189,116.283748383357,94.3722346617115,85.974578960707,29.0396659460351,16.6293745530311
97.0294950720976,117.274677690374,116.277036097228,94.351959776245,85.9416849837518,29.0276899516691,16.6258372110183
97.0396386356712,117.197963981689,116.245478089129,94.2468112133949,85.7668726253848,28.9608654774038,16.6059804234291
97.0893571263816,117.123448997237,116.272615621857,94.1947500388345,85.624852541468,28.8657936092922,16.5762773963894
97.2371150328218,117.02061268022,116.433773578208,94.1822496357447,85.3959508400692,28.6481607156259,16.506960085644
97.3364002356266,117.017237788569,116.587870422632,94.2361445512271,85.3157126240438,28.5296442593675,16.4687689961046
97.4388877196506,116.899678332203,117.274781320168,94.1006805832635,84.1682353760706,27.8053985371525,16.214767817009
97.6690762711212,116.818924227793,117.412759582968,93.9337239947752,83.6359412408776,27.5560729481011,16.1458037250199
97.7202645480982,116.802245248522,117.424632687242,93.9167987233094,83.5795721873857,27.5243187285587,16.1379807414583
97.7834823553094,116.781646616211,117.439296037159,93.8958959187668,83.509956092319,27.4851020905368,16.1283193131818
98.7073009817911,116.035718561281,117.310265914484,93.7394015513915,82.7991374236369,26.8502537504771,15.9238907434995
98.8541537415446,116.03690048637,117.365165124395,93.8147959755176,82.7860891124608,26.7887918563374,15.9035519773834
98.9378149346442,116.037573822461,117.39644089619,93.8577477558316,82.7786555628104,26.7537773601677,15.8919650964674
99.7829456369187,116.435337326269,118.072338273431,94.5064758285933,82.458874502812,26.2935844758675,15.7210275835413
99.9849374588327,116.845621081304,118.538645573513,94.8087758970078,82.0976826361527,26.0626596455474,15.6228194534398
100.096728999391,117.191673367764,118.898503293445,95.0204761052679,81.8641762973413,25.9253716923032,15.5641796358102
100.546404743125,118.992927719117,120.833055912361,96.1693600762698,81.1580902434741,25.3270604726084,15.3055765131864
100.539754600423,119.142725775838,121.039261027195,96.2958510653118,81.1196495112552,25.2467731212513,15.2669252615941
100.534198350908,119.267883297595,121.211547114952,96.4015353382556,81.0875319599043,25.1796923717133,15.2346318195566
100.879729239695,119.695596290079,124.470465492798,99.7075031583565,83.5848411244212,23.8511923225281,14.637319579656
100.941727221773,118.909800803464,125.030725645938,100.529600127937,84.3727798388531,23.4476453082985,14.4676669232562
101.029575953662,118.491557317281,125.214941987338,100.81865630699,84.644576526382,23.2803471458779,14.4000921552024
101.447474730254,115.964190263814,125.575814439291,101.596603023553,85.5511172851823,22.4210508770098,14.0042938087142
101.569860788611,115.615793679223,125.662463097444,101.744612338423,85.769730327039,22.2794023062444,13.9318206179151
102.074297224015,115.109719441939,126.176766980012,102.433133122336,86.7106968173004,21.8957648494153,13.7270957153237
102.802883730279,114.978849049417,126.901642231595,103.676928823534,88.4910601028951,21.1838009785911,13.3112165548944
103.020394888926,114.946337415974,126.871022147839,103.784247999763,88.7204305051745,21.0881139584994,13.2590198018021
103.205425849896,114.816998767689,126.739161864789,103.818393606475,88.903731618139,20.974712209912,13.1943732471056
103.849104863842,113.676984125269,125.5626646934,103.488079483408,89.4124495271126,20.4830738971737,12.8971000506171
103.883336570814,113.632965761278,125.519004717183,103.483063110456,89.4495863930323,20.4617655508543,12.8839600811863
103.931715967792,113.57075496041,125.457300422881,103.475973510788,89.5020716278556,20.4316506358614,12.8653894677523
104.30759725363,113.168050874271,125.067928755917,103.55614205518,90.1239841031799,20.1345799868289,12.6797188380629
104.625942236586,113.442141591566,124.928346428881,104.329640992273,92.2409268513968,19.2181092482978,12.1226335100494
105.110998215171,113.009610734004,124.235951440193,104.494934975565,93.9231769367409,18.2514530554142,11.6795286249042
105.468874112435,112.045196375095,124.253496118719,104.939650109861,94.9863230216434,17.8180945164977,11.5247400850843
105.6720236101,110.126224416194,125.367852455926,106.555708744782,97.2531339992077,17.0795299062842,11.2411503279859
105.76588224281,109.351930127249,126.120576064577,107.437988883126,98.3884764333365,16.6948780561437,11.0891095898991
105.744958242383,109.19155522152,126.219478069369,107.556370807061,98.5510073146006,16.6216089063322,11.0575694453593
105.723888404206,108.961568022194,126.358898565143,107.723385047683,98.785579808577,16.5132183176748,11.0116324158766
105.710610098869,108.762217256085,126.478402134833,107.866616057726,98.9897381538058,16.4174154087885,10.9714204895413
105.623539359569,103.937597690632,128.041386871896,110.178331412448,102.440394780587,14.4712144130201,10.1692798919316
105.542405972613,102.563720913625,127.233075834951,109.404763012247,101.933966496719,13.9946748628252,9.95893545834453
105.642644511515,100.511133549281,124.61736288422,106.658454685817,99.7477157843053,13.1767206951516,9.59970851302477
105.544027472401,99.5815835445034,123.446452638704,105.458629730009,98.7764779606299,12.8035782641225,9.42555360664386
105.4390058727,98.9472533850253,122.71657413468,104.722188003842,98.1730795014426,12.5468123600406,9.3033242029092
105.308448944143,98.0947130821746,121.737184265011,103.73620656631,97.3571515665218,12.1695177904736,9.12453243028639
105.253508530127,97.6948320892486,121.20816975259,103.199185328729,96.9121716510243,11.9641821422891,9.02743943843981
105.194645561093,97.4377334394473,120.831600310913,102.816215554165,96.5925831648403,11.8262702332493,8.9605196671771
105.103569153167,97.2632653322687,120.558648747144,102.54012087134,96.3564949238473,11.7397960499492,8.91498100725057
104.615847660967,96.2366865810822,117.418983711871,99.4377416816794,94.0091518890246,10.7122928790544,8.4232424017
104.535967593173,96.0783664691616,116.836556412152,98.8909266807874,93.6480536249514,10.5094681768282,8.34226313297592
104.394712786399,95.7293951978437,115.807281221463,97.9202266646516,92.9874780510453,10.1647608665201,8.2276425480432
104.372244955285,94.9804266016186,114.100462814533,96.1744785976265,91.5883335131895,9.77947783993846,8.2372424135543
104.373873253627,94.9550819250343,114.047906461292,96.1175022220655,91.538147064385,9.77302631706431,8.24160602597627
104.03898261598,93.7624845518829,111.906897982093,93.8062171678508,89.4197991970234,9.68408223916318,8.45215027188854
103.91778885259,93.0450969180923,110.051474645381,92.1168202577675,88.3641218050551,9.83816342161942,8.77364335034703
103.767460162407,92.9161994675929,109.558683087312,91.9816139381257,88.7844050438812,9.84516498570531,8.81776417782873
103.969609227424,93.3370741229495,109.194512465846,92.7294697374051,91.1392309260497,9.69335959115375,8.7739796952684
103.974706783736,93.3452458851923,109.179126198932,92.7359016771167,91.181373712262,9.68714550551207,8.7713288547658
103.891644880867,93.273562799326,108.546564235269,92.3800155921794,91.4063795724055,9.55426901856043,8.71129816009249
103.898964691582,93.242528336164,108.257067413438,92.1220618948998,91.3221555192841,9.51540340923862,8.70026109096215
103.899829873438,93.2406869363085,108.239267367642,92.1054756508554,91.3156422003294,9.5131827398195,8.69971435132091
103.928237192255,93.2144841328866,107.927556591496,91.8012249831891,91.1853005768737,9.47644382845697,8.69235605995402
104.075153290999,93.2089633516218,107.259440496634,91.0783868347449,90.8607870572941,9.40224431412961,8.68500687070136
104.083433459162,93.2100517957501,107.22987282513,91.0454066520822,90.8470072674056,9.39881929006114,8.68470658301047
104.115189214946,93.2338596622867,105.720090734407,89.3152045062586,90.4954147068618,9.09355590517238,8.54457909013665
104.073194396396,93.795480438128,104.716988475856,87.1765248111113,89.8077732818313,8.61645256646212,8.31312684739535
104.138285909548,94.0084731587586,104.684253272703,86.497565547776,89.473872112446,8.47136725288751,8.26637534778225
103.97388007269,93.9608950036889,104.666839933126,86.078946155864,89.3643771881419,8.35905248346561,8.22211116458415
103.818805273878,93.9547578016355,104.914832190412,85.9224534887263,89.8610274226449,8.2176411233871,8.18208021871674
103.767673038122,94.0080267542492,105.206716867592,86.0967572339306,90.6405147649911,8.13972836309935,8.17650177424923
103.71866984471,94.0173913153432,105.327466190377,86.1917821305603,91.0565956876942,8.1031911533837,8.17555609044081
103.429099364613,93.8721252425151,105.356140578475,86.2198077848545,91.6986273828962,8.02632046761888,8.16185003977171
103.410276540549,93.8626017789668,105.356348718603,86.2204203093152,91.7422342678215,8.02105876072252,8.16114978109916
103.289620746756,93.8019826612847,105.356482073568,86.2210221977244,92.0250501508125,7.98597299225358,8.15658220799528
103.062677353104,93.7606583777046,105.37446444168,86.038465858088,92.7571142872426,7.81999702327749,8.13016636952993
102.845749563599,93.7909617720605,105.379205628735,85.6946400676007,92.6698228058984,7.68181655203896,8.06987707434507
102.701023466433,94.2971152422597,105.851188326895,85.5127999596738,92.5178003892149,7.52812186094765,7.9975212261909
102.668251773597,95.0764437277013,106.603565531774,85.6967693183219,92.6064031530717,7.4580269648772,7.98384635305927
101.499547521806,97.3550092156878,109.040967716476,86.588234131048,93.1571568216937,7.41807819088455,8.27814656035248
100.691564914103,97.6732088898462,109.653736383109,86.6796122821849,93.1513269220892,7.3509797313877,8.46131040542062
100.318235698014,97.9759059705839,110.145968552451,86.8395562487765,93.2296635058894,7.30087051042319,8.54864852746553
99.3562144252875,98.6841794385831,111.187249353431,87.1014951366326,93.1647883946583,7.20053911130901,8.65682564237839
99.2515405595087,98.7989676444134,111.347937632626,87.1378733442294,93.1314719815132,7.18924062603327,8.67623355562881
99.231009447783,98.8214826194854,111.379455614585,87.145008697825,93.1249371793876,7.18702450014739,8.68004029413362
99.0445711708875,99.3336590572789,112.217433592472,87.3047871426384,92.7908061438602,7.13505267214474,8.84425171247117
98.9576482903952,99.3947388696829,112.634200030666,87.3442403639691,92.3934336657703,7.10681132145531,8.97790203776839
99.0541037415772,100.864757363239,114.873665433604,89.2124368213352,93.3183664566869,7.21691329392303,9.17485726477669
98.9687842146136,101.247041500251,115.313031510548,89.6120672533878,93.6009876511806,7.23933932773276,9.1747756753681
98.9388997079081,101.41333772154,115.486032023389,89.7596080880164,93.7080262976588,7.24491437062499,9.17236272202661
98.8438320753619,101.942353917628,116.036375696355,90.2289602506678,94.0485342006967,7.26264951794831,9.16468671238453
98.8187655547717,102.109908649314,116.199983189373,90.3544777511685,94.1353291047798,7.26374779950338,9.16106850763519
98.6935298538835,103.041130195071,117.077521737508,90.9649726345335,94.5261244978752,7.25157879574678,9.13660028699321
98.118455592247,104.19347463672,117.98383115968,90.9440074671231,93.9762292415244,7.0581035554036,9.00999705338864
97.4858296965102,104.189465168256,117.601797404847,89.265125264306,91.5116416263134,6.73132407289213,8.64545134226437
97.0938948516573,104.004523842015,117.041295672895,88.3973083071164,90.1370586949181,6.65150867359329,8.31584435115969
97.1022905553503,104.058755875757,116.979802372549,88.3042652482732,89.934335119616,6.64047246244762,8.25803894245514
97.1709057148434,104.192052380832,116.93841201326,88.2206292209492,89.7012524685823,6.62137270591828,8.19319169332992
97.5346601032355,105.455436213357,117.331999085912,87.9608277808736,88.6952158884467,6.32659850300133,7.98146852084319
97.5233452369626,106.61396611187,118.222705258361,88.3152750453364,88.7153245932155,6.13554495295873,7.82818477078734
97.2015278632577,108.624193022541,119.610050321019,89.4923250216586,88.9203564890597,5.81799600043479,7.53096057029934
97.2315677027688,108.655816100105,119.620578455777,89.4926728465232,88.8085084272495,5.79243432261867,7.52380112230387
97.4267371716815,108.713030613847,119.739483158704,89.4688373162947,88.4848964060155,5.72957480409463,7.50457377080166
97.8346803892489,108.482957936824,120.424687325652,89.2077633294562,87.3669252262126,5.53957379110091,7.34941900171429
98.054014833976,108.321219951508,120.894213379491,89.1684568559865,87.0084477713486,5.45233131832757,7.27379485226905
99.0903963451236,105.304712774699,121.982027663886,88.684046866836,83.8469748590824,4.76856384241757,6.47307572991239
99.1659278337434,104.450802584038,121.641782028294,88.6102867777878,83.4668120851557,4.73365447522145,6.27032262738844
99.1958147629759,104.231683406904,121.601149303642,88.6112777877045,83.3602809826174,4.71855883102271,6.21071909890624
98.0875917797973,105.038575427656,124.787425878145,88.0748430435944,80.5786176341762,4.2228901062628,5.54069552743197
98.4819736905296,103.669176950741,123.552741730583,87.2485573838315,79.5119972464427,4.153477865768,5.53054548422207
98.4822866627933,103.648328235388,123.53613963205,87.2359591414111,79.4947501199328,4.15265043651394,5.52987834287599
98.5167910958527,102.84337463124,123.389079564455,86.8305442820495,78.523611937163,4.12926089221944,5.47934359131295
98.5198002705387,102.84226292051,123.432741582618,86.8384089267989,78.4959530316818,4.13003012238598,5.47755159715745
98.5439784140872,102.928837466988,123.868044497901,86.9715752493497,78.3469098204187,4.14283309046529,5.47179153121432
98.381613488082,102.823830316049,124.114429413465,86.9362085783784,77.9607675903551,4.1599901097637,5.46873975995736
99.4879973144481,102.149190880763,122.094581034103,85.7254513979835,76.5055823041623,4.21593115718852,5.59252325321678
99.5880319735961,102.117448639537,121.94816901359,85.6553751691287,76.3926447182427,4.22482440448749,5.60535955703133
99.7997625699617,102.091027606381,121.737906220552,85.5973803429336,76.1809043994233,4.25200325479222,5.63921602521891
99.4201414779734,101.79076913464,121.236212254019,85.5148921434229,75.1700898782882,4.30924683177602,5.66886088833828
99.1204466765994,102.492684213406,119.685801841708,84.4930790406511,73.7125651821322,4.248629578178,5.45183483633738
99.1302106862134,102.599977197985,119.648087301697,84.4850194407956,73.6914189752965,4.25086704389133,5.44002642986039
99.1159350935941,103.849494450665,119.902090639841,85.0834203525524,74.076630415701,4.3243297818616,5.36014257174188
99.1146906145299,103.860485891427,119.912288923258,85.097191541992,74.0876617205032,4.32531522968356,5.36011435986657
99.0744616252902,104.215794843463,120.241958297079,85.5423585582122,74.4442593161824,4.35717078351687,5.35920238371442
99.4615005395682,105.900957383073,122.67579142284,88.662416506988,77.2599958679942,4.41744775926048,5.43096881868991
99.6138976031549,106.39540592842,123.462116030966,89.8058901163786,78.4237735867237,4.35556493710647,5.40977836228884
99.6232484114307,106.421208315951,123.500504129584,89.8625130351193,78.4829739695302,4.35182925497729,5.40811585556121
99.7217574434448,106.676029502129,123.817316053617,90.335279611919,79.0036508473042,4.31328506010342,5.37934161074784
99.9342649970631,107.849774134198,125.096661310757,92.1999941703179,81.1120541715208,4.18364936435219,5.16037009921255
99.6786820700755,108.223424965238,125.584576277769,92.9232868874268,81.8824562892116,4.16710431075295,5.00349749659159
99.5750230546824,108.468492002324,126.360643656254,94.0151642145452,82.7111664796686,4.26800909359977,4.82452563728285
99.5713996083001,108.442064319559,126.358020903753,94.0241579845124,82.7003335376314,4.27244542930098,4.82057347650562
99.7574379909571,108.003225541725,126.320127764587,94.1744025839489,82.4101087359295,4.36144899353735,4.77668996297083
100.235019424447,108.269414462324,126.994502099256,94.9935702930695,82.5430645186933,4.51762734504662,4.75798527668133
100.206970845608,108.47444310591,127.339386286766,95.3859586115359,82.7119657497368,4.57195971410811,4.74643979969815
100.189323368482,108.604060678939,127.534641080814,95.6037615780019,82.8333479408112,4.59740997954599,4.7438466527931
100.09797267534,110.583639683578,130.367933745385,98.9284383669231,85.2620320153215,4.88660950721869,4.83941851321783
99.916684817777,111.127807142572,131.280328301492,100.203407292119,86.3598458890928,4.96555937481019,4.91714359418518
99.221790024304,112.393828865157,133.939383784182,104.268480299121,90.7450767327606,5.22447966999114,5.12994850653803
98.8201838117721,112.438104405829,134.294684755435,104.876327640426,91.5346877978304,5.29746291060587,5.12488383926615
98.762123427472,112.442130950795,134.341911374114,104.956682469892,91.6410958289579,5.30873473893954,5.12344159066903
98.5840977548744,112.454477206931,134.486718382477,105.203067724393,91.9673658242333,5.34329659802293,5.11901934511122
96.7890671651958,112.090666819959,135.470085773355,107.284507211393,94.7401620717098,5.8806178836679,5.14739798065191
96.4622589499137,111.866094387514,135.466199774413,107.492913537762,95.0235430777758,5.99232299832713,5.17421848019277
94.3982555828022,111.526550718715,137.147134516364,110.415678247882,98.4818829944097,7.18733537815198,5.47484762170781
92.5411965341806,111.885905027399,138.42342113618,113.082580822209,101.801132639761,7.9707726353491,5.6672158785031
92.0258968782008,111.816348761139,138.542626431952,113.762228748375,102.644504321271,8.18203093806423,5.74416789744066
91.9428696032115,111.810216981848,138.571722448101,113.89718989641,102.80768131603,8.22174035761224,5.75758720114434
91.6154832399053,111.787528150488,138.688887214515,114.432883801878,103.455033508871,8.37901833517388,5.81028527869926
91.1808978132138,111.795935755817,138.90911375928,115.205842208462,104.38271786409,8.5980225756314,5.86002667643615
90.9300673764515,111.748936854611,138.955041114958,115.466817444133,104.710918942281,8.68339076780691,5.86513807267354
90.556402825406,111.699437023816,139.055239955572,115.884010802346,105.242821437223,8.81586494571425,5.86495207647044
90.4397910095607,111.689207601907,139.094593495965,116.021434997075,105.419747743007,8.8585552148544,5.86290984870585
90.3652750767131,111.682670915118,139.119740739852,116.109250215386,105.53280514311,8.88583465652537,5.86160484795732
87.829239784563,111.644995343336,140.290752192173,119.084233754112,110.009871739552,9.6995140436819,6.0466722366362
87.699573126874,111.71302192504,140.424489025426,119.246435442814,110.244117872876,9.72638771314427,6.08241321915665
87.3642251027244,111.958226260818,140.85201813016,119.715254621351,110.889960634883,9.79521188436304,6.18051601890775
85.2135959971743,112.85345684717,142.981020635824,122.904690762386,115.162124445,10.2423323330219,6.60215763736158
85.0161525646913,112.403660511902,142.694035647497,123.282237872521,115.795353919121,10.340948704312,6.62932033983388
85.0194423005903,110.686383151351,141.655210738649,124.874585499467,118.290939490101,10.743669074638,6.71956839672564
84.7068411425958,110.479740578468,142.858677931823,127.625660540563,121.677390613486,11.2210529982463,6.74066157526699
84.5819354227738,110.702344261247,143.356849703919,128.228976448546,122.363012985261,11.3074117424655,6.74374346167962
84.3655367646071,111.040037843578,144.098121361401,129.180743500696,123.466331464984,11.4480997330358,6.75503275198456
84.2302624207635,111.13120992916,144.346670633707,129.552296732272,123.916484128604,11.5078176780781,6.75953763366908
83.1057874083703,110.773439186861,144.65219277158,131.410550945377,126.544444429182,11.8834383438087,6.80024971304416
83.0971713366341,110.762812605123,144.644810208128,131.429973367986,126.575457160255,11.8877859874625,6.80111156162388
83.0497132395402,110.70428043834,144.60414638547,131.536953816408,126.746278068835,11.911733199251,6.80585870101968
82.2339983417695,109.657300542005,143.774482645043,133.293482968304,129.608059757421,12.2805715480947,6.85490575271869
80.4496774605702,111.063415613912,146.240470169,138.007607595657,135.648265200318,13.0205374121119,6.93417248782065
79.9652804707312,110.938345401004,146.489148138345,138.906748873034,137.082857033765,13.4032231366383,7.04577723399467
80.3099113670706,110.131861180855,147.142948126815,140.628769340444,139.640550733608,13.9492312622958,7.34157293447238
80.594004083857,110.020010917465,148.155995837721,142.018313313624,141.128669583708,14.1686404212291,7.513252417524
81.8870697231778,110.616686498517,149.727057913807,143.25885021169,140.777748330201,14.584807061219,7.79654023606314
81.986448390379,110.646026363572,149.665907139188,143.069907927781,140.383128127795,14.6146424615371,7.80705433263246
82.1842587220559,110.714319140904,149.514349718277,142.627426962679,139.551674053989,14.6790393863532,7.83066163830763
82.6434029057466,110.751927654994,148.608803318769,140.171484569253,135.756740081135,15.0384229689643,8.005177566184
82.6493963966853,110.75230772238,148.601401058358,140.14258496246,135.714646889988,15.0445087660668,8.0093837459787
82.822869673295,110.785927718958,148.481185607051,139.557314416409,134.83930265276,15.1829817647314,8.11290825283958
83.8554568279925,111.21698452417,147.89808921019,137.761203527617,131.36808067797,15.5498874840286,8.64766084021683
83.982631363788,111.438021531516,147.833050011879,137.602499492412,130.908348122523,15.5638606707251,8.71833978344476
83.8079614696032,111.936206266564,147.21064624365,136.725481817917,129.212686538376,15.5590667935099,8.90691921279659
83.8502691139539,112.045894743641,147.14169619991,136.620072127527,129.034898199739,15.5646916021934,8.94086429305169
84.0902707726526,112.283330306278,146.953423669718,136.327265405755,128.638556802494,15.5862577193192,9.02799849113197
84.4167785610387,112.139395245528,146.422335589151,135.595077446832,127.984872048388,15.5981198813142,9.09419508746199
84.7057723278444,112.099093642147,146.230588086169,135.228631218248,127.673959802091,15.6073734409939,9.12773072158995
85.1561315975084,112.128474638157,146.068744536997,134.744896678534,127.228999486023,15.6208324304486,9.17696566823124
86.082940854187,112.534618705359,145.968195480272,133.386830378009,125.560117854974,15.6217919996816,9.29511627641409
87.1150363478079,113.791799927621,146.599006733412,132.411731881407,123.382349072078,15.5865947499983,9.4216930396831
87.6173110291251,114.44930668666,146.998682892945,132.260981518098,122.513466091392,15.5591118296652,9.46368819481374
89.096843720774,116.242497946675,148.088041769038,132.250803217075,120.112693792402,15.3951907896889,9.52231421638338
89.6661042865139,116.961924724229,148.600587890268,132.494690667026,119.584275356211,15.3207234608183,9.54341685258794
89.9466378515418,117.466977882804,148.923234549924,132.567250098727,119.050426476857,15.2232807812735,9.54563821030744
90.0408667752619,117.719875257019,149.088294380415,132.594721323966,118.826995162497,15.1665889646855,9.54521632715012
90.9039858573715,119.83074433851,150.401747886206,132.564249623796,117.312538869227,14.5732136179051,9.49877180848585
91.1070595586969,120.080440716287,150.521189554201,132.49434688876,117.045450595119,14.4737573029539,9.4825356193916
91.6282832935175,120.653725561536,150.828033925486,132.408434488967,116.524510092196,14.2768952900211,9.45844409271369
91.7228812683966,120.759532148736,150.89162956179,132.404398060366,116.44387189822,14.2469306846944,9.45693388467914
91.9009353081877,120.958683243793,151.011330432462,132.396800620572,116.292093213557,14.1905307560916,9.45409134347442
92.0649194604877,121.156997291063,151.11697230758,132.350109656811,116.078228905288,14.1225950965636,9.44841162262434
92.1350208193244,121.260544455417,151.156337920836,132.280145515357,115.893483184125,14.0734068894566,9.44212651211551
92.5005741615043,121.982104764003,151.521615158294,131.9590947379,114.875450088045,13.8027016195342,9.42163670491577
92.8606306139763,123.150090030214,152.318239772985,131.867267991333,113.843964025287,13.5327947660341,9.42899747141868
92.9302270958805,124.360490564773,153.144728114617,131.71957556832,112.402943420511,13.2345906611409,9.39847682051102
93.1667496723564,125.035660181373,153.687129985502,131.892541598556,111.98959493109,13.1342106703904,9.40047559970849
93.6172492525367,126.832950270607,155.097399710504,132.175571548199,110.550657379339,12.8334891146772,9.41845395205887
NaN,NaN,NaN,NaN,NaN,NaN,NaN
NaN,NaN,NaN,NaN,NaN,NaN,NaN
NaN,NaN,NaN,NaN,NaN,NaN,NaN
NaN,NaN,NaN,NaN,NaN,NaN,NaN
NaN,NaN,NaN,NaN,NaN,NaN,NaN
NaN,NaN,NaN,NaN,NaN,NaN,NaN
NaN,NaN,NaN,NaN,NaN,NaN,NaN
NaN,NaN,NaN,NaN,NaN,NaN,NaN
NaN,NaN,NaN,NaN,NaN,NaN,NaN
NaN,NaN,NaN,NaN,NaN,NaN,NaN
NaN,NaN,NaN,NaN,NaN,NaN,NaN
NaN,NaN,NaN,NaN,NaN,NaN,NaN
NaN,NaN,NaN,NaN,NaN,NaN,NaN
NaN,NaN,NaN,NaN,NaN,NaN,NaN
NaN,NaN,NaN,NaN,NaN,NaN,NaN
NaN,NaN,NaN,NaN,NaN,NaN,NaN
NaN,NaN,NaN,NaN,NaN,NaN,NaN
NaN,NaN,NaN,NaN,NaN,NaN,NaN
NaN,NaN,NaN,NaN,NaN,NaN,NaN
NaN,NaN,NaN,NaN,NaN,NaN,NaN
NaN,NaN,NaN,NaN,NaN,NaN,NaN
NaN,NaN,NaN,NaN,NaN,NaN,NaN
NaN,NaN,NaN,NaN,NaN,NaN,NaN
NaN,NaN,NaN,NaN,NaN,NaN,NaN
NaN,NaN,NaN,NaN,NaN,NaN,NaN
NaN,NaN,NaN,NaN,NaN,NaN,NaN
NaN,NaN,NaN,NaN,NaN,NaN,NaN
NaN,NaN,NaN,NaN,NaN,NaN,NaN
NaN,NaN,NaN,NaN,NaN,NaN,NaN
NaN,NaN,NaN,NaN,NaN,NaN,NaN
NaN,NaN,NaN,NaN,NaN,NaN,NaN
NaN,NaN,NaN,NaN,NaN,NaN,NaN
NaN,NaN,NaN,NaN,NaN,NaN,NaN
NaN,NaN,NaN,NaN,NaN,NaN,NaN
NaN,NaN,NaN,NaN,NaN,NaN,NaN
NaN,NaN,NaN,NaN,NaN,NaN,NaN
NaN,NaN,NaN,NaN,NaN,NaN,NaN
NaN,NaN,NaN,NaN,NaN,NaN,NaN
NaN,NaN,NaN,NaN,NaN,NaN,NaN
NaN,NaN,NaN,NaN,NaN,NaN,NaN
NaN,NaN,NaN,NaN,NaN,NaN,NaN
NaN,NaN,NaN,NaN,NaN,NaN,NaN
NaN,NaN,NaN,NaN,NaN,NaN,NaN
NaN,NaN,NaN,NaN,NaN,NaN,NaN
NaN,NaN,NaN,NaN,NaN,NaN,NaN
NaN,NaN,NaN,NaN,NaN,NaN,NaN
NaN,NaN,NaN,NaN,NaN,NaN,NaN
NaN,NaN,NaN,NaN,NaN,NaN,NaN
NaN,NaN,NaN,NaN,NaN,NaN,NaN
NaN,NaN,NaN,NaN,NaN,NaN,NaN
NaN,NaN,NaN,NaN,NaN,NaN,NaN
NaN,NaN,NaN,NaN,NaN,NaN,NaN
NaN,NaN,NaN,NaN,NaN,NaN,NaN
NaN,NaN,NaN,NaN,NaN,NaN,NaN
NaN,NaN,NaN,NaN,NaN,NaN,NaN
NaN,NaN,NaN,NaN,NaN,NaN,NaN
NaN,NaN,NaN,NaN,NaN,NaN,NaN
NaN,NaN,NaN,NaN,NaN,NaN,NaN
NaN,NaN,NaN,NaN,NaN,NaN,NaN
NaN,NaN,NaN,NaN,NaN,NaN,NaN
NaN,NaN,NaN,NaN,NaN,NaN,NaN
NaN,NaN,NaN,NaN,NaN,NaN,NaN
NaN,NaN,NaN,NaN,NaN,NaN,NaN
NaN,NaN,NaN,NaN,NaN,NaN,NaN
NaN,NaN,NaN,NaN,NaN,NaN,NaN
NaN,NaN,NaN,NaN,NaN,NaN,NaN
NaN,NaN,NaN,NaN,NaN,NaN,NaN
NaN,NaN,NaN,NaN,NaN,NaN,NaN
NaN,NaN,NaN,NaN,NaN,NaN,NaN
NaN,NaN,NaN,NaN,NaN,NaN,NaN
NaN,NaN,NaN,NaN,NaN,NaN,NaN
NaN,NaN,NaN,NaN,NaN,NaN,NaN
NaN,NaN,NaN,NaN,NaN,NaN,NaN
NaN,NaN,NaN,NaN,NaN,NaN,NaN
NaN,NaN,NaN,NaN,NaN,NaN,NaN
NaN,NaN,NaN,NaN,NaN,NaN,NaN
NaN,NaN,NaN,NaN,NaN,NaN,NaN
NaN,NaN,NaN,NaN,NaN,NaN,NaN
NaN,NaN,NaN,NaN,NaN,NaN,NaN
NaN,NaN,NaN,NaN,NaN,NaN,NaN
NaN,NaN,NaN,NaN,NaN,NaN,NaN
NaN,NaN,NaN,NaN,NaN,NaN,NaN
NaN,NaN,NaN,NaN,NaN,NaN,NaN
NaN,NaN,NaN,NaN,NaN,NaN,NaN
NaN,NaN,NaN,NaN,NaN,NaN,NaN
NaN,NaN,NaN,NaN,NaN,NaN,NaN
NaN,NaN,NaN,NaN,NaN,NaN,NaN
NaN,NaN,NaN,NaN,NaN,NaN,NaN
NaN,NaN,NaN,NaN,NaN,NaN,NaN
NaN,NaN,NaN,NaN,NaN,NaN,NaN
NaN,NaN,NaN,NaN,NaN,NaN,NaN
NaN,NaN,NaN,NaN,NaN,NaN,NaN
NaN,NaN,NaN,NaN,NaN,NaN,NaN
NaN,NaN,NaN,NaN,NaN,NaN,NaN
NaN,NaN,NaN,NaN,NaN,NaN,NaN
NaN,NaN,NaN,NaN,NaN,NaN,NaN
NaN,NaN,NaN,NaN,NaN,NaN,NaN
NaN,NaN,NaN,NaN,NaN,NaN,NaN
NaN,NaN,NaN,NaN,NaN,NaN,NaN
NaN,NaN,NaN,NaN,NaN,NaN,NaN
NaN,NaN,NaN,NaN,NaN,NaN,NaN
NaN,NaN,NaN,NaN,NaN,NaN,NaN
NaN,NaN,NaN,NaN,NaN,NaN,NaN
NaN,NaN,NaN,NaN,NaN,NaN,NaN
NaN,NaN,NaN,NaN,NaN,NaN,NaN
NaN,NaN,NaN,NaN,NaN,NaN,NaN
NaN,NaN,NaN,NaN,NaN,NaN,NaN
NaN,NaN,NaN,NaN,NaN,NaN,NaN
NaN,NaN,NaN,NaN,NaN,NaN,NaN
NaN,NaN,NaN,NaN,NaN,NaN,NaN
NaN,NaN,NaN,NaN,NaN,NaN,NaN
NaN,NaN,NaN,NaN,NaN,NaN,NaN
NaN,NaN,NaN,NaN,NaN,NaN,NaN
NaN,NaN,NaN,NaN,NaN,NaN,NaN
NaN,NaN,NaN,NaN,NaN,NaN,NaN
NaN,NaN,NaN,NaN,NaN,NaN,NaN
NaN,NaN,NaN,NaN,NaN,NaN,NaN
NaN,NaN,NaN,NaN,NaN,NaN,NaN
NaN,NaN,NaN,NaN,NaN,NaN,NaN
NaN,NaN,NaN,NaN,NaN,NaN,NaN
NaN,NaN,NaN,NaN,NaN,NaN,NaN
NaN,NaN,NaN,NaN,NaN,NaN,NaN
NaN,NaN,NaN,NaN,NaN,NaN,NaN
NaN,NaN,NaN,NaN,NaN,NaN,NaN
NaN,NaN,NaN,NaN,NaN,NaN,NaN
NaN,NaN,NaN,NaN,NaN,NaN,NaN
NaN,NaN,NaN,NaN,NaN,NaN,NaN
NaN,NaN,NaN,NaN,NaN,NaN,NaN
NaN,NaN,NaN,NaN,NaN,NaN,NaN
NaN,NaN,NaN,NaN,NaN,NaN,NaN
NaN,NaN,NaN,NaN,NaN,NaN,NaN
NaN,NaN,NaN,NaN,NaN,NaN,NaN
NaN,NaN,NaN,NaN,NaN,NaN,NaN
NaN,NaN,NaN,NaN,NaN,NaN,NaN
NaN,NaN,NaN,NaN,NaN,NaN,NaN
NaN,NaN,NaN,NaN,NaN,NaN,NaN
NaN,NaN,NaN,NaN,NaN,NaN,NaN
NaN,NaN,NaN,NaN,NaN,NaN,NaN
NaN,NaN,NaN,NaN,NaN,NaN,NaN
NaN,NaN,NaN,NaN,NaN,NaN,NaN
NaN,NaN,NaN,NaN,NaN,NaN,NaN
NaN,NaN,NaN,NaN,NaN,NaN,NaN
NaN,NaN,NaN,NaN,NaN,NaN,NaN
NaN,NaN,NaN,NaN,NaN,NaN,NaN
NaN,NaN,NaN,NaN,NaN,NaN,NaN
NaN,NaN,NaN,NaN,NaN,NaN,NaN
NaN,NaN,NaN,NaN,NaN,NaN,NaN
NaN,NaN,NaN,NaN,NaN,NaN,NaN
NaN,NaN,NaN,NaN,NaN,NaN,NaN
NaN,NaN,NaN,NaN,NaN,NaN,NaN
NaN,NaN,NaN,NaN,NaN,NaN,NaN
NaN,NaN,NaN,NaN,NaN,NaN,NaN
NaN,NaN,NaN,NaN,NaN,NaN,NaN
NaN,NaN,NaN,NaN,NaN,NaN,NaN
NaN,NaN,NaN,NaN,NaN,NaN,NaN
NaN,NaN,NaN,NaN,NaN,NaN,NaN
NaN,NaN,NaN,NaN,NaN,NaN,NaN
NaN,NaN,NaN,NaN,NaN,NaN,NaN
NaN,NaN,NaN,NaN,NaN,NaN,NaN
NaN,NaN,NaN,NaN,NaN,NaN,NaN
NaN,NaN,NaN,NaN,NaN,NaN,NaN
NaN,NaN,NaN,NaN,NaN,NaN,NaN
NaN,NaN,NaN,NaN,NaN,NaN,NaN
NaN,NaN,NaN,NaN,NaN,NaN,NaN
