NaN,NaN,NaN,NaN,NaN,NaN,NaN
129.173444870451,174.153472938871,176.680800034136,159.671895927932,157.320542557347,6.69470897738692,17.5315237561941
130.088986548254,175.07800115853,177.602939154275,160.617782075487,158.288114927543,6.72938230706363,17.665965141481
132.198555964088,177.208277150932,179.727710240239,162.797270498704,160.517572230536,6.80927577079613,17.9757417922878
126.316185587181,170.642213218878,175.821768551165,158.861425586788,156.173881932217,6.60819087322338,17.5578559872704
122.469595052982,166.506333521933,172.747083955155,155.732999289368,152.839637277631,6.47125996229649,17.1745817568865
116.67153865326,160.279259606118,168.047031791439,150.939079950019,147.713912545601,6.26512529106129,16.6001962578115
116.109677701985,159.675910785598,167.590771288536,150.473565845417,147.215980834177,6.24515303742282,16.5445761893277
115.020853545768,158.506687743992,166.706589079467,149.571451183417,146.251044448554,6.20644902681959,16.4367906705116
112.474103509458,155.77188542843,164.638494741006,147.46141299673,143.994066807958,6.11592068957957,16.1846812987721
109.766478186022,152.843934671535,162.468720860821,145.240956621746,141.586179410382,6.02085435222356,15.9373096581471
105.519031776346,148.243843707704,159.074970018202,141.765604132462,137.806060636223,5.87213038080154,15.5563713811291
104.132835984007,146.051818284696,159.280785340287,141.864284379374,137.03368096103,5.87494533398526,16.0553186809956
105.225125608298,147.118965801682,160.376330021393,142.970505479307,138.097010731116,5.92275805421017,16.2542242887026
107.457171272748,149.299634678918,162.615027250858,145.231019499691,140.269878210972,6.0204612388879,16.6606791239811
111.840379279159,153.61971261199,166.930568651459,149.603715183647,144.54386299594,6.21370910405797,17.408525879321
113.557973463093,155.313303676936,168.620076065478,151.315897464432,146.218793218991,6.28946168001469,17.7005958873647
113.850152990663,155.599411542504,168.910357798879,151.610291301033,146.50639667272,6.3027141387682,17.7509133585657
120.659879827616,162.015868877424,176.055226992747,158.870338632448,153.513039721708,6.6517090521921,19.0364525525873
120.497100157306,161.281903736891,176.761390191542,159.599134594365,153.987771842016,6.7259574393639,19.3036434373254
120.044837726205,160.720728122813,176.487320684552,159.322504399668,153.668692216578,6.72140245316623,19.2878664562208
116.984202826169,156.970562632192,174.546392954106,157.361017807642,151.450475606583,6.68251945518251,19.1554455053666
114.292102172785,153.698060079828,172.763991197622,155.55679672778,149.454267265376,6.6417053408474,19.0195747339518
112.621787343724,151.630790526,171.687938360713,154.467103940532,148.244430185625,6.61972320627273,18.9481122102788
111.420487687245,149.875584703536,171.226826746636,154.004980356982,147.637467080462,6.63661939017324,19.0220284396787
111.603294925361,149.752210527885,171.767898091948,154.561243474185,148.122452129588,6.68342685414189,19.1979293988572
119.131815220761,155.93525780264,180.952062157098,164.009512935862,157.14167635321,7.23446839297075,21.1548542094337
119.895607636328,156.531180273706,182.110680314418,165.221989512103,158.241704298327,7.30982928165738,21.3982576220234
119.883877267482,156.486733524023,182.210775987126,165.332261503947,158.322913313355,7.31852308172776,21.4214927187574
119.8808565841,156.475288056288,182.236551590529,165.360657607908,158.343825419818,7.32076181929371,21.4274759807932
119.86780194381,156.425823598965,182.347947320614,165.483378487912,158.434202328967,7.33043708476573,21.4533341472279
119.745300068213,156.156965961932,182.74296443463,165.923676560212,158.74172587652,7.36641380564842,21.5460492768497
119.428615676189,155.780069621281,182.704857668475,165.903276588773,158.656197860447,7.37013119121003,21.541502982765
119.356364804983,155.694081521923,182.696163690739,165.898622378631,158.636684825294,7.37097930482787,21.5404657554288
116.328067234251,152.226257366982,182.198892047596,165.527198346762,157.756957433918,7.33215669145671,21.3424783466171
116.219955594087,152.085083590539,182.278871780604,165.616178251618,157.812739698036,7.3296184248628,21.3424326137193
116.296046837213,152.073793659108,182.725184043644,166.083374044204,158.212894197257,7.33456523431116,21.4044147311225
117.012362286139,152.563193297629,184.127213227194,167.531470221028,159.526862211983,7.36675227969115,21.6624485862045
120.206154953124,154.554797767664,189.127782190897,172.690082602058,164.218662159853,7.54798550990695,23.0353739713339
120.238551464799,154.560375259279,189.19254612523,172.757752340679,164.27741200691,7.55083448348538,23.0596334427883
120.2652444424,154.564970811425,189.245908112652,172.813508554046,164.325818710919,7.55318188399192,23.0796219382982
120.592298141035,154.437865582538,190.114982812971,173.731489781428,165.103562312788,7.59337060395822,23.4457265893721
120.684562103162,154.231457407674,190.560321181197,174.208824092484,165.494665593406,7.61533418152,23.6617058003121
120.285965581646,152.978917167223,191.234802798454,174.990848610893,166.118423243201,7.64541617601928,24.0918843335505
120.082972090248,152.576916236606,191.318124075098,175.10681199663,166.228742798823,7.64327968214557,24.1478237503665
120.049593840973,152.519087242197,191.323122963672,175.116436483057,166.240154387831,7.64223104409967,24.1512676349538
119.513958307098,151.643579216677,191.458718601993,175.34243115959,166.57862946308,7.60890141552348,24.1425914396137
119.522114989989,151.694721086375,191.871011496827,175.825613284987,167.29037174946,7.56706816034958,24.1215562402473
119.707784129613,152.148577007752,192.36910848293,176.360762564402,167.960806612317,7.55292096548077,24.5559293276939
119.610423347103,152.158125965299,192.452291813533,176.449721271663,168.015940597111,7.56833543266518,25.0690450763187
119.535456588563,152.120569102293,192.505250808623,176.505692037829,168.015723747651,7.59292700297475,25.5391112877149
119.516114490946,152.11232711203,192.629126639786,176.635936109331,168.064876256734,7.63771318936157,26.2042638663146
119.486676820548,152.074119146524,192.764778264646,176.795525943271,168.130116641664,7.72660092956817,27.3896738873639
119.498538304709,152.087320989535,192.780346205538,176.814767453234,168.148101662254,7.73562030237321,27.4909122039948
119.565350561258,152.161873018159,192.851574875266,176.901597834345,168.234655942058,7.77292200098908,27.8835789552719
119.754000678412,152.360082010603,192.980230436954,177.059158334139,168.396439096208,7.85777120792789,28.4913457685305
119.752786586709,152.358689250847,192.97853910564,177.057599587387,168.394681181256,7.85842297578756,28.4949637868471
119.743907728557,152.293649872193,192.91369875366,176.999498604334,168.295299105749,7.93839062439451,28.8533417150206
119.75305364475,152.295452045587,192.918399737763,177.004212934897,168.29569734161,7.94537972077596,28.8808488676392
119.753088646233,152.295458942517,192.918417728461,177.004230976672,168.295698865661,7.94540646809475,28.880954137697
119.815947351794,152.310712150827,192.953463903175,177.039207191849,168.303805295343,7.98951468272579,29.0547575057313
120.019779370594,152.396723235405,193.101089757039,177.184984564523,168.399529575598,8.0827098119559,29.4284713958247
120.221283304781,152.487890163293,193.251364487189,177.334394852638,168.512341896155,8.16523729623531,29.7741943302547
120.289899858691,152.380604918883,193.241714441768,177.326227995697,168.462685739836,8.28595592362233,30.3339758202538
120.296934565534,152.377469818637,193.242900356714,177.328001936657,168.462765920329,8.29339178804818,30.3708446341221
120.317196498727,152.368439848638,193.246316125124,177.333111385286,168.462996862689,8.31480916784692,30.4770371820391
120.666100536558,152.415363676593,193.358554516775,177.490883058476,168.577105454033,8.55910021360479,31.8062989510391
121.021867930743,152.595665365821,193.513766245139,177.707771083968,168.750472732604,8.72227634569465,32.8453014823534
121.036419014613,152.570848434294,193.483181944513,177.69578196198,168.717795823519,8.7554777113811,33.1023626942751
121.062050120517,152.532011131355,193.435212352895,177.678441269884,168.665700451427,8.8094732448636,33.5233761227836
121.10176504667,152.525655467798,193.42603754591,177.693264659068,168.645279543261,8.84361412029866,33.8248859494429
121.280701096479,152.562879740377,193.478266765647,177.812720788795,168.644172743083,8.93131571395137,34.6625808464683
121.331233027766,152.585673072635,193.512260324778,177.855782518794,168.663283111577,8.94269530131369,34.7846257765721
121.448548890051,152.641470372862,193.59602835252,177.957850301054,168.712666274212,8.96577755915162,35.0378617334256
121.713378899819,152.778176908641,193.805912642302,178.188951447026,168.847672652503,9.00163783689695,35.4246687870165
121.803250330905,152.770965573666,193.864475342171,178.247363390843,168.844779855635,9.01695002814518,35.5934725736523
121.807936430246,152.764616383551,193.865944542929,178.248210524027,168.839070618218,9.01824701976538,35.6081422064374
121.944556225764,152.69499029742,193.910872268222,178.259829544707,168.747950208856,9.04618878066621,35.7650460012355
122.108730618185,152.722695362382,193.940825917234,178.239141365936,168.674501480556,9.07998865225226,35.7609903456074
122.27603188945,152.794293391369,193.940824734701,178.183170084873,168.579491831453,9.12112809823608,35.7205653391812
122.473600482038,152.89811523416,193.701158736933,177.80751310931,168.115802191694,9.22219285261489,35.5959948278912
122.452517073262,152.863202045803,193.518529518077,177.572582056068,167.845205962299,9.25637857896085,35.5389886679193
122.422921203659,152.856422226504,193.090473581686,177.012281247852,167.178732146016,9.33958608172975,35.4311494282255
122.422679077786,152.885377099859,192.891001181667,176.742454242156,166.845699523522,9.37981375629828,35.3895024760021
122.422639100939,152.890157772547,192.858066751493,176.697903724504,166.790713271539,9.38645565532299,35.382626243301
122.442082584043,152.972422549466,192.537593121689,176.249923262719,166.22303060173,9.45214196282867,35.3215218669887
122.446964595961,152.98805881341,192.491191718786,176.183551696456,166.137435300175,9.46176276483669,35.31327960366
122.44999141755,152.997753214421,192.462423094205,176.14240167613,166.084366665559,9.46772761123821,35.3081694439544
122.516767730319,153.15675261322,192.129337541491,175.64132857886,165.41961076534,9.53644287194731,35.2513492307542
122.536208915714,153.199871822568,192.049795493387,175.518957342221,165.255322313859,9.5528141951493,35.2380386942014
122.503285644858,153.195219020264,191.906683098655,175.321069574597,165.005865228904,9.56567775591198,35.2108020302719
122.465449723899,153.183397109377,191.768526580238,175.132020821774,164.76915879792,9.57661687340348,35.184215434706
122.43348614696,153.17341002439,191.651812716954,174.972313480102,164.569190513102,9.58585817940899,35.1617552256936
122.423285047479,153.170222669994,191.61456376536,174.921343262239,164.505371111087,9.58880752021892,35.1545871034606
122.409618076357,153.165952396915,191.564659306853,174.853055672561,164.419868766365,9.59275891347352,35.1449835779053
122.367755686342,153.163804207116,191.353158768604,174.551777830516,164.039032991675,9.60672211608945,35.0986785695054
122.341141312699,153.272925813731,190.633364651105,173.477971220778,162.682164347992,9.64906616629819,34.9178547806177
122.414495299755,153.516342035244,189.963514350223,172.497193394388,161.518897113209,9.6870012819181,34.7351387561206
122.201483421466,153.635920380447,189.151614370773,171.453750581917,160.372434204105,9.72897272088793,34.5228565735533
122.104751367102,153.842258090307,188.754550532004,170.929562289813,159.788124336257,9.7667400542906,34.401185525569
122.085654527541,153.903475346186,188.673350192757,170.819256664506,159.662677541253,9.77655041978493,34.3735920968813
122.035758400417,154.088260573172,188.456550296127,170.519949948569,159.318275361662,9.80497017998391,34.2966676872822
121.923679051952,154.389003385967,188.108446548714,170.03419182475,158.748139134389,9.85161107489973,34.1667537887956
121.874400695135,154.411755445412,188.02367612667,169.924675421152,158.622435996076,9.85805504055476,34.1393212997062
121.693417062822,154.495316477615,187.712341498548,169.522456723106,158.160768602231,9.88172166391777,34.0385705474607
121.485704613022,154.645391802313,187.302128014346,168.977910029045,157.524890671469,9.9175730867925,33.9070203153194
121.335212949136,154.84831688426,186.841610188423,168.360583888281,156.805615833566,9.96331345419011,33.7822420423842
121.335180427016,154.870491989784,186.793248450606,168.297423348272,156.734806695016,9.96863526306983,33.7753573436338
121.335047667369,154.961013740634,186.595829359333,168.039593564324,156.445754307384,9.99035959971231,33.7472530812081
121.40478405915,155.102256634685,186.240830910057,167.596318361532,155.973544564369,10.029202143799,33.7332659142088
121.432866255848,155.073086989799,185.738507701116,167.033607714521,155.42433550317,10.060885538816,33.7470839649747
121.41891020311,155.01245597555,185.491543153118,166.767478789729,155.171957405665,10.071411141901,33.7547893804033
121.478572225318,154.813812851461,184.802854548598,166.067924070925,154.568140772936,10.0974798748205,33.8327117120627
121.973073481343,154.306848615605,182.979537281774,164.396261626881,153.3939360016,10.1309026662584,34.222185600598
121.953657794341,154.195409478584,182.719390445415,164.156023269836,153.209436810487,10.125764005816,34.2479802715258
121.929831412677,154.049906319099,182.349708698818,163.813391842184,152.941360403594,10.1169690764024,34.2803824308688
121.914462456737,153.863988553599,181.742861727031,163.245152252869,152.475316037456,10.0987464952926,34.3174888018738
121.918981478193,153.834970275761,181.606045093217,163.115443548981,152.363452481095,10.0943448171147,34.3223161519799
121.92334411285,153.806956214345,181.473963182509,162.990223588751,152.25546011313,10.0900954649135,34.3269764451614
121.924236775734,153.8012241018,181.446937169886,162.96460163789,152.233363195511,10.0892259813816,34.3279300136075
121.946513003994,153.796053504958,181.323303302784,162.845054477702,152.121139185079,10.0862048880135,34.3266367034502
121.949505556408,153.795522687168,181.307348867882,162.829612274482,152.106584958486,10.0858212269406,34.3264331562943
121.961372807444,153.793417678768,181.244080039825,162.768374749843,152.048868789564,10.0842997824893,34.3256259707009
122.139353204138,153.8342758406,180.660866650922,162.2004319269,151.488740047807,10.0778578649168,34.2984832091992
122.13413808098,153.817145761907,180.59416043834,162.134433049606,151.420729841795,10.0772882534276,34.288865226445
122.082016021258,153.553162644589,179.569858803481,161.135554296543,150.403654590198,10.0759856587081,34.1238175145691
122.112203392122,153.481331281397,179.225788497137,160.821620687766,150.113751584435,10.0821511400555,34.0547072827249
122.190956961111,153.37306546363,178.652305598005,160.327563945182,149.715955725266,10.0950139510217,33.9230741687019
122.191905440616,153.371972264092,178.646256881325,160.322484708952,149.71214986714,10.0951594616551,33.9216114748424
122.232196893677,153.227370109952,178.017034961954,159.82731783992,149.439983805615,10.1014997293601,33.7400879181868
122.145278445725,153.095231403413,177.736720626897,159.596840682629,149.306833504714,10.0952672595315,33.6563727891837
122.115142032449,153.049416196586,177.639529882613,159.516929512716,149.26066755732,10.0931063340788,33.6273470324595
122.071397399303,152.983067803579,177.498643907951,159.401175221288,149.194099282556,10.0899266989963,33.5851613672799
121.633071253634,152.462996528257,176.084467000277,158.316881199949,148.879206323332,10.0023366899384,33.0443287100585
121.632872677344,152.462812185387,176.083664265909,158.316283849817,148.879131032763,10.002263585916,33.0439825412012
121.607743556033,152.4394842526,175.98208109445,158.240691320901,148.869603279798,9.99301253258673,33.0001761068784
121.544748209856,152.403632024833,175.568392393015,157.931094076024,148.834834395519,9.94837692099092,32.818225347168
120.99187427564,152.193255395265,173.447474542155,156.128248080857,147.771608136611,9.70560737114639,32.1263065875103
120.966214065858,152.280270662314,173.149177076316,155.88364915625,147.597592868454,9.66375942618679,32.0349079852386
120.95905764431,152.317050966725,173.04931898769,155.802856800657,147.538925807588,9.64910846765041,32.0036359583985
120.851646144566,152.357009862177,172.689843024342,155.496815642514,147.291271274515,9.60016696387697,31.8949037403915
120.744112594303,152.339759395459,172.457342106093,155.291789724377,147.114097084176,9.5702841492873,31.826369662997
120.720309803164,152.335940966184,172.405877509386,155.24640678021,147.074879182064,9.56366952164224,31.8111994921417
120.579506939372,152.327050529203,172.112810471682,154.989052138514,146.855722109536,9.52211946167273,31.7172994069377
120.540452779986,152.326567478439,172.033168605362,154.919277666627,146.796792696643,9.51024420520585,31.6906519639098
120.401520298252,152.325678506295,171.749719589995,154.670894154761,146.587547905931,9.46771802252346,31.5952098895062
120.054284587391,152.389007997507,171.004231392706,154.00867451947,146.081221537386,9.33480414187209,31.2937317174649
119.992673971318,152.405626244042,170.861689686937,153.880161290588,145.988886597264,9.3078428385291,31.2318724413951
119.874162410246,152.443322511364,170.524757337914,153.566195468175,145.781664472873,9.24351705538723,31.0819789442322
119.848868785427,152.451559084764,170.450753565184,153.496959343248,145.736449781985,9.22937236674585,31.0489566222952
118.978560680193,151.701677998922,168.32438384825,151.37072512969,144.194060665071,8.98630548772122,30.4999221209424
118.89182489652,151.519174139686,167.914404258493,150.97667096704,143.933304572971,8.97630858920057,30.4771990133391
118.459693412238,150.90445775751,166.893732857096,150.018790256962,143.205917077444,8.99020558618773,30.4274500578595
118.095758948181,150.474080200821,166.120787589336,149.321978128318,142.663487698002,9.0293120400889,30.3559187293273
117.927147333775,150.301569185275,165.740360275695,148.98546683178,142.406215212716,9.0539775208156,30.2970036887478
116.392752505393,149.435183405935,162.038747919262,145.58839931446,139.789497950574,9.17751351978345,29.0800140977776
116.162633940316,149.354302008336,161.329692816214,144.934560116541,139.318150733163,9.18747827634635,28.8677707831862
116.056249323409,149.315454958961,160.985268629191,144.619536766275,139.097100915956,9.19262844442972,28.7737681740174
116.019632300748,149.299063974554,160.857537804165,144.504911838711,139.021369136633,9.19490389220287,28.7464160302221
115.892616437927,149.242207494273,160.414469532349,144.107304851106,138.758673357606,9.202796886805,28.6515378590419
115.745282866987,149.139726457302,160.027389733753,143.757298692031,138.517771481437,9.20690773695982,28.5825441489289
115.244727405114,148.705666169014,158.933766913144,142.768719647906,137.8306145757,9.21436166720181,28.4339256121252
115.233373961913,148.694548730923,158.909094603411,142.746771873747,137.816205217019,9.2146533989217,28.4313845169109
115.17417066388,148.636576097516,158.780439174356,142.632323719856,137.74106664088,9.21617465372093,28.4181338039216
114.41489992975,147.755061958226,157.128344180393,141.189814959359,136.883054679895,9.24819393575575,28.2319110001275
114.29584954256,147.59092916548,156.867598189483,140.96613976153,136.766017569734,9.2553780582221,28.1904364005015
113.361698859512,146.233213157513,155.045990853013,139.369373205247,135.888859473966,9.29722747627974,27.6071469417961
112.805125457652,145.42923552922,154.057405260483,138.477672577015,135.338961110252,9.31476425276444,27.0946786744317
112.514835466519,144.99337120905,153.504644491818,137.983363637727,135.032418156849,9.32938838989465,26.7289375275296
112.036934606812,144.262370316692,152.538579281307,137.132885341762,134.503532619322,9.36333177598065,26.0129227156672
112.036519817635,144.261729593139,152.537712411532,137.132128976934,134.503061607977,9.36336632053752,26.0122452389078
111.701958720173,143.743205239807,151.79905390605,136.504096409749,134.113999045804,9.40061293051408,25.4053895456318
111.336303077916,143.247029796507,151.106420861832,135.912568295279,133.708235339784,9.43150956138009,24.8857399358561
111.080646415119,142.921188103076,150.66146223761,135.529485064341,133.431546029536,9.44891909393597,24.5731628005952
110.056793194862,141.65437763223,148.842557452516,134.038667825372,132.480137597857,9.54983902766636,23.3893762967986
110.046970485873,141.642568498633,148.825184586687,134.024913435624,132.473445128218,9.55090972778887,23.3793107929559
109.76682245821,141.305766757973,148.329702729056,133.632632124645,132.282572918542,9.58144657132897,23.0922381481162
109.079100136018,140.541122574324,147.25469319437,132.754187277316,131.921333586523,9.62229308627286,22.5413308520019
107.306662870104,138.880765752906,145.063484879393,130.801045697218,131.089982924184,9.57386028060959,21.4025834830813
107.182939330179,138.781530490269,144.924040778123,130.674472140501,131.044271587494,9.56507186865056,21.3057763744747
106.315311279582,138.132407099868,143.988389782126,129.828594454399,130.719422598651,9.49229438874308,20.5447803587647
105.90804323367,137.827829476024,143.588741434914,129.457088882122,130.494461936699,9.45669388489064,20.2123785497995
105.629232403533,137.619871504679,143.315677999326,129.203798977368,130.340390811965,9.43232831463848,19.9802766105788
105.064334362119,137.207501304667,142.771053525419,128.707481037541,130.027159301426,9.38306054165189,19.436186500197
104.89926175235,137.08516494436,142.610693475825,128.563289186188,129.936303597773,9.36931909587225,19.2630712336966
104.696219700021,136.932246526708,142.411834910472,128.387049707137,129.825449144707,9.35328938486917,19.0313358527908
104.420428207497,136.724537837031,142.141725837447,128.147664080311,129.674875828918,9.33151627003144,18.7165702865582
103.939970063866,136.329130069754,141.646005440902,127.718506153252,129.418470922876,9.30069669100235,18.0917673429984
103.702977462806,136.118296933933,141.3891476223,127.498192143996,129.29299861039,9.28832202343779,17.7653085091557
103.205979032296,135.630295065583,140.819665539885,127.00867220275,129.01868090981,9.26972899054599,17.0739657513617
101.561134318449,133.742073898194,138.774279330547,125.164946438424,127.859808256584,9.24169719082891,15.3536882868169
101.540339622388,133.715690888736,138.745556554331,125.139196510969,127.844633086311,9.24171921623674,15.3333105389055
100.432724471402,132.23597398003,137.102359586991,123.69226185785,127.018454857944,9.2560609799891,14.409858901538
100.246159132862,131.976861761813,136.809070964,123.439898527292,126.877290262093,9.26048300452561,14.2888140202379
99.3119335311209,130.78390799667,135.498780368052,122.299367238436,126.120067325229,9.26554511818734,13.9441691658667
98.9796647993971,130.360243358156,135.042670836883,121.916197431421,125.861540247107,9.26815906129888,13.8798618423768
97.7834604479294,128.772331572472,133.448774716817,120.674095800638,125.087311249704,9.28829290796853,13.8020581523134
97.6794570537892,128.626837646481,133.315697814665,120.580104195537,125.037288223244,9.29106845492927,13.8062975309067
97.6688743136714,128.612033087262,133.302156734753,120.570540192955,125.03219819043,9.29135087736763,13.8067289037699
97.6342789114616,128.563636388959,133.257890401017,120.539275084641,125.01555866886,9.29227412765434,13.8081390789739
96.7268787970678,127.211882358327,132.235027323536,119.905159927532,124.788934701451,9.31626247423485,13.8602226453986
96.5133894366992,126.902682692811,132.019628688739,119.768461967118,124.733602071183,9.31844478371301,13.8625240826077
95.1873427223174,124.547227802545,130.832807682369,119.306479009547,125.068164349922,9.34505566806296,13.8597835643109
95.1521210248548,124.472875934562,130.80363871485,119.303191714764,125.094364851968,9.34610177445998,13.8593546508226
95.0536656166387,124.260597743338,130.72214306111,119.296833816767,125.173774919919,9.34916862069892,13.8583250999347
94.2151946588135,122.598739095142,130.004313711861,119.121764425305,125.617541802593,9.359629740879,13.829205216939
94.1390116997167,122.462276625708,129.935928394527,119.09465323353,125.636073343444,9.3600579497986,13.8279298459666
93.6081513464203,121.511445026842,129.456027148729,118.905512510922,125.766851371967,9.36491914932639,13.8239018871378
93.4937817605633,121.306637384557,129.350647337217,118.864631892331,125.795995988714,9.36707226940953,13.8258962714667
93.3554749935803,121.05896417104,129.223211875016,118.815195093666,125.831240478646,9.36967603050034,13.828308073928
93.280659707444,120.924998018123,129.154130968385,118.788506339751,125.850562793816,9.37127142670174,13.8298083581561
93.2083076182388,120.795494916983,129.086519389142,118.762990397646,125.870664460944,9.37384282046897,13.8323357826525
93.1561113288933,120.702068708942,129.037743001452,118.744582670769,125.885166218189,9.37569787696519,13.8341591188098
93.0291853356273,120.474883704005,128.919133201154,118.699820503824,125.920430218091,9.3802088276726,13.8385929350013
92.952256790156,120.337189197679,128.847245015128,118.672690612565,125.941803367515,9.38294286872821,13.8412802256163
92.8672759168522,120.185081819007,128.767832089908,118.642720959068,125.965413704773,9.38596308957252,13.8442488025194
92.363846757322,119.297045723212,128.299301532365,118.460511316071,126.098366157924,9.40909270634518,13.8554696663854
91.4234459003492,117.835520070237,127.446346563869,117.986845461241,126.04897579087,9.42726269136338,13.8201836574426
91.1407385109304,117.364302919534,127.1913947845,117.865845192667,126.078030541551,9.43359822317904,13.8136419914291
90.9900449531614,117.09652505786,127.05572367471,117.812209960818,126.115932745958,9.43715771480356,13.8125360655731
90.5026178935838,116.154623950283,126.614188914241,117.686555689728,126.338435938163,9.44825375259346,13.8219927587663
90.3228626005091,115.756137993838,126.448209500497,117.671904004144,126.487277897016,9.45182713892916,13.8351559004981
90.201763719135,115.463498992426,126.33441257628,117.676803052353,126.618905889283,9.45390175800756,13.8489246968359
90.1502539258641,115.339024065039,126.286008693646,117.678886878046,126.674894273267,9.45478420381244,13.8547812980274
89.898333112793,114.850106799861,126.049856513678,117.607169057124,126.775261998406,9.45121318020594,13.864774711043
89.5165720145941,114.138281350761,125.690282904248,117.477830779684,126.88511746152,9.44455065224827,13.8777671836803
89.3074009642004,113.742060480452,125.490904129928,117.410215005021,126.954088813154,9.44214511163169,13.8888483630559
89.1499113359857,113.44495547376,125.341131334944,117.359042752947,127.005790688246,9.44116622138691,13.8968376132444
89.0765147051386,113.308473228684,125.271890227509,117.334767214369,127.029514925947,9.44206286657707,13.8999854911481
88.7517669242623,112.704599376357,124.96552880839,117.227358642726,127.134484233906,9.44603012682291,13.9139134651148
88.3602138941703,112.017874620905,124.613355800581,117.08615608774,127.23380647335,9.46309701170391,13.9092942556835
88.3110404748733,111.931734899002,124.569170797075,117.068393954525,127.246212092245,9.46527094973697,13.9086608375129
88.2402017338975,111.813611843358,124.508648003884,117.041447690629,127.25993687812,9.46968123129608,13.9041142504975
88.1604852304531,111.684974021875,124.442789024614,117.010148450341,127.272402264412,9.47556287439128,13.8963866977026
88.0887470109533,111.569210687121,124.383521423718,116.981981738644,127.28362007477,9.48085586373668,13.8894325432348
86.3359834271339,109.208701852554,123.057662174972,116.064266664932,126.972284197429,9.58570833705544,13.5626279745954
84.9142964477401,107.491010186654,122.822221080269,115.97252635642,127.241544976351,9.69821942331859,12.8682633929411
84.8278109227733,107.404848514017,123.020700165083,116.164247443623,127.419566423435,9.68694349366498,12.7587967648057
84.824779855512,107.40260389942,123.050724975988,116.193224930906,127.445595014389,9.68508105056227,12.7478143987873
84.8193593266908,107.398589802383,123.104419050989,116.245046052461,127.49214255533,9.68175039978951,12.728174375523
84.843871880562,107.43225347991,123.362423742345,116.495231800061,127.714465050236,9.66554426918428,12.6637754256793
84.9087702168016,107.50784352986,123.608450020052,116.734771903267,127.925363174247,9.6499245868974,12.6269832117153
84.9345787693335,107.537903927215,123.706288924411,116.830031407521,128.009232432349,9.64371300407121,12.6123518075549
85.0669474062709,107.686250735314,124.060369852862,117.17701428511,128.315949287354,9.6225164013245,12.585667545379
85.2537604394339,107.893908866191,124.521768268591,117.63018757317,128.717802656593,9.59592775847582,12.5615426593894
85.5562343050918,108.234810860959,125.28749505198,118.381891836135,129.384845959669,9.55349253243551,12.5407977547328
85.6437001755956,108.367281031942,125.834020273698,118.905103147316,129.828222182751,9.51459748326298,12.5046977937422
85.6972062533462,108.449107849369,126.190814564297,119.245503584781,130.122417895106,9.49618531660086,12.4822103771219
85.7087513769585,108.465788377413,126.266037920552,119.316964959247,130.186052420775,9.49461811720426,12.4767324016676
85.7310584183964,108.498017848727,126.411381580909,119.455039863854,130.309004590769,9.49159003512773,12.466148069307
85.7439051147605,108.516578904127,126.495085458819,119.534557642127,130.37981313791,9.48984615299477,12.4600525185173
85.777060277056,108.563460727071,126.704259409947,119.733225058934,130.557383232614,9.48634694700545,12.4443165853364
85.8114720805055,108.60717065419,126.888155764657,119.907656440713,130.716604369419,9.4875685489901,12.4279631888767
85.8297524200542,108.630390370371,126.985845727661,120.000318392928,130.801186290515,9.48821749199321,12.4192758894593
85.8336491026242,108.635339942729,127.006669562748,120.02007044475,130.819215982841,9.48835582229514,12.4174240831441
85.9282017140446,108.746150692052,127.43150125908,120.423545956719,131.190227523369,9.49543652914467,12.376276123789
85.9633330633943,108.785720932338,127.575475991994,120.560387606139,131.31661563548,9.49870953487118,12.361640257884
85.9493226004201,108.789733670269,127.9533129964,120.905404287542,131.612406613257,9.50339959782069,12.2848391145948
85.9620711786207,108.818498065682,128.439293955703,121.350061186439,131.986129052154,9.507511318617,12.1881679856956
85.9682542451217,108.825606411476,128.484992285498,121.392422205449,132.022087730811,9.50782991807407,12.1805734822227
86.0187716907794,108.877893910115,128.695889684695,121.590510945897,132.191929030425,9.50881578702053,12.152644874981
86.3008645256394,109.15942009835,129.59349963296,122.442738153955,132.928975235949,9.51070913083888,12.0594208230047
86.5269110057345,109.378302791142,130.151132147438,122.979356994497,133.3982536618,9.5101169744665,12.023225652138
86.5678034702532,109.417936067484,130.260714769338,123.084360793674,133.489046872777,9.50969601776267,12.0152776682517
86.5693274902979,109.419441058574,130.271405524003,123.094290915018,133.496907876123,9.50944215030754,12.0139188183479
86.6123070632933,109.461883987492,130.572900292429,123.374334721931,133.718599558114,9.50228272031403,11.9755972825986
86.6640478541754,109.512549693123,130.873241622718,123.653376528397,133.941066861085,9.49647539331661,11.9405539630978
86.6949714888464,109.542629361593,131.023350456666,123.792879343023,134.053175936546,9.49432449023092,11.9248162096302
86.7942456571713,109.638142964601,131.426565966872,124.167545839063,134.357015996768,9.49112054036611,11.8858370164143
86.9558144625685,109.790391137791,131.925148257723,124.630954670405,134.739022201713,9.49297620570838,11.8436954619282
87.2419131216131,110.050432570542,132.591015686567,125.251857432923,135.260811631778,9.50439757579451,11.7924585836535
87.381447512593,110.156088207896,133.029353168884,125.648610340068,135.567729367981,9.5120638031826,11.7287538923272
87.4836565464412,110.220149428368,133.328572068042,125.921467298949,135.77622682625,9.5185544592741,11.6782293597455
87.5859742983343,110.28700562955,133.569202172559,126.145803641759,135.954311191772,9.52459452601864,11.6423577872703
87.6511232689323,110.331075899672,133.694915790106,126.266346130356,136.054318749409,9.52799407003604,11.6271632568802
88.033384501818,110.593835494204,134.374733416581,126.92967144145,136.61791850006,9.54550382187137,11.559161993983
88.0790820118306,110.625541290195,134.451932254077,127.005873821917,136.683661082004,9.54742543726915,11.5525221105361
88.1967063758489,110.707906541219,134.644307853472,127.197757658748,136.851114694137,9.55170323614743,11.5390251982551
88.3150660966228,110.791273161761,134.833807467967,127.388097691042,137.018477520077,9.55557727324946,11.527758756119
88.5774422432798,110.963617233252,135.289018992083,127.845002385786,137.412508221535,9.56258251815293,11.4955047537148
89.128932218555,111.267736941617,136.420268082816,128.980439487546,138.346630757146,9.55997998381988,11.4131398794215
89.3638174593893,111.426522568227,136.828690144813,129.38797505864,138.685317459302,9.5564067135937,11.4014210727186
89.9928572927605,111.908443896244,137.777966798126,130.316201816541,139.454934664563,9.53746667594574,11.4017240553273
90.1492856445185,112.023941200989,138.029377198152,130.553282692179,139.638343727742,9.52508112194926,11.3987283470275
90.3840943279912,112.179737201921,138.454599365396,130.941628659849,139.917463120506,9.49182204242491,11.3843153727778
90.4059196666167,112.194580562371,138.491464499754,130.975360844704,139.942797834343,9.4888960276945,11.3833132230499
90.4654634378386,112.235076138361,138.592039760645,131.067388809643,140.011915864103,9.48091329007524,11.3805791635628
90.7869848479345,112.455276562923,139.12377199069,131.55878326752,140.397046246944,9.44078301495479,11.3671837258101
90.8781195250238,112.517970518351,139.272430546776,131.697063754208,140.508372696942,9.42994807833612,11.3636350892382
91.212290589492,112.749838655736,139.824999120107,132.218197445065,140.944197273725,9.39345384436844,11.3498253146852
91.5969965187704,113.02162519977,140.480419077666,132.84257467893,141.478111099993,9.35412558710478,11.3318741182473
91.9344303806038,113.253759046552,141.128962905087,133.460191753161,142.00168623933,9.31329613153876,11.3047223662837
91.9401679586437,113.257171267739,141.143753934368,133.474113678792,142.012984542581,9.31215702076966,11.3036467664507
91.9818228301173,113.28194402621,141.251136948483,133.575186992095,142.095010332292,9.30388706568561,11.2958379013708
92.3624153580793,113.54010995828,142.227755692147,134.496365041748,142.843136166304,9.23570850278977,11.2287582455065
92.5777496679929,113.720621993777,142.764837505601,135.002490505922,143.25046245863,9.20432822739922,11.1962524718413
92.6227769559884,113.76310055938,142.873957367437,135.104995478292,143.331990747023,9.19867521555408,11.1902865716685
92.6760303485111,113.813339599495,143.003012504734,135.22622724179,143.42841356387,9.19198944627668,11.1832307520133
92.8432764106334,113.971133420772,143.408305399372,135.606949066736,143.731218952781,9.17099477385266,11.1610743746178
93.0064790241018,114.157836095613,143.772460299535,135.944408323422,143.987748889683,9.15604356921945,11.1460345122161
93.6451865227128,114.953058176763,145.120541580754,137.181354172817,144.892672936654,9.10797442437939,11.1026736831078
93.6462477961631,114.954448108084,145.122699641514,137.183320493961,144.894071314328,9.10790565172131,11.1026181061676
93.7898524586108,115.177928507081,145.462635815996,137.483555399753,145.077220180197,9.094904730356,11.0905519878953
94.3248704316053,116.110528371945,146.744783836015,138.596088029831,145.658236515133,9.04866554233121,11.0578833982246
95.2979258302079,117.541112054578,148.526829801847,140.212828190081,146.577886234016,9.00715665837823,11.0936301169059
95.338755883674,117.597762573084,148.598027702211,140.27846659796,146.617048627363,9.00554921916827,11.095680712465
95.4716292128295,117.768263750399,148.821351476531,140.488515679178,146.751831379989,8.99959050331109,11.103264124081
95.854379803001,118.251529946871,149.459891265113,141.091554358824,147.14425108441,8.9820125554928,11.1256258391929
95.8721295395315,118.273941010058,149.489503010471,141.119519770129,147.162449217977,8.98119739295475,11.1266628449136
96.1994944612462,118.692610220808,150.096877165478,141.692372366648,147.5228575871,8.95482992230606,11.1416576831126
96.8380072966649,119.499900797294,151.352629979885,142.879611711778,148.283812210638,8.87722155410283,11.1630280040283
97.0774593493989,119.800368817945,151.807887100772,143.308937405666,148.572793979901,8.84269794446274,11.1696883866091
97.3051489520397,120.093596669421,152.226291376085,143.698463897692,148.84218515823,8.8043034641063,11.1741314247783
97.5013836026313,120.346924811588,152.586506998266,144.033500050095,149.073811529714,8.7710300242083,11.1778886535728
97.5051649148081,120.352466374347,152.593029057398,144.039221514734,149.077680158363,8.77019048986309,11.1778830317481
97.5325030999463,120.392530844452,152.64018233428,144.080586642034,149.105649625388,8.76412081238432,11.1778423869985
98.0343669224035,121.157625372316,153.494891618712,144.815064134375,149.591004953316,8.64589345868811,11.1744589614823
98.2161322368526,121.490755816252,153.783799933438,145.033979837212,149.713619112684,8.59020046394252,11.1682426844927
98.3479785045142,121.815597536412,154.017688964564,145.177709046757,149.749319872579,8.52479864202159,11.1543795162841
98.3412765633737,123.088589613031,154.194357064563,144.73818782208,148.738163442865,8.19099210651475,11.0389842264547
98.3051739676983,123.765638461564,154.164441685376,144.339093551705,147.973891426448,8.03836220508541,10.9929310010357
98.2996597417933,123.911365153809,154.159863802782,144.254496574775,147.807126049495,8.00678810279842,10.9839784322942
98.3067738146533,124.71541672523,154.247022693901,143.861060284192,146.815191208471,7.83423600676638,10.9432301900014
98.2545410904166,124.935014705682,154.256770910646,143.68842283794,146.387261469311,7.76864068338874,10.9234720672275
98.2558053891164,125.345579746478,154.404962137997,143.512032090622,145.70077436856,7.65248523334391,10.8968860113236
98.3388088026742,125.626091209476,154.589958139788,143.496009627198,145.336761978961,7.57835939517687,10.8850329880703
98.3591888190235,125.682038774979,154.630594039325,143.49756633952,145.269122222957,7.56381793131343,10.8829475863088
98.5370164984235,126.021567891074,154.908813669062,143.557378985637,144.930796756167,7.47890631845162,10.8723356466085
98.5768549872271,126.083164501223,154.963711496324,143.575278198134,144.879516588786,7.46396871221848,10.8706964536423
99.4734514555874,127.196629482636,155.818023372954,143.738775171777,143.794763092898,7.13138486839029,10.7898211710051
99.4863387781022,127.211245176124,155.823929868494,143.735444672898,143.776335189269,7.12613494831075,10.7878221611646
99.6465219865208,127.392911202833,155.897344761703,143.694048176811,143.547285227628,7.06088097167484,10.7629754321759
99.8973387669414,127.683754087136,155.981061586541,143.627991209898,143.253821367847,6.97323294098056,10.7276535236989
100.879958179221,128.896314465292,156.310244001332,143.464820294609,142.402760724418,6.69326803960789,10.6076545290927
101.848708402084,130.373737941407,156.719159123201,143.218622872425,141.304709519417,6.37511920583501,10.4246075964137
101.984145392358,130.584439015146,156.82235567084,143.232667033831,141.212517816953,6.34139283867492,10.4039518964997
102.965831230233,132.087192001459,157.667667300304,143.452568064645,140.739991905481,6.13107741640099,10.2742942493285
104.323485472324,134.397164881105,159.054835398931,143.741660053221,140.096350848552,5.82617074539482,10.052824723911
104.834758772857,135.264687018204,159.542836882937,143.871091986985,139.965427919953,5.72238881798776,9.98379203705935
105.967152378667,137.137621040383,160.541144109802,144.242639719911,139.820839764222,5.50404850406356,9.86304703789269
106.313595732771,137.7810151837,160.838225681188,144.32992754332,139.68769629173,5.41268622520894,9.81156224576678
106.794936798979,138.619030113264,161.246773588654,144.500360487469,139.569191952659,5.30254650398314,9.75653819858477
107.164730879489,139.230395053764,161.558418416368,144.65048598633,139.507139423734,5.22764337038994,9.72227671197473
108.456035431613,141.270469558553,162.6188008091,145.133245418172,139.24278387976,4.9923241225867,9.61051082302271
108.960800322796,142.170123286686,163.023275965171,145.202162541505,138.925710825336,4.86873997275793,9.5304227798974
109.582673964445,143.217257480689,163.525450069632,145.333265265012,138.665299734432,4.73930814901981,9.44592806472363
109.662383496462,143.344769506267,163.590571784585,145.356986256182,138.6469089554,4.72482934772246,9.43685362098489
109.745563229361,143.477832842114,163.65852861131,145.381739954511,138.627717523096,4.70972020338141,9.42738411605506
110.217171201901,144.224261017766,164.044800881623,145.530844988178,138.534780864853,4.62605878850604,9.3758280226925
110.286510131171,144.33091015347,164.101969872974,145.556153303819,138.527253768798,4.61453295193906,9.36907278209426
111.18524441031,145.84409433677,164.853852925999,145.805427895726,138.239510368557,4.42006904667478,9.2420202570065
111.379444371901,146.172986650715,165.019107761805,145.860545920831,138.171500503261,4.3760113989522,9.2135644992854
112.044943732912,147.234612465233,165.576867553284,146.068959517798,137.990006069703,4.24264999633285,9.13240691505719
112.128824608964,147.360329400934,165.645440207979,146.095969120986,137.971510970183,4.22798000459695,9.12406465637265
112.699307213855,148.174147131964,166.100013194081,146.275884200222,137.85915156787,4.13895712463282,9.07633954279496
113.11137481355,148.729231844928,166.415033771438,146.392366050199,137.777208612636,4.08325482031858,9.04831615569321
113.292632428511,148.979210045269,166.552226916163,146.433786147208,137.723961016701,4.05657158072425,9.03377135651749
113.559392737394,149.393829923895,166.743073070471,146.41581385502,137.50728130433,3.99976371426677,8.99453213810149
113.871405551856,149.869193182662,166.970321872237,146.410842010951,137.287853552866,3.93940575313132,8.95339414176395
114.880448756905,151.367008952243,167.743092212937,146.542850612354,136.840432649137,3.77592221522833,8.84860730921966
115.400331597219,152.129556562929,168.158099908341,146.683948232396,136.726238712256,3.7013897279514,8.80486870133254
115.658469167313,152.506712419028,168.366744222658,146.770547143963,136.694038293625,3.66582909726491,8.78503298931287
116.130478376656,153.227175282861,168.748909805677,146.910885475921,136.593604391626,3.5919687762924,8.74035487969011
116.937084866783,154.573894818327,169.3962427311,147.082524508766,136.262703015207,3.43248869197458,8.63138974036175
117.046282523903,154.75207715591,169.482640589153,147.108080821805,136.222985881347,3.4120641276679,8.61761150916088
117.609996142552,155.615520656336,169.894932839162,147.219582618642,136.017517094033,3.31861873710541,8.5549048806199
117.629736967989,155.645475665498,169.909202291488,147.223385123681,136.010319550352,3.31540635109137,8.55275107305047
118.892072468964,157.242865658642,170.267107154822,146.546985930879,134.49296395542,3.12810437997972,8.38597900058253
118.892314901826,157.231382217243,170.221451795497,146.460395145442,134.386264321554,3.12597236796731,8.38018039222126
118.485428682925,156.413226711932,168.953504285747,144.646656297631,132.49052683874,3.14745678135151,8.32364292410192
118.437493368107,156.332132240446,168.848956994056,144.523793947567,132.379877454179,3.15100473048934,8.32270157263274
117.904476265595,155.641521108321,168.023189374265,143.645253483531,131.599726860044,3.1618215220613,8.29919597583833
117.464981570294,155.077360775251,167.328130013666,142.968783641495,131.023821277841,3.16578884733528,8.2797989115091
116.856281177448,153.684456516907,165.354514404899,141.076949243737,129.351585042264,3.18812230714096,8.24129830488548
116.843212302101,153.599272399437,165.225824275193,140.948909857718,129.23251127307,3.19065965468481,8.23933280866582
116.787942033491,153.405987449956,164.964269340146,140.676060576556,128.964804567733,3.19542875647474,8.23110044198775
116.78680382799,153.402030675701,164.958923028441,140.670479687466,128.959324943827,3.19552612503589,8.23093092048198
116.563838894492,152.412957261521,163.622793000053,139.251699951883,127.553683142812,3.22737555326381,8.19249672894745
116.541855743856,152.267421853204,163.426240795578,139.038763530057,127.34053871178,3.23338274391854,8.18753447731677
116.516307731849,152.0982859354,163.197815027,138.791296624541,127.092830065589,3.24036408073927,8.18176753033372
116.489190258444,150.946213622845,161.637372926385,137.045696522121,125.324937797972,3.30681121364276,8.15661541291036
116.49135291426,150.876715953918,161.542809688114,136.938665334531,125.216193865949,3.31128485136854,8.15555953839953
116.546496363974,149.90235769744,160.208356165707,135.423924185294,123.676890622948,3.37624584025613,8.14510883901503
116.565214181657,149.654709222409,159.867540379424,135.036246091544,123.282865614582,3.39318112259736,8.14327716101129
116.453586094019,149.005023849886,159.026167150732,134.098812102473,122.332066831467,3.42389874505264,8.12826927502537
116.395034225787,148.666768012086,158.588251982756,133.610955762424,121.837261025725,3.43985478837146,8.12042798772436
116.329729012104,148.251346977824,158.044280143842,133.010480407135,121.2309680437,3.45944596410997,8.11334652315882
116.219687870313,147.466184870568,157.010168143251,131.872416483955,120.083191599463,3.49647017574904,8.10220973609399
116.170231556977,147.015796621869,156.410877492161,131.216387412117,119.422894777916,3.51770421829631,8.09811130269489
116.148766353371,146.497337321167,155.71202381935,130.453807810469,118.655666887944,3.54215267229642,8.09731426252489
116.141307183001,146.203322221978,155.314513742379,130.020370184234,118.219628397133,3.55601792258661,8.09738336580088
116.144373140268,146.122351530973,155.204444958741,129.900215103341,118.0986432912,3.55982194958422,8.09783241128663
116.185101098845,145.636292166719,154.541114242607,129.175500294021,117.368449958211,3.58259432523074,8.1024027938426
116.107494970142,144.852316503761,153.539827882323,128.089647254096,116.273605731545,3.60710462346503,8.09553477895471
116.044480817993,144.126154279041,152.630254649509,127.102727541611,115.281758822464,3.62761680126337,8.08906545880743
116.04008497774,143.401121986139,151.721496776259,126.114573373299,114.295656201718,3.64867509208402,8.08709834653348
116.057823135287,143.001199748666,151.219157370135,125.568050607028,113.75322033048,3.66037755395803,8.08758416312912
116.10266975482,142.660402574806,150.787604404408,125.099761157949,113.294472635137,3.66988858324365,8.0903990985245
116.105383196492,142.639782664924,150.761493321497,125.071427336606,113.266716136955,3.67046404742527,8.09056941599961
116.280397744539,141.430720804016,149.233987370746,123.427847523822,111.677354240097,3.69723486690578,8.10210562840678
116.304178649018,138.012618500876,145.184335024468,119.178296977902,107.66422606187,3.69268908834226,8.10733038057559
116.234855749229,135.951930577472,142.806371906686,116.592523089859,105.133673286693,3.67667295594711,8.11055337064295
116.242629706353,135.746987991175,142.555347317092,116.313993976706,104.858185388941,3.67586314169995,8.1125969945923
116.243329659463,135.728535329493,142.532745514756,116.288915716562,104.83338095436,3.67579022748238,8.11278099881526
116.386589309692,134.651689500689,141.117021998781,114.722850087496,103.29691033502,3.67257353827384,8.13503334493781
116.440043516576,134.409252015482,140.777774211049,114.35143808698,102.937012162581,3.67165432449099,8.14249139801733
116.36340767062,133.428227589183,139.487093480551,112.986844377931,101.631740941262,3.65867438693961,8.14583389515016
116.492851101551,131.515122118947,137.084109064206,110.602754936486,99.4529713627198,3.61298042720972,8.18223942774272
116.585682164258,131.233824883698,136.764180116612,110.303101293189,99.1859000729151,3.60411047579505,8.19426860370572
116.611184341311,130.969219820882,136.477275910902,110.03192487371,98.9370588792699,3.59574895687245,8.19938258033773
116.601386592575,130.78951922089,136.288589954388,109.852453104236,98.7691088431872,3.59006256244453,8.2001354332077
116.591043216665,130.599811267856,136.089396258996,109.662986725071,98.5918058316296,3.58405949819702,8.20093021172766
116.589278963946,130.567453092457,136.055420116031,109.630669754532,98.561563546818,3.58303556534264,8.20106577580044
116.584959738958,130.226654914894,135.688050690251,109.277345797661,98.2244600668717,3.57201427840613,8.20368408211482
116.581810485682,126.602770717848,130.432262842924,103.835501989074,92.6610428898327,3.43604351314234,8.25956240526621
116.667403721468,126.294568003842,130.082823189278,103.482060242316,92.2861386818744,3.42228252110314,8.27365369741828
117.00921134109,125.653244701929,129.697130902691,103.147398510017,91.9151639227325,3.3971167883247,8.3135397103801
117.293400208684,124.937692925003,129.531190010242,103.087473945599,91.8379718840927,3.37606260325448,8.34211890211145
117.681026150093,124.42734421529,129.605259796624,103.285262805864,92.0359671568349,3.36482419504494,8.37516976085344
117.830691921464,124.281214861408,129.659195106065,103.384574175463,92.1386697493655,3.36250517354741,8.38739154409041
118.08688518479,124.058731095383,129.755702753033,103.557749744882,92.3207009006076,3.35980572843842,8.40824844398803
119.464784900793,123.196948080819,130.193137742623,104.422289061048,93.306710098085,3.36652892631861,8.5236667968573
120.629846222575,122.09249646665,129.827964611852,104.607330435146,93.7699301568088,3.38738299441562,8.65378607765485
120.950088003157,121.854003527092,129.654792878904,104.580922713469,93.830704412587,3.39455516213491,8.70217816354322
120.959473904176,121.847233406908,129.649512143515,104.579909454295,93.8322623853869,3.39476609234015,8.70366354512001
121.626932757114,121.36438454359,129.270278973823,104.500048615125,93.933662936595,3.4088461486825,8.82368019451882
121.867811767704,120.689681697998,128.808767101104,104.273997211724,93.8509068398715,3.41214250519274,8.92122296134867
122.123489542388,120.125415037364,128.569140826363,104.224733723389,93.9155210912524,3.41522788769256,9.0230556876796
122.169753205149,120.036986838382,128.543825871221,104.229073999221,93.9375226238625,3.41584226342265,9.0406939236491
122.234490312086,119.920462945387,128.515730003555,104.24024370465,93.9720965258779,3.41680000204168,9.0647272648109
122.40769185976,119.675656081756,128.508558965795,104.317420775406,94.0997401608375,3.42027216706021,9.12301436211187
122.583296913931,119.453789654089,128.520180577558,104.408045905194,94.2374649269129,3.42450732488446,9.17920178012816
122.831279806603,119.109137770218,128.544450875094,104.55068786757,94.4500471015326,3.43244256635054,9.26207711457861
123.175866681246,117.880932321157,128.279636718832,104.692934051474,94.7849848953373,3.46290301115514,9.45974809146007
123.353805150006,117.605597004417,128.204124507611,104.772744286707,94.9051527100816,3.47552261914107,9.52047640221994
123.572186164126,117.341721832651,128.12387712377,104.872758275078,95.0353395854714,3.48890510408487,9.58547205813385
123.698490572705,117.205038573555,128.08024761993,104.931194470464,95.1066432445409,3.49611886177214,9.62094754428848
123.744965770245,116.849715501034,127.88275164588,104.911660827547,95.095043708685,3.50348745144129,9.66292445568973
123.75244310141,116.780327136942,127.843707351494,104.906873990105,95.0916615611008,3.5048618473532,9.67083686940709
123.818643235304,116.444402770584,127.669208548274,104.909135842189,95.0893785971224,3.51131172956724,9.71187068300035
124.527140466864,115.083637964485,127.256351153722,105.20143411784,95.2895236182533,3.54132259477774,9.9119856656493
124.529009236133,115.061004070254,127.248003173816,105.198768531346,95.2861812287632,3.54159246692167,9.91343997239852
124.542723589747,114.894900509922,127.18673977964,105.179206568099,95.2616524053682,3.54357298001784,9.92411270623739
124.722319759276,113.951133470257,126.893656254184,105.100934647094,95.184678285321,3.56268389683459,9.99589642238259
125.184090786108,112.983777015161,126.705054479524,105.200850885487,95.3656039293728,3.601536996108,10.1220381808988
125.346673235517,111.744908671104,126.291908406416,105.207105272146,95.4835985296581,3.63864858842879,10.2523310429656
125.416904773396,111.555242181216,126.249377558283,105.244395712047,95.5387773190135,3.64602183805,10.2804491409924
125.46057858006,111.46985329888,126.235536460436,105.26930794847,95.5718509757448,3.64975121837205,10.2950180220513
125.694308010917,111.074885597097,126.184297345411,105.402143992546,95.7430677682247,3.66798101806929,10.3668844445907
125.855782757999,110.855112876852,126.168450336554,105.493498389258,95.8564025429546,3.67909503233469,10.4113093547534
125.871967480396,110.659838173755,126.099710767035,105.485967009868,95.8635724596381,3.6840446600442,10.4300140846289
125.964010913071,109.921049565958,125.846036349853,105.469491214519,95.9073475903339,3.70346369375493,10.5042466733558
126.729887448066,106.615393743425,124.891199156878,106.191627627235,97.0098015142694,3.7259287385455,10.9088183271547
126.793137016556,105.860299752588,124.731103160798,106.349566810917,97.2527596088504,3.7229525421222,10.9821996312504
126.859756459737,105.232349727931,124.61982349406,106.506660290386,97.5025155747005,3.72339294005396,11.0518761499323
127.090239685576,104.087563794169,124.394425291343,107.001338431565,98.2613422691695,3.73347656849624,11.2525219275861
127.158785918863,103.198241039774,123.768443894044,107.102622419784,98.4938517110429,3.74269271555785,11.4369537119554
127.384018229508,103.15364586833,123.71496174974,107.154399873945,98.512889347016,3.74721823587123,11.4870894713233
127.421499139159,103.151566682779,123.71103534635,107.162785830534,98.5148659499635,3.7478899294318,11.4942438096095
127.47009543392,103.14887089138,123.705944523894,107.173658736822,98.5174287367357,3.74876082126881,11.5035198473423
127.657770916203,103.057840237797,123.619568128887,107.13427592932,98.4036845242734,3.74978789614452,11.5420988280786
127.954704429212,103.016839394483,123.610299519294,107.115435734497,98.257241548149,3.7473940554504,11.5866094304774
129.110833210045,103.827160512736,124.812075168876,108.19277888498,98.9438967418653,3.68526719057037,11.7578536032973
129.162096047064,104.24159219323,125.47454318309,108.931998618191,99.6129545822027,3.62812361143374,11.8162480195199
129.353494436886,105.589585798858,127.329124858888,111.158494115674,101.80096845985,3.48943093455702,11.9619464156954
129.288826839812,106.463252927263,128.61527825559,112.714431411544,103.322005370815,3.3786800532702,12.0270973023425
129.294595248915,106.497881836891,128.664157846041,112.770692628882,103.375894528784,3.37510220035359,12.0293600948028
129.377872938374,106.928532347171,129.268633883337,113.462871230498,104.037491465372,3.33184748602165,12.0573849091544
129.520721164732,107.381049907586,129.883297776295,114.151621158956,104.689065786557,3.2938072301341,12.087820576577
129.566330735083,107.509302913686,130.053358743246,114.341228660414,104.867456071399,3.28438275568946,12.0969679416922
129.522753032326,108.907794258555,131.956008177855,116.52231519786,106.872152999261,3.16502732158655,12.1837003468072
129.520451145612,109.645924067773,132.830445474016,117.521248439342,107.745264638374,3.13292384634457,12.2414941770036
129.389533080854,111.960264963678,135.5198857694,120.511386744218,110.061992235282,3.09930676091444,12.4044779451549
129.356366527353,112.034263923182,135.616589761485,120.627749092623,110.151775087862,3.09804359099264,12.4082816904014
129.225476257121,112.722248573431,136.489554254728,121.697846204358,111.034475944475,3.09027134170473,12.4550002895431
129.279688686139,113.315932329649,137.215990987731,122.557787553947,111.744071562284,3.09149493389626,12.50584289124
129.128011040416,113.542353092901,137.535482196482,122.931349828375,112.003776261624,3.09200272528655,12.5200356353715
129.033845587437,113.704269164914,137.762660239004,123.177052387682,112.153889330835,3.09515878572553,12.5307319335063
129.014698071886,114.564082202177,138.89296984835,124.27033067612,112.785465267234,3.13642081780573,12.6120004871668
128.922201905998,114.619785325513,138.99553508608,124.36089240203,112.812882181082,3.14304512094369,12.6171364193673
128.889583557996,114.646730367227,139.041353373999,124.403102054875,112.831378704391,3.14606216353443,12.6200687473943
128.742920593871,114.872549437819,139.384365944373,124.738546409625,113.035537017958,3.1685017788707,12.6482871072751
128.646322328012,115.393903554022,140.0825326108,125.486823644862,113.637701357495,3.21620740344515,12.7211729725401
128.562925407828,115.435918525885,140.155715843572,125.569747319992,113.700870146829,3.22416846575369,12.7279245839482
128.440724670642,115.552970868458,140.33533052556,125.769167579571,113.860876190527,3.24386338474183,12.7473162311866
128.361770008482,115.997679532947,140.999625537736,126.492926544128,114.489553093327,3.32723224386551,12.840828273896
127.977780590084,116.308531554719,141.730939249295,127.350931611165,115.266427673117,3.49624897001315,12.9625579427149
127.873966862813,116.827007727526,142.371198869119,128.003586313306,115.773591724089,3.60814227071956,13.0161487285759
127.743549798646,116.875466517595,142.454483925846,128.084784192764,115.82267084566,3.63228613317117,13.0161886774406
127.742464584726,116.876002098439,142.455371209972,128.085664119083,115.82325345502,3.63251902319544,13.0162024801776
127.649205189404,117.023937249314,142.684561369657,128.327341266053,116.013837718026,3.67569436327736,13.0294967535458
127.671960146993,117.121673300083,142.830163445679,128.488741185918,116.153343160756,3.6947211289254,13.0425627291978
127.697660707324,117.174981387917,142.908867837992,128.577763899201,116.232066055856,3.70329450169804,13.0504907880443
127.60587550527,117.198545623625,143.010304372509,128.707299253315,116.337072563845,3.72144962679412,13.0568324557955
127.579604035003,117.192462770272,143.016403655946,128.717547026938,116.343975664371,3.72372179583763,13.0565697696504
127.403347476566,117.239702077824,143.235689032544,129.012077415324,116.592605146512,3.75281771458056,13.0762614931741
127.487122011773,117.439527462781,143.537016424121,129.369161371952,116.920983025082,3.77288112789103,13.1140381125498
127.19801780598,117.477434942692,143.704394627707,129.594068865515,117.130095685584,3.79710089993745,13.1367390788487
127.227985177826,117.56046673829,143.816713041774,129.725550377342,117.255609610485,3.80773273263458,13.1538401700389
127.234954201058,117.639554207912,143.937917725921,129.875190896021,117.39251919773,3.82244570937593,13.1722491208908
127.152553865588,117.608612410247,143.926786371682,129.874130055807,117.386628356741,3.82697881551091,13.1710119998972
127.037143045126,117.581264721323,143.940287403051,129.912156652566,117.411106876576,3.83722684651455,13.1726234497748
127.004976707028,117.616021905299,144.012489285504,130.010582824097,117.492596106333,3.84782268096481,13.1804634510848
127.108180089073,117.811841571644,144.260276056614,130.298370878438,117.746091079905,3.86490291535311,13.2052843277039
126.968917922181,117.801612162981,144.278653475378,130.325225628262,117.755147721557,3.86824790343595,13.1976091255417
126.885213978763,117.825211523334,144.321018110733,130.369094435117,117.781964565093,3.86963709944375,13.1927713552865
126.862693970067,117.885970831673,144.395022552471,130.441734723377,117.835913835573,3.87058736514991,13.1925356690537
126.857411908541,117.902507440204,144.415010100808,130.461328008563,117.850530729618,3.8708344664419,13.1925251621143
126.948794926801,118.134065695529,144.673443634873,130.71540475563,118.048429629892,3.87424640559982,13.2045596788545
126.971597472747,118.177364480439,144.721385369759,130.762796042324,118.08542924607,3.87497657418998,13.2072990279239
126.839484694616,118.182073869736,144.752122312472,130.785014599575,118.066664401223,3.87409616626192,13.1961933247955
126.776846750586,118.191760145613,144.778349659932,130.807767732937,118.063613931111,3.87449566815387,13.1914438083294
126.728389223888,118.338954622763,144.979764102056,131.005225080568,118.171944855539,3.88314083511637,13.1934913085257
126.62581165957,118.504698891487,145.188856917254,131.194860421963,118.280893485104,3.90267377983477,13.1929478256971
126.596453402075,118.639750939487,145.327712317215,131.307353735542,118.352393547501,3.91513207222471,13.1912013417663
126.601170209408,118.653238278143,145.341008910855,131.318936346745,118.360908423042,3.91596049680572,13.1915611573768
126.615522024649,118.694276162203,145.38146641564,131.354178722411,118.386816608795,3.91848114174359,13.1926559672338
126.687282315371,118.83465999456,145.520326808155,131.478765115795,118.47906135334,3.92563308258964,13.1975314023986
126.493236692134,119.027233503602,145.766547647751,131.659261961071,118.469325679095,3.93597867420924,13.1473994896214
126.394373424396,119.130732767782,145.940729439047,131.817894585477,118.492481141527,3.93552501654266,13.1053446187892
126.342081651994,119.1612949147,145.989826441226,131.864643380159,118.49590214079,3.9346017535058,13.0896234011927
126.368599360281,119.225130320897,146.055485792877,131.931201913955,118.537135986257,3.93559741224876,13.0885117010218
126.415438595546,119.39221651454,146.217188896452,132.095784834179,118.62515360125,3.93907265013711,13.0871901745093
126.354066309518,119.381008960946,146.205682658974,132.083091913373,118.592499543457,3.93870811158778,13.0800962440857
126.200512706657,119.632491861365,146.489407516912,132.401931365823,118.611662863111,3.94983421919622,13.0597801283127
126.199386278777,119.632073865282,146.489146080711,132.401734031598,118.611047177275,3.94983545264553,13.0596543557691
126.125402636447,119.609977730649,146.481080153574,132.400903961755,118.574998937459,3.95055303810523,13.0510399595631
126.052622383685,119.611234809085,146.505071554148,132.441109389323,118.553264092195,3.95344394688226,13.0417605103614
126.077092715463,119.692066271014,146.599921887996,132.557525630455,118.60174858851,3.95951442403094,13.0431344004068
126.10007107236,119.723670345306,146.631250257953,132.593625324689,118.623507319305,3.96129728096322,13.0456071228652
126.13096298271,119.765671107274,146.672713440095,132.641324322793,118.652482064236,3.96365026855463,13.0489473624066
125.946776425315,119.752542643687,146.658011680612,132.66024179996,118.542044085044,3.97468532537937,13.0355747437453
125.942131215976,119.76076536725,146.664949040907,132.671045635974,118.53936437336,3.97623911609337,13.0360773365204
125.940681730829,119.763331175334,146.66711376589,132.674416851068,118.538528199573,3.97672395894928,13.0362341649235
125.938169184149,119.767778763221,146.670866113805,132.680260536535,118.537078770666,3.97756438860812,13.0365060122647
125.936854766911,119.770105480664,146.672829122422,132.683317610448,118.53632051437,3.9780040521732,13.0366482268689
126.065477123662,119.942433067649,146.83152961192,132.872901856371,118.635200023643,3.99154929742886,13.0566473313705
126.043198789279,119.937217406332,146.826460030267,132.872674601236,118.619397414132,3.99329965491901,13.0553311938984
125.879008712231,119.844340792703,146.740789760418,132.800963142949,118.499103056139,3.9978980895773,13.0395701209704
125.897358907787,119.894161409976,146.783897773242,132.854581143925,118.509853923082,4.00500999219676,13.038023803667
125.952224233769,119.964446782003,146.843271092881,132.918124871547,118.547545999674,4.00978294413998,13.0410008790774
126.035414150024,120.06582256661,146.927609891378,133.005335701384,118.605201973279,4.01532371386029,13.0465279851941
125.807060856997,120.19831627566,147.000990661305,133.052842836279,118.421584094012,4.0474245587199,13.014446638745
125.796758152279,120.192629748697,146.995834212389,133.047456669339,118.414197389392,4.0477003520513,13.0133928666922
125.737796801252,120.161733872503,146.967387415084,133.018597784055,118.371656077312,4.05018063764067,13.0069643388144
125.695230829933,120.150483708338,146.951171992896,133.002806504396,118.339212955476,4.05384983820307,13.0013278587947
125.7563812836,120.548815178597,147.060170109921,133.094027623756,118.327592416039,4.07650595531118,12.9881472575766
125.710734656852,120.677628960539,147.056075186202,133.071938977909,118.276719819556,4.08001937087256,12.979018532598
125.682167548282,120.909382035784,147.089175765552,133.077248289371,118.23993830382,4.08482293651784,12.9723936482924
125.678369021627,121.113577790738,147.136067188057,133.101599909144,118.231273564152,4.08833743615795,12.9708884733087
125.160040034577,123.160462603618,147.60058947928,133.310001688461,118.114040678973,4.09936038063359,12.9702665430205
125.106319522469,123.378350682105,147.66565879769,133.353805696062,118.121314869751,4.10002263085824,12.9717823365052
125.079342219673,123.513014506474,147.709096885294,133.385220554539,118.130094564601,4.1005068091241,12.9731121649576
125.028708229683,123.835253464571,147.819076680024,133.468837303858,118.158850099608,4.10178292909561,12.9769007314327
124.885344413637,124.456180997575,148.008950486617,133.611860353161,118.178332785046,4.10278648300014,12.9755833814116
124.630484994532,126.915873456762,148.750772760943,134.195543486642,118.165455005401,4.07201121634776,12.9774428006047
124.597244066866,127.082575226199,148.783861451945,134.21177307934,118.13564323772,4.06522558180075,12.9787668310822
124.583180077161,127.218485194102,148.816656222463,134.230941767987,118.11984226365,4.05954461465274,12.9818217556814
124.589254589717,128.029791060424,149.057177284796,134.394633156888,118.093631729452,4.02668115481155,13.0118225912485
124.61457166585,128.201970769579,149.120638129873,134.443565774107,118.107314263788,4.02024280247505,13.0210413966575
124.709575725128,128.72843086086,149.324377363371,134.605351770577,118.164913801998,4.00135949234368,13.0507862725702
124.680175083567,129.494872382211,149.530137028402,134.736538879162,118.122972000619,3.96376649834745,13.0805019600156
124.640196760565,129.926367065305,149.632027314843,134.799894032719,118.085172656489,3.94179896584765,13.0934110408645
124.827828103627,131.199564230225,150.101730621794,135.202641028625,118.232048735017,3.89679086218644,13.1559790418298
124.854501494502,131.309789047166,150.148360596605,135.24488693744,118.253788663684,3.89352173102999,13.1624617866854
124.857423233351,131.431616267477,150.18534638542,135.275102594879,118.257809522166,3.8883349315623,13.1675409245729
124.753433202548,131.94343970071,150.275149580642,135.327485485475,118.186238329313,3.85908208404773,13.1794117325763
124.869837868972,133.298937385882,150.708356440251,135.677091455741,118.279008279617,3.79935847025998,13.2354749899093
124.913269012786,133.495973567839,150.785026483941,135.742118409171,118.311456703165,3.79208731414352,13.2452047182742
124.861048655598,134.030428663039,150.893765292469,135.801492875413,118.262444826612,3.76169511671898,13.2545782298212
124.957255610189,135.791169620032,151.417309118267,136.176744827683,118.29126000724,3.68301932161291,13.3271678343896
124.960312744281,135.805257115358,151.423040255784,136.18149191078,118.293405205648,3.68255761942394,13.3281504416423
124.874565956239,136.674638474008,151.628190255098,136.297463113844,118.209140262795,3.63685573904553,13.3702443562302
125.041588755536,138.43907660095,152.215985558852,136.741802415713,118.312473865784,3.55462660701137,13.4455517073418
124.951287917332,138.779895013903,152.255817012555,136.74206625367,118.234542380952,3.52931888044728,13.442402679804
124.927306501095,138.977925607381,152.294928972342,136.761214321312,118.210752040161,3.51661737842885,13.4447090233629
124.903408889401,139.175264170686,152.333904252964,136.780295474847,118.187044836189,3.50396026259576,13.4470073072614
124.959584227939,141.393851355223,153.044164333899,137.293906639024,118.210358846313,3.39907798542928,13.6306475730472
124.956391138332,141.680630242555,153.128110184174,137.351195974492,118.203196546094,3.38464892197467,13.6495444969136
125.068150739709,143.444532424853,153.632281077218,137.709552522435,118.223446303878,3.29524714420444,13.6628429773761
125.018147162896,144.430984853082,153.816069726404,137.80428286358,118.115798403065,3.23770752668918,13.6505505148687
125.031057701375,144.537704103223,153.856170157261,137.836703216887,118.127061816106,3.23380121749825,13.6625442185512
125.07912631318,144.898824246661,153.997661642811,137.952676935683,118.171599234907,3.22121313514613,13.7071418556231
124.890681343483,145.791944413035,154.644601996629,138.518151158072,118.541881939739,3.19998215434414,14.1684953286847
124.816130801054,145.925417436365,154.878532394228,138.740162346163,118.760771542722,3.19896335886913,14.3265468261736
124.751478001661,146.089105463963,155.185341657436,139.034352236101,119.0717166494,3.19671476226872,14.5042512226433
124.682177142691,146.36466781833,155.699196442265,139.527440743952,119.622491351437,3.18965805070551,14.7574829270546
123.85557492902,147.687860036751,157.839968041258,141.372455389145,122.116684802974,3.05148125965269,15.5793494450651
123.632170483737,148.362117168163,158.491902179028,141.800053565024,122.7492579756,2.99143643574338,15.8436775417137
123.634075207793,148.838602129016,158.905975344355,142.078840562452,123.063543532572,2.97542714471208,16.053154869865
123.605827842578,150.221360234807,160.335967532588,143.221270512297,124.123760348778,3.0103087798586,16.8162515035981
123.650298761906,150.932440412979,161.091295256769,143.805674850438,124.73601975038,3.02899285220072,17.1373326989747
123.530982111627,151.095865794866,161.268758932763,143.898309126359,124.845949045807,3.03248146791708,17.2553907573951
123.315902967733,151.595753385072,161.79173184923,144.19575093452,125.154979959403,3.04531862595234,17.616432549916
123.289301518401,153.591426342291,163.971390556091,145.914948343903,126.436885684828,3.13122939255815,19.131696139513
123.296062218228,153.626813589886,164.013384699311,145.955028866359,126.466241101644,3.13298149690135,19.1512123295055
123.591009939065,154.460488330862,164.994442112409,146.910887962369,127.24545070409,3.1710444752392,19.4653989455168
123.659052919212,154.849035063,165.502073833297,147.39927147511,127.742776980476,3.19056191763445,19.5419137860862
123.639862885987,155.018965632704,165.742736783056,147.619813910144,128.032996970536,3.20129038679674,19.6082542803523
123.637301017927,155.290573175149,166.102587891744,147.946227720388,128.487899679574,3.22032740010021,19.8114032080442
123.647097763403,155.57125108111,166.456180181359,148.269361518347,128.926774427924,3.24162174044137,20.0657347591211
123.205784374762,156.153633484279,167.22544405044,148.94865340677,129.944031121495,3.31052407694641,20.5977496064444
123.19619545311,156.721478156741,167.817240576498,149.473337034011,130.642430177523,3.35511858452221,20.4491771693148
123.307901386557,157.208954772054,168.285389173919,149.87623082151,131.174354984327,3.38601470640351,20.120764068946
123.197998268938,157.776868291646,168.825494265368,150.289116928927,131.849116536172,3.42983919253727,19.4479516859825
123.161029643958,158.108614370843,169.191456023768,150.605108351474,132.285807405935,3.45688966538585,19.4005923749662
123.114106279449,158.363786072117,169.518942051987,150.909153323981,132.666303346263,3.48149317249525,19.5899794828756
121.557264238859,158.532483600332,173.044215927967,154.43460508678,136.586101234282,3.94986290311019,24.4908145458031
121.587975291294,158.531268344555,173.097807892378,154.471351914467,136.642105698624,3.9589158341706,24.4980404536437
122.291105613442,158.636251759923,173.970340942296,155.008859451884,137.524186888801,4.10198352563983,25.1443640406323
122.294432230112,158.636994050661,173.974004163783,155.010966912108,137.527797872428,4.1025753634226,25.1491886316411
122.46864393029,158.671183453124,174.167670517736,155.119431736374,137.718650668104,4.13472416331593,25.4222435681865
122.528491646212,158.620544978262,174.258536056819,155.131375064253,137.807511905537,4.16115007519947,25.7877082764556
122.769149601359,158.42905577594,174.67259840725,155.203222308087,138.198390520322,4.27609679093824,27.6969884961002
122.894669779437,158.362473527947,174.967089681468,155.295415502588,138.457857538403,4.3455876692282,29.1146944749001
122.961643570896,158.34718930022,175.146994880217,155.368268078791,138.610923579608,4.38270370615142,29.8553263586516
123.07093875363,158.337348378493,175.450002783608,155.500929064128,138.864958664316,4.4416430775493,30.9806016501498
123.184135863612,158.340946169736,175.80344685816,155.666377798584,139.151566736614,4.50546003554088,32.0404587077026
123.107075570147,158.172344094328,176.0025037752,155.674740819423,139.278779912924,4.56292151727199,32.7778440213969
123.262941553918,157.9482545869,176.986208153208,156.01218677376,139.913170939125,4.74439156649767,33.0213007895155
123.454721211401,157.996508329801,177.411105291372,156.234715655485,140.196236980108,4.8003525664384,32.7018342746793
123.427390452868,157.759319331948,177.82171237368,156.321238023249,140.372681153278,4.88165360184869,32.254670474708
123.436349943235,157.704451330212,177.98476343629,156.377456964276,140.453988431478,4.90898913722131,32.1942004537442
123.44687608251,157.688037778195,178.067948401473,156.412110924219,140.499298635045,4.92157013102349,32.1925082361689
123.490604015069,157.431675936965,179.671348560442,157.064426460422,141.430198552999,5.13648732040295,32.5073052493371
123.745469325364,157.447698318918,181.947980573095,158.092017903353,142.714408628578,5.3991563790277,31.7864035068474
123.84212596377,157.502276566963,182.509508921649,158.363344703224,143.057321973453,5.46628165946953,31.794842377596
123.79414437098,157.415330480162,182.832676320797,158.459017209421,143.233506455615,5.51632830879623,31.7418596344631
124.025216099755,157.330967219139,184.733038917042,159.388664004109,144.653028753078,5.7576487466757,31.1577790450959
124.232903340362,157.601265680653,186.206135125715,160.182739269266,145.920189698443,5.89648357740563,30.7648086870283
124.252410571916,157.730607978398,186.98655158045,160.531939293801,146.571388231256,5.96665955095728,30.454879770274
124.268853498971,157.747313293623,187.056931503302,160.571616761235,146.629125613303,5.97286782823034,30.4367432106303
124.390595410687,157.844880831384,187.475823516104,160.825621179276,146.968989402276,6.01072789017413,30.354899734334
124.415032737577,157.836442112725,187.726331331886,160.959145589116,147.157378951339,6.03873501624785,30.2951146285303
124.500509774249,157.76639868275,188.836477736916,161.583747556673,147.942229065424,6.16943535725785,29.9645363788611
124.721179086018,158.052161153693,189.299557240124,161.904458116437,148.293054808624,6.21092724978422,29.6538510118284
124.786809154151,158.263768891329,189.295278511833,161.844115595501,148.249483213181,6.22486595852533,29.1742046789973
124.985832245548,158.509622978094,189.199509319479,161.756466393692,148.151244063475,6.23585738649268,28.7848382967895
125.26600519176,158.712833584423,189.07619554465,161.664967055857,148.029720484619,6.25640495852922,28.44017880013
125.522439005441,158.424751819333,188.419890615236,161.120271248866,147.376759203081,6.32233592336275,27.8229727627821
125.525439221548,158.419233894609,188.411996507418,161.113934037196,147.368805415979,6.3232929786224,27.8164521651131
125.956093895166,157.888227091177,187.983456085966,160.860258708125,146.93419307412,6.42757456071438,27.3616765553042
125.96701369656,157.878157540314,187.980207828078,160.861287945029,146.931461929468,6.42975374687628,27.3538639066454
126.121026451685,157.742468160783,187.947673702632,160.889309867384,146.908240826458,6.45956176772375,27.2485276004235
126.20671473409,156.590709003693,187.442162383895,160.749422597747,146.642418560967,6.55355672987065,26.597164244777
125.51658511669,155.517806211471,186.696961086516,160.412892261946,146.644007856213,6.54183161901135,25.6690285337459
125.480307164741,155.479609840268,186.664913738575,160.394837877686,146.638684553995,6.54117454671747,25.6393921960678
124.824770011087,154.716244147933,186.075611201937,160.195203066522,146.631640180352,6.53782100875893,24.9974442237216
124.204444784713,153.8934991387,185.42186998959,159.922415642441,146.474779384781,6.52436414161858,24.3984372822422
124.082587920441,153.697302872403,185.267126355834,159.876803754334,146.467588138701,6.51984832323449,24.2227993144175
123.93297080008,153.400167815473,185.026525944896,159.819864537042,146.4991675329,6.51097104452428,23.9038166824702
123.528342097818,152.680064669071,184.385391136261,159.536352182873,146.489174727914,6.48711586897384,23.1747924050843
123.248329413416,152.311351129949,184.036031641654,159.30407883261,146.387830549108,6.47693518618305,22.8961873930995
123.147285998594,152.184675104972,183.914387293387,159.221173474349,146.353417377753,6.47391938266396,22.8021678558301
122.483861893614,151.517190058728,183.255566063376,158.768059344421,146.187979357826,6.47335994819028,22.3443210515525
122.03260198951,151.232435632834,182.958196981248,158.587012161672,146.136795240115,6.49474233792967,22.1713532244457
121.32381214608,150.787979139,182.502126590681,158.245840639751,145.819732324903,6.52096661307867,22.0103376231303
120.72415628342,149.768319385396,181.200839644817,157.6589831308,145.092369763602,6.56747298519555,20.7899451401915
121.014703014872,149.283338260712,180.54171465917,157.346519899489,144.797194575073,6.53102379877102,20.6962136396258
121.307482134037,148.709449093826,179.668452612879,156.932643929729,144.295108403059,6.46316536616703,21.4518979385589
121.872438632025,148.794566224602,178.978908425954,156.570628290976,143.672783869753,6.38242336848362,20.8870711477007
122.122268634226,148.81489357806,178.552276247755,156.203405895888,143.299669377834,6.3397550117447,19.8109479605882
122.363532233881,148.867248406069,178.270634060894,155.953293951424,143.078748159191,6.30871164243129,19.0006959945748
122.459687189774,148.894352540665,178.179130457653,155.872617446422,143.01405721717,6.2977478470973,18.733574998498
123.84049842078,149.343535997606,176.792105091329,154.751260371899,142.286729087748,6.10293710255701,16.1948325082898
123.995115770961,149.502212508455,175.895570116242,154.300788561798,142.01780251275,5.90737057176915,15.48761419848
123.830884563754,149.57728590753,174.70238671784,154.024796777737,141.971467771401,5.6418223019957,10.1345822194342
124.00351589767,149.67839716538,171.868346600811,153.398534690324,142.732075054516,5.5015658685801,7.26214097684718
123.909161502556,149.535367652029,171.301609825057,153.163580740468,142.814539371815,5.48845022885065,7.45006054875815
123.883120893156,149.476250978189,171.009011686598,153.045957411061,142.879150030779,5.48095501506702,7.50578221932164
124.162745117785,149.574154656012,169.791736405476,152.604660903723,143.439053981316,5.4477526332121,7.06202457172074
124.045751493758,149.427707505639,168.82996127283,152.027599260866,143.451250295987,5.43164755292925,6.83837703987508
124.070157353444,149.404165161703,168.350576071435,151.801789667718,143.582147793645,5.43176257142218,6.93201370196121
124.082891221728,149.136856427906,167.336450292334,151.435834924826,143.95096733189,5.4291342369116,7.27968330631781
124.055354905636,149.027977890975,167.133264972953,151.370641382028,144.008617303859,5.42551353328187,7.31191163211184
124.043252702522,148.976209073089,167.037254741805,151.341089910364,144.037488800379,5.42375693736667,7.32648051153314
124.036347435911,148.72118126701,166.564111102518,151.259999075326,144.259486062542,5.41264660732572,7.36147780990647
124.145876102237,148.536917738161,166.180543704715,151.330179844741,144.59568755336,5.39844606449596,7.32621035038614
124.284796687111,148.454389957231,165.940396829307,151.46435761178,144.882157662416,5.38519090407179,7.27579289750474
124.218711535753,148.038234938528,165.013503253342,151.488840398331,145.061846592837,5.33351176062895,7.25815135560579
124.223531950988,148.02907801116,164.970778868721,151.497490252456,145.073843281519,5.3310322213228,7.2658855257519
124.270660806648,148.035275289473,164.844985908493,151.542580438386,145.127740224398,5.32436411972335,7.31509978829473
124.297591378423,148.03891522667,164.773405638755,151.568305374252,145.158472905859,5.3205719182443,7.34319479963302
124.606634976076,147.041480289976,162.357775183552,151.307837994017,145.585678486844,5.28939766107541,7.76334902356079
124.598070073873,146.990171613687,162.292576989838,151.28543427635,145.586769072193,5.28954410449574,7.76515352226694
124.7584195223,145.816076104432,160.346969979339,150.890296931572,146.270092488125,5.30510383813151,8.06810733837598
124.670579057665,145.301793366581,159.292799513683,150.509196828305,146.568911840744,5.293833176051,8.20285550003421
124.786756468653,144.114830054066,157.632584733913,149.956563295925,147.31758674721,5.30777656115873,8.49300992249057
124.994544490741,143.769059268055,156.935932265149,149.801177462087,147.613166425927,5.33254512277441,8.67302703469338
125.212841750551,143.957010262005,156.533902969258,149.799580525163,148.005380405495,5.34501602089165,8.7951479862342
125.221434623382,143.978994617342,155.752101969749,149.567852109811,148.540635183589,5.35796551958209,8.90489440582989
127.334224364132,143.656915018219,154.706197775038,149.640113562263,150.053851836551,5.33121511446812,9.14932504168759
128.384747077827,143.540454872213,154.268719831544,149.483990921456,150.362292898145,5.23353760401142,9.25242178515188
129.121532879646,143.319438257049,153.825215797564,149.291101475779,150.705698142096,5.17107073633874,9.33344540078313
129.42005078406,143.180235759607,153.520607190936,149.073236263562,150.786209737158,5.14543684171192,9.35586367860456
130.647279042463,143.403091975628,152.823266214478,148.373608850546,150.934604120123,5.07472192396225,9.42650495027569
131.715216459742,143.549367590495,151.948129268707,147.470779591501,150.729597898573,5.01969493273888,9.52372404424246
131.537919836277,142.59117772857,151.444431202739,146.662507599171,150.169760832494,5.11563529181732,9.67239433463644
131.354553208553,142.511444046919,151.663822470891,146.35491670984,149.832246012215,5.15816387466676,9.71497337878049
131.452721977624,142.984838028512,152.729446266337,146.146288726774,149.606153072287,5.24095259690589,9.90917446087492
131.277610812741,142.793890310672,153.407239319316,146.136037343491,149.752262742746,5.30769477365322,10.2224451974061
131.249912098326,142.736604538941,153.447788081471,146.163596728533,149.800825471375,5.31373378129979,10.2555366945033
131.22448163051,142.684009896731,153.485016307139,146.188899276653,149.845411400128,5.31927825485539,10.2859183302468
131.130806151042,142.459594710085,153.647865366612,146.374684439147,150.111764174436,5.34303844271632,10.4222236582905
131.067298488984,142.309464798781,153.784758832184,146.566396734421,150.358392220668,5.36094066724298,10.5306660095477
130.049324576007,141.381554514437,154.066915411845,147.052451554005,150.998196689651,5.42036371900587,10.9529226192758
129.805418726912,141.313179615392,154.316161886627,147.313604657473,151.290300521856,5.44083841165956,11.1216271443725
129.732201177116,141.310328858598,154.425276937142,147.422372005342,151.409551104018,5.44824501775688,11.1892720247862
129.640721269171,141.298736036308,154.5398766332,147.535758231018,151.534109384212,5.45608771755278,11.2637509377458
128.80379185641,140.891272440943,154.864323743692,147.82517521958,151.84081942442,5.4704649345312,11.5986695679212
127.710475440835,140.381411028985,156.241180775785,149.094205542429,152.849754593255,5.44631129166382,12.2848820041745
127.541331848259,140.308577240984,156.449291738936,149.258185724788,152.941496023435,5.44123883828334,12.375729441212
127.397344972741,140.287877310308,156.730114998258,149.475554245141,153.070676927491,5.44165126805428,12.4971843961453
126.396847601954,140.362667048916,158.800907833059,151.021968057411,154.010745138494,5.57391377655707,13.9629679645428
125.746842921939,140.214382021025,160.757990590794,152.948397192201,155.26097399599,5.80624536013481,17.0129714640696
125.920181292523,140.390966281885,162.404810558949,154.679128054022,156.133560090767,5.90317864716203,20.3607301898341
125.872007538223,140.394203848512,162.633783937145,154.873214766876,156.155832863263,5.91995595410759,21.1134656896988
125.956036871705,140.950560278859,164.187509660328,155.989025225487,156.81865888817,6.09820308491121,26.2893570398624
125.767560768237,141.080918811941,166.01270398363,157.108533121198,157.921324832608,6.20007871891856,30.9609655752672
125.988374525044,141.497759320669,167.032665408843,157.828262834321,158.3723020532,6.25803509565596,32.2337533734622
NaN,NaN,NaN,NaN,NaN,NaN,NaN
NaN,NaN,NaN,NaN,NaN,NaN,NaN
NaN,NaN,NaN,NaN,NaN,NaN,NaN
NaN,NaN,NaN,NaN,NaN,NaN,NaN
NaN,NaN,NaN,NaN,NaN,NaN,NaN
NaN,NaN,NaN,NaN,NaN,NaN,NaN
NaN,NaN,NaN,NaN,NaN,NaN,NaN
NaN,NaN,NaN,NaN,NaN,NaN,NaN
NaN,NaN,NaN,NaN,NaN,NaN,NaN
NaN,NaN,NaN,NaN,NaN,NaN,NaN
NaN,NaN,NaN,NaN,NaN,NaN,NaN
NaN,NaN,NaN,NaN,NaN,NaN,NaN
NaN,NaN,NaN,NaN,NaN,NaN,NaN
NaN,NaN,NaN,NaN,NaN,NaN,NaN
NaN,NaN,NaN,NaN,NaN,NaN,NaN
NaN,NaN,NaN,NaN,NaN,NaN,NaN
NaN,NaN,NaN,NaN,NaN,NaN,NaN
NaN,NaN,NaN,NaN,NaN,NaN,NaN
NaN,NaN,NaN,NaN,NaN,NaN,NaN
NaN,NaN,NaN,NaN,NaN,NaN,NaN
NaN,NaN,NaN,NaN,NaN,NaN,NaN
NaN,NaN,NaN,NaN,NaN,NaN,NaN
NaN,NaN,NaN,NaN,NaN,NaN,NaN
NaN,NaN,NaN,NaN,NaN,NaN,NaN
NaN,NaN,NaN,NaN,NaN,NaN,NaN
NaN,NaN,NaN,NaN,NaN,NaN,NaN
NaN,NaN,NaN,NaN,NaN,NaN,NaN
NaN,NaN,NaN,NaN,NaN,NaN,NaN
NaN,NaN,NaN,NaN,NaN,NaN,NaN
NaN,NaN,NaN,NaN,NaN,NaN,NaN
NaN,NaN,NaN,NaN,NaN,NaN,NaN
NaN,NaN,NaN,NaN,NaN,NaN,NaN
NaN,NaN,NaN,NaN,NaN,NaN,NaN
NaN,NaN,NaN,NaN,NaN,NaN,NaN
NaN,NaN,NaN,NaN,NaN,NaN,NaN
NaN,NaN,NaN,NaN,NaN,NaN,NaN
NaN,NaN,NaN,NaN,NaN,NaN,NaN
NaN,NaN,NaN,NaN,NaN,NaN,NaN
NaN,NaN,NaN,NaN,NaN,NaN,NaN
NaN,NaN,NaN,NaN,NaN,NaN,NaN
NaN,NaN,NaN,NaN,NaN,NaN,NaN
NaN,NaN,NaN,NaN,NaN,NaN,NaN
NaN,NaN,NaN,NaN,NaN,NaN,NaN
NaN,NaN,NaN,NaN,NaN,NaN,NaN
NaN,NaN,NaN,NaN,NaN,NaN,NaN
NaN,NaN,NaN,NaN,NaN,NaN,NaN
NaN,NaN,NaN,NaN,NaN,NaN,NaN
NaN,NaN,NaN,NaN,NaN,NaN,NaN
NaN,NaN,NaN,NaN,NaN,NaN,NaN
NaN,NaN,NaN,NaN,NaN,NaN,NaN
NaN,NaN,NaN,NaN,NaN,NaN,NaN
NaN,NaN,NaN,NaN,NaN,NaN,NaN
NaN,NaN,NaN,NaN,NaN,NaN,NaN
NaN,NaN,NaN,NaN,NaN,NaN,NaN
NaN,NaN,NaN,NaN,NaN,NaN,NaN
NaN,NaN,NaN,NaN,NaN,NaN,NaN
NaN,NaN,NaN,NaN,NaN,NaN,NaN
NaN,NaN,NaN,NaN,NaN,NaN,NaN
NaN,NaN,NaN,NaN,NaN,NaN,NaN
NaN,NaN,NaN,NaN,NaN,NaN,NaN
NaN,NaN,NaN,NaN,NaN,NaN,NaN
NaN,NaN,NaN,NaN,NaN,NaN,NaN
NaN,NaN,NaN,NaN,NaN,NaN,NaN
NaN,NaN,NaN,NaN,NaN,NaN,NaN
NaN,NaN,NaN,NaN,NaN,NaN,NaN
NaN,NaN,NaN,NaN,NaN,NaN,NaN
NaN,NaN,NaN,NaN,NaN,NaN,NaN
NaN,NaN,NaN,NaN,NaN,NaN,NaN
NaN,NaN,NaN,NaN,NaN,NaN,NaN
NaN,NaN,NaN,NaN,NaN,NaN,NaN
NaN,NaN,NaN,NaN,NaN,NaN,NaN
NaN,NaN,NaN,NaN,NaN,NaN,NaN
NaN,NaN,NaN,NaN,NaN,NaN,NaN
NaN,NaN,NaN,NaN,NaN,NaN,NaN
NaN,NaN,NaN,NaN,NaN,NaN,NaN
NaN,NaN,NaN,NaN,NaN,NaN,NaN
NaN,NaN,NaN,NaN,NaN,NaN,NaN
NaN,NaN,NaN,NaN,NaN,NaN,NaN
NaN,NaN,NaN,NaN,NaN,NaN,NaN
NaN,NaN,NaN,NaN,NaN,NaN,NaN
NaN,NaN,NaN,NaN,NaN,NaN,NaN
NaN,NaN,NaN,NaN,NaN,NaN,NaN
NaN,NaN,NaN,NaN,NaN,NaN,NaN
NaN,NaN,NaN,NaN,NaN,NaN,NaN
NaN,NaN,NaN,NaN,NaN,NaN,NaN
NaN,NaN,NaN,NaN,NaN,NaN,NaN
NaN,NaN,NaN,NaN,NaN,NaN,NaN
NaN,NaN,NaN,NaN,NaN,NaN,NaN
NaN,NaN,NaN,NaN,NaN,NaN,NaN
NaN,NaN,NaN,NaN,NaN,NaN,NaN
NaN,NaN,NaN,NaN,NaN,NaN,NaN
NaN,NaN,NaN,NaN,NaN,NaN,NaN
NaN,NaN,NaN,NaN,NaN,NaN,NaN
NaN,NaN,NaN,NaN,NaN,NaN,NaN
NaN,NaN,NaN,NaN,NaN,NaN,NaN
NaN,NaN,NaN,NaN,NaN,NaN,NaN
NaN,NaN,NaN,NaN,NaN,NaN,NaN
NaN,NaN,NaN,NaN,NaN,NaN,NaN
NaN,NaN,NaN,NaN,NaN,NaN,NaN
NaN,NaN,NaN,NaN,NaN,NaN,NaN
NaN,NaN,NaN,NaN,NaN,NaN,NaN
NaN,NaN,NaN,NaN,NaN,NaN,NaN
NaN,NaN,NaN,NaN,NaN,NaN,NaN
NaN,NaN,NaN,NaN,NaN,NaN,NaN
NaN,NaN,NaN,NaN,NaN,NaN,NaN
NaN,NaN,NaN,NaN,NaN,NaN,NaN
NaN,NaN,NaN,NaN,NaN,NaN,NaN
NaN,NaN,NaN,NaN,NaN,NaN,NaN
NaN,NaN,NaN,NaN,NaN,NaN,NaN
NaN,NaN,NaN,NaN,NaN,NaN,NaN
NaN,NaN,NaN,NaN,NaN,NaN,NaN
NaN,NaN,NaN,NaN,NaN,NaN,NaN
NaN,NaN,NaN,NaN,NaN,NaN,NaN
NaN,NaN,NaN,NaN,NaN,NaN,NaN
NaN,NaN,NaN,NaN,NaN,NaN,NaN
NaN,NaN,NaN,NaN,NaN,NaN,NaN
NaN,NaN,NaN,NaN,NaN,NaN,NaN
NaN,NaN,NaN,NaN,NaN,NaN,NaN
NaN,NaN,NaN,NaN,NaN,NaN,NaN
NaN,NaN,NaN,NaN,NaN,NaN,NaN
NaN,NaN,NaN,NaN,NaN,NaN,NaN
NaN,NaN,NaN,NaN,NaN,NaN,NaN
NaN,NaN,NaN,NaN,NaN,NaN,NaN
NaN,NaN,NaN,NaN,NaN,NaN,NaN
NaN,NaN,NaN,NaN,NaN,NaN,NaN
NaN,NaN,NaN,NaN,NaN,NaN,NaN
NaN,NaN,NaN,NaN,NaN,NaN,NaN
NaN,NaN,NaN,NaN,NaN,NaN,NaN
NaN,NaN,NaN,NaN,NaN,NaN,NaN
NaN,NaN,NaN,NaN,NaN,NaN,NaN
NaN,NaN,NaN,NaN,NaN,NaN,NaN
NaN,NaN,NaN,NaN,NaN,NaN,NaN
NaN,NaN,NaN,NaN,NaN,NaN,NaN
NaN,NaN,NaN,NaN,NaN,NaN,NaN
NaN,NaN,NaN,NaN,NaN,NaN,NaN
NaN,NaN,NaN,NaN,NaN,NaN,NaN
NaN,NaN,NaN,NaN,NaN,NaN,NaN
NaN,NaN,NaN,NaN,NaN,NaN,NaN
NaN,NaN,NaN,NaN,NaN,NaN,NaN
NaN,NaN,NaN,NaN,NaN,NaN,NaN
NaN,NaN,NaN,NaN,NaN,NaN,NaN
NaN,NaN,NaN,NaN,NaN,NaN,NaN
NaN,NaN,NaN,NaN,NaN,NaN,NaN
NaN,NaN,NaN,NaN,NaN,NaN,NaN
NaN,NaN,NaN,NaN,NaN,NaN,NaN
NaN,NaN,NaN,NaN,NaN,NaN,NaN
NaN,NaN,NaN,NaN,NaN,NaN,NaN
NaN,NaN,NaN,NaN,NaN,NaN,NaN
NaN,NaN,NaN,NaN,NaN,NaN,NaN
NaN,NaN,NaN,NaN,NaN,NaN,NaN
NaN,NaN,NaN,NaN,NaN,NaN,NaN
NaN,NaN,NaN,NaN,NaN,NaN,NaN
NaN,NaN,NaN,NaN,NaN,NaN,NaN
NaN,NaN,NaN,NaN,NaN,NaN,NaN
NaN,NaN,NaN,NaN,NaN,NaN,NaN
NaN,NaN,NaN,NaN,NaN,NaN,NaN
