93.0363353428909,129.687100876834,176.941519002042,167.547479624045,148.00596043493,5.48943711243107,11.7104233898273
93.3569779606744,130.006925734987,177.30756161596,167.940062500376,148.372434333157,5.50119816278254,11.7480436826409
95.8593772865356,132.502942998589,180.164277284751,171.003907013202,151.232515885033,5.59298522675545,12.0416446893508
108.66102150566,144.913409266066,194.723232882455,187.16740447708,166.260152738974,6.00146423299582,13.5978122507961
98.7883790470696,134.66543428108,183.402487125978,175.648592553584,155.442913588956,5.5660465498871,12.5204057525117
96.2474357491951,132.03944385009,180.492315442511,172.671268083525,152.649692231124,5.45487227184215,12.2448229923989
90.2540110624913,125.839786610895,173.628008437855,165.657810227985,146.069744325091,5.19049435101646,11.5991128033292
84.4097446206876,119.767762808198,166.934682298001,158.862831427619,139.693975184921,4.92252889903549,10.989922626491
83.2797819374901,118.562425602462,165.638798670808,157.596761276607,138.503276567063,4.8610116673045,10.8873024452496
81.5235565081,116.678955020468,163.624126742417,155.64436213767,136.666192332345,4.76227239131177,10.7326917595837
81.0619425647646,116.164915681284,163.093151844462,155.159310304236,136.207937896581,4.73053104131593,10.7003315733225
81.7503018154499,116.699659001165,163.867481185345,156.226104145209,137.191874809988,4.70717343874077,10.8496878322513
91.6859761377998,126.235383366791,175.160016288254,168.883568280642,148.987305296835,4.92068681829735,12.1488532505407
94.697996140074,129.102561331761,178.571427351205,172.733474642858,152.570896074289,4.97439286257238,12.5211633643555
94.8020551558765,129.195391957679,178.688164777478,172.874217054669,152.701175574495,4.97397937641875,12.5336885954063
96.0332053322752,130.293696036314,180.069316634814,174.539378346005,154.242547347269,4.96908731063226,12.6818779694717
96.2329005139811,130.457108395084,180.291053514098,174.828581311327,154.508662555145,4.96296158335573,12.7054607635572
95.8587312655222,129.963475073841,179.846466955403,174.529808649085,154.214873161027,4.90660649811919,12.6555002211631
91.4578637510046,125.142256030199,174.785191989953,169.773257232927,149.717052970214,4.60138320582019,12.0966254889374
91.3523137255093,125.02928595204,174.66439176097,169.656153316848,149.606690869718,4.59504537308761,12.0832210235725
85.7567471204014,118.880669915849,168.247303627735,163.710143147756,143.993355377828,4.20965575441581,11.3294644406659
85.7858962955681,118.873444093043,168.275468096919,163.798790235651,144.073794639654,4.19938150740959,11.3238056460815
87.253175767474,120.024466512955,169.886492433383,166.012232397423,146.124913299357,4.15826417716821,11.4069127646316
90.6016510522183,122.466046109996,173.525174179392,171.272807896283,150.963077802745,4.09459364178257,11.5012013532994
89.9424106942219,121.721627649574,172.809010566852,170.678446746105,150.386362402005,4.06312006296587,11.4009406783812
89.0444060130244,120.760357003553,171.870438776031,169.850983582621,149.581819248216,4.03243374663385,11.2835064524643
88.5913723066649,120.275406298173,171.396939399042,169.433537313489,149.17593587754,4.0169528299822,11.2242621481366
88.3593469971788,120.033767657667,171.164027818374,169.226914055271,148.972729253024,4.01119162283748,11.1971860579443
87.4433161595224,119.088948951997,170.257559346797,168.420937475772,148.17683108522,3.99139690034195,11.0947365189012
87.0567063121772,118.692743939888,169.883251757345,168.092069818425,147.849082599569,3.98444197613693,11.052934356312
86.6211513980476,118.263117959403,169.515719458953,167.795566286358,147.533302898966,3.98577570044736,11.0152525015564
86.2233618780119,118.006927429495,169.763601730502,168.379114842981,147.846088716998,4.08395441221925,11.0552962905652
86.2919238834607,118.085125406935,169.869313896483,168.495151015123,147.942623726145,4.0921579315124,11.0657244381044
86.4199313616424,118.23112355599,170.066681924034,168.711794295558,148.122857705537,4.1074741669413,11.0851941263065
86.7221163143167,118.575778761993,170.532605078777,169.223220193292,148.548332820793,4.14363092859284,11.1311558692572
86.7387347185255,118.594732781627,170.55822812601,169.251345625138,148.57173146253,4.145619338918,11.1336834961815
86.7666786307454,118.626604040396,170.601313380991,169.298638649714,148.611076370896,4.14896285872204,11.1379337108236
87.147663603555,119.061967568717,171.169490502491,169.890974950995,149.089792730462,4.19858860241865,11.1841692103689
87.4244667038743,119.403227694042,171.610964711002,170.256909005405,149.317600107771,4.27268465859204,11.1641120716458
87.4031837934569,119.386462762772,171.59104272639,170.212824042176,149.264600760993,4.28082403968626,11.147368062426
87.3687737358422,119.355999635184,171.554166278702,170.147783655655,149.192871602431,4.28916753722892,11.126608972058
87.3410724089307,119.328429050662,171.520244979573,170.10108204891,149.147793755455,4.29151428626989,11.1156249301776
87.2524774478441,119.24025223261,171.411757173699,169.951719996848,149.003624845732,4.29901970796428,11.0804955385036
87.167693306103,119.155868247919,171.307935857029,169.808782596826,148.865657210477,4.30620229181509,11.0468772007738
87.0599823214327,119.047812834663,171.174407077087,169.625941777772,148.695568170213,4.31520125712953,11.0028721798997
87.0569290981981,119.044732650906,171.170589086714,169.62073366159,148.690851350863,4.31545380708424,11.0015986632819
86.9104112412899,118.896921014384,170.987371639377,169.370806956979,148.464500963281,4.32757315614042,10.9404852394563
86.660584869241,118.647630698149,170.679723716962,168.952050405053,148.098046310931,4.35011169656991,10.8388779631852
86.5285926500017,118.519155553325,170.52065778074,168.725472891136,147.907102957351,4.36693361740718,10.7785987768485
87.0443937001221,119.209895722363,171.318652331137,169.226783693675,148.459768931716,4.54886532534135,10.5898632333516
87.156904314821,119.501100088513,171.627969161194,169.37043849312,148.510447611626,4.60300079099666,10.4541833939711
87.1333817246942,119.526571444439,171.640964639373,169.337340067852,148.461607892446,4.60819888122102,10.403836152869
86.9645140511762,119.744214075064,171.747895674413,169.127541532385,148.283711734986,4.64275404887714,10.0001138430455
86.9210444510675,119.867212364068,171.837474119135,169.101814281044,148.319997837205,4.66599609439291,9.84163786026721
86.9243354097537,119.993042807434,171.951320983228,169.135689781891,148.400104146298,4.68819235490434,9.73368129400277
86.9349196496945,120.058639185124,172.014732662376,169.162877906572,148.445839434923,4.69944101667033,9.68655010474381
86.8513890329718,120.198224750851,172.13399499197,169.112169408691,148.469006247262,4.74700873926231,9.47822103646218
86.8418855011635,120.198341559783,172.132479471808,169.102433915318,148.462608204079,4.74901772405,9.46842759581026
86.8073941187631,120.52016015631,172.482586520034,169.05534003795,148.433396964299,4.85971365811728,9.09444266507371
86.818035848552,120.545457081769,172.513234987103,169.066424936158,148.442581591329,4.86528017130286,9.07870393542319
86.8257952078042,120.563902197038,172.535582149758,169.074507429247,148.44927851205,4.86933896404109,9.06722812651287
86.8328821289215,120.580748829943,172.555992672558,169.081889480921,148.45539506721,4.87304601549111,9.05674682904218
86.8667545371737,120.71478483265,172.721847976941,169.109050412457,148.473911722577,4.90971835137025,8.94448251318247
86.8355187430467,120.721767219259,172.735565766799,169.064185052429,148.430683892285,4.92215070519614,8.89631179616125
86.7537768114653,120.763361897415,172.802644603333,168.945446199023,148.319991898791,4.9614979509264,8.74673939190875
86.7459548286513,120.770381213016,172.813126496226,168.933910720821,148.30971659441,4.96615087435281,8.72936271073945
86.7129590081643,120.816193821959,172.878149337373,168.884565787238,148.267774769804,4.99022614876411,8.64049166460037
86.6924153017625,120.89114808749,172.978257125248,168.851881909325,148.245681454053,5.01796097527969,8.54054105493258
86.7320398157067,121.227256510538,173.391694295698,168.890669939707,148.311795950927,5.09190786220995,8.28134059754547
86.7435263281377,121.278685324585,173.453153739414,168.903968031853,148.32789061412,5.10098746408879,8.24978533723259
86.6518154389603,121.320226690413,173.499460052152,168.780413023852,148.219091482278,5.1220422426413,8.14069232539238
86.6034829162979,121.353201640055,173.533686548501,168.71186791494,148.155684352295,5.13354003927911,8.07863807377116
86.5433360748153,121.479371420484,173.662503914282,168.608533821229,148.04819157646,5.15691123713359,7.95262083678205
86.5435375647721,121.60514474746,173.79254047716,168.582843794157,148.007614566235,5.17154444801084,7.87764851522226
86.5527064079929,121.648581704859,173.838191557896,168.585834906927,148.004047076729,5.17549853823513,7.85894629052898
86.5634003311975,121.699243655933,173.89143591379,168.589323540061,147.999886196465,5.18011032362435,7.83713327117586
86.5972176650382,121.822265034353,174.022302802101,168.608315387066,147.999727407367,5.19072903616326,7.78972741998815
86.6518152706192,122.013951013411,174.227852646198,168.637158965046,147.996360479578,5.20724926521902,7.71740756506872
86.5266899503968,122.143899869596,174.356349344544,168.393774601113,147.720200146603,5.23421903640037,7.55485307697592
86.5145487890413,122.17588705905,174.391032133597,168.363887276081,147.686225780123,5.23986139550273,7.52765816419279
86.5530315871538,122.561234170932,174.833972788219,168.323725311676,147.643762384377,5.29596075461573,7.33717815980937
86.5503481727289,122.732588436681,175.032529527904,168.298007723576,147.636965645268,5.32427561761236,7.25014628937097
86.5419600721184,122.735768803494,175.03605104134,168.286459990946,147.627673417051,5.32582534771469,7.24383480248203
86.4155553570735,122.822576316073,175.131178770928,168.120986119641,147.500918269179,5.35304013688525,7.13640956587646
86.3690370520172,122.941327305354,175.260387235431,168.077271629182,147.477157664422,5.37121818386919,7.06604942664322
86.3614662751398,122.981050451097,175.303591434472,168.074124834334,147.478097391911,5.3760242022054,7.04697946623655
86.3936181982152,123.256435741262,175.603468137723,168.175234077653,147.574112220202,5.39444069516057,6.95695965685411
86.2653354453666,123.405658117987,175.746431692875,168.109607197193,147.489166232978,5.39662066717901,6.82554237426279
86.2252143454601,123.433017253547,175.77001061589,168.086111004597,147.457890899438,5.39423673008054,6.78910945568125
86.1384516481439,123.664229821007,176.000247344672,168.108249215547,147.437735708164,5.37767212636554,6.61552419464771
86.1377087276825,123.697600106976,176.034967198179,168.121347479921,147.446448411584,5.37556021469436,6.59706071849501
85.9588394563741,123.981032226801,176.307268403978,168.056470068642,147.392859083379,5.32796295990547,6.34454158892869
85.9300427078522,123.99785711379,176.321179256484,168.034040208161,147.376371565412,5.32186420002678,6.3207768718034
85.8876137746759,124.053638666456,176.37476139984,168.009421751968,147.365626284638,5.30852583740761,6.27629170764584
85.8620114202343,124.099339129891,176.419948300943,167.997841580375,147.364405773606,5.2987862161863,6.2457691688688
85.8243993052793,124.296939695002,176.626174639665,168.017362398463,147.416218729102,5.26685554757135,6.16253747900805
85.8259871388821,124.527678405377,176.874948120257,168.082931279363,147.508346247456,5.23574523888005,6.10175415263406
85.5346160679573,124.694170553251,177.030561358921,167.826437380108,147.321414608546,5.15495055057596,5.98649327448492
85.3074124212016,125.287041373701,177.658472538641,167.685489450474,147.278436530671,4.99931664647712,5.88947437071468
85.1858972062714,125.444734824474,177.81613391017,167.561096812543,147.202243477082,4.93455840373669,5.84556627823537
85.1782328638859,125.565002840793,177.944322440313,167.568999315177,147.224928809542,4.91016546044332,5.82187532526108
85.1083882059831,125.836823704402,178.226477527039,167.551599599892,147.228685501357,4.87950589491775,5.73298147812993
84.9883588014958,125.891437596083,178.268909539725,167.451659526239,147.132249555712,4.89588398058583,5.67603728202556
84.9468853609231,125.952259756586,178.326348666797,167.436208327538,147.112846353271,4.92365566875856,5.64969802357041
84.9267416648077,125.990893640301,178.363514792582,167.432784708385,147.106465244247,4.94190350048488,5.63552928102664
84.9191727505567,126.005410169509,178.377479817546,167.431498297011,147.104067567736,4.94876005118006,5.63020543198007
84.9175336679871,126.01595996639,178.388029145746,167.434442290574,147.106197606385,4.95415375689784,5.62810331713945
84.9227526265822,126.306597268611,178.683527387793,167.565957384822,147.218640727212,5.10982356854749,5.59434443146857
84.770409977631,126.399661206869,178.747401928695,167.487353325915,147.151975400273,5.2819327399383,5.56251475276136
84.6829420280031,126.447222524069,178.776812048738,167.443886905425,147.123896814026,5.38796689598938,5.54387698297139
84.6563857852143,126.477791451701,178.801669486996,167.440226905714,147.127627183592,5.43261885904753,5.53441191764014
84.6554998931899,126.47928075252,178.802962418241,167.440382454216,147.128108409008,5.43447111507641,5.53398535694896
84.5315864885908,126.896494785481,179.199178104805,167.60728651477,147.369423036461,5.76700377533391,5.34181749311456
84.38865151981,126.924253750622,179.20553919625,167.543227055376,147.329085413034,5.80676319989742,5.2129505999366
84.3179892212319,126.987951125734,179.259766888244,167.548874559119,147.339949371135,5.8159853191865,5.10556148420162
84.3054637162991,127.00522246751,179.275461106554,167.554227622605,147.345467779578,5.81667367163138,5.08170209336376
84.283741478578,127.110497746901,179.378684249816,167.615403528441,147.397765037816,5.81290088479633,4.99077888350075
84.2803008852288,127.17579697535,179.444071036616,167.658187534748,147.433234018047,5.81000705633446,4.94617874403718
84.284666997589,127.215979017598,179.485159522435,167.687261557254,147.456646005115,5.80872189109611,4.92803126368284
84.288757867601,127.253627959744,179.523657765405,167.714502735902,147.478582086443,5.80751774344704,4.91102781140056
84.2902379084179,127.267249016128,179.537586091362,167.724358354922,147.486518367878,5.80708209341049,4.90487611180289
84.2968013242748,127.327653199872,179.599352898332,167.768064261825,147.521712745504,5.80515015185509,4.87759567316675
84.2693495657462,127.338845720706,179.605543030578,167.757274701964,147.506720969438,5.8041052412503,4.86037507995982
84.250687258958,127.339337200819,179.602614978844,167.745299382225,147.492962623141,5.80364106059238,4.85221079637364
84.241374580007,127.339582454343,179.601153851554,167.739323577126,147.486097069841,5.80340942977142,4.84813673667859
84.238001450169,127.339671287211,179.600624619086,167.737159090775,147.483610309284,5.80332553115989,4.84666107834312
84.1611375514614,127.341695532017,179.588564937802,167.687836690611,147.426944209635,5.80141372382133,4.81303508163711
83.8782382517165,127.820597590748,180.068013151323,167.755888843103,147.398783829742,5.94625174444107,4.88030854855079
83.8178578466508,127.823284601847,180.070568516051,167.714129347564,147.356100681748,5.96003950377609,4.89543305392083
83.545682208355,127.935640266241,180.212104109104,167.58352399097,147.225533372581,6.01785330663483,4.9891380741987
83.5382262954378,127.94374688338,180.222330253957,167.582786646743,147.224947859249,6.01915659815627,4.99285169883428
83.4872443132832,128.196213996504,180.530375375902,167.685272959022,147.331564571919,6.01456991147435,5.06151511132679
83.3798928600794,128.287155912772,180.638906818537,167.654097133868,147.315525178481,5.98595139227159,5.09844733934942
83.1469683607521,128.402925171633,180.759910261662,167.540578192854,147.233147884665,5.92269692197924,5.19210428456761
83.129395501831,128.496748268862,180.86149943112,167.57974038442,147.274868205953,5.91505880590648,5.24118352003775
83.1284431463329,128.531906326212,180.899897945682,167.599031952152,147.294559623144,5.91474668809086,5.25872094552674
83.1350508335689,128.624950408484,181.002053008002,167.657567325197,147.353247691765,5.9180532450891,5.30374910388988
83.1375084399649,128.659556424711,181.040047683836,167.679338468724,147.375075627571,5.91928305747847,5.32049649008488
83.1338574560384,128.662519460864,181.042963774652,167.678580855855,147.374824924233,5.91967247470955,5.32385336497702
83.0803418933541,128.652035321395,181.026846269467,167.636156281667,147.339244246438,5.92318272748484,5.34505888630482
82.995773253481,128.63546762836,181.001376379527,167.569114315625,147.283017433602,5.92872984850772,5.37856917763956
82.9528756188116,128.632052067422,180.993804502425,167.538010630261,147.25897306565,5.93352018849431,5.39860187964436
82.8054351398084,128.663553547981,181.013569043374,167.454833044818,147.213544379291,5.96277753080969,5.49033228892873
82.7743086437997,128.684752217317,181.033010746956,167.444908490236,147.216089721924,5.97221169142161,5.5165685635927
82.7452136675666,128.740520878036,181.088341024069,167.453587220991,147.247336582513,5.98653101701501,5.55592045008107
82.5377953977277,128.956670283251,181.275783824801,167.394566379221,147.335586832999,6.02645170281667,5.70042833084783
82.4152430117736,128.993979403569,181.29017657874,167.312932862819,147.311392730231,6.026761607199,5.73544456820312
82.3491148452006,129.065709803096,181.351058558873,167.299640971891,147.331401504456,6.02663349771515,5.76580040468427
82.1436102698643,129.28557304343,181.57455368189,167.362898114913,147.367170825899,6.05145550662012,5.88085306360567
82.0277473859215,129.27064164316,181.561134247364,167.330842831396,147.301529169875,6.06741398180831,5.91889310941662
81.9635622616424,129.270603585874,181.565114454457,167.328108208021,147.274071693569,6.07945517686659,5.94685551295828
81.9356060049861,129.27521786146,181.57323262954,167.335279262105,147.267129580439,6.0864639399356,5.96287752392859
81.8408991814878,129.317244256648,181.634388517423,167.40122182248,147.273242127551,6.11705326405784,6.03693602120628
81.5694563531019,129.34562051721,181.686159282209,167.495328824261,147.27633358359,6.1684254472327,6.22671273280079
81.5170260740038,129.327890215317,181.665387881183,167.480472208599,147.259997441495,6.16910481014763,6.25086401799376
81.3334500880997,129.290285281093,181.618800660387,167.460071822807,147.23909580583,6.16455028234094,6.35689069614594
81.2913218239498,129.319407752111,181.650152519542,167.50445732668,147.28587393222,6.15448335063846,6.41328605494248
81.2810196028162,129.334012294504,181.666233911732,167.52505361527,147.307332742737,6.150311007917,6.43338634933279
81.0749606216713,129.33899895943,181.706819520748,167.54264421673,147.279649210894,6.07375650866779,6.6163450019681
80.9122912473763,129.401355983513,181.789171825021,167.515862965135,147.179146362259,6.06020496757269,6.65224959215213
80.8625815683758,129.46333348597,181.845554190929,167.527671082142,147.172112565422,6.0498669766941,6.65169703632985
80.8439970044241,129.687448353772,182.064312573611,167.665705196418,147.258047406657,6.01950235166161,6.64715831752516
80.7365806906164,129.686870589328,182.041456954871,167.602568560845,147.173102677616,5.99708221455227,6.63250908630563
80.7225872824769,129.685067831588,182.036778621007,167.593187852956,147.161285384896,5.99439616109211,6.63064113283639
80.560365496195,129.691783016758,182.009854548572,167.506469203562,147.031028982009,5.95617334954842,6.60469949438242
80.4047098733346,129.806659022055,182.09311907676,167.511380636009,146.941399356607,5.89582338003079,6.56703466681986
80.3552999842961,130.034811008732,182.314010782474,167.669481476612,146.991323741396,5.84067193626148,6.53764994555254
80.2760707624965,130.022864187388,182.288710578725,167.624735692526,146.929310440042,5.82559711118117,6.52467525442312
79.973140000562,130.056386426805,182.273460982584,167.512132093191,146.762694137415,5.76793113105812,6.47101312254469
79.9385031760263,130.108531075024,182.320775358089,167.534552281261,146.782534910048,5.76002158786442,6.46266063865236
79.5500208048983,130.306786615398,182.428390143236,167.550728707376,146.811824505409,5.71837141631165,6.3997548484873
79.5285093884973,130.422969170077,182.519400100963,167.740023831101,146.914202474118,5.69391437827712,6.39384121386646
79.165934424834,130.245424937134,182.222737060169,167.836359040942,146.724053734105,5.60913646685138,6.41260362052046
79.1757921433779,130.282608790966,182.25676506827,167.92106586059,146.770527924054,5.60256194376004,6.43191180451433
79.1856747787981,130.31473367523,182.286794835372,167.991320677644,146.810360714744,5.59748137323595,6.44806251063752
79.176478919146,130.309803673342,182.279256861121,167.99132078568,146.805439605853,5.59605718736882,6.45138329997454
79.0366212518949,130.205920376872,182.140916044406,167.911852286112,146.692504518551,5.58184118864308,6.48128914649399
78.9460281389014,130.161425650069,182.068650870821,167.881317495975,146.639394600807,5.56956462425341,6.52360767797975
78.9625925026409,130.299255567445,182.163193712749,168.064623584283,146.771792281246,5.52911405323655,6.64130010729679
78.8281489271992,130.178536392527,181.978802232985,167.984346963769,146.649737244701,5.48681400630237,6.68358775134748
78.8261400271215,130.161147447605,181.934627650708,168.069600520783,146.673298458483,5.46007285737853,6.72054062210468
78.8272373992677,130.16152724854,181.934560647072,168.073723028658,146.675381251298,5.45941798614355,6.72169896231081
78.8150810742306,130.055124972852,181.793084179193,168.267776617157,146.72479497234,5.41347900046542,6.80448485831041
78.7838972399894,130.000063576771,181.729880531266,168.264873361403,146.701987696306,5.40445645590343,6.81762609671148
78.7775393714854,129.988469208927,181.716645699717,168.264925063873,146.697695731423,5.40247124546022,6.82058229387109
78.7345585811132,129.828635554863,181.540411186275,168.472741040865,146.78773996399,5.32802537382783,6.92495711868064
78.6423353060511,129.697523064249,181.382170854383,168.556539052719,146.819064053099,5.24159701114114,6.99945988286342
78.5304306779388,129.576279472513,181.227887362968,168.575038515406,146.80694891875,5.16251870426649,7.06738512454921
78.5163538206138,129.563414233368,181.208818747649,168.61188851656,146.83153640172,5.13653401650203,7.09657175237871
78.5196669218998,129.570829697186,181.213531703331,168.685242856079,146.88743797555,5.10447401219578,7.13959024115814
78.5584907936352,129.615274661472,181.266212944093,168.815746088371,146.993877715237,5.06542047737369,7.20315418113959
78.4753450099323,129.519285074769,181.162194981007,168.765960407297,146.936629957514,5.02386587729553,7.25242141933487
78.4646485465682,129.506946484868,181.148748946454,168.757941600545,146.928066408263,5.01940578786881,7.25744190765125
78.3647163961251,129.382412723873,181.026150824517,168.693643045577,146.856789894502,4.95357580238882,7.32534703441695
78.3281538177512,129.318595040773,180.992754976462,168.707386117073,146.860505107798,4.85271848761183,7.40095192403692
78.3347034325793,129.313960994324,181.011653891482,168.744306212923,146.890917230422,4.78983895508585,7.43665846480818
78.3535283320167,129.326614122309,181.048199423365,168.792533484563,146.93207189966,4.72672877981991,7.46459168112819
78.2447501244315,129.194763481169,180.967393565376,168.722388984816,146.851425133559,4.4664013655087,7.52420984723202
78.2146704835702,129.164296850686,180.944502163789,168.695737872666,146.822111317467,4.4095966274711,7.53127977403351
78.1424838022221,129.131129726394,180.963738586998,168.666039364015,146.756129846943,4.10079155781558,7.57765099871446
78.1808206158436,129.221210378765,181.087242931463,168.741653743014,146.797533077833,3.97653190593244,7.61430860497864
77.979575458018,129.155524105379,181.042149974647,168.518750817808,146.523977863488,3.85529169660105,7.71794830141889
77.7426909495741,129.185702914558,181.203621348783,168.50154603775,146.518979655683,3.84182254838306,7.90657946954467
77.7674998916486,129.224297032853,181.251565405229,168.554854070253,146.56429388993,3.82271063642897,7.9107343663847
77.6957140693128,129.171184730372,181.189464678905,168.499003177958,146.493703916862,3.77508691752489,7.90891396548789
77.5695511275591,129.215532003987,181.13893701777,168.410249909059,146.237722342818,3.76302190852734,7.97770445453758
77.5554927098706,129.208067831515,181.127208631388,168.394662764745,146.217810929343,3.76369719955999,7.97864768649078
77.5278371537784,129.199196659818,181.109702953834,168.366413136491,146.176452939443,3.76199862971317,7.98006956826444
77.5153082745207,129.204224753422,181.110436431938,168.357371401928,146.154309932402,3.75651747871601,7.98003875954977
77.5294082470821,129.245413658241,181.152466615849,168.384998625594,146.156374829015,3.73511666195823,7.97618420709158
77.6061938830275,129.354472756246,181.272439146646,168.489444249745,146.216778970025,3.68180918492428,7.96372652140227
77.5023977649624,129.252425055874,181.104965506828,168.318259684992,145.960618315142,3.47290394051012,7.87044704254094
77.5344557780853,129.288066447674,181.128542033264,168.354618913732,145.981214325213,3.44346261513955,7.86207290522256
77.5585581844483,129.314993573984,181.148209247001,168.384425780128,146.002163858342,3.42850108822882,7.85909767650397
77.6055014057585,129.367589737738,181.188764264598,168.445342591608,146.049299448351,3.4076746766763,7.85715141483297
77.5628970104303,129.324828357512,181.088155268105,168.406164397396,145.989898120961,3.35794838374016,7.84453015123276
77.5061467552738,129.267000488547,180.984390190069,168.381939386463,145.945070756226,3.32412859247733,7.8429220949253
77.5807011187467,129.31558648889,181.018410140308,168.654017739178,146.108090586413,3.22151622498229,7.86569656341028
77.5176930232856,129.144018320191,180.842020181649,168.544142006445,145.923108248926,3.07108862338794,7.82517053321508
78.3068354972412,129.604219509712,181.104045578736,168.29517574883,145.81293982354,2.77346769474991,7.64119217993572
78.4088606008366,129.676603008713,181.146639646605,168.258318582407,145.809035814759,2.76373505049851,7.62399492392829
78.7918238154653,129.983964623131,181.382760618836,168.245436045176,145.885071708838,2.76268978962951,7.59237663175989
79.0153416200521,130.143679352359,181.483631861804,168.120827926164,145.82435254733,2.7709208418926,7.57039205461395
79.1802412162864,130.247177566192,181.527166933194,167.888411622116,145.641881024206,2.78006768652389,7.55458414940473
79.4006621013561,130.439982613557,181.672182868541,167.753525514325,145.533624604048,2.78418105453139,7.56192666145932
79.797701646549,130.84189083625,181.940480226182,167.488954027429,145.343671155573,2.77381713705878,7.59728498822701
79.8103886616053,130.855836395898,181.935143377386,167.429664877288,145.296258418345,2.77132242607508,7.59908947173303
79.9724053131241,131.061562994314,181.988432977664,167.161389243797,145.158283519436,2.76006305676397,7.6276060399781
79.9843068047792,131.075263039025,181.995649184379,167.163963763734,145.169156070785,2.76054731857515,7.62986109557593
80.1000621198188,131.151193194712,181.982497531722,167.244840629445,145.390452416848,2.77930428259248,7.66349936095966
79.9857463860666,130.805929450269,181.597030749971,167.20115834467,145.437289433878,2.80595454692309,7.67642619805832
80.2802699386881,129.051113944828,179.410985158249,167.095997563956,145.986420252001,2.88970983450911,7.87122249274447
80.1632066409208,128.741157192728,179.058794297072,167.07395763288,146.089507911838,2.88836258029937,7.88571414045981
80.0739358688188,128.52107476293,178.814591533403,167.056149286864,146.153689942701,2.88623667211293,7.89455794182096
80.036918477459,128.423947294447,178.708100234668,167.053755656392,146.187468628417,2.88508123610251,7.89896178099293
79.9905604363059,128.302311516894,178.574737838564,167.050758037817,146.229770736833,2.88363424731823,7.90447684702181
79.9520800411831,128.037504955884,178.26581320013,167.047910231798,146.333227687463,2.8789071204065,7.92524082312336
81.4801059273439,128.053836336968,176.176193645305,164.259320978373,144.143134907043,2.88281586447397,8.08325332788964
81.7483703065677,128.263773098848,175.834503416112,163.717299674814,143.763879426036,2.90175457187966,8.10196784014369
81.9152895435776,128.469333577901,174.426308278483,161.990474065207,142.630526600295,2.96661791776876,8.10583261176114
81.7927948811325,128.576348603379,172.800656811523,160.517329772483,142.067197693693,3.07353980474111,8.10294762679975
81.7903422969549,128.576949644391,172.763244070413,160.488904269195,142.063924976332,3.07633178850842,8.10324009522929
81.7071838386557,128.51578113052,172.121254975367,159.985373543669,141.961044383704,3.11718438847744,8.10383288825285
81.7964162235549,127.479696138214,167.93931473277,156.285111893724,141.05947343567,3.24422200199157,8.14958437592191
82.0688287545574,127.415483054258,166.657253745167,155.276131921772,141.013388648711,3.29783023975215,8.17126059757789
82.0446333051257,127.179456649301,165.804950438625,154.577842389109,140.778608878117,3.33365301510813,8.16116834594573
82.4211186654915,126.859678875637,163.763716339122,152.937538580787,140.434431649779,3.47090450716242,8.13698813027032
82.4209725220672,126.856054095478,163.750076724819,152.925696624651,140.429969636638,3.47161384810455,8.13645061416208
82.49215753504,126.705925816673,162.6101367524,151.966340093646,140.178487142232,3.54135910437338,8.08319739266157
82.5053710204084,126.711030596347,162.543971974427,151.913989982625,140.174911553825,3.54650467403486,8.07982848850632
82.6839178397489,126.73315085922,160.99280838435,150.662777446466,139.9500049153,3.65472162141228,7.99630536894463
82.9143147338797,126.738466965672,159.588947830009,149.562329902258,139.687955584619,3.74543485308856,7.93881704379883
82.9914823869019,126.769170376406,159.39461907582,149.427433331728,139.682457305197,3.75995841204823,7.9358053988752
83.0300039702937,126.773381097328,159.240212354674,149.314337306562,139.66019449988,3.76952107967002,7.93239195154968
83.0323390385837,126.631045017658,158.499096887104,148.727688325504,139.412435277018,3.7992314087426,7.90908189435994
83.0440644517605,126.594061822701,158.259561953922,148.543728801579,139.342887766211,3.80950679598498,7.90302829808009
83.0763225930169,126.569515660246,157.993580778436,148.347579134751,139.28385815488,3.82286177768556,7.89862407833239
83.3692501987559,126.61179757939,156.948812260293,147.633587470743,139.201341261232,3.89829082965214,7.90121952896443
83.3627065556569,126.439594649274,156.141430207334,146.990323829213,138.941354318825,3.94948436389949,7.88887589946743
83.5879323926426,126.349301209592,154.877234368933,146.030412581013,138.717885205023,4.07388204802354,7.89193037613089
83.666761946806,126.239438592434,154.111435609461,145.442405620098,138.547844567674,4.14802973179869,7.89181848978416
83.6662900759086,126.23652906413,154.100399091489,145.433506895624,138.544112196334,4.14890727428972,7.89168023000075
83.66756233221,126.200888714045,153.944300556679,145.312935402365,138.499953529359,4.16260537410452,7.89089909852853
83.8227435724178,126.02411058594,152.743366327027,144.475058279342,138.307741441304,4.29184648168403,7.9082564455012
83.9757504243879,125.98473651956,152.180137000826,144.137912579542,138.298960090647,4.36888417405032,7.93451363815034
NaN,NaN,NaN,NaN,NaN,NaN,NaN
NaN,NaN,NaN,NaN,NaN,NaN,NaN
NaN,NaN,NaN,NaN,NaN,NaN,NaN
NaN,NaN,NaN,NaN,NaN,NaN,NaN
NaN,NaN,NaN,NaN,NaN,NaN,NaN
NaN,NaN,NaN,NaN,NaN,NaN,NaN
NaN,NaN,NaN,NaN,NaN,NaN,NaN
NaN,NaN,NaN,NaN,NaN,NaN,NaN
NaN,NaN,NaN,NaN,NaN,NaN,NaN
NaN,NaN,NaN,NaN,NaN,NaN,NaN
NaN,NaN,NaN,NaN,NaN,NaN,NaN
NaN,NaN,NaN,NaN,NaN,NaN,NaN
NaN,NaN,NaN,NaN,NaN,NaN,NaN
NaN,NaN,NaN,NaN,NaN,NaN,NaN
NaN,NaN,NaN,NaN,NaN,NaN,NaN
NaN,NaN,NaN,NaN,NaN,NaN,NaN
NaN,NaN,NaN,NaN,NaN,NaN,NaN
NaN,NaN,NaN,NaN,NaN,NaN,NaN
NaN,NaN,NaN,NaN,NaN,NaN,NaN
NaN,NaN,NaN,NaN,NaN,NaN,NaN
NaN,NaN,NaN,NaN,NaN,NaN,NaN
NaN,NaN,NaN,NaN,NaN,NaN,NaN
NaN,NaN,NaN,NaN,NaN,NaN,NaN
NaN,NaN,NaN,NaN,NaN,NaN,NaN
NaN,NaN,NaN,NaN,NaN,NaN,NaN
NaN,NaN,NaN,NaN,NaN,NaN,NaN
NaN,NaN,NaN,NaN,NaN,NaN,NaN
NaN,NaN,NaN,NaN,NaN,NaN,NaN
NaN,NaN,NaN,NaN,NaN,NaN,NaN
NaN,NaN,NaN,NaN,NaN,NaN,NaN
NaN,NaN,NaN,NaN,NaN,NaN,NaN
NaN,NaN,NaN,NaN,NaN,NaN,NaN
NaN,NaN,NaN,NaN,NaN,NaN,NaN
NaN,NaN,NaN,NaN,NaN,NaN,NaN
NaN,NaN,NaN,NaN,NaN,NaN,NaN
NaN,NaN,NaN,NaN,NaN,NaN,NaN
NaN,NaN,NaN,NaN,NaN,NaN,NaN
NaN,NaN,NaN,NaN,NaN,NaN,NaN
NaN,NaN,NaN,NaN,NaN,NaN,NaN
NaN,NaN,NaN,NaN,NaN,NaN,NaN
NaN,NaN,NaN,NaN,NaN,NaN,NaN
NaN,NaN,NaN,NaN,NaN,NaN,NaN
NaN,NaN,NaN,NaN,NaN,NaN,NaN
NaN,NaN,NaN,NaN,NaN,NaN,NaN
NaN,NaN,NaN,NaN,NaN,NaN,NaN
NaN,NaN,NaN,NaN,NaN,NaN,NaN
NaN,NaN,NaN,NaN,NaN,NaN,NaN
NaN,NaN,NaN,NaN,NaN,NaN,NaN
NaN,NaN,NaN,NaN,NaN,NaN,NaN
NaN,NaN,NaN,NaN,NaN,NaN,NaN
NaN,NaN,NaN,NaN,NaN,NaN,NaN
NaN,NaN,NaN,NaN,NaN,NaN,NaN
NaN,NaN,NaN,NaN,NaN,NaN,NaN
NaN,NaN,NaN,NaN,NaN,NaN,NaN
NaN,NaN,NaN,NaN,NaN,NaN,NaN
NaN,NaN,NaN,NaN,NaN,NaN,NaN
NaN,NaN,NaN,NaN,NaN,NaN,NaN
NaN,NaN,NaN,NaN,NaN,NaN,NaN
NaN,NaN,NaN,NaN,NaN,NaN,NaN
NaN,NaN,NaN,NaN,NaN,NaN,NaN
NaN,NaN,NaN,NaN,NaN,NaN,NaN
