97.5881094347492,94.8892046149542,112.816222451754,92.5906232514118,79.9529536028074,4.5071826499465,20.9342852488628
105.383895834992,100.579631533286,118.286392260657,97.8648050809372,84.8854300076473,4.75790577680343,22.3102180698174
107.828046461054,102.363705621638,120.001410897222,99.5183771721633,86.4318699271083,4.83651299562829,22.7416032942318
110.728615670165,103.215758822467,121.339428823787,100.682910683262,87.2452631806391,4.94478507202238,23.1931915535404
107.630924143459,100.4147616301,118.87657181183,98.2436072145001,84.8381006031794,4.85171891054521,22.6258010444386
104.882704943236,97.9928203666113,116.726850974761,96.1190692841874,82.7527381588195,4.76841510700759,22.1257608128601
104.442012008615,97.6044479970422,116.382130734022,95.7783872690314,82.4183381607123,4.75505685754805,22.0455764530881
103.023073061537,96.3539703109754,115.272203759924,94.6814625355092,81.3416402063294,4.71204609215144,21.7873996091031
100.029231513294,93.752695798433,112.956570095225,92.3885822508723,79.0928187987075,4.62093108345932,21.2480614554484
94.5994304637608,89.0391440237984,108.759818892845,88.2325599332628,75.0168630154617,4.45563767134925,20.2705070359351
90.5302370576777,85.4302411391982,105.590168146964,85.0669865187676,71.882494272071,4.33282645670553,19.5451877949912
86.1663132364638,81.344320866567,102.093407425786,81.5329050498525,68.327228390676,4.20340547058279,18.7710056999692
84.8920309646884,80.0035199039223,101.004039990375,80.4059430232501,67.158136579868,4.16710855802606,18.5466081567486
86.7515924049883,80.620444510216,101.942785787347,81.1976551103099,67.7176174047578,4.23168871208366,18.871891955076
90.7065567686168,83.0168538526072,104.4344806047,83.5800306844415,69.876891470434,4.35697554903945,19.5491249317939
96.8321102112489,86.8255980984797,108.247264981191,87.3546180859098,73.4238472941091,4.54070761615101,20.5529237515681
99.7342863875077,88.3379567882674,109.774542433134,88.9848658448442,75.0209587798494,4.61475748067605,20.9645784928411
99.9996961973112,87.8310125203202,109.344041619506,88.7637026373939,74.909877549516,4.59639819325049,20.8851559627756
98.0110870600567,85.5807645758871,107.233981268152,86.9313433739924,73.2956675721062,4.49681467351327,20.3917130600227
95.4951768527705,83.0764664903109,104.862810368912,84.7865670635491,71.3595630242141,4.38044440898114,19.8336960046507
93.5094201250258,81.1155654202124,102.995804300532,83.0720715365484,69.799477292882,4.28392550882843,19.4011558077722
93.0512558347404,79.3970869513333,101.227409406879,81.423731496079,68.3396744635779,4.13348260667876,19.1058274785864
94.7719517043612,80.4247219877342,102.131458967029,82.2698101564458,69.1475090974184,4.16028149110366,19.3626355567604
97.3823284086573,81.8356137873024,103.296494991048,83.3654797062961,70.2117138340669,4.20570719314215,19.7091435509766
97.0304283875297,80.5760634676526,101.846337681286,82.027897749946,69.0325863510922,4.17985125875072,19.4285341016275
96.9210290261542,80.4282841454417,101.691577967489,81.8844268712972,68.9028958563194,4.17626147429205,19.3951920791181
95.6523160394728,78.7911071796378,100.016226767155,80.3297647905629,67.491273396811,4.14054086998299,19.0375910282282
94.9263080258682,77.6921510873815,98.8878218128088,79.2804132609467,66.5414478389652,4.12313390425137,18.8113055107577
95.8943394961197,76.9765186938028,98.0169233700731,78.4935977915582,65.9413321009887,4.16888335046804,18.7285927475481
96.4329107522079,77.1055805291099,98.1027740820257,78.5854169299248,66.0719266373641,4.18929798751513,18.7671292559929
96.7878871919441,77.1779397345233,98.1446687868517,78.6333189564329,66.1502250872132,4.20329909111908,18.7886258827848
97.5027803480095,77.1947841841494,98.0813390934542,78.6035649113871,66.2277060923307,4.2368125614493,18.7939263501027
97.6692640562934,77.1120379955701,97.9685493623764,78.5134779576622,66.1905099960962,4.24797669700451,18.7711899061711
97.7906290810147,76.8909937434269,97.7049603789758,78.2945678865988,66.0591904795681,4.26254537311252,18.7119618946576
97.8001846365416,76.6330347075083,97.4127546902056,78.0479805252601,65.8928884421746,4.27331644109755,18.6434590543079
97.6624579532987,76.184332348261,96.9222643924385,77.6328843557914,65.589070097276,4.28584581665046,18.52732833577
97.2310537882248,74.9450497495333,95.5692522954063,76.5073064091949,64.748501280465,4.32394881003521,18.2223933783855
97.2130966939392,74.8936091841796,95.5129301609607,76.4608182147704,64.713272746333,4.32564704607664,18.2103685101217
97.1985700641666,74.8519956560494,95.4673676227192,76.4232109728378,64.6847741560472,4.3270208566636,18.2006408333297
97.1635133350231,74.6039398082514,95.1883767761595,76.1997977675579,64.5236741146663,4.33855211436462,18.1453822915524
97.3247579637168,74.1185276300208,94.6103782912213,75.7650519863844,64.2548395244391,4.37438445295412,18.0440173272454
98.2588934150258,73.9483667805817,94.2899718718791,75.6338145844985,64.429209733925,4.42877619427028,17.9890765295301
98.3521024892694,73.9254715087292,94.2516010810853,75.6189884709307,64.4625904885139,4.43314642235673,17.974398308921
98.4515957702656,73.9010326251293,94.210643310595,75.6031627726793,64.4982217918298,4.43781129361043,17.9587304746524
98.5197339803467,73.8737637793146,94.1708290506322,75.5871338997722,64.5317421531593,4.44152943398717,17.9393509948047
98.5920194579799,73.8323015681131,94.114591178061,75.5639522211634,64.5781540470768,4.44609675585982,17.9084986428647
98.5927239063456,73.8318975037301,94.1140431194645,75.5637263072435,64.5786063479245,4.44614126607866,17.9081979754331
98.7762642163631,73.6711152992272,93.9113119587744,75.5141907327972,64.82623320648,4.46973334032513,17.7515827233514
98.7838473480092,73.6652842002306,93.904223074143,75.518630213502,64.8498944723289,4.47204258375351,17.7401183052293
98.79435367704,73.6572052893627,93.8944015178424,75.5247810555535,64.8826768445586,4.47524201011225,17.7242345049002
98.8833561947053,73.6451749079094,93.8755900806125,75.6191595144071,65.1478123300585,4.501414044868,17.6215384235016
98.918158650434,73.6569740312017,93.8870727362836,75.6684317157493,65.247808746871,4.51137555679358,17.5907028132678
98.9473687799559,73.6671125061122,93.8970367384244,75.7106424878734,65.3329999288103,4.51988661145611,17.5644552626026
98.9894117104958,73.7102057248844,93.9509172325886,75.8750699406569,65.6085767632663,4.55033200789734,17.4822474737235
99.0983663990501,73.8671406955538,94.1382938709766,76.2594330417243,66.1397457208833,4.6053579453542,17.3619373492221
99.1149079672825,73.8921457954174,94.1675617346257,76.3107681864232,66.2029856461553,4.61108909734945,17.3507586906837
99.1821127064577,73.9937359947725,94.2864706019779,76.5193315439915,66.4599154984906,4.6343735024071,17.3053422694081
99.8045854996933,75.2507028868319,95.5598099249097,78.7153356598237,69.2518108896385,4.55035062197334,16.5778651926079
99.8144809651015,75.3592380536502,95.6342078652128,78.8735194052931,69.521893628844,4.51360103423751,16.4521925972576
99.836363875201,75.4097940538075,95.6725494358598,78.9435542212751,69.6357893373928,4.50183929651359,16.407646551245
99.8590241836855,75.4588850689665,95.7100812308538,79.0112615387474,69.7454114414889,4.49085607648926,16.3655347435901
99.8653343056968,75.4725552401173,95.7205325539626,79.0301157143029,69.7759374536328,4.48779762481469,16.3538080433732
99.8941702279575,75.5252736585217,95.7622486983788,79.1032542302746,69.8925846309125,4.47716253092792,16.311604326928
99.9041092363372,75.5384878260472,95.77355498676,79.1218447253228,69.9211753842089,4.47519527809204,16.3028445771966
99.9419353795109,75.5887786572487,95.8165847606298,79.1925969272015,70.0299868356442,4.46770825478092,16.2695064880388
100.03653131079,75.7061744214942,95.9197168111103,79.3603816191464,70.2858729675652,4.45126452291286,16.1948044083092
100.07166675068,75.7421047213495,95.9539190975209,79.4143118184836,70.3660393094274,4.44724658315562,16.1750049346748
100.088246255585,75.7590593001035,95.9700582714452,79.4397600840302,70.4038677317339,4.44535062135409,16.1656620754063
100.277444474263,75.9390841652046,96.1496883248046,79.721022738454,70.8187649521595,4.42529628499661,16.0705807541584
100.289579643355,75.9497268819815,96.1609044838243,79.7384485739593,70.8442485325189,4.42411628131182,16.065257415533
100.370419939836,76.020624977682,96.2356226532768,79.8545334589767,71.0140113249509,4.41625550516564,16.0297951760295
100.423720975135,76.1173075060108,96.4271464016153,80.2950904906137,71.7777288498664,4.32649584609506,15.7811858830155
100.427307457234,76.1239895065609,96.4381598483533,80.3139135432843,71.8076712269834,4.32229654120176,15.7735868255117
100.431255279616,76.1313447227868,96.4502829066414,80.3346330301185,71.8406303170584,4.31767415375103,15.7652221582786
100.482855732956,76.2316341252806,96.5988885204254,80.5664229310045,72.1992503246941,4.26721697162869,15.6825546513363
100.542319233237,76.3549065633332,96.7589759527239,80.7842702858891,72.5214296912368,4.22220778523409,15.6214249220987
100.608753271732,76.5052642119321,96.9360556832073,81.000643266417,72.8314985077605,4.18105445123972,15.5734771821697
100.55733289214,76.6480876545383,97.1092561788796,81.2112033529065,73.1740581549298,4.12084512936908,15.494208004842
100.509222485499,76.7562932920139,97.2312117473343,81.3465752020563,73.4014497601949,4.08310039863948,15.4443824545567
100.464758438514,76.9166513708981,97.4015856484541,81.5229601794394,73.6950520757616,4.04155678548214,15.3902736253483
100.447900813294,77.102755982374,97.5876720335651,81.7018688342065,73.993689625172,4.01149093373772,15.3489899847702
100.457496332761,77.3523756261874,97.8274556808465,81.9224582594436,74.3711552282041,3.98837632146345,15.3092374122266
100.461180007561,77.4091652643907,97.8815504174544,81.9717404570724,74.4559544104601,3.98391964173822,15.300921354316
100.472331351142,77.4967798447421,97.9631969401288,82.0448296759109,74.5854854285045,3.9802222774386,15.2900232568141
100.47918834828,77.5369066758656,98.0000111413003,82.0773622887265,74.6443948279041,3.97954595339066,15.2856501784763
100.370500779736,77.9655100560672,98.3717152762041,82.3824394855366,75.3694577667797,3.97843861809675,15.1922955854957
100.283058845441,78.2001214703039,98.5517807541326,82.521080265107,75.7971681236176,3.99352118139946,15.1297710348574
100.291039124762,78.5552273339199,98.8214987560334,82.7522347895111,76.3575758499669,4.01710275010703,15.0647724238207
100.372056467585,78.8821640105923,99.0735525684386,82.9855828713988,76.8025746777103,4.03298207007496,15.0229964206821
100.358278300245,78.934191146854,99.1092446891116,83.0181395542061,76.8762398268459,4.03454081975714,15.009480462896
100.319055053199,79.0354719612081,99.1766864556353,83.0793651078132,77.0211274632975,4.03714767697868,14.9799750073146
100.301502610727,79.0807952274166,99.2068667139322,83.1067636045828,77.0859648262185,4.03831424820515,14.9667712862895
100.263838385625,79.2618727839697,99.3350238114361,83.2249119486231,77.3233484727877,4.04326513533504,14.9263469460069
100.253682582,79.3277013689491,99.3824395497778,83.2688095152473,77.4072869914787,4.0450965815243,14.9129942052052
100.239992248343,79.5465052846111,99.5460098247109,83.4203972280531,77.6777104184772,4.05354110339643,14.8765817623465
100.240012794211,79.5734748247978,99.5666792980306,83.4395651685932,77.7103126205867,4.05478259947309,14.8727720022656
100.328084767272,80.5357269732316,100.34138943494,84.1522858975708,78.8771124427488,4.13498487147423,14.773032367661
100.339119127787,80.6143447632711,100.406635332795,84.2119012692098,78.9736368749931,4.14390965456816,14.7665048751401
100.264285821912,80.7703882243904,100.529851875315,84.3157093681609,79.1951725681338,4.17645133616903,14.7336667492147
100.256976952093,80.7852065487973,100.541539705608,84.3255368850607,79.2162729121022,4.17957262292235,14.7305067306103
100.182885897175,80.9419436974572,100.666067183744,84.4298734569631,79.4402783355826,4.2148829920894,14.6977964843506
100.108383128756,81.1241903432472,100.814129120241,84.5525976379418,79.7037168202827,4.26425250558132,14.6623479870744
100.07911796893,81.1975122023615,100.873784170805,84.6020908465871,79.8095420202034,4.28425180126435,14.6481878939368
100.04828621758,81.3201539634617,100.975775710972,84.6879055096235,79.982411978106,4.32120100772046,14.6271001578357
99.9865932089839,82.0771002201086,101.614317472482,85.2488036737224,80.9815792055117,4.53873207251204,14.512310139292
99.712574359949,83.4027145638532,102.729051281953,86.3253884250973,82.5086237735173,4.85004215650543,14.2593793311993
99.7212946298535,83.6530356481045,102.95182076614,86.5536361791676,82.7774172408167,4.88570138971058,14.2337255785912
99.7564821334015,84.5541893622541,103.77124020872,87.4015086404792,83.7645615083655,5.00104662237779,14.1588348464041
99.6639430794528,84.8902416325037,104.081265959371,87.7271800215662,84.1536359089303,5.04498138354174,14.1190255637388
99.6282622517827,85.0935638098822,104.271964408106,87.926023891464,84.3911945305557,5.07045374289638,14.1024015944652
99.5685284128281,86.1519730199427,105.266420533204,88.9498864110277,85.6138221030729,5.20080826857929,14.0414705952587
99.5798827911869,86.3419705038237,105.44433822928,89.1306400079626,85.8291794389889,5.22382735032946,14.0338985443895
99.6148018438245,86.6158679775549,105.698456673936,89.3864861538555,86.1322920207723,5.25632673232861,14.0233836289425
99.6313110025053,86.7239945305733,105.798427759807,89.4867926492048,86.250873476096,5.26905598987038,14.0192915165173
99.6491033621773,86.840525394355,105.906169259602,89.5948956287198,86.3786718663306,5.28277464948945,14.0148813380524
99.652974420831,87.0962395540025,106.139412364664,89.8274987756451,86.6572375039179,5.31415788231102,13.996756887388
99.6345929913981,87.198164424057,106.230576982285,89.9175964428987,86.7672092152109,5.32739150446316,13.9847477420933
99.586600524869,88.2740559923819,107.184214406573,90.8528175779337,87.8767013265994,5.45201281437572,13.8642392058921
99.6363675892913,88.6860480974809,107.552237835454,91.2148081850929,88.2930817036818,5.49193950384595,13.8236495908501
99.7080907653565,89.9266876939125,108.686973945632,92.3472569683471,89.6053685033829,5.60319569926357,13.6794500670063
99.670931205119,90.3202547766572,109.0586169798,92.7248248299392,90.0507745931449,5.63903267564968,13.623299011872
99.7096132689487,91.1405415068419,109.839033105424,93.5226434553021,90.9804180313225,5.71752682189159,13.5318815149
99.7540024400224,91.445934813456,110.128323849238,93.8190258709746,91.3223576032506,5.74826028285862,13.5031968084537
99.7575162933783,91.4619452841657,110.143322782839,93.8343996883825,91.3399391968768,5.74995725649066,13.5018464791608
99.8230483073592,91.7605344067441,110.423047127287,94.1211154716813,91.6678291577391,5.78160516222794,13.4766633570618
99.8596194685277,91.9271667176039,110.579151654862,94.2811216806098,91.8508132578109,5.79926676899157,13.462609523507
99.8396394706849,92.2388280975824,110.861924119536,94.5718899862221,92.1897605286971,5.83946655392221,13.4132751307913
99.8282261535646,92.4408589643812,111.043646415182,94.758777431156,92.4072504956862,5.8663112707361,13.3808750236802
99.8374263000998,92.6495274260421,111.228113461338,94.9483951469814,92.6255685672592,5.89516388427024,13.3503343229684
99.9064823648271,93.1966667675565,111.708117632896,95.4426210323243,93.19310713406,5.97273187194789,13.2775024133886
99.9598563448067,93.4425574751762,111.923009231259,95.6646782524657,93.4486190362087,6.00857711962503,13.248579393778
100.024410015638,93.677021859956,112.12808259284,95.8773391294095,93.6944812583128,6.0433815315033,13.2234673923362
100.223861369049,94.2987843873253,112.676893961391,96.4498610317658,94.3646468956371,6.13766166546278,13.1623630415725
100.256618718546,94.926019103941,113.234664938716,97.0454168453316,95.1093048699159,6.25493089717626,13.055946426846
100.483962391564,96.1922489985313,114.432890566387,98.3334677411465,96.7210613667849,6.48500827127102,12.861666179426
100.599168741521,97.2120499206118,115.45553921304,99.4402771821562,98.0659355925505,6.66684149030313,12.6451942343817
100.636233555746,97.6722426021885,115.936334203258,99.9657876675621,98.6780330424812,6.74524867835656,12.5305401544571
100.737333809086,98.2085433756675,116.511011923642,100.597745722252,99.3928737019256,6.82896165899915,12.4101916568035
100.788489082165,98.4096075125295,116.730964206958,100.841335795051,99.6654291646605,6.85885341065198,12.3690794869152
100.831258657185,98.5597427180555,116.897030068498,101.026002298838,99.8713927924708,6.88070955773545,12.3399366525714
100.84759782937,98.9114952088544,117.304800965884,101.490172412005,100.396605616068,6.93828538445944,12.2456859783389
100.841296963418,98.9395812865642,117.339055222702,101.530092497944,100.442410477811,6.94346016884058,12.2358051405652
100.811583214227,99.1219215326218,117.56286324049,101.791426970633,100.742964106953,6.97647573457815,12.1758744144469
100.79499035515,99.3660386275378,117.863926493097,102.143377214355,101.149032536377,7.01946128869328,12.1042367810999
100.875312189877,99.8983151028154,118.501330638533,102.879543344856,102.00206348773,7.10644054570663,11.9890336037219
100.888184883638,99.9541998071419,118.567045439966,102.954876836173,102.089407143081,7.11527993492102,11.9784729584151
100.976835304626,100.69894119778,119.42342722204,103.931322820578,103.231208960485,7.23500189480914,11.8183688391948
100.975026331879,100.743579897108,119.473826117659,103.988473809484,103.297744619072,7.24178093449575,11.8071725196331
100.965269244806,100.984348408952,119.74566349822,104.296730070452,103.656619132528,7.27834515616133,11.7467827403694
100.979921036237,101.242051901274,120.031633509946,104.617423621281,104.0224847845,7.31140829875419,11.6922217883321
101.016966992451,101.581056640134,120.406644862149,105.036440756141,104.494532805855,7.34964276447511,11.6284108158646
101.027388476204,101.657467901743,120.491092223723,105.130644811723,104.599944570224,7.35762432912484,11.614976225685
101.094288595941,102.224355140338,121.127129794683,105.84483661093,105.394030806817,7.40912065527898,11.5172218509355
101.091689090588,102.229560166238,121.133552834245,105.852413939634,105.402608827968,7.40956380220723,11.5154941209168
101.089353095284,102.234237562285,121.139324774758,105.859223159802,105.410317301087,7.40996202763983,11.5139415296875
100.973327960225,102.478823390794,121.441984673758,106.216910185765,105.815235836171,7.43015629480976,11.4338091991089
100.897334785097,102.996182246354,122.078077167179,106.97314208428,106.674607778412,7.47009659768393,11.2902754434336
100.911438115182,103.069953741121,122.165352767522,107.076267910647,106.792633769178,7.47690161838321,11.2732986563753
100.950045809355,103.172698886316,122.282467127219,107.213387209333,106.95055082988,7.48838610237476,11.2521347456627
100.990213383138,103.255788930235,122.375083966922,107.321205470598,107.075209749044,7.49862017342566,11.2361894721469
100.999193386421,103.355810533971,122.490830371003,107.463955671009,107.25019174407,7.51883979270207,11.1953752664958
100.987535065415,103.368950666233,122.507424276068,107.486935451377,107.281305470661,7.52407205499814,11.1829639531284
100.95969164252,103.445005391139,122.594666799661,107.603826836832,107.44105631672,7.5561093056068,11.1258110041844
101.004581916141,103.648097570574,122.813832144172,107.875694469398,107.795802167916,7.62923576840149,11.0558360036384
101.028291374105,103.747476938655,122.926953819656,108.01369974214,107.967363417678,7.65878313064648,11.0404101009087
100.679139095911,103.800525677652,123.0731850344,108.262104908874,108.316757171581,7.72554944797418,10.9797172151184
100.616057561611,103.792625252736,123.079574649981,108.282731547776,108.349446494318,7.73164847733729,10.9726197730279
100.592204080762,103.787863400476,123.080482945481,108.289664119768,108.36118856942,7.73348579347022,10.9705762873956
100.561929623548,103.781765202561,123.081589400233,108.298436180904,108.376072401362,7.7358032738933,10.9680024063978
100.354835047863,103.731417208285,123.080206000287,108.351898360451,108.473874013134,7.75093396863549,10.9509933068868
100.240830374193,103.690167233364,123.065345352523,108.370936788221,108.521362092483,7.75818918804064,10.9424504635583
100.182046832425,103.650118083127,123.037060055083,108.364149749107,108.536035056591,7.76138667031176,10.9372834131904
100.08050277284,103.570190663047,122.971552500681,108.326340326295,108.527461028872,7.76388912425114,10.9266574017515
99.490342739202,102.836437007134,122.260248297051,107.714025768301,108.093984688299,7.74287670179015,10.8366083058729
99.2219478404337,102.228198622036,121.71191609277,107.288385158995,107.964603164019,7.7161556826419,10.7880559571022
99.1574331588401,102.142673077532,121.638960719904,107.230276219399,107.939967354983,7.71211641831729,10.7805086184276
99.1241383197951,102.098534919082,121.60130979554,107.200287265829,107.927253267641,7.71003182838789,10.7766135759322
98.6295800146556,101.264328036522,120.920178713028,106.682539741781,107.728801701825,7.71491350114259,10.7658652507672
98.6222458332163,101.20587129076,120.865977243453,106.635150830497,107.692880143913,7.72041230553187,10.7700517891169
98.5632962173265,101.030595351965,120.693068215188,106.469993962978,107.541089136665,7.73088081794049,10.7715128840088
98.3965842683925,100.021818578645,119.615778330439,105.36646556593,106.423608111189,7.78058243318837,10.7667863609922
98.418923274304,99.8737970362088,119.451233491278,105.193275373707,106.245856785997,7.787542795397,10.7694625980651
98.6716299722618,99.0018599567349,118.479872931531,104.161549497735,105.190259497611,7.81796093698404,10.7995283577269
98.6336519529704,98.0275810584398,117.429268235651,103.04075545759,104.020937855163,7.82044641268898,10.8093099366318
98.6018228172782,97.0102834639233,116.286863561668,101.770002314988,102.569469124393,7.83535252834232,10.8612366276608
98.598240534432,96.9152487395517,116.176004913317,101.642929466554,102.414423573924,7.83816691732425,10.8688724060696
98.597250524558,96.888984672884,116.145367702022,101.607811252816,102.37157474471,7.83894470986628,10.8709826515037
98.5719872701287,96.4759331080101,115.631850026755,100.995548570966,101.55122496815,7.86290247652116,10.9220387073594
98.4627741207296,96.2630697458214,115.368877920281,100.683667743107,101.114077415609,7.87383593299408,10.9375951330903
98.3014096929621,95.9801176904975,115.015226418891,100.262240739515,100.508138677232,7.88984715399873,10.9595742707533
98.1249412827357,95.7228323969369,114.672232116458,99.8424667485684,99.8408730649655,7.91255302686293,10.9916994778243
97.9600487694685,95.5681811998249,114.42549510214,99.5204453417475,99.1543581801273,7.94335650851179,11.050683297482
97.8997051766819,95.628223973163,114.454344361647,99.5234534252652,98.8145499474902,7.96307910568836,11.1243189763069
97.8973126135973,95.6781161535228,114.506688919786,99.5762671411689,98.7692803112065,7.96652677547626,11.1489698486556
97.7739219449313,95.7292845001443,114.605231946947,99.6948558662411,98.7099407679394,7.95728251944837,11.1851577531814
97.731607237096,95.7424087314342,114.634463778103,99.7309547462566,98.6935819187037,7.95378430121793,11.1954015364597
97.6981183836175,95.7765856770338,114.697716466969,99.8047543496986,98.7201550221906,7.9471053181293,11.2083422864321
97.6550906094367,95.8224394675559,114.782260695948,99.9032669563584,98.7575230838633,7.93820470511479,11.2253636156766
97.5654232956387,95.9735068030575,115.050041001449,100.202764247001,98.90827766733,7.91102477583497,11.2749932316318
97.5566581738697,95.9934988993881,115.084838467867,100.240907553967,98.9298742601943,7.90755543552659,11.2811772627773
97.5142384962201,96.1190413621005,115.297879265199,100.464391541185,99.0564759861557,7.88673482055584,11.3201654061435
97.5110443997424,96.1312876396817,115.318251443636,100.484992233315,99.0681513842401,7.88477602839034,11.3239801592609
97.3859610670387,96.4706386409653,115.878885517111,101.004932682684,99.2889829562633,7.82607364897364,11.4433923373682
96.7566437478153,96.6351933466659,116.23674082181,101.135672357693,98.7174955304557,7.7032004269549,11.61931210849
96.7001437301462,96.7433658209296,116.37164777743,101.233740716371,98.6259981648347,7.66376401379792,11.6776409391476
96.7100333550656,96.8982831039698,116.561048120705,101.415465767092,98.6296574316598,7.61538505204028,11.7438935668989
96.6795434807988,96.9137984741145,116.594954576393,101.458393102235,98.6253055399181,7.59415016349501,11.7590814403386
96.6213893930401,96.9417789262522,116.657605053768,101.538297201019,98.6169824114578,7.55420546073281,11.7873321165822
96.5848338296936,97.0461314642128,116.858957605458,101.803437949731,98.7353691866336,7.46454748052835,11.8521826561593
96.7894786813044,97.4018236409908,117.487499424834,102.572173052083,99.2986223217808,7.28059129079611,12.0142142385832
96.942270499623,97.5884187601468,117.804713314171,102.907173612742,99.5392767348123,7.20594167811335,12.100436228037
96.9292505721637,97.6068200430367,117.88679399966,102.975816803767,99.5462969720823,7.16513763709056,12.1357507703871
96.8919974796547,98.0312357271733,118.537648258432,103.210990296201,99.022828537136,6.82236831268274,12.4612548769979
96.7988408871224,98.1145288963179,118.607324941722,103.228987681458,98.9062075006574,6.7408938952286,12.4970330313351
96.7984283338495,98.1161984516898,118.608868215437,103.230312355759,98.9063044393521,6.73996223552938,12.497428413197
96.7888774837635,98.1548496371619,118.644595906535,103.260979342278,98.9085486269536,6.71839376739888,12.5065817350537
96.7798488586831,98.1913874384466,118.678370065381,103.28996950767,98.9106701060138,6.69800462815411,12.5152345681042
96.7618447243819,98.264248087276,118.74571968798,103.347779287839,98.9149005833652,6.65734630000592,12.5324893291491
96.8197741927729,98.5799960060347,119.069646432209,103.68546345986,99.1338999591196,6.54813098434335,12.5894670510269
96.9648755646462,98.9708954588805,119.499669372247,104.142720169751,99.4826223491891,6.45419035948807,12.6604262251667
96.9898697333946,99.027665603454,119.564240790361,104.210548318648,99.5351802573977,6.44319560398696,12.6713670216047
97.0100415248846,99.0734825110184,119.616353793018,104.265289698146,99.5775976378758,6.43432217764162,12.6801968997537
97.0212889858875,99.0990292692903,119.645411150933,104.295812595999,99.6012488754473,6.42937450024614,12.6851202953871
97.0671842459345,99.45280350749,120.090683857362,104.749427495058,99.8901279198445,6.33798433647666,12.7688853190702
97.0723727153269,99.4930181372232,120.143727867313,104.798793563075,99.9135240224746,6.33057976520851,12.7807678011349
97.0866562552134,99.6037265609175,120.289754792516,104.934695338384,99.9779320665113,6.31019543197778,12.8134795497619
97.1451318655286,99.8396379595016,120.591511154467,105.203504999443,100.085897741385,6.28235366817877,12.8872196750202
97.3758212009864,100.363014636545,121.206528852387,105.724271686616,100.237948888548,6.27049127634719,13.0595644232198
97.4915226290105,100.625830388375,121.494209346977,105.960113142409,100.263647832453,6.2753915278423,13.1532900341126
97.9419022046277,102.050832218922,123.060142767312,107.341350859885,100.692952518159,6.28370981707907,13.6584502796147
97.9586579694064,102.589499917383,123.90547797653,108.094607763607,101.101316069348,6.25430657130737,13.9067241476013
98.0189098286634,102.801175723535,124.248217568041,108.418425638803,101.293598581009,6.24450734187146,14.0052472571009
98.1449983054245,103.136880034659,124.781512126696,108.944781667027,101.606918309513,6.22893553210504,14.1613859014256
98.1013059775315,103.255053570369,125.036754195454,109.217236617799,101.713177617998,6.20817368602022,14.2552061296302
98.0917235209399,103.27309758561,125.077927446798,109.261612244026,101.729252289726,6.20451186837748,14.270782768438
98.0832839501104,103.296383310379,125.127110396159,109.31648689713,101.750966039815,6.20016130489899,14.2893292494849
98.0795375289867,103.31620893909,125.165524636934,109.361112598733,101.770302380381,6.19678564751719,14.3037578060523
98.1191368424233,103.870131263623,126.060147627294,110.427172880079,102.342305409244,6.12812192886548,14.6279344010893
98.2011587082838,104.189079228263,126.482365165052,110.918432957229,102.682727584186,6.10544246826388,14.7736046623593
97.9700803333331,104.812813999108,127.341649050924,111.830098585087,103.335778541253,6.04340319174591,15.151990357489
97.9586627103523,105.777861415592,128.520075727457,112.89481810715,104.186423905758,6.01704919631183,15.6670954465502
97.8908067900518,105.95981520565,128.752903201036,113.09508076814,104.320379935756,6.00786034162524,15.7896667476004
97.8390854148098,106.159946710014,129.004753179046,113.31606888907,104.466988205903,5.99894018100846,15.9187422250087
97.8321263535517,106.194521036155,129.047988279223,113.354540053673,104.492597799068,5.99747322687721,15.9404370264277
97.8078568441187,106.690006546499,129.658190514051,113.918887079887,104.873873432819,5.97912925957017,16.2272961203206
97.6018188167634,108.31187567588,131.748871058633,115.932344369337,106.23715501681,5.90032049200172,17.202694582418
97.6210554566102,108.485472774224,131.960783974979,116.136729606907,106.390902000296,5.8971403424967,17.2980440606274
97.624711027903,108.51846172522,132.001054145848,116.175569280212,106.420118800302,5.89653601329316,17.3161634836714
97.7691400911412,110.066915087904,133.861894554818,117.976695223123,107.786527670861,5.88116691620506,18.1660241571017
97.8670600595641,110.960269246129,134.998407416382,119.135502674694,108.717836469256,5.86178196882027,18.5373875026956
97.8449277208773,111.02477593832,135.092687349104,119.234226591371,108.79308996395,5.857632225973,18.5663776010806
97.826624482942,111.083286795459,135.178192443068,119.324109556244,108.861746933907,5.85393902917741,18.5918319300412
97.7606450268587,111.457946964388,135.721397974819,119.903022104222,109.306088550044,5.83296307080002,18.7347246090526
97.7582491985638,111.558615611184,135.86314132116,120.054922850802,109.421885281457,5.82858719879545,18.7702084892828
97.7742054460845,111.843915692642,136.255825092653,120.475332022265,109.739353851962,5.81859779721332,18.869675036639
97.9807105738353,112.586540928152,137.207107769505,121.48518355225,110.46973264705,5.81252522746885,19.13151948338
97.9886491853853,112.679759653643,137.331666322145,121.61675540735,110.544296919494,5.81279707462849,19.1764713583754
98.2228681404222,113.397836878352,138.233458772446,122.536868918519,111.067966011349,5.83917773577668,19.5271352537944
98.3679466314697,113.664009983936,138.550154015489,122.846213491237,111.254512470479,5.85740217882176,19.6569672700597
98.5228430059986,113.920000309477,138.851231540136,123.135257206944,111.438168660549,5.8774418586212,19.7808641530966
98.8536709605766,114.448621925842,139.473123222838,123.726917489144,111.838953201625,5.9220845761887,20.0341370539666
99.8642374934338,116.847042816284,142.468171011755,126.753225991096,113.991555854201,6.18520974857522,21.3658709976388
99.8755815686505,116.89579248772,142.52895133528,126.820055657838,114.035124816879,6.19189056516149,21.3985230631092
99.912843005019,117.040235448833,142.707736931606,127.016360982824,114.163584738596,6.21156527484576,21.4944608998738
100.216944774488,117.894183582944,143.744286480611,128.127188237214,114.923291087142,6.31865914975381,22.0299695670762
100.237991726768,117.947191828759,143.808901509309,128.193678748208,114.972166972653,6.3242849282246,22.0607859439984
100.305098599907,118.116205260248,144.014922432242,128.405679527547,115.128004635269,6.34222236624976,22.1590420083047
100.407402843534,118.385285948587,144.345878087844,128.740397302417,115.385001199523,6.36691685410566,22.3079768562678
100.525242335527,118.704065758546,144.740152185213,129.134861122642,115.696055008125,6.39330955528247,22.4788652985433
100.517800122998,118.7958144106,144.868727642194,129.263452584648,115.79919078078,6.39884306368718,22.5359128298818
100.499792452197,118.955704585925,145.09463510199,129.48938323424,115.980583306339,6.40823503078172,22.6362873918334
100.458222075751,119.391174330459,145.699561819501,130.100986606888,116.501584078508,6.42144693537054,22.8709302271786
100.435954605931,119.904579796936,146.383538505158,130.810030741826,117.138773168099,6.42091565285494,23.0907973897226
100.44572963899,120.444891423007,147.070174132569,131.541563265562,117.810785567209,6.41050162360035,23.2816886541174
100.452765206865,120.638629374669,147.313069863065,131.802363874094,118.051269781088,6.40599767879818,23.3466765512802
100.503071384146,121.333900646922,148.15930921767,132.728414222237,118.909069642847,6.38435067103345,23.5553984041596
100.339293571235,122.737767261281,149.943552714324,134.735159041406,120.789016103669,6.30862968974676,23.9649245113146
100.387278767927,123.580247223754,151.025104565828,135.869611332454,121.887310804321,6.278879716873,24.2184034686473
100.388065464614,124.9006900899,152.792362293798,137.220551754585,123.3428712398,6.26458703461532,24.8328493483836
100.379309285374,124.992926764512,152.85505818508,137.138696581302,123.296109697806,6.27031292998529,24.9293058652418
100.399592129425,125.164832172895,152.796206336097,136.717438005478,122.95188480169,6.28776690192396,25.1552669098193
100.48055362227,125.287338350632,152.324498940579,135.870161367345,122.169375972246,6.30749466554222,25.3906516321104
100.477982296624,125.284862659182,152.303026271344,135.842385482523,122.143006505092,6.30759216140507,25.394490034417
100.474068403985,125.281094334248,152.270342071192,135.800106967031,122.102868740526,6.30774056281061,25.4003325828155
100.37842824059,125.181278160453,151.203498025837,134.472913937261,120.844967844639,6.31026356668857,25.5771533240967
100.372980327438,125.157957631165,149.977428101108,133.109035068317,119.572190286693,6.305654975126,25.7478946949786
100.373360033314,125.365104763043,146.367464521781,129.547596774568,116.541042443279,6.25489002463789,26.2357764046292
100.307184806591,125.368506018313,145.874304237481,129.062154492609,116.150438562652,6.24551628463868,26.3034425092342
100.300053527689,125.369266750109,145.828090375581,129.014078765726,116.110823817262,6.24478991216723,26.3109983528664
99.9832465282623,125.361947550603,143.998071218939,126.934354671925,114.247949360797,6.22804267603629,26.6492682781587
99.8262176721781,125.255239725826,143.522236185762,126.337002870621,113.639543626223,6.22651582978283,26.7164214553366
99.5895489276803,125.059510109359,142.923752375782,125.583868703736,112.852960108911,6.22425681032529,26.7793836045057
99.1481611588099,124.539055322667,141.515797137942,123.778017508062,110.894859038727,6.22859465634647,26.8990147183356
99.0624565371811,124.378432574793,141.09479151608,123.242309308108,110.314278501098,6.23231443962271,26.9272505761668
99.0001717317569,124.236460714792,140.724034657826,122.772691030993,109.807248441919,6.23623729020476,26.9501724673961
98.9965720340416,124.228255571071,140.702607078394,122.745549839371,109.777945067954,6.23646400804038,26.9514972187367
98.7668234555449,123.478993225941,139.037985922751,120.728946019254,107.704363719482,6.26140477193043,26.9879878924375
98.7299503226363,123.369608330313,138.835398066954,120.492451373837,107.471711425046,6.26527551131635,26.9847144532088
98.7030848854877,123.261634851716,138.640073952639,120.264506510969,107.251824448626,6.27081243811451,26.9805606838652
98.6079962473514,122.6929837787,137.629169068886,119.059311345203,106.087820235906,6.31298803949288,26.9601386715495
98.6121788227933,122.519982880674,137.333220788317,118.669542958102,105.692248632841,6.33801894623384,26.9582267761203
98.6013588044809,122.002037436317,136.552905928641,117.440623541873,104.272662043425,6.44366957866405,26.9671732209757
98.5125301869277,121.795739707044,136.314465581334,117.025125524345,103.743150147433,6.47732148300771,26.9623399126592
98.4938435629747,121.752729309766,136.268252675982,116.927154974567,103.606400242424,6.48586201166166,26.963027292364
98.4402556844545,121.629387824955,136.135727316437,116.646203533941,103.214240732193,6.51035379857602,26.9649985002294
98.3337170965642,121.364865207668,135.854494250829,115.962267589613,102.216842116887,6.56863796708886,26.9786659356871
98.2957406811204,121.254413242587,135.734720045092,115.630143982717,101.717884715164,6.59518807839182,26.9891072011994
98.0484577287436,120.576005915257,134.890426744298,113.430934546213,98.5785659954495,6.69014960214287,27.0309318903188
97.7876742455504,119.916273426686,133.936077181407,111.490974702177,96.2180695894545,6.68395843057856,26.9980360149737
97.7828137603493,119.899429263925,133.908355947875,111.43560582613,96.153743078599,6.68316244129355,26.9970455971932
97.4235650794495,119.22048895263,132.928694981608,109.634269286035,94.0862670149309,6.63314256665198,26.9291656742997
97.2331780537238,118.908837869839,132.549310969179,108.911799197709,93.2114243733816,6.60467366642848,26.8977364376635
97.2212228566836,118.886968616507,132.523327655556,108.857805491647,93.1434959479406,6.60234840281197,26.8959096324991
97.1138364879812,118.669102677892,132.262416882794,108.28659686602,92.412641251425,6.57643928756326,26.8798729950458
97.0764256816237,118.569034381153,132.140482840289,107.990355277472,92.0218926163278,6.56174789024344,26.8747063318955
97.0418511530804,118.404177204998,131.918299001671,107.404774326008,91.2395340073337,6.53020151398334,26.8692110286601
96.7252248521376,117.627299057003,130.488820626769,104.341444920854,87.4458842456709,6.34815286827512,26.7591416252327
96.7328893231125,117.617287962628,130.023663686343,103.439332415347,86.4126865471561,6.30021514688315,26.7269954022689
96.442697392511,117.689916609584,128.324534492093,100.856908278726,83.6799109875468,6.19371086072442,26.5676399439756
96.3309251021973,117.754490822177,127.792323756392,100.157560438883,82.9681461828065,6.16990341160357,26.5152878055014
96.1974270503991,117.893351509584,127.00690132078,99.1704769791368,81.965474388649,6.13628894890887,26.4395760494813
96.1973700226538,117.893427886088,127.006517019669,99.1700035925893,81.9649931253913,6.13627250843688,26.4395392446073
96.1909025390813,117.902089701218,126.962933653238,99.1163170984097,81.9104133380698,6.13440800402986,26.4353652251625
95.8735895565401,118.002501639979,125.241689546059,97.1224480064724,79.8743294937133,6.04212475761355,26.2369754155088
95.8599280464914,117.995388733756,125.174703896339,97.0480730154924,79.7978784219046,6.03731352672751,26.2273237430563
95.7851031107623,117.956430906324,124.807819348641,96.6407165885618,79.3791511718349,6.01096211750988,26.174460935917
95.6753189025845,117.888877128017,124.148651238679,95.9020800104595,78.6161148013573,5.95993622405586,26.0747875534235
95.662799663651,117.879012612662,124.04835362422,95.7885439184019,78.4981920136355,5.9515472198413,26.0588240503638
95.6525470618394,117.870934090593,123.966215124494,95.6955637980215,78.401619418972,5.94467706421407,26.0457507764006
95.5797955540983,117.790152670582,122.911672196436,94.4658663477337,77.116941704239,5.85031433121481,25.8640224392055
95.5789756005922,117.780355550038,122.610992234774,94.0951387422014,76.7274451918344,5.82216299150403,25.8058735692352
95.3308960288564,117.519695009937,120.943429323499,92.0388351247323,74.5952024946633,5.67734314159459,25.4559304861793
95.122243467627,117.357918303604,119.667357479535,90.3644530322115,72.8590634763174,5.57227079376783,25.1621757768843
94.7962585270579,117.200130258489,117.486078735246,87.2236312026492,69.5624388375139,5.39441178872969,24.6238015141667
94.6734264407351,117.107022606297,117.024772050491,86.5580964826584,68.863567246633,5.35504922266841,24.5070464416801
94.6357286837953,117.078022633706,116.874265549244,86.3378318499028,68.63132692351,5.34157442100371,24.4685112018088
94.4262819255024,116.91727096647,115.931912288577,84.9394554476418,67.1495760916636,5.25199875962763,24.2239994538905
94.3604326879152,116.870326945483,115.549034175675,84.360749527876,66.5317144043352,5.2123751638389,24.122644508754
94.2549808461497,116.813433644198,114.757535098583,83.1548104827077,65.237947387631,5.12661970026737,23.9107007217204
94.1972155742474,116.787111423978,114.361866509226,82.5592818111391,64.5993012172775,5.08364503294672,23.8048021406789
93.6085460972639,116.475114690156,112.390757557286,79.7868773880766,61.6666084618646,4.89018736362616,23.2976754403873
93.5143359500289,116.460551407605,112.017901029352,79.2487417582709,61.0938695916308,4.85529090114726,23.2044369556185
93.4757708497313,116.467740555942,111.841035038755,78.9859068327388,60.8123536920176,4.83964594085753,23.1614025608802
92.8580506586836,116.468563821822,109.637589254402,75.6305083787128,57.2016724114947,4.67940107901621,22.6621685778016
92.6700674783803,116.454821027672,109.031651371197,74.6472796909625,56.1310648503777,4.64778437374095,22.536985339188
92.5931615203035,116.457572515627,108.758176441497,74.1896148965254,55.629911045784,4.63486121161744,22.4813434693825
92.4187747003108,116.560254029912,107.825751848566,72.4993401669851,53.7534525820957,4.60380497313556,22.2836952333609
92.1583231230904,116.503999217362,107.024857868601,71.108552319788,52.2202969195036,4.58152701242718,22.0921591215214
92.0945096166719,116.488212636856,106.843266013232,70.7909189413567,51.8690981663908,4.57711913167815,22.0432899100688
91.8884235156975,116.461981312332,106.218248181456,69.6715949069154,50.624731041461,4.56337443165201,21.8637004074708
91.0307492587914,116.818153520696,103.909061127084,65.0267279617656,45.3107533059803,4.53684938229072,20.8803610357763
90.9022339722992,116.963458940177,103.562391553982,64.2489194430352,44.412200888414,4.53856735443599,20.6971279023261
90.1601826709796,117.477147399297,101.553026301667,60.4038750855417,40.0984641621953,4.51226018165568,19.6732713465252
90.0760423821498,117.701332655202,101.153943435609,59.6414146488505,39.2024723045952,4.50975129309935,19.3956527384935
90.009969418741,117.713380822517,101.031451079718,59.4397545027809,38.9673636554845,4.50895132007695,19.3203126895945
89.5310802314994,117.98385008597,100.171701348589,57.9227091779965,37.1293392148395,4.57494683245143,18.776422055399
88.3023191516235,118.324438428728,97.8900369884988,54.7232577382033,33.6684954944789,4.8778537915998,18.0065709678784
87.9075784305466,118.691542743746,96.5365594030708,53.2955621902732,32.3708540777328,5.03919577861014,17.6190268703557
87.6822668912781,118.81503959715,95.8008933381481,52.6965701697063,31.9209434527681,5.10248344672377,17.3768653894828
87.5925951817906,118.892569890952,95.451338586702,52.4752235371822,31.8020239787762,5.13090744247557,17.2368981424189
87.5166135440093,119.077724358393,94.9681809989847,52.2615380822542,31.7840221290986,5.17608971612988,16.9889246114685
87.5215508330275,119.188792737463,94.8225559682509,52.2512538676612,31.8682900525265,5.19608090276992,16.8718429575005
87.5398212189115,119.271219431118,94.7607316619596,52.27860822717,31.9578688395185,5.20921812002777,16.7940253066702
87.5633702373042,119.558886132706,94.7174820912995,52.5607609966697,32.4976325934409,5.2770979778783,16.3814922798991
87.5234208249052,119.562598199531,94.746312749782,52.6202016863662,32.5928720339385,5.29229796508943,16.2868795020547
87.5157075292665,119.563537942354,94.7592076360804,52.6355839161503,32.6140041822219,5.29605306584613,16.2663208253212
87.4883709125071,119.566868475838,94.8049082783748,52.6900999285282,32.6888984253559,5.30936148225948,16.1934590171826
87.7284404336554,120.16629242497,96.7069168550558,54.0789814040756,34.1005841741104,5.65734618976762,14.8685732656378
88.2166732587236,121.747428840935,97.9070639311979,55.5577955019738,36.2078685162648,5.87422866570404,14.1215934413282
88.2583350128395,121.917700291009,98.017178454364,55.7044562753926,36.4016509967852,5.88682583482797,14.0895828204857
88.2959770981368,123.01147214228,98.6157513487766,56.6893863788371,37.7777941188851,5.95460326593769,13.8404756684084
88.2943503370015,123.087800672525,98.6502503885573,56.7568361244248,37.8756150120441,5.95822361362503,13.8244972196103
88.3370197852239,123.613817660385,98.8310347836977,57.1713424960012,38.516668058103,5.97817824748243,13.7469279731967
88.4517808567758,124.999353716279,98.5564120697838,57.8554579943029,40.368505325259,6.03426768925669,13.5940117696742
88.4817164967081,125.735572578757,97.6076865659114,58.0099494588629,41.9214180797201,6.10112213362608,13.5523508137374
88.4487260398717,126.548399060943,96.7499902587356,58.7668060367317,44.4162377049237,6.14591771658336,13.5365135363892
88.5236115529953,126.734917427923,96.7466299180818,58.9120075496313,44.7470150626362,6.14734481739021,13.5493884111696
88.5914831389817,126.956805663487,96.7154024004847,59.082362823735,45.1732708257319,6.1478567922569,13.5609362800181
88.6797158043723,127.798943853568,96.1922751819518,59.603367784057,47.0693667606582,6.16259685779274,13.5930316920067
88.4054227012768,127.886242731374,95.320636699725,60.3214252113839,49.2016221345665,6.2508187365105,13.6513520474616
88.3404578651584,127.806559503063,95.2343522010114,60.4911248475019,49.5511216669907,6.2654746534273,13.6689364807015
88.2366388127694,127.600738752389,95.1578502407661,60.9860659759162,50.4414493935737,6.29789196534409,13.7354777263828
88.1867942707383,127.345626757524,95.2978247638134,61.5589034928819,51.3351566870382,6.31969172835618,13.8381897449565
88.1067755268456,127.159776476411,95.3559222181336,61.7685124721782,51.6665866427652,6.3239570038216,13.877990974316
88.0127244050795,126.82545769799,95.5876568125582,62.2079027816499,52.311540855861,6.33061812284152,13.9837725689342
88.009054632155,126.742996494204,95.6949058364456,62.349447809609,52.5037992717093,6.33307015455924,14.0256491150194
88.1623027084215,126.164235421961,97.0292764575128,63.8245355978926,54.3361578934585,6.38989704583492,14.5570264080181
88.1334156197671,125.881060554631,97.5716715408274,64.5164334233903,55.1403206876028,6.43948024287954,14.8320340614868
88.1398889733853,125.825839692123,97.7224408920877,64.724402099108,55.3781228203669,6.45462800878666,14.9111398763084
88.271786856308,125.59777526641,98.684529648572,66.2348228188101,57.1388394883047,6.53411568132468,15.4300129109409
88.2680531006966,125.585706648952,98.7017608850512,66.2681401469556,57.1795810655612,6.53513589110612,15.441028214122
88.227284455181,125.229577123736,99.3940085438565,67.5774422578908,58.7898498758795,6.55989283471229,15.8714401112547
88.357265516525,125.095509896957,100.052976490809,68.7829500905499,60.2810490447635,6.56661884142953,16.2692321159947
88.6267798506154,124.588966842667,101.733244559089,72.420831931638,64.8273361624335,6.57593458708282,17.4940117461547
88.7490987920903,124.003561188383,102.835660628768,74.732411085284,67.7237862389615,6.53932592361439,18.2363387437298
88.9723502044677,123.375402297103,104.200160410215,77.7124430817309,71.5245823641883,6.38377007401754,19.0829688032247
89.014565068003,123.347475146211,104.337567018885,78.0306979676553,71.934969321812,6.35908633283602,19.1489533863364
89.1803469452473,122.342679377175,105.267909349149,81.8052465163565,77.3145294835897,5.80023971496854,19.514878137099
89.5366602188912,121.489595993818,105.507847579049,83.7204480094539,80.1965131658176,5.4288371076174,19.6757821454806
89.5616288730647,121.318922103533,105.540221708604,83.9687123118549,80.5866864778073,5.37432432455283,19.6932894572486
89.7430559836485,120.963245996217,105.686458480579,84.7177024634486,81.7985176394953,5.22443405161392,19.7774714854372
89.7718884847042,120.783788567079,105.688674504208,84.9828583531639,82.2850699186744,5.16259631802818,19.816630471178
89.7388716522023,120.657435814368,105.650873249502,85.0703359199501,82.4777061714634,5.1331768959531,19.8287390976844
89.7186266560213,120.527032606527,105.613819620731,85.1829612778855,82.7195104931858,5.09919775554265,19.8477145002205
89.7414016891061,120.250784671283,105.579841597581,85.5368468532002,83.4122382980133,5.01224460917897,19.9096442422782
90.0906083650306,119.955856370433,105.973338186955,86.5314542357136,84.9135762730972,4.86202598011062,20.0344667070206
91.2107899473893,118.808413393205,108.682687755474,90.5615996645356,90.0014110550545,4.40003123541901,20.2781567296156
91.2451871815866,118.744266387733,108.855362416938,90.8040683365073,90.3054961008628,4.37448158612769,20.2996445708902
91.3172956452132,118.637856646851,109.20752070999,91.2931454798041,90.9165101338166,4.32477098085389,20.3483267671654
91.4347539829656,118.541032274429,109.756219695197,92.038049764768,91.8362145917783,4.25444954851615,20.4366836962417
91.2985194890753,117.971497379203,110.961860230691,93.7316061960125,93.8997305906736,4.07322308653414,20.6229353514402
91.3167352295579,117.93480084775,111.133464558,93.9582619356542,94.1649381536486,4.0544750068771,20.6498499363708
91.5177288268546,117.130969144526,113.197593161814,96.9027199845582,97.7010109671347,3.79515782750077,20.9839509292422
91.6359993261596,116.719204562798,114.051344544809,98.2187595741431,99.3250426247912,3.63548880326205,21.1522772152399
91.6166381211847,116.607914982507,114.245008004363,98.5070476448978,99.6696770050178,3.59015138374189,21.1942169729936
91.6041035941971,116.487295028273,114.888580454511,99.3206963603534,100.563137085197,3.4699917868589,21.340689666319
91.4650469649182,116.369373194105,115.385233886235,99.8859725401909,101.118936576272,3.37669052804957,21.4548559729017
91.3655835174313,116.286262781559,115.541580503558,100.05940453686,101.275305327411,3.34230642374159,21.4900192515819
91.169471119826,116.118111797908,115.969501163601,100.521443723443,101.679651479932,3.26012790835125,21.5798035504632
91.0204917099824,115.825398602803,116.87354117615,101.549518662075,102.604056928099,3.09642937852119,21.7147792093587
90.8205705303954,115.414650421977,117.267642792082,102.082724606161,103.093732131649,2.97882008363344,21.7219381640607
90.7348713816616,115.000466602025,118.118061507078,103.228111084001,104.225257715491,2.77500812485005,21.7248598137553
90.487720184144,114.713890197768,118.312287862122,103.537161383446,104.526937133617,2.69811295902645,21.6963372809393
90.3161055786851,114.537305772995,118.463687757123,103.767169393764,104.749386872001,2.64771420082171,21.6821617613038
90.2453693034941,114.468686742096,118.539400189933,103.877946955792,104.855761261757,2.6266858926885,21.6786114680775
89.3253843724715,113.326793159541,119.443436191738,105.308089708618,106.177321069329,2.35545753125615,21.6072380907806
NaN,NaN,NaN,NaN,NaN,NaN,NaN
NaN,NaN,NaN,NaN,NaN,NaN,NaN
NaN,NaN,NaN,NaN,NaN,NaN,NaN
NaN,NaN,NaN,NaN,NaN,NaN,NaN
NaN,NaN,NaN,NaN,NaN,NaN,NaN
NaN,NaN,NaN,NaN,NaN,NaN,NaN
NaN,NaN,NaN,NaN,NaN,NaN,NaN
NaN,NaN,NaN,NaN,NaN,NaN,NaN
NaN,NaN,NaN,NaN,NaN,NaN,NaN
NaN,NaN,NaN,NaN,NaN,NaN,NaN
NaN,NaN,NaN,NaN,NaN,NaN,NaN
NaN,NaN,NaN,NaN,NaN,NaN,NaN
NaN,NaN,NaN,NaN,NaN,NaN,NaN
NaN,NaN,NaN,NaN,NaN,NaN,NaN
NaN,NaN,NaN,NaN,NaN,NaN,NaN
NaN,NaN,NaN,NaN,NaN,NaN,NaN
NaN,NaN,NaN,NaN,NaN,NaN,NaN
NaN,NaN,NaN,NaN,NaN,NaN,NaN
NaN,NaN,NaN,NaN,NaN,NaN,NaN
NaN,NaN,NaN,NaN,NaN,NaN,NaN
NaN,NaN,NaN,NaN,NaN,NaN,NaN
NaN,NaN,NaN,NaN,NaN,NaN,NaN
NaN,NaN,NaN,NaN,NaN,NaN,NaN
NaN,NaN,NaN,NaN,NaN,NaN,NaN
NaN,NaN,NaN,NaN,NaN,NaN,NaN
NaN,NaN,NaN,NaN,NaN,NaN,NaN
NaN,NaN,NaN,NaN,NaN,NaN,NaN
NaN,NaN,NaN,NaN,NaN,NaN,NaN
NaN,NaN,NaN,NaN,NaN,NaN,NaN
NaN,NaN,NaN,NaN,NaN,NaN,NaN
NaN,NaN,NaN,NaN,NaN,NaN,NaN
NaN,NaN,NaN,NaN,NaN,NaN,NaN
NaN,NaN,NaN,NaN,NaN,NaN,NaN
NaN,NaN,NaN,NaN,NaN,NaN,NaN
NaN,NaN,NaN,NaN,NaN,NaN,NaN
NaN,NaN,NaN,NaN,NaN,NaN,NaN
NaN,NaN,NaN,NaN,NaN,NaN,NaN
NaN,NaN,NaN,NaN,NaN,NaN,NaN
NaN,NaN,NaN,NaN,NaN,NaN,NaN
NaN,NaN,NaN,NaN,NaN,NaN,NaN
NaN,NaN,NaN,NaN,NaN,NaN,NaN
NaN,NaN,NaN,NaN,NaN,NaN,NaN
NaN,NaN,NaN,NaN,NaN,NaN,NaN
NaN,NaN,NaN,NaN,NaN,NaN,NaN
NaN,NaN,NaN,NaN,NaN,NaN,NaN
NaN,NaN,NaN,NaN,NaN,NaN,NaN
NaN,NaN,NaN,NaN,NaN,NaN,NaN
NaN,NaN,NaN,NaN,NaN,NaN,NaN
NaN,NaN,NaN,NaN,NaN,NaN,NaN
NaN,NaN,NaN,NaN,NaN,NaN,NaN
NaN,NaN,NaN,NaN,NaN,NaN,NaN
NaN,NaN,NaN,NaN,NaN,NaN,NaN
NaN,NaN,NaN,NaN,NaN,NaN,NaN
NaN,NaN,NaN,NaN,NaN,NaN,NaN
NaN,NaN,NaN,NaN,NaN,NaN,NaN
NaN,NaN,NaN,NaN,NaN,NaN,NaN
NaN,NaN,NaN,NaN,NaN,NaN,NaN
NaN,NaN,NaN,NaN,NaN,NaN,NaN
NaN,NaN,NaN,NaN,NaN,NaN,NaN
NaN,NaN,NaN,NaN,NaN,NaN,NaN
NaN,NaN,NaN,NaN,NaN,NaN,NaN
NaN,NaN,NaN,NaN,NaN,NaN,NaN
NaN,NaN,NaN,NaN,NaN,NaN,NaN
NaN,NaN,NaN,NaN,NaN,NaN,NaN
NaN,NaN,NaN,NaN,NaN,NaN,NaN
NaN,NaN,NaN,NaN,NaN,NaN,NaN
NaN,NaN,NaN,NaN,NaN,NaN,NaN
NaN,NaN,NaN,NaN,NaN,NaN,NaN
NaN,NaN,NaN,NaN,NaN,NaN,NaN
NaN,NaN,NaN,NaN,NaN,NaN,NaN
NaN,NaN,NaN,NaN,NaN,NaN,NaN
NaN,NaN,NaN,NaN,NaN,NaN,NaN
NaN,NaN,NaN,NaN,NaN,NaN,NaN
NaN,NaN,NaN,NaN,NaN,NaN,NaN
NaN,NaN,NaN,NaN,NaN,NaN,NaN
NaN,NaN,NaN,NaN,NaN,NaN,NaN
NaN,NaN,NaN,NaN,NaN,NaN,NaN
NaN,NaN,NaN,NaN,NaN,NaN,NaN
NaN,NaN,NaN,NaN,NaN,NaN,NaN
NaN,NaN,NaN,NaN,NaN,NaN,NaN
