NaN,NaN,NaN,NaN,NaN,NaN,NaN
145.665698818829,145.759265029084,165.605841163384,97.4124001725862,70.5536157978298,14.2899780230155,15.9513594411275
142.210073834667,142.778857625181,162.545668479897,95.3345385935909,68.8408709508235,14.0173257646493,15.5702359674804
140.379413403792,141.286091952097,161.12429167497,94.3534917807448,68.0292432716369,13.8856721491314,15.3740046933322
140.288885785705,141.212273499222,161.054003458551,94.3049782335567,67.9891076357041,13.8791617728626,15.3643009003495
127.3164014135,130.645853711287,151.010665866444,87.3654026850482,62.255158379124,12.9509029629042,13.9770782548335
120.482121159837,125.070454227215,145.707458164181,83.6957095742596,59.2330123509716,12.464929336905,13.249167376466
118.960299106179,123.828448288741,144.525770155517,82.8778110178482,58.5598604781295,12.3568262763465,13.0871944453782
113.633594035931,119.43449337485,140.301959804902,79.9460074438571,56.1701998340277,11.9830269772621,12.526248445519
113.853548508266,119.599508108184,140.445613577451,80.0432635301158,56.2564992372631,11.999890848831,12.5513307776433
114.224914188979,119.878114894952,140.688155047344,80.2074682961916,56.4022050112243,12.0283633917084,12.5936791656726
115.951543949999,121.217716608141,141.899358453024,81.0358593567088,57.1122414360566,12.1568027459491,12.7852499508403
119.522292421396,124.046724156279,144.514906012148,82.8350871260613,58.6238306126901,12.417197016419,13.1743696132592
133.144253056335,134.842799042471,154.546639528703,89.7346366226502,64.3694286743364,13.4132864320783,14.657951756109
133.180809581835,134.871301946434,154.57298814854,89.7526336351777,64.3843178249154,13.4160336100398,14.6619985984275
130.923330047313,132.953173993867,152.708176891528,88.4205056618582,63.2708974081734,13.275011622009,14.4403030530365
129.797694186495,132.040695495199,151.837847668887,87.8092577029836,62.7637844887871,13.1978386100177,14.3233052950487
121.914948946926,125.830075881329,145.839419896979,83.5437653706635,59.2438932954371,12.6578524979535,13.5116346260713
121.949735907916,125.969825702635,145.900404884696,83.5414727428998,59.2450927605607,12.664682797577,13.5244598248523
121.95597981953,125.977266608575,145.905919384,83.5443687796901,59.2475414402557,12.6652112509497,13.5253106963071
122.510118195011,126.524496551181,146.360072517134,83.8230987499166,59.4779565264752,12.7074985500947,13.5912675778361
123.052818213959,127.018057925725,146.791649099972,84.1042063083645,59.7085209508536,12.7471856239184,13.6522838302236
127.394092025606,130.927920048777,150.223998163247,86.3656544792096,61.5391534921685,13.0608786846149,14.133574776114
129.582372913864,132.990162455178,151.95425991247,87.4896308040269,62.4001597594482,13.2182595952484,14.3769511147109
129.699031079766,133.106764549175,152.046490282624,87.5481002295181,62.4421628613047,13.2266723733427,14.3901071652032
129.730934890126,133.218013098546,152.064989308925,87.5413458127662,62.4035296080643,13.2295839902897,14.3965048056989
129.599421968208,133.179048525551,151.953178375402,87.4489247749784,62.2977684900026,13.2208118766126,14.3849362613532
129.175325335474,132.869861278628,151.598099889357,87.1961700082991,62.0653526748108,13.191367364443,14.3417253785795
129.153090711724,132.853102013982,151.579500171165,87.1830540071609,62.0534925713462,13.1898201810711,14.339442241598
128.379174527697,132.269765579407,150.932103431348,86.7265279303303,61.6406802782937,13.1359676731711,14.2599735408822
125.833691715953,130.142733120007,148.673270462208,85.1753088940651,60.2943992836161,12.9599772882535,13.9987939907478
125.729074430919,130.052052823404,148.577153202856,85.1096647185489,60.2379453960823,12.9527865554797,13.9881421455645
125.059075850857,129.416422935971,147.868588258775,84.6336738472079,59.8295740207295,12.9074130398896,13.9224822879037
124.954550122507,129.312866320263,147.75060273449,84.5549663653237,59.7621170349124,12.9003886265256,13.9124434507484
126.590001335699,130.338345461485,148.376476327161,85.054781048649,60.1386385524819,13.0093110341378,14.0991548444927
127.224542788201,130.837191874123,148.769729237587,85.3378029516527,60.3507048928516,13.0475119094342,14.1657936991416
128.038986693608,131.557838065781,149.268428418508,85.6927024514041,60.5670172036077,13.0831314588916,14.2441439151454
128.032050217319,131.579635973225,149.252931333649,85.6817179827492,60.5403024251719,13.0776221665039,14.2407567956415
127.743647034823,131.497452571282,148.993637384354,85.4986182602714,60.3029475597097,13.0321717860656,14.1958213671955
127.587892719705,131.422347456738,148.863899222467,85.4071874045875,60.2011944716363,13.0132733543459,14.1744879278052
127.548571502444,131.403386668884,148.831145956872,85.3841050743292,60.1755062248607,13.0085023190203,14.1691021585278
127.470499766076,131.363908974997,148.764234776742,85.3370910713131,60.1253585186616,12.9993147446414,14.1585103955107
126.834216263175,131.02422908737,148.196725845391,84.9348318932594,59.7097780902671,12.9260016115431,14.0731791797574
126.811994249449,131.011564929792,148.175851987883,84.9198047327461,59.6947010153469,12.9234904688285,14.0702432221624
126.409052635716,130.803987985168,147.734969384768,84.6001541545256,59.3688921052754,12.871063673335,14.0133696466419
126.373574067455,130.789337687627,147.686531146485,84.5648157905241,59.3320618849038,12.8653451802454,14.0077810430051
126.417891540618,130.860463370501,147.621481638203,84.5169913398502,59.2703127246876,12.8571391223119,14.0066894038481
126.632585733674,131.06072533503,147.65778411588,84.5470571267386,59.2743438268573,12.8596892444224,14.0237378544546
127.185091147799,131.512851315709,147.878310793568,84.7347947844532,59.4088983153052,12.882999740532,14.0773520496769
127.371079824039,131.639959588671,147.900365933842,84.7847294527962,59.4405484808927,12.8910748318236,14.097975163791
127.393595508494,131.591520374985,147.737106116619,84.7592609336207,59.4199131732825,12.8952690378502,14.1090131806825
127.328470100952,131.429519369323,147.465536132621,84.7082619213056,59.4252714573475,12.9127334358134,14.123755973039
127.196876459206,131.220313557922,147.160922826089,84.5789560260487,59.3863135699121,12.9334932432897,14.1358619540532
127.209685576344,131.212654528975,147.080292852672,84.558805506261,59.4308300950343,12.9583007056613,14.1571661917769
127.21002360889,131.21309847197,147.080553424879,84.5590454383335,59.4312013440781,12.9583848701396,14.1572502428633
127.238431266726,131.250406656784,147.102451452702,84.5792089057221,59.4624004576759,12.9654579041728,14.1643137476398
127.352500134165,131.430614518235,147.269592907128,84.6997258919099,59.5800754199659,12.9776887504375,14.1786815740527
127.232176137838,131.615288557161,147.511503083811,84.8518725704135,59.6851535083761,12.9563170465435,14.1495261541669
127.23831283434,131.781177728738,147.715036484325,85.0010500985342,59.7885699895739,12.9437844108226,14.1344954710654
127.374891755083,132.235888441355,148.240148525709,85.4381795202532,60.1135432966639,12.9186959382518,14.1052467947443
127.467841128737,132.432183596515,148.450103714112,85.6443719605466,60.2815270904769,12.9104501765854,14.0950859706386
127.500352945019,132.499255514209,148.521408501221,85.715293565216,60.3396748017336,12.9076886973738,14.0916602551767
127.502331339928,132.503336945382,148.525747509122,85.7196092558665,60.3432131809763,12.9075206570416,14.0914517950289
127.523059595704,132.546099362999,148.571208637852,85.7648260825385,60.3802858754468,12.9057600464709,14.0892676935413
127.556951486546,132.629195838001,148.659410514157,85.8579134363415,60.4576210318099,12.9010696890527,14.0830982961374
127.534646866938,132.681611555802,148.714097613803,85.9523396187313,60.5426142467259,12.8894318594477,14.0660405281179
127.494351255524,132.80881592473,148.834840476572,86.1848578916486,60.7609751465941,12.8629402645788,14.0264880948617
127.486295185977,132.871955964382,148.884434195656,86.3031747332586,60.879807089122,12.8513030988851,14.008447802379
127.484109224733,132.889088596964,148.897891123655,86.3352792264897,60.9120513515839,12.8481454308629,14.0035526882091
127.482391008022,132.902555247248,148.908468584088,86.3605141097332,60.9373960967147,12.8456634298767,13.9997050138774
127.50088437991,133.009071233808,148.97220651225,86.5473294703924,61.140009204095,12.8320864272799,13.9774650838909
127.544662122235,133.156584524803,149.053008094614,86.7860280733539,61.4057352503682,12.8179461070736,13.9536067842451
127.686654357645,133.490002469991,149.224650589363,87.2431588992225,61.9279518916654,12.800434662374,13.9219464626917
127.69565833865,133.509938900489,149.234917683268,87.268761775766,61.957320615412,12.7996328569123,13.9204424501551
127.615196919656,133.600513386279,149.214817675534,87.4290925807901,62.1727292595432,12.7807232163218,13.8879806242429
127.572078692191,133.637681823241,149.202505229249,87.4903383162633,62.2571469204381,12.7723972665885,13.8735268237835
127.533221605453,133.711029112,149.20801176555,87.5703049037212,62.3607670968727,12.7638523218939,13.8577055215531
127.496145557656,133.786499846359,149.215611975272,87.6506362522701,62.4640780211708,12.7555158211692,13.8421365623049
127.484339440117,133.951755919011,149.278433036448,87.7799729243962,62.6112919846678,12.7481441518121,13.825005492201
127.505467403946,134.206920175782,149.402529891638,87.9639510261378,62.8059410431568,12.742626794214,13.8070489467224
127.52322312317,134.323216790972,149.464684656894,88.0445563011881,62.8879137304213,12.7413230799966,13.8006187965896
127.497013580128,135.188763121782,149.950254079158,88.706306781356,63.5550814065388,12.7303858264581,13.7270865618854
127.487285388063,135.235176561448,149.978079754105,88.7507168560946,63.6019968805325,12.7295782738665,13.7216229479276
127.470123682289,135.431680382357,150.113071958243,88.9626748300888,63.8287849822442,12.7277177186231,13.7022584244879
127.533448748616,135.985905808523,150.584785557328,89.6948537205514,64.6278242378593,12.7281580013164,13.6651905660381
127.599196499165,136.709080709301,151.408187062314,91.1209873716547,66.2527168352988,12.715716733386,13.6109017489259
127.577896183812,136.768958717023,151.495461199026,91.2986924928351,66.4626367699523,12.711539310322,13.6015053979752
127.548598049798,136.990224451259,151.845148870204,91.9681314418767,67.2474416741787,12.6983192982035,13.575121795401
127.571122587915,137.218422936913,152.217407125151,92.6364588905341,68.0200889573632,12.6880611380542,13.556536001694
127.588134367039,137.33377154995,152.406813290074,92.9719255454636,68.406722710273,12.6832360421805,13.5480613771797
127.697522413534,137.64237595826,152.913094768217,93.8148538445197,69.3588364356111,12.6753720499428,13.5353995001964
127.710531223054,137.677751627055,152.971127021664,93.9110784379034,69.4673734029696,12.6745076776787,13.5340216461902
127.947999011651,138.157072791073,153.748332965318,95.1468465285287,70.8327489803934,12.668561956611,13.5242898264588
127.988863418645,138.483106849276,154.443002128504,96.3976778699497,72.2177591642809,12.6495014318874,13.4896746342462
128.12478415274,138.830990100978,155.07563718019,97.4455977640185,73.3359089235124,12.6437689765141,13.4723988065729
128.476362859276,139.486287546303,156.106924974444,99.0220200045322,74.9560512389237,12.6486376919346,13.4639970861871
128.481104682514,139.494465863325,156.11898196927,99.0397071993238,74.9738499155375,12.6487513479994,13.4640025505321
128.58763033643,139.678192781238,156.38984387068,99.4370522492864,75.3736994186202,12.6513046457535,13.4641253077277
128.666644705182,139.814470437445,156.590753054264,99.7317790793548,75.6702839024564,12.6531985295539,13.4642163616848
128.690586676635,139.85976246228,156.659597244375,99.835100679376,75.7745385933603,12.653581973017,13.4638101913199
128.706344816734,140.028281287361,156.981267402719,100.389318758335,76.3422122952394,12.647229262205,13.4484968915088
128.717623588348,140.135284205481,157.185153185705,100.739413477819,76.7005615683704,12.6432653139185,13.4389919707399
129.27000540944,141.445220527199,159.620968650592,104.601037319841,80.5979162078411,12.6114998773429,13.3780609691314
129.320432604021,141.644503802906,160.126993504933,105.466407957026,81.4803546967548,12.5937937211693,13.3513295802314
129.320813228134,141.660196345988,160.174010547233,105.550387873197,81.5664834962392,12.5916804922116,13.3481366026622
129.422202391772,142.006302065271,161.011543951856,106.967796632327,83.0129439211619,12.5626203053164,13.3045842419902
129.442505243398,142.052360981964,161.101815892028,107.11218680718,83.1594909451143,12.5604664625677,13.3013727082276
129.686273231414,142.565752312647,161.981457602869,108.47370880766,84.5361833271766,12.5454036290811,13.2787994307539
129.716351695239,142.626828297199,162.078289330654,108.620374764393,84.684106267504,12.5441640119169,13.2769305589416
129.930696442114,143.066402464178,162.676270558052,109.495836171497,85.5614011489649,12.5413759835933,13.2721382176547
129.991659364889,143.55811090147,163.345746300909,110.606638523788,86.6885773389409,12.525769058124,13.2444671040109
130.020412535534,143.814650940468,163.65228911519,111.118226118818,87.2000095649252,12.5209172608994,13.2336403388202
130.026173663696,143.86605257758,163.713709556851,111.220730351737,87.3024826673306,12.5199451306961,13.231471034342
130.038335578348,143.974562977965,163.84336995467,111.43711986733,87.5188064654723,12.5178929346277,13.2268915674085
130.104157789677,144.316757172445,164.224809646714,112.064013920468,88.1316020887978,12.5153443129824,13.2174940953359
130.136531085348,144.479990865404,164.405790096938,112.361085759076,88.4214557518228,12.5142677805933,13.2131903009074
130.158361908361,144.572813208767,164.507662508867,112.527988809595,88.5823814629417,12.5138662545561,13.2110040406445
130.169758304954,144.613782785267,164.552090606207,112.600613351762,88.6514040850564,12.5137974205986,13.210173421717
130.315940571192,145.134199607629,165.116818095348,113.524019454143,89.5281593193144,12.5128769747265,13.1995716967415
130.481013179227,145.608616061992,165.640117325934,114.385785312387,90.3272839822382,12.5110050594579,13.1887691019278
130.496602435355,145.9710564788,166.086054234524,115.265456286627,91.1327150744434,12.4933449911983,13.1538576929961
130.494417492343,145.99548072905,166.117456241267,115.331214515936,91.1926980255602,12.4916797818472,13.150724652295
130.49002302048,146.099849793379,166.254848519485,115.61683546645,91.45135105262,12.4838494622123,13.1368427326966
130.589204824069,146.744205356486,167.168338949394,117.433228395746,93.0632787423249,12.4188692851973,13.0434016226109
130.734283439769,147.124153430564,167.72759510246,118.443567010555,93.956844422387,12.3701017608278,12.989309948919
130.7607580266,147.185200718852,167.817011438738,118.598323798454,94.0945190320782,12.3617366578665,12.9808740879663
130.845707093702,147.367460445946,168.082942552456,119.04528078438,94.4938776424666,12.3357421898443,12.9561990263032
130.935351451357,147.685046058912,168.589376537615,119.947480409983,95.3051923897593,12.2684775186631,12.8911653063989
130.916497738087,147.866349789161,168.927809115984,120.599100251807,95.8979182642115,12.2030875484706,12.827863438136
131.097108311172,148.773902751655,170.329556714583,122.895372877854,98.0162330068016,11.9700185587223,12.6302140149868
131.355473690122,149.490465842696,171.316563710206,124.355015237616,99.3723819180959,11.8406255712698,12.5303114558308
131.357394488762,150.173939424039,172.397262613871,126.172665896938,101.088921245918,11.6646149959912,12.3757684131715
131.597502068211,150.956481997076,173.505231150454,127.937747469158,102.794358290564,11.5571310324782,12.2888179662896
131.754205179456,151.381297410161,174.081474017808,128.852436635393,103.700836948839,11.5121486239487,12.2550298326908
131.752476337281,151.394266269617,174.102278712107,128.891750523118,103.741094054342,11.5093637551451,12.2525077174891
131.729476295644,151.712368634991,174.599478560842,129.816701008258,104.688494335924,11.4446498636914,12.194933372326
131.777758539017,152.069621236989,175.110322579117,130.709166284155,105.59975854289,11.3846479110704,12.1453389967971
131.891054521403,152.452021041326,175.624516406825,131.555458210116,106.451802335117,11.3282886095994,12.1014001354816
132.025458660082,152.792916366485,176.06916427632,132.259801246171,107.150023133391,11.2810549253315,12.0655702319369
132.07336309478,152.891466148891,176.196130064831,132.455328419631,107.339599293451,11.267621401666,12.0553784310311
132.254118436952,153.279531455982,176.702751418147,133.245878349358,108.105764573983,11.2112428104996,12.0116185344124
132.340337327043,153.833240433111,177.65265534725,135.036641796551,109.81039760738,11.0266345859426,11.8400802493319
132.372758500576,153.913335991879,177.792660167695,135.294743018644,110.053155813978,11.0028424918864,11.8181952974211
132.558903844998,154.281026431506,178.432074680272,136.456276035822,111.153272559142,10.9068472459442,11.7316858235014
132.640429995307,154.416289110188,178.663496584779,136.866115037209,111.547762239794,10.8787813510491,11.7076672698693
132.766098965002,154.64647625245,179.081938717295,137.628761139548,112.288517822359,10.8261239355318,11.6620521735592
132.735043659843,154.829095170091,179.612576956789,138.757939221062,113.420813911535,10.7355367998798,11.5779255391151
133.005931966784,155.578663684272,180.972982295339,141.02389296699,115.668628287826,10.6115779863266,11.4866991378228
133.076658200731,155.721751073354,181.180385947208,141.315514642808,115.949859781991,10.5998234516695,11.4805791580789
133.209577530768,155.988784231405,181.564203245552,141.851428166094,116.465847806397,10.5785108025467,11.4697069385228
133.274649635841,156.226716947554,181.932017193232,142.393325453205,116.987779267714,10.5497341900192,11.4492711556002
133.277737071954,156.261269018523,181.988509231387,142.479695130609,117.070985851921,10.544388493651,11.4450220198643
133.373205092332,156.827566835993,182.844587013288,143.75833945367,118.299380510041,10.4704656637828,11.3863305906385
133.506218005932,157.29215269667,183.468577569283,144.683270711205,119.198209092368,10.4244878394738,11.348891618162
133.509641230816,157.303941897701,183.484345726913,144.706649172462,119.220943466616,10.423333199814,11.3479499553832
133.706980719938,157.862455435289,184.193195432672,145.798977393066,120.314100913264,10.374749595155,11.3059159386938
133.871257670396,158.2723596119,184.702958799355,146.626587134816,121.169654770308,10.3401675370371,11.2737661263918
133.904347647578,158.362686105859,184.817153449335,146.816810964679,121.367644547609,10.3317507060654,11.265657360786
133.881174351254,158.510917986888,185.05096868582,147.324577023238,121.928216769698,10.2981006420666,11.2268354831394
133.870467206973,158.579408033148,185.159002236038,147.559188637138,122.187227295343,10.2825527422226,11.208897964048
133.865562123181,158.610784225246,185.208493828025,147.666667306932,122.305883427902,10.2754300445627,11.2006805503434
133.990860192698,159.184095806347,186.179505063162,149.674076227078,124.568220179397,10.1531286998271,11.0582753988506
134.089310947189,159.348416846127,186.464111588262,150.189283476376,125.141248081559,10.1240779809512,11.0256585692814
134.380810030792,159.762495816055,187.172760273226,151.388637701137,126.453384230874,10.0584113196564,10.9538428399547
134.414659053163,159.807793999591,187.249897126885,151.515372873985,126.59097031887,10.0515682101678,10.9464551931998
134.443792186815,159.852775323207,187.337677754779,151.666453008553,126.755631805764,10.0419203685606,10.9356056132731
134.486671343193,159.966839632376,187.637665913693,152.224175046919,127.367214507222,9.9977142218263,10.8837776550471
134.488811723516,159.972533331215,187.652640293009,152.25201461694,127.397742616691,9.9955076026994,10.8811905812491
134.54422157567,160.098515404674,187.94126285544,152.764703867817,127.952320340812,9.95772629828843,10.8371872671135
134.551314767807,160.113408575276,187.972503056394,152.818346637166,128.009728319383,9.95400456493118,10.8328780698044
134.598099752364,160.211640336549,188.178555887184,153.172161405913,128.388377500042,9.92945690933658,10.8044556436719
135.060948292357,161.599019324381,190.20907254988,156.603635541168,132.067931224713,9.76005252586759,10.605805078727
135.033676135076,161.647707083188,190.274258221504,156.745202391566,132.230758936736,9.75136787242547,10.5943029015392
135.008557225443,161.692550745577,190.334297219448,156.875591963815,132.380730739185,9.7433689076659,10.5837088679838
134.903463022499,161.88017071096,190.585492463452,157.421124726495,133.00819296874,9.70990229474131,10.5393848296903
134.709316477783,162.257840065364,191.050510097611,158.368393895521,134.112868202077,9.65113513484286,10.4622595925703
134.440330779927,163.111629236676,192.053401845941,160.028762028909,136.049407888198,9.52847703168138,10.312219171114
134.418414761948,163.216620624407,192.175731258641,160.208038893257,136.257181402233,9.51343968202568,10.2945948937871
134.398725452808,163.325933674639,192.302881934625,160.388590943995,136.465803965913,9.49764295298458,10.2762951807498
134.385968602214,163.607394953171,192.6276761074,160.779460915858,136.909559766644,9.45526663899404,10.2297832244324
134.106780427791,164.660164907427,193.849399129616,161.997588141859,138.323608980521,9.19504674458183,9.94552592752765
134.097431870429,164.711868365186,193.905516225266,162.040669931117,138.373435333023,9.18073841120702,9.93030231426828
134.09355918121,164.745810090837,193.940592553425,162.06621484833,138.402977239836,9.17155239876859,9.9206243680068
134.116600191897,164.989796583498,194.153124980962,162.188343169791,138.544161831184,9.11017022800907,9.85815337214687
134.152386596149,165.26457230524,194.379040369193,162.314056643255,138.691479134094,9.04228069193492,9.78954272419381
134.173498281293,165.337883104652,194.423520652161,162.333695875488,138.717050176469,9.02562350723155,9.77328687980329
134.474779369976,166.212463841605,194.780176927301,162.472372398737,138.958061517306,8.8330744666404,9.58910927467358
134.417914276648,166.394942402079,194.544842437934,162.280559161299,138.87645101419,8.74253519818431,9.49818424003055
134.36603555141,166.54110343467,194.204348901309,162.076307132691,138.808488549813,8.66997138122345,9.42755420448284
134.361671064453,166.553281475662,194.174971220352,162.058953333426,138.802808757093,8.66392512002582,9.42168393792869
134.226453518397,166.941145021428,192.842340853725,161.509472506948,138.776773714533,8.50567440664078,9.28871577267856
133.655795419127,166.872310204333,191.561263699685,160.816314624551,138.455094116918,8.39430140835501,9.20323153581643
133.612930205529,166.888649886164,191.4725725063,160.756505748611,138.416695173667,8.38551988044853,9.19821594300927
133.419661045014,167.091467441819,191.028334687148,160.437287829914,138.198003907735,8.33736733556719,9.175883470687
133.408386924577,167.152091890983,190.984157344637,160.40296813344,138.172208673796,8.33138397363156,9.17452877368142
133.407998628735,167.155430938395,190.982158433382,160.401401893872,138.171011202176,8.33109686384507,9.17447982607017
132.944093048588,167.580200019502,190.273946369226,159.873232319553,137.733119268542,8.25298896146348,9.13281871398638
132.898715554073,167.615130434266,190.211960429704,159.835597176827,137.703115408755,8.24561571693518,9.12846808313686
132.747374791224,167.77764192217,189.998087360886,159.741978714391,137.639153447718,8.21394205112584,9.11086600853351
132.607562074714,167.978310520887,189.796314650317,159.722470348328,137.651820183191,8.16214891536828,9.08150192192422
132.241813708432,167.939517557028,189.40995205731,159.608284310882,137.571408430116,8.04560826189315,8.99610901020105
131.764672370219,167.468187017008,188.875785440204,159.245851705533,137.182527234761,7.87334258887042,8.85408504977538
131.764467651253,167.467909462855,188.87551369399,159.245633265874,137.182277971296,7.87324891931535,8.85400737009867
131.572989958359,166.925771722201,188.329108755879,158.679328182696,136.516810008464,7.72178018696519,8.72340371337024
131.55798245974,166.841881980073,188.237847716852,158.576756819562,136.39637696578,7.70142414757794,8.70519380787903
131.309897857835,166.340425580137,187.670063482999,157.971838349906,135.736696260279,7.63659237827935,8.63378903393365
130.945600654005,165.511777617616,186.576467286314,156.810396544851,134.46993917973,7.57544705980656,8.5471703918178
130.678107943456,164.842484629672,185.551516547033,155.74877658342,133.311187480024,7.57256490289518,8.51070382658015
130.244581584251,164.094160727144,184.478151902739,154.689164425228,132.184338875317,7.59908166124843,8.49383477943764
129.827924331895,163.522898572293,183.780773519281,154.012869263167,131.488319081824,7.61267453059232,8.47738783056136
129.680175939437,163.321242657767,183.542302299742,153.781074494281,131.250926054933,7.61769309872295,8.4719823513416
129.373751337454,162.888597609158,183.066908635804,153.307195186993,130.775280224534,7.62555273423875,8.45921591237911
128.844748432207,162.068705539715,182.215291554074,152.408221038767,129.908421084678,7.62566237459639,8.42505698211079
128.72203977713,161.852763588172,181.994802427021,152.158905414762,129.678796909954,7.62077068519549,8.41237154337762
128.566611661044,161.6100849029,181.74742843867,151.8805338635,129.425897359296,7.6119788912498,8.39504217874974
127.489730444052,159.977504795653,179.91971839106,149.691967195664,127.502387937555,7.50592643389986,8.23446795218609
127.487815217284,159.973981411746,179.914658362855,149.685224070461,127.496578611792,7.50559770780299,8.23401976441481
127.420839621384,159.850768463458,179.737708870518,149.449416574351,127.29342613854,7.49410213631666,8.21834661095039
127.224156540326,159.470367746994,179.144654081991,148.640700184148,126.596657661762,7.45616740587181,8.16714515754886
127.204374812884,159.430315363174,179.077917596252,148.548138912326,126.516905658403,7.45194879824128,8.16149579830644
126.929223579219,159.070341350119,178.576276722281,147.908402168955,125.954009284032,7.42076056181107,8.11680539368657
126.311453303626,158.276013811937,177.516483024123,146.554824900324,124.747218106902,7.34797487277306,8.01561141788398
124.442605867191,155.598478947204,173.99249216105,142.24335795265,120.974141603692,6.93732560630553,7.57122796338163
124.304759934022,155.409176477655,173.641819071104,141.82038973857,120.627286225749,6.88942109517363,7.5280408555755
124.263125526501,155.352462155779,173.522991728734,141.676455522228,120.511127224229,6.87318945592627,7.51398273404092
124.207384096287,155.276531270648,173.363902014085,141.483751949554,120.355609966693,6.85145803616514,7.49516128689902
124.116294935541,155.15244976476,173.103927547423,141.168847817376,120.101473386123,6.81594590846605,7.46440445454603
123.270051854753,154.219188695299,170.721780894237,138.409621050891,117.988933644781,6.57490697275089,7.27365466527484
123.141233570838,154.07293297863,170.34792115805,137.992720951361,117.682360819297,6.54827023385027,7.25425972614931
122.891241276267,153.7172381835,169.459921539883,137.024574593445,116.994866291285,6.50357429462996,7.22596291621199
122.817321587126,153.558491208865,169.110905883043,136.656057740272,116.741633954868,6.49446969507487,7.2218945677946
122.701092425866,153.281828553963,168.527859265871,136.045078930675,116.323573945516,6.4820513468984,7.21704429924313
122.553596048268,152.777872886327,167.646947398379,135.153689841459,115.72079927787,6.48050940804464,7.22043090207074
121.582062584541,149.860366683949,163.997916638683,131.666811342997,113.247669239374,6.54198989991958,7.23190965208445
121.410690633728,149.032910467225,162.949168471956,130.674408954011,112.542103812818,6.57868978768022,7.25116578047071
121.385315893359,148.900530610389,162.775037984978,130.509071037878,112.424001024314,6.5851298570087,7.25483926773192
121.367125586134,148.80563189493,162.650209631696,130.39054578613,112.339337064184,6.58974652846725,7.25747266854287
121.287743656424,148.607681167696,162.388836291792,130.140631480855,112.150495589677,6.59599278631973,7.2588635820038
120.957539402303,147.901483444944,161.444135458739,129.234190951054,111.453344658863,6.61493051631935,7.25974349457517
120.922219242306,147.83145801167,161.339079394584,129.13210600951,111.373712229418,6.61709919490074,7.26015710933838
120.72281700845,147.436124926469,160.745978630765,128.555778909396,110.92414222974,6.62934260924763,7.26249219807372
120.685029578553,147.361207905962,160.63358393437,128.446562881711,110.838947121751,6.63166277965087,7.26293470566344
119.859391404944,145.743898530879,157.717122940909,125.564529741274,108.50425439159,6.69092769174746,7.28339322024032
119.658894381493,145.417118192448,157.231882997275,125.091559511513,108.104608571051,6.69487686728703,7.27766698902253
119.247434000071,144.646988592858,156.150621227053,124.048284767815,107.229268216648,6.70799803483593,7.26781375983978
119.200539309549,144.556142809485,156.024749462265,123.927137944435,107.127800235678,6.70964839657661,7.26674939295977
118.9829242646,144.024365505791,155.33119657391,123.269024271131,106.58786048698,6.72415540473016,7.26578373433511
118.797092838469,143.488420771472,154.648589369155,122.62584324933,106.069054086321,6.74226142847639,7.26883975436408
118.635546409028,142.913383663089,153.930868174165,121.953978454992,105.537729902489,6.76582706119497,7.27696230858784
118.371318899288,141.890352595569,152.693529635485,120.798230643436,104.641322286117,6.81213887141979,7.29679201319265
118.093333613552,141.05179630986,151.706866358388,119.869196550336,103.915219214276,6.84503747516383,7.30690261663875
117.821515619908,139.703357213459,150.025207098814,118.25278837958,102.671164282284,6.91689214073463,7.34392314149357
117.821638307412,139.533660583979,149.792150974407,118.021481170221,102.493159575246,6.92833840707388,7.35113151127131
117.82190417976,139.165916191267,149.287102151686,117.520222367989,102.107411000916,6.95314326192971,7.36675254967674
117.882226865483,138.679185174586,148.580086114683,116.807369940772,101.554053638803,6.98719148087726,7.38828744847615
117.891117323672,138.619314362357,148.49217362192,116.718473442581,101.484938066245,6.99140946742422,7.39095744428179
117.705058517138,137.02525457982,146.309755385117,114.532127371775,99.7134388821622,7.04359017478637,7.38889149850081
117.681858005155,135.368661273689,143.844677161128,112.182524441976,97.8929874391641,7.0927528293829,7.37843577012167
117.637988585546,135.102136843339,143.449542537221,111.81798064041,97.6158480338646,7.09891654722049,7.37605134246732
117.296906498235,133.978976808934,141.821357896644,110.314775004531,96.4568216353798,7.11880255709913,7.36401615828272
117.274187904216,133.899046374415,141.702281351057,110.204461250993,96.3719182521836,7.120566052784,7.36379916191778
117.160956669324,133.341627629989,140.823246130073,109.370765280739,95.7210492147123,7.13858688095052,7.373311789077
117.134284851582,133.118524842918,140.456931905002,109.014690813435,95.4374556428411,7.14758348204007,7.38083769176508
117.123144449729,132.894146386687,140.077078973733,108.638300028712,95.1329761488031,7.158055241505,7.3914238404999
117.137071254538,132.452673205661,139.3121229385,107.862806927819,94.491230231489,7.18103938000525,7.41821170161972
117.160604042337,132.218461256654,138.898377624945,107.435657831827,94.1315507756374,7.19430515996531,7.43510720002708
117.114035971908,131.946459553964,138.478045558798,106.997867830787,93.7471258305607,7.20265914919353,7.44515891673464
117.060836374909,131.698725871873,138.103998210009,106.607644061387,93.4018581672464,7.20923843513181,7.45291697686701
117.037316601866,131.589201734347,137.938630251465,106.435124436987,93.2492138327301,7.21214716603931,7.45634684896878
116.936304624111,130.933379823791,136.936283660197,105.382107368093,92.304389778004,7.23153958750185,7.48267272122697
116.923854621046,130.844071062222,136.799387824552,105.238054037701,92.1747152902007,7.23424517489089,7.48644750637254
116.853911821228,129.748140643855,135.074009881717,103.459226524356,90.5798621599417,7.27326437347682,7.54814266115775
116.771190051536,128.696408070226,133.392846408078,101.80922476775,89.1441717314055,7.31086512701072,7.61357900686843
116.152193667613,126.736053966416,130.441401410917,98.9784029094467,86.7117893655512,7.33784307473685,7.67536523659326
116.07273554879,125.936499366633,129.098588381971,97.6028520877244,85.4839615659319,7.34749953121047,7.71293528915972
116.037537185584,124.822238857546,127.232695265849,95.5825328955151,83.5601486632086,7.3461785756946,7.74808246242685
116.075585133563,124.420570772747,126.54433224784,94.8318813458569,82.8105169896144,7.34405364094015,7.75890072014029
116.103932082274,124.20720159643,126.173954201713,94.4307149474874,82.4088415187089,7.34328961492351,7.76533099806541
116.212081019667,123.902270494535,125.60544401696,93.8373244070662,81.8059869907196,7.34523023169953,7.78020344742943
116.694863661234,123.062978519562,123.931413585737,92.27628580415,80.2361880712236,7.36887369403247,7.84802743134273
116.974677638152,121.643610820172,121.521623442806,90.6711473097887,78.7906226519733,7.43124583434158,7.9595691685811
116.993367687574,121.135593915587,120.782222057614,90.3651579291741,78.5983673290365,7.46532772096089,8.01227168453253
116.996608717554,121.010125487345,120.607858331286,90.302287165387,78.5662485660658,7.4745544131849,8.0265169409503
116.290078757827,118.118058918959,118.268460114335,89.5708842296792,78.4836921560751,7.67670780456219,8.36635327740597
116.102306207684,117.087838378316,117.682831393353,89.166145102875,78.2458204435571,7.73549904540972,8.49459865429505
115.881170370171,115.84948222468,116.877701773081,88.6666316729395,77.9539564213837,7.75646684438684,8.58071578950215
115.885628326933,115.621499868517,116.743676874064,88.6049208942931,77.9371474000258,7.75726040936158,8.59546435898126
115.929232589824,115.323758883484,116.592946397892,88.5472366556114,77.9413566504742,7.75590287480824,8.61376452093749
115.933223652089,115.297502854112,116.5797481866,88.5422382613043,77.941828836152,7.75577392009403,8.6153745940154
115.884941160302,114.977925790002,116.407412300912,88.4423440886496,77.893879537652,7.7494109932392,8.62123444575201
115.846841959526,114.833814278618,116.32772745065,88.3907142023563,77.8632061110841,7.74573371207489,8.62156139451315
115.784254444762,114.586474664645,116.192316320142,88.3028766018412,77.8116970590756,7.73958867912374,8.62247624551948
115.682722745968,113.658062942673,115.717652491196,87.9943779431331,77.6627203508885,7.72882288054586,8.64825978085453
115.679934203671,113.528451895641,115.650099830425,87.9510281768796,77.6444400244593,7.7289624901454,8.65451110190231
115.740226129045,113.099522113978,115.387042702952,87.791523525401,77.5920879113921,7.74399817307505,8.69702605688014
115.809875236191,112.846459655278,115.192377010253,87.6810669044632,77.5617071060797,7.76323484816825,8.73687453808843
115.824037399941,112.799888469454,115.154995398665,87.6600943581885,77.55613608732,7.76718398771818,8.74479046551165
115.803944478258,110.934616590699,113.006453294095,86.4088156288472,76.9825726573114,7.99942229326836,9.12427990834441
115.846253960567,110.679884861184,112.576550317662,86.183630848095,76.8971636812937,8.06352399943936,9.22560549079853
115.763371562666,109.940383284339,111.28886860803,85.4019175043871,76.4827593135795,8.23101938112398,9.51286257802804
115.745515367934,109.882024526557,111.18952657959,85.3319685339376,76.4382572999982,8.24112514259126,9.53330764477289
115.742233587729,109.871298802574,111.171268562843,85.319112651146,76.430078299408,8.24298247493093,9.53706523234063
115.728486051245,109.826368224484,111.094784844955,85.2652587344661,76.3958160691552,8.25076293020494,9.55280594895039
115.724574961213,109.457262284972,110.364775626074,84.7094673239637,76.0413194411267,8.31509791773979,9.71769351991428
115.747944514263,109.425826607668,110.282215824149,84.6410716320521,75.9984977389778,8.32059848907936,9.73815139720642
116.011868469108,109.207259188615,109.627450910814,84.0802332528001,75.6469958364078,8.34471563589811,9.88198457579613
116.523729244565,108.716168652117,108.15587334909,82.8654464062157,74.8833767263354,8.36684115212882,10.1177711097668
116.636969619869,108.68226734832,107.974967452759,82.7288459169527,74.8096811604586,8.37622768227149,10.1571426721556
116.773833445132,108.647213054806,107.774790260261,82.5827706432931,74.7340541896135,8.3909922123251,10.2069062171213
116.897143072628,108.617564984634,107.600473544214,82.4573789145417,74.6703103991426,8.40541228800167,10.2524535052343
117.014892220991,108.1771312744,106.698078186064,81.774981908675,74.219688390366,8.46250052110011,10.4248917712091
117.03445847819,107.973043173827,106.356966305246,81.520535028861,74.0441321513317,8.48694248934934,10.4942790844086
117.115047809102,106.546300462967,104.539104361242,80.245795002509,73.1317033215514,8.59742665056401,10.8541536060677
117.079485469981,106.189609322762,104.113938157571,79.9604050603531,72.9247200271718,8.61486799888955,10.9184082923149
117.407302220094,105.355322995172,102.753274840901,79.1680088500562,72.4860600634836,8.76398923102495,11.2536502634674
117.421149427784,105.345397179139,102.728201768592,79.1554441875759,72.4820548287136,8.76887167996106,11.2626560410122
117.682905823989,104.647043773653,101.595076894842,78.5354451653145,72.27853095324,9.09060611907734,11.7185908850468
117.96100142437,104.158883341834,101.307060307315,78.3946452608188,72.3061973089815,9.26142918943835,11.9284736583642
117.959568959486,104.135719408872,101.295741991157,78.3864337399993,72.3017005063708,9.26505139448214,11.9325544819801
118.060592135474,103.08217071921,100.957323539384,78.104263061525,72.1311381941841,9.41975219586024,12.1241452260418
118.060908856702,103.081446981182,100.957262578328,78.1041543807513,72.1310645401552,9.41989556463957,12.1243539742757
118.160771553769,102.750291059967,100.937044167214,78.0045848993548,72.0249199556761,9.52675119171809,12.291569239759
118.143587564873,102.818651628085,100.943063806164,77.9549882317372,71.9626227828122,9.57652178763622,12.3733978450164
118.190605044579,102.937840254134,100.965801787842,77.9484424320186,71.954936840413,9.60582213028827,12.4226890278452
118.53822157895,103.321409481475,100.973543940027,77.9360508033383,71.9954955317428,9.65890950362203,12.5226656616271
118.545176748194,103.315584323707,100.93267900896,77.9010431630685,71.9724559711809,9.65878607886707,12.5249147247587
118.55245316477,103.309490111898,100.88992659685,77.8644185799659,71.9483522528514,9.65865695333448,12.527267668257
118.772609679817,103.160627119779,100.552583816191,77.6009638681265,71.7981999064574,9.63597157122598,12.5252476037217
118.991248293399,103.0410881037,100.388087937001,77.4813666229929,71.7422420088679,9.61799460043399,12.5261561852654
119.355487045607,102.563600736508,99.9578053162223,77.1212178730281,71.4972988412094,9.57797367502785,12.5599391481991
119.427829525022,102.423254971802,99.8442528285924,77.0083625487029,71.4050992079376,9.57166382485695,12.5861021028612
119.507233068696,102.367211181774,99.7941924420918,76.9531760771776,71.362429164631,9.57047962397796,12.6100477463316
119.821700548179,102.306339287,99.5718532185957,76.7163032888265,71.2364126996835,9.53821607168858,12.66784811879
119.849620889896,102.323335108213,99.4936781807593,76.647577441615,71.2186765263043,9.51266201888756,12.6519209441638
119.861434725008,102.334194250663,99.4721293242811,76.6294181565329,71.2171921555395,9.50433510789437,12.6463409982218
119.871230308683,102.34709814517,99.4637399043797,76.6233006766805,71.2211910991578,9.49943772041119,12.6430960677206
119.905752194057,102.395956385195,99.4423929406001,76.6094935146676,71.2398194544603,9.48391862517863,12.6328584246605
119.955411244218,102.567134785896,99.3796453586088,76.5730227427682,71.3077048738204,9.43224695150353,12.6017458724638
119.617185725795,102.587172162623,99.1909881907402,76.4221501408428,71.267013309153,9.35720774747914,12.5628049984776
119.585546661472,102.594732542416,99.1772654363928,76.4138383463616,71.2718640776993,9.34858713345818,12.5619192707158
119.486383895306,102.165093178405,98.9827082457672,76.3442901311833,71.3337857841176,9.2646913115178,12.5680034202173
119.495394568581,101.952718895455,98.9114418930648,76.3175544215093,71.3483644280555,9.24109716560957,12.5584396425558
119.735725610347,101.540848534218,98.8467848431632,76.3680721286692,71.5497713691152,9.18634508536378,12.5390874824444
119.629873657063,101.330566393951,98.7906972529098,76.3573805502209,71.7386984337555,9.14900386099542,12.5418016042674
119.755919055054,101.409024700208,98.8592292772104,76.4223103293661,71.8439188567382,9.15800882181946,12.5710595685847
119.723464974906,101.075924269059,98.7754786700042,76.3597514768004,71.864969973075,9.16913846445298,12.6068166600297
119.985711919581,100.32453816521,98.8118117320662,76.5084835362977,72.1864726116947,9.19735535101219,12.6544149437516
119.834770044264,99.8308314632889,98.7673968967967,76.5364066475793,72.3148397749612,9.20341349770978,12.6526513534175
119.763567602736,99.6213412992135,98.7746168946271,76.5859589084723,72.425859750175,9.21018562118246,12.656208260836
119.738961161968,99.5450630002611,98.7935216752607,76.6293227833809,72.505083689296,9.21586812978429,12.6613531452701
119.723221817288,99.4962720983107,98.8056139913055,76.657060194911,72.5557587502094,9.21950290827086,12.6646440360662
119.373957060199,99.0958414594175,98.7250730979917,76.6995115624169,72.7394535997708,9.24075922595933,12.6752371711557
119.479524407431,98.8139392424091,98.6795171990115,76.724807545543,72.8110938918766,9.25427801436089,12.6869965097554
119.626212276603,98.7074313054236,98.6942403976054,76.7627889439298,72.8639983800156,9.25752935968781,12.6902712948941
119.640907993359,98.6967609583587,98.695715420438,76.7665940566216,72.8692985413531,9.25785509112199,12.6905993746126
119.713441194262,98.2920924354315,98.607568618651,76.7178170103697,72.8435166972456,9.24466207598852,12.6602100180886
119.839850043036,98.0408900370401,98.5789121221826,76.7147180591778,72.8618499515988,9.23290548611485,12.6349692234989
119.903703721141,97.9785012631172,98.5809809418327,76.724625276892,72.8806660719202,9.22862446756891,12.6262097446833
120.17417409461,97.7995992077726,98.6086888771323,76.780440015861,72.972811044661,9.21240370196617,12.5939354189181
120.696231176743,97.7184199558811,98.7157650500249,76.9285830181812,73.1880171199567,9.18693187309695,12.5466943873541
120.76328914181,97.6911508793211,98.7163495777973,76.938279069027,73.2120763206285,9.1788816178141,12.5318471285431
120.811001256545,97.6604865493698,98.7099981946124,76.9403331429679,73.2270579345408,9.17084495263452,12.5169816148105
120.938593077617,97.6013390183205,98.7005025779084,76.9517477033419,73.270238766757,9.15256288315661,12.4833993213714
120.988105958484,97.5918824515346,98.7012401870854,76.9596739086347,73.2888359737949,9.147363682836,12.4740115421067
121.051936085446,97.5796914045182,98.7021910848435,76.9698920716925,73.3128107873298,9.14066107109633,12.4619091733521
121.964226210962,97.5076273837014,98.8640423345491,77.2493279464581,73.732646985805,9.11063085688351,12.4162260928819
122.151008821271,97.1965948814498,98.8497470029948,77.2941527565508,73.8259303258622,9.09787662015728,12.3983683445829
122.708738961935,96.5435025713399,98.9474424336522,77.5146344915854,74.1452495271923,9.0538871902952,12.3359122829486
123.08753501829,96.3946660171577,99.0508586650832,77.6798592772682,74.372644830124,8.98228619389751,12.2233594888819
123.122699037392,96.3548204804688,99.0493985421239,77.6899345787508,74.3947230395203,8.96166841045254,12.1899460883706
123.439621502076,96.3953120719103,99.1059449239112,77.796249222933,74.5665601545198,8.84262823805665,12.0025539844676
123.913346229292,96.5416239693078,99.2361996508615,77.979675896966,74.8251348204393,8.71599193596804,11.8153606693021
124.180572056959,96.4948262512739,99.2853782813622,78.0747300091422,74.9778687905076,8.61315680389306,11.670485730564
124.231294703836,96.4147484217684,99.2749373375242,78.0834084800222,75.0085635501729,8.56900850485926,11.6087555265303
124.450670386784,96.052659172794,99.2812810393102,78.1576132100748,75.1544448452632,8.43031955999649,11.430555708434
124.614076732457,95.808824323059,99.3169158599039,78.2380064215687,75.2782526943484,8.34477887087933,11.3283799550352
124.766393639822,95.6071243080139,99.3699528587373,78.3312144512647,75.4080963813505,8.26879329202629,11.2413290959708
124.514178108553,95.0687673903337,99.6356726170508,78.8220410713931,76.0909126355208,7.65433598719445,10.5205168018782
123.984125737106,95.1188586958126,99.6857992515281,78.9413803867811,76.2840496873468,7.47394002857086,10.2831537442092
123.855409673144,95.1346296651004,99.7136234283998,78.9891496324748,76.3543518825395,7.43178086951499,10.2259704069468
123.403810858664,95.2462475063893,100.042341561816,79.439077470053,76.9435697387069,7.25262122854351,9.96908615366621
122.690120695262,95.1588621731719,100.305954644443,79.8234485119123,77.4793020399619,7.03969459957748,9.6487151986803
122.585708380583,95.1915059632149,100.361572683471,79.896271327897,77.578530101251,6.99629558868295,9.58623351844828
122.424175897833,95.5471213998182,100.583140878068,80.1581018736774,77.9035443427608,6.867415045188,9.40967503873955
121.497370061807,96.5665782291897,101.033433968788,80.8056666234288,78.6229607520178,6.55379061241466,8.97456672626518
121.449324610923,96.6644395027671,101.133750732493,80.9512173868461,78.782761629713,6.53638748338259,8.94561335506314
121.445537929171,96.6721523973707,101.141657155505,80.9626889082833,78.7953562678388,6.5350158631789,8.94333140744139
120.896276703404,96.5273167115098,101.278112162587,81.3428840147529,79.3011043550502,6.46305081547097,8.81173056403464
120.566736280516,96.022051366123,101.251467346589,81.6589703282727,79.941237130059,6.41638398598944,8.71656576429701
120.550928736879,95.9405265328317,101.229724108543,81.686763576032,80.0288662423299,6.41136448754972,8.70672710874121
119.339533306514,94.9018173245226,101.325463668042,82.6442562235919,81.6696861425688,6.24873208865267,8.37245177766905
119.249248235148,94.9282828139743,101.424735067413,82.7761011892553,81.7858190675879,6.24476873650904,8.35216744749469
119.005685715258,95.0870063467127,101.823526763822,83.275077075921,82.2130474108121,6.24193532547006,8.29235464229121
118.317518893045,96.9114348617389,104.952571550882,86.9744303627076,85.4020176928572,6.35813746372165,8.00102071134859
118.316694938541,96.913010174483,104.955084941491,86.9774252743142,85.4046124535317,6.35822985162307,8.00070181617316
118.094782146814,97.3407313121997,105.635547360746,87.788185710441,86.1072423885436,6.38306419764048,7.91426462521589
118.011216707448,97.574614064246,105.966548603889,88.1811714325166,86.4519220487197,6.39139876415163,7.87009315577022
117.833672930881,98.1725634322297,106.775447812134,89.1379695277965,87.292156686099,6.40494018422732,7.76050689831278
117.784536143124,98.3839232859921,107.047283327168,89.4580949365092,87.5736970195199,6.40679641164065,7.72303236366836
117.459772755135,99.9279279624865,108.990514228431,91.7151869789896,89.5225010286445,6.36550393712414,7.45446815575681
116.581000544226,101.209108335594,111.100653362827,94.1936958443691,91.6110153636551,6.30158595307091,7.17188392022113
115.898538192504,102.251693638407,113.323842108536,96.9146032673538,94.1812734696717,6.49760754100933,7.0864888714625
115.532168638924,102.579915193349,114.166401974049,97.9959568775093,95.2677174464196,6.65002817610517,7.08653003685709
114.557130445697,104.421921785438,117.353114290905,101.933702489788,99.0452529397891,7.32400394901925,7.18059996411579
113.728438974921,105.98639594736,119.754913960188,104.718651264697,101.379482358359,7.80811761876384,7.25807014406099
113.636081798233,106.270319223139,120.200946588758,105.230310861086,101.818835913767,7.9075627181999,7.28416113613618
113.546861057619,106.595747708348,120.722616287915,105.829362189877,102.34226322557,8.02969677341771,7.31950503681961
113.139071690542,107.111087460223,121.748081488192,107.032557927451,103.409058615409,8.31790854701639,7.39600950469517
112.983895820228,107.296368524776,122.161770681432,107.524029474914,103.868882064481,8.4497504195147,7.4359282804062
112.958732465495,107.326413744715,122.228854615925,107.603726613814,103.943447140484,8.47112992780869,7.44240151823442
112.828731701515,107.494953039038,122.603831379824,108.049550394855,104.366092170336,8.59200973351666,7.48010042327353
112.448040016277,108.201811236729,124.1010598316,109.828617161795,106.112741323003,9.07989842522046,7.64324546694775
112.445947685477,108.207449405346,124.111608537064,109.841051301683,106.124995468177,9.08314580485357,7.64432956153343
112.071146717828,108.854387811725,125.344861854887,111.299957419768,107.548274954925,9.46781116607267,7.7629264315921
111.660659499098,109.264152812329,126.112645992607,112.214110293676,108.410158673187,9.71274818028569,7.8250540001164
111.124779329346,110.094160026584,127.381202571403,113.715213011015,109.801733458021,10.1095352853926,7.93344474657201
110.805760330916,111.087581269127,128.689109785832,115.270782556759,111.266720351482,10.5579517063626,8.07989916532255
110.589151245197,111.469473574768,129.217154380473,115.918816638592,111.892453479396,10.7888288315128,8.15587724735351
110.570797853701,111.494611989846,129.253150668314,115.963542530488,111.935890204736,10.8058549167354,8.1613966274696
110.307319144196,111.929357657735,129.885087892201,116.747956088091,112.718997483711,11.1188135467086,8.26980916129265
110.044470712931,112.684802807849,131.043437460598,118.157882746347,114.187531536717,11.6966821685279,8.48776277364055
109.887467149319,113.613595392515,132.572140842945,119.931661243821,116.051236803168,12.3556960308123,8.73760632726034
108.144836206631,117.095772094105,138.170303339151,126.067324908252,122.064080818839,14.0587060351045,9.15592364568906
107.968518716921,117.385762386875,138.603532175421,126.558581346356,122.538363586585,14.19165522099,9.18095507273256
107.889618214061,117.515530454476,138.797398212711,126.778414217521,122.750600891769,14.2511487949877,9.19215641290748
107.747106799742,117.762797920194,139.169295675446,127.202252129302,123.161355857823,14.3671033917548,9.21531748875625
105.103667167193,122.172322243329,146.967418191119,136.13665388342,131.841704576958,16.9040519263239,9.79907608158304
105.044084055707,122.251156119436,147.091256093768,136.276276790075,131.97622107466,16.9438860219009,9.80561688965535
104.614680374571,123.03110432853,148.198735514682,137.527740677407,133.196763835877,17.2989228136697,9.87208408738568
104.51025852559,123.289602764652,148.547548176872,137.922986573497,133.585903449751,17.4107407847771,9.89642827448705
104.36762811077,123.66296681964,149.051552490739,138.494325441284,134.148989270489,17.5723272894391,9.93290737800291
104.346660553371,123.733242003032,149.146556397119,138.602195755941,134.255712777188,17.6027997900777,9.94071889787338
103.83172631831,125.202399249386,151.256196393484,141.003864814912,136.624710230479,18.2947927207028,10.1315374358323
102.155177033439,128.024223970389,156.037406411525,146.425249311939,141.852241785823,19.9418874056065,10.6681308509889
101.665946702016,128.899086733285,157.238037558609,147.777318411764,143.150099202894,20.3739149163652,10.8027236835874
100.762626784086,131.79128614208,160.865186468,151.848788850173,147.121147330621,21.6706080958431,11.2060936405133
100.440626326085,132.936458773509,162.805110459413,154.05351958075,149.275560839493,22.3931699525995,11.4278915219668
100.453209021369,133.331479419565,163.562784489746,154.915171506945,150.116374683856,22.6646957799984,11.5159592450553
100.47409552588,133.44785010886,163.790882289732,155.174394718068,150.368804994915,22.7453068486289,11.5425801543294
100.587706039268,134.797772212675,166.620389979587,158.410752972356,153.466111332014,23.8358811930026,11.8743236359701
100.933836312377,135.808968804033,168.101022965867,160.068565448853,155.04336056046,24.375465136522,12.0484058274537
101.071474796259,136.845425332521,169.63461679839,161.790847252536,156.668140794554,24.9750110012721,12.2268730450251
101.075348706713,136.886738597566,169.698617172828,161.863043756892,156.736460885365,24.9999896999934,12.2342202879796
101.457331691047,138.33884809534,172.504483483693,165.061288345341,159.822482080033,26.009932809178,12.5414773704333
101.911426298466,140.352146167222,178.08828394898,171.185175379104,165.6581286187,28.0831027177551,13.1301750858017
101.912684281805,140.495440139272,178.285838141825,171.383429229812,165.832724906977,28.152924923661,13.1492680057874
101.983888259032,141.717749801389,179.709270223619,172.809884543624,167.061430474533,28.5907806660444,13.2717560570919
102.048243044824,142.48670100906,180.569557041026,173.678458651159,167.804722467294,28.8331316896178,13.3401871909243
101.999110544357,144.327256533276,182.711114604458,175.862755781257,169.642473779867,29.4345174282252,13.4916225056824
102.163783110181,146.56169502579,185.549298146957,178.741736771878,172.161334145157,30.3275484455195,13.7410590009768
102.449312377009,147.467774577636,186.702406360515,179.687958152658,173.056095043408,30.9687444260918,13.9682025600375
102.528685618318,147.580149412959,186.8136882508,179.721640666498,173.095046727548,31.0838336769936,14.0168259723363
103.510420797882,148.651356791019,187.631797550651,179.500284661611,172.861173275735,32.1755584431012,14.5444881273207
105.267244451205,151.179266040687,189.717083172062,179.918074878358,172.783714196976,34.2281404181888,15.4574526533621
105.301708865479,151.223367515809,189.750508194218,179.941490208272,172.787838060642,34.2336019299516,15.453711991042
105.731399865825,151.71320418532,190.111697214487,180.252325777378,172.962273723118,34.272588553631,15.3867342377536
105.778337381731,151.741816760688,190.077454996799,180.228528084855,172.956017775201,34.2482184071721,15.3264895943172
106.673558682362,152.259848988215,189.954044081067,179.650830265551,172.608026413972,33.8956133492746,14.8625062453311
106.858877178145,152.417263243472,189.802014222778,179.066290666722,171.884368302222,33.5669353583613,14.5659425874081
106.894414334601,152.461434875044,189.81292236599,179.050299351779,171.846110529362,33.5275957952908,14.5260788251198
106.899791263628,152.468118238364,189.814572816328,179.047879795065,171.840321959035,33.5216435453179,14.5200472614857
108.270326272081,153.964974867335,190.517737709306,179.715679516825,172.253539149265,32.5532217959373,13.3941480727185
108.59864126851,154.27897056564,190.747690644498,177.217478925777,168.527939365941,31.9700981374582,13.470846097528
108.750791554432,154.535257899916,191.152677077044,175.882639869776,166.203693723355,31.7009718318396,13.7193720446082
108.794781416306,154.622486709603,191.302581470532,175.678168443395,165.745074719928,31.652366701693,13.8037238736061
108.829820109549,154.691965979923,191.421982937946,175.515303381297,165.379776674162,31.6136518666685,13.8709115785626
108.629083710688,154.780059519173,191.901774132054,174.948641779357,163.453683350067,31.3240265840176,14.4362926523392
108.966966926689,154.847985613689,191.703121092933,174.923854235156,162.912322007786,30.8828523563122,14.7297359118369
109.007344530577,154.814979098732,191.613683205042,174.785902516609,162.740824390499,30.8110783596326,14.7338370169662
109.847730832616,154.580958695905,190.805822497907,172.852328234717,160.347463465333,29.9255240690689,14.703801858811
109.873239199728,154.579475131389,190.794724358923,172.807987082487,160.291216735019,29.9061360007096,14.701698081093
110.883079726762,154.07773595332,189.410876849672,169.684712333942,156.446037774666,28.7635662883253,14.4019236800596
111.977334928615,154.447589717075,186.509373748848,164.755124069806,150.69859183251,27.5625064811885,13.8673365461132
112.102883718515,154.526859189909,186.367782654506,164.406215911908,150.273820027364,27.4702033103915,13.8295209489004
112.384948872483,154.64783068124,185.888980288635,163.265982325278,148.872049322531,27.1558048909898,13.6940431055245
112.488087258483,154.642467296895,185.643954082631,162.637327276672,148.054566756644,26.9549251379775,13.6016032920164
112.53021383255,154.645477895104,185.587064681699,162.451901155588,147.795792087985,26.8858401807572,13.569245243788
112.733872544586,154.699452005474,185.516516238529,161.920570819874,146.928108092832,26.6217043171023,13.4415611023325
113.129212204771,154.916226462539,185.773602649055,161.638276978561,146.017486852137,26.2538237590417,13.2529664240438
113.465381208593,155.121462499125,186.116261318262,161.375158043585,144.633216304808,25.6540498506928,12.9204835682658
NaN,NaN,NaN,NaN,NaN,NaN,NaN
NaN,NaN,NaN,NaN,NaN,NaN,NaN
NaN,NaN,NaN,NaN,NaN,NaN,NaN
NaN,NaN,NaN,NaN,NaN,NaN,NaN
NaN,NaN,NaN,NaN,NaN,NaN,NaN
NaN,NaN,NaN,NaN,NaN,NaN,NaN
NaN,NaN,NaN,NaN,NaN,NaN,NaN
NaN,NaN,NaN,NaN,NaN,NaN,NaN
NaN,NaN,NaN,NaN,NaN,NaN,NaN
NaN,NaN,NaN,NaN,NaN,NaN,NaN
NaN,NaN,NaN,NaN,NaN,NaN,NaN
NaN,NaN,NaN,NaN,NaN,NaN,NaN
NaN,NaN,NaN,NaN,NaN,NaN,NaN
NaN,NaN,NaN,NaN,NaN,NaN,NaN
NaN,NaN,NaN,NaN,NaN,NaN,NaN
NaN,NaN,NaN,NaN,NaN,NaN,NaN
NaN,NaN,NaN,NaN,NaN,NaN,NaN
NaN,NaN,NaN,NaN,NaN,NaN,NaN
NaN,NaN,NaN,NaN,NaN,NaN,NaN
NaN,NaN,NaN,NaN,NaN,NaN,NaN
NaN,NaN,NaN,NaN,NaN,NaN,NaN
NaN,NaN,NaN,NaN,NaN,NaN,NaN
NaN,NaN,NaN,NaN,NaN,NaN,NaN
NaN,NaN,NaN,NaN,NaN,NaN,NaN
NaN,NaN,NaN,NaN,NaN,NaN,NaN
NaN,NaN,NaN,NaN,NaN,NaN,NaN
NaN,NaN,NaN,NaN,NaN,NaN,NaN
NaN,NaN,NaN,NaN,NaN,NaN,NaN
NaN,NaN,NaN,NaN,NaN,NaN,NaN
NaN,NaN,NaN,NaN,NaN,NaN,NaN
NaN,NaN,NaN,NaN,NaN,NaN,NaN
NaN,NaN,NaN,NaN,NaN,NaN,NaN
NaN,NaN,NaN,NaN,NaN,NaN,NaN
NaN,NaN,NaN,NaN,NaN,NaN,NaN
NaN,NaN,NaN,NaN,NaN,NaN,NaN
NaN,NaN,NaN,NaN,NaN,NaN,NaN
NaN,NaN,NaN,NaN,NaN,NaN,NaN
NaN,NaN,NaN,NaN,NaN,NaN,NaN
NaN,NaN,NaN,NaN,NaN,NaN,NaN
NaN,NaN,NaN,NaN,NaN,NaN,NaN
NaN,NaN,NaN,NaN,NaN,NaN,NaN
NaN,NaN,NaN,NaN,NaN,NaN,NaN
NaN,NaN,NaN,NaN,NaN,NaN,NaN
NaN,NaN,NaN,NaN,NaN,NaN,NaN
NaN,NaN,NaN,NaN,NaN,NaN,NaN
NaN,NaN,NaN,NaN,NaN,NaN,NaN
NaN,NaN,NaN,NaN,NaN,NaN,NaN
NaN,NaN,NaN,NaN,NaN,NaN,NaN
NaN,NaN,NaN,NaN,NaN,NaN,NaN
NaN,NaN,NaN,NaN,NaN,NaN,NaN
NaN,NaN,NaN,NaN,NaN,NaN,NaN
NaN,NaN,NaN,NaN,NaN,NaN,NaN
NaN,NaN,NaN,NaN,NaN,NaN,NaN
NaN,NaN,NaN,NaN,NaN,NaN,NaN
NaN,NaN,NaN,NaN,NaN,NaN,NaN
NaN,NaN,NaN,NaN,NaN,NaN,NaN
NaN,NaN,NaN,NaN,NaN,NaN,NaN
NaN,NaN,NaN,NaN,NaN,NaN,NaN
NaN,NaN,NaN,NaN,NaN,NaN,NaN
NaN,NaN,NaN,NaN,NaN,NaN,NaN
NaN,NaN,NaN,NaN,NaN,NaN,NaN
NaN,NaN,NaN,NaN,NaN,NaN,NaN
NaN,NaN,NaN,NaN,NaN,NaN,NaN
NaN,NaN,NaN,NaN,NaN,NaN,NaN
NaN,NaN,NaN,NaN,NaN,NaN,NaN
NaN,NaN,NaN,NaN,NaN,NaN,NaN
NaN,NaN,NaN,NaN,NaN,NaN,NaN
NaN,NaN,NaN,NaN,NaN,NaN,NaN
NaN,NaN,NaN,NaN,NaN,NaN,NaN
NaN,NaN,NaN,NaN,NaN,NaN,NaN
NaN,NaN,NaN,NaN,NaN,NaN,NaN
NaN,NaN,NaN,NaN,NaN,NaN,NaN
NaN,NaN,NaN,NaN,NaN,NaN,NaN
NaN,NaN,NaN,NaN,NaN,NaN,NaN
NaN,NaN,NaN,NaN,NaN,NaN,NaN
NaN,NaN,NaN,NaN,NaN,NaN,NaN
NaN,NaN,NaN,NaN,NaN,NaN,NaN
NaN,NaN,NaN,NaN,NaN,NaN,NaN
NaN,NaN,NaN,NaN,NaN,NaN,NaN
NaN,NaN,NaN,NaN,NaN,NaN,NaN
NaN,NaN,NaN,NaN,NaN,NaN,NaN
NaN,NaN,NaN,NaN,NaN,NaN,NaN
NaN,NaN,NaN,NaN,NaN,NaN,NaN
NaN,NaN,NaN,NaN,NaN,NaN,NaN
NaN,NaN,NaN,NaN,NaN,NaN,NaN
NaN,NaN,NaN,NaN,NaN,NaN,NaN
NaN,NaN,NaN,NaN,NaN,NaN,NaN
NaN,NaN,NaN,NaN,NaN,NaN,NaN
NaN,NaN,NaN,NaN,NaN,NaN,NaN
NaN,NaN,NaN,NaN,NaN,NaN,NaN
NaN,NaN,NaN,NaN,NaN,NaN,NaN
NaN,NaN,NaN,NaN,NaN,NaN,NaN
NaN,NaN,NaN,NaN,NaN,NaN,NaN
NaN,NaN,NaN,NaN,NaN,NaN,NaN
NaN,NaN,NaN,NaN,NaN,NaN,NaN
NaN,NaN,NaN,NaN,NaN,NaN,NaN
