105.637279396114,158.827580377795,194.470716374178,163.945212638082,139.953610779338,3.9572940417681,10.7729094212048
108.467023861393,161.972009567839,197.783365096607,167.034877218381,142.761062572494,4.03070795891869,11.0691223522419
124.167247688704,179.565964119071,216.522283289438,184.386890488729,158.491761532402,4.45689443177237,12.7544375887223
121.945023636242,177.439143099496,214.75706888258,182.478887715484,156.652879456794,4.4474161688023,12.6170362134877
107.200817216505,161.696175558345,199.09912426264,167.505633492537,142.749116754702,4.17492376349298,11.246726134545
104.286221728645,158.567499950026,195.968976030135,164.537053660668,139.987076179591,4.12072223509204,10.970951873965
91.0412876326031,144.307847515543,181.901071463891,151.463533678192,127.539897230778,3.92284043404019,9.71781050817514
91.8024811613792,145.122008748423,182.905637719689,152.530945672982,128.339242714855,3.96946239151979,9.79945040573013
96.0050119164856,149.62569907283,187.787937000195,157.298398836031,132.436076351792,4.10177369567593,10.2189506258453
98.0423513416439,151.804181345008,190.107542342817,159.51505071773,134.387632462078,4.15612044166838,10.4199737292818
100.82496783615,154.777659682396,193.26529008744,162.519573468521,137.043640136415,4.2280577762965,10.693998569999
107.187679087702,161.514108512849,200.444465029619,169.200292986483,142.98710489947,4.38274141164683,11.3165990512335
108.201195424896,162.565654787138,201.593977145201,170.20146193081,143.878926717265,4.40662070921661,11.4146681164272
108.367754846992,162.701721674441,201.83727251098,170.238253261266,143.894894082806,4.41479499221176,11.4290269248623
108.287939825047,162.610549333795,201.759125976818,170.130337604175,143.794940002751,4.41388177103379,11.4209038836685
108.230057262381,162.544430342755,201.702453416308,170.052076211369,143.72245241631,4.41321949492619,11.4150129820628
107.780931967794,162.055704244365,201.243066881697,169.515987177247,143.229242486249,4.40698301623388,11.370432036611
100.594836304458,154.637078708298,193.88982028109,161.807368229792,136.113448498259,4.31611390565013,10.6746511206883
97.0685895096332,151.352091419467,190.697444035063,158.373894048644,132.807805753358,4.30425432063297,10.3470851971684
96.6738034094175,151.038424600324,190.410725315494,158.033686886058,132.454753869658,4.30702376054034,10.3124383707628
96.6306271699763,151.198030527159,190.636224024038,158.148676457417,132.468231035362,4.31957298951887,10.3157932417977
96.6992360436551,151.568790081571,191.105681821758,158.453798605209,132.610787804501,4.33755359153041,10.3333880690762
97.8663283314346,153.280052561671,192.998778537563,160.053242471775,133.828513941427,4.36412632723958,10.4639376034654
99.0687035795031,154.873928140071,194.727364447047,161.549156436172,135.003620731781,4.36539646088793,10.5912839192548
100.379684702014,156.619079701984,196.61858162399,163.160721913163,136.241784432987,4.34411037454775,10.7290946172341
100.676184049939,157.015452553845,197.04780285727,163.520730214593,136.511915744228,4.33408741769747,10.7600241524434
101.311023131959,158.385615121694,198.613935828775,164.363986542851,136.661622242207,4.07998185769323,10.82574601745
101.167929391108,158.270948294547,198.500905958497,164.205873930563,136.478880902255,4.05671088407384,10.810909094434
97.6147618918569,155.106448532356,195.256132702635,160.298284964644,132.371256658604,3.73600332473525,10.4426047235499
96.9745224351611,154.553955737808,194.680657301468,159.61170483265,131.656129966295,3.69678557098309,10.3761924565731
96.5117221203852,154.218453317589,194.329751841966,159.143280760944,131.135967456825,3.67628395878103,10.3278946134657
96.3796293328551,154.129733582019,194.236769129893,159.012655034644,130.987146354072,3.67129727019679,10.3140772918225
95.8085190581144,153.875771565322,193.972960442037,158.503580255371,130.32774734115,3.66085752789143,10.2538204779626
96.6446019653568,156.041926566747,196.405451632533,160.085694293683,131.007368491054,3.82611082420938,10.3372594627168
96.7661640111605,156.349854231069,196.79790214312,160.344538191852,131.096195154643,3.85543663404389,10.350351872115
96.1414948198201,156.078020243901,196.890585830887,160.009786135956,130.271469752479,3.88993660455806,10.2888779049891
95.757322116544,155.735341412909,196.66201434511,159.660462165599,129.811425324034,3.88494591744139,10.2496200797809
95.5048395068979,155.508330409368,196.510393822606,159.427422294768,129.508310721749,3.88119861405205,10.223639911708
95.4261064420412,155.436632297192,196.462405993933,159.353005340531,129.413400967947,3.87979413086746,10.2154477613851
94.8090124263047,154.876239107244,196.086967600155,158.769235531527,128.670943946819,3.86927145331963,10.1512070137275
94.3520980755117,154.468893674771,195.812286954929,158.334545166495,128.128134595015,3.86383703458973,10.1034843987771
94.2937648948216,154.416888841318,195.777219122889,158.279049269805,128.058835401536,3.86314323513001,10.0973917647505
94.2580415659013,154.385041001907,195.755743529005,158.245063497939,128.01639646964,3.86271835128156,10.0936606263701
93.5624085996678,153.934270417117,195.612978995159,157.664792363415,127.157089163207,3.88061252319302,10.020762160713
93.4149181568709,153.918097877831,195.709845437395,157.581592703813,126.96070597352,3.89653528034328,10.0055136669206
93.3690762354691,154.006074908247,195.88671668371,157.602730509529,126.884414249942,3.91551475851392,10.0012568430375
93.3188806426323,154.332894740038,196.438721604738,157.741653403241,126.766701374679,3.9705560670285,9.99816638559158
92.9860053783581,154.469734981875,196.847436549777,157.635845840341,126.364582620384,4.03579655498609,9.96790652739262
92.9594338657066,154.466606122495,196.859170097749,157.620417334665,126.333869867113,4.03884192419183,9.96531642231107
92.556285182096,154.311212816296,196.899548146349,157.336993950666,125.863606547197,4.06811499421034,9.92256131069687
92.5083844747259,154.286538384986,196.898575149228,157.301067108281,125.806166460985,4.07062905024487,9.91706010146851
91.9907897881938,153.985591828099,196.901775035668,156.914517862023,125.148970660757,4.09295174071229,9.85051971668092
91.0183629710437,153.329076903101,196.947622233827,156.262288939085,123.816640665954,4.13882175992995,9.70481327762253
90.995231058424,153.315920345006,196.954510464444,156.250318224232,123.782871776931,4.14056743133542,9.7011859097607
90.9803551797366,153.307459507143,196.958940209822,156.24261998912,123.761155375664,4.1416900534239,9.69885318936901
90.892567872284,153.264725654293,196.996613146064,156.20285691168,123.6297262214,4.1494899172547,9.68530216880833
90.6963274646855,153.194485817478,197.121349715348,156.133882976832,123.32442452769,4.17105445274956,9.65576600450261
90.615953018717,153.181891910525,197.196358623702,156.115074921098,123.191576676988,4.18207456271832,9.64458864007077
90.5072581037389,153.170786795781,197.306561949615,156.093099198122,123.009059209522,4.19777933535211,9.6298098764927
90.4514219444372,153.161874058839,197.355770242717,156.078607518028,122.917518981082,4.20528268251469,9.62242296670587
90.3980104002591,153.133306050195,197.356593621381,156.044735601641,122.843812413561,4.20893581342902,9.61663682535241
90.292335752883,153.076784294718,197.358222674637,155.977720073909,122.697984097756,4.21616352659724,9.60518895473561
89.7360155017389,152.81296448902,197.431965808219,155.628206131377,121.890800743749,4.25886618685988,9.54685023206871
89.6581750109295,152.786366778863,197.466234217176,155.579675521259,121.762595033538,4.26649446276602,9.53883931115808
89.4211982036139,152.728218222485,197.630980004165,155.431426969972,121.332473736169,4.29383662475694,9.51395661766078
89.2602120571387,152.741869525552,197.909990250775,155.323286248991,120.924745120577,4.32392193697238,9.49275169507599
89.2054129891665,152.789023684836,198.153260835425,155.275663739397,120.679656401483,4.34455509004883,9.48019370422311
89.1337601779879,152.75877469819,198.237840427044,155.188157792585,120.49055098996,4.35484466486534,9.46702305654073
89.0870189918831,152.72792916107,198.264778018825,155.128023500893,120.383076381886,4.35953876197515,9.45882440969639
88.8370035688116,152.573843289957,198.569751587051,154.724674967137,119.633360023501,4.39660490864552,9.39847431781374
88.8299064670986,152.573303046445,198.606531394046,154.700756769025,119.58324297634,4.39971974750409,9.39409409479535
88.8258713152952,152.572995883793,198.627443043692,154.687157758591,119.554748260974,4.40149073066676,9.39160366059745
88.8184323885416,152.572429619975,198.665994314522,154.662087563597,119.502217374703,4.40475559272667,9.38701246837337
88.8003722649052,152.603158669596,198.920692224751,154.537215089842,119.217620438962,4.42420221714958,9.36151045616
88.6612787291314,152.780684675957,199.712734046796,154.003694296049,118.207307446747,4.48223931786111,9.25841992496263
88.616512281077,152.79503922249,199.784356193347,153.907944188555,118.063470021872,4.48803549119479,9.2420707283208
88.5095227385926,152.917832834878,200.079124229865,153.636803143162,117.646657560549,4.50739607415398,9.18891416869258
88.4913991644515,153.225093369346,200.578702338397,153.409778875533,117.281914248007,4.5324730448497,9.12111370481344
88.4904065280796,153.354384487944,200.7866342419,153.310903530672,117.142085663293,4.54266901117393,9.08852637967808
88.4723013233758,153.355589942498,200.801760259685,153.268398625966,117.09795675901,4.54401719726072,9.07935620470052
88.3584647911482,153.367236492105,200.90750997618,152.987893645327,116.809006237671,4.55321161411367,9.01756307988543
88.3392056666489,153.379230238007,200.951634141615,152.907770837018,116.731805161781,4.55653583237171,8.99691692997548
88.390588992883,153.565389707786,201.376990544901,152.473143961272,116.338050929496,4.58496675438328,8.85244010383431
88.4585031038707,153.636773322755,201.499323871928,152.426536493431,116.300410712871,4.59240125858964,8.82466685604373
88.5079559727112,153.683025729359,201.572696403329,152.411934981133,116.28939121734,4.59674739504264,8.81065885101804
88.577537822997,153.731729864541,201.676211822507,152.329997121116,116.22194661637,4.60491826635196,8.7759944736022
88.5735115963741,153.712451926178,201.670501336359,152.273025804117,116.173639104593,4.606511881866,8.76296780446111
88.5674152006041,153.683261830116,201.661854683586,152.186761485565,116.100493269042,4.608924888333,8.74324319924492
88.5675791356888,153.666635716268,201.658901563527,152.131765617729,116.053756711374,4.61056735479057,8.7307277187092
88.5946557829739,153.631027563674,201.667607903914,151.969563947962,115.915246745576,4.61609566762034,8.69418240915192
88.8118881120406,153.756913837385,201.894980587719,151.818600441673,115.785957165319,4.62582833772203,8.65899922712657
88.8380067700424,153.781253942257,201.928580951478,151.818870543527,115.786687429867,4.62633844033817,8.65869952870448
88.9203713891573,153.854967754786,202.037137793768,151.797222591202,115.770804427473,4.62745699095485,8.65578167607722
88.8784122911997,153.79288330652,202.002792689075,151.626811447027,115.632243526354,4.62293539362965,8.64135964241551
88.8702652828342,153.78084790759,202.001711408811,151.563858545714,115.583429103715,4.62050081220401,8.63617977525991
88.8676589906324,153.777004401116,202.003313041191,151.533309615151,115.560175741842,4.61917938276847,8.63369325323461
88.8622974072304,153.769097658923,202.006607869598,151.470465303626,115.512339647727,4.61646097915907,8.62857805732126
88.8792468260526,153.790361417301,202.036981315942,151.412899129211,115.471620925932,4.61236322942544,8.62308197656499
88.9936137646384,153.934133385745,202.173951885929,151.372768313966,115.449053726334,4.60220018881656,8.6135051075338
89.0133593530279,153.958327427359,202.192098912961,151.384574851757,115.45730970945,4.60128731472102,8.61304066818805
89.0950569902791,154.060297869636,202.222057306446,151.40347649838,115.448663608138,4.58947527502878,8.59803023224569
89.0657592370096,154.02605552256,202.138682582777,151.352130930598,115.385506361551,4.58092431942977,8.5828084765963
89.0592627413959,154.01365905159,202.077259163727,151.347433307327,115.35631612158,4.57279459892599,8.5714543858847
89.1509405425942,154.074024510493,201.917120159735,151.569499787479,115.388455280569,4.53013313789338,8.53854202460558
89.2202619376903,154.111476761032,201.819830635804,151.858427197724,115.486560252782,4.48463017184256,8.52593010028327
89.2180838987222,154.108442378936,201.814942259109,151.85925299907,115.485273491748,4.48383051132526,8.52545293071477
89.1208935563313,153.991631683522,201.575936905972,151.995301590897,115.479350640107,4.42676124365604,8.4983535580398
89.1824986091258,154.20087101131,201.535955415804,152.444609418919,115.735518654431,4.35833035737767,8.47493130324663
89.1864341758362,154.211119685948,201.537699397403,152.459472109204,115.745196187175,4.35685213037566,8.47448103735237
89.1913781917741,154.223994479969,201.539890256675,152.47814321379,115.757353489958,4.35499512263175,8.47391539536957
88.9894444699408,154.198685664597,201.163720445962,152.558582340458,115.75039677508,4.32070151980074,8.43203578781629
88.9328300544495,154.269456808066,200.993916807468,152.711653525819,115.830957264223,4.31799079362369,8.42955663863314
88.9381563758161,154.343095750376,200.940495882064,152.854206861174,115.920970719797,4.32503390543764,8.44235655932883
88.9777995602066,154.467257620092,200.907332855254,153.106946660006,116.088368352177,4.34266357818175,8.47367880080093
88.9781818690223,154.468275710422,200.907167177478,153.109042168198,116.089770138014,4.34281887954356,8.47395381908722
88.9869457205976,154.491613891953,200.903369264952,153.157078525235,116.121903958914,4.34637892845781,8.48025819749157
88.9555586704412,154.465985705032,200.847066951121,153.171872431767,116.123881945038,4.3504693767973,8.48448959503371
88.9100380510444,154.428086871496,200.766292591891,153.190973781844,116.125275528888,4.35618954735053,8.49028855948503
88.9025212285253,154.421828634918,200.75295431727,153.194127988889,116.12550565147,4.35713411944548,8.49124614282094
88.7255244415839,154.279471586583,200.408870030483,153.439315176087,116.249032946713,4.39691304777237,8.5209519626087
88.7205127921157,154.316674434869,200.334885248459,153.711471928008,116.435011152181,4.42211679530187,8.520257842562
88.7419150016141,154.365331414788,200.335920775325,153.823393605168,116.517873691461,4.43011718490183,8.51378863296754
88.63198110661,154.365813990266,200.07403461426,154.03884988378,116.662545444673,4.45521608618491,8.45400101036445
88.5479879419249,154.400481831375,199.847302814698,154.170107862156,116.76443761742,4.47722591523233,8.41540609158053
88.5456924053188,154.407115990316,199.835414577115,154.181890826893,116.774431411299,4.47906490114474,8.41415014383681
88.5556699897619,154.606973725933,199.644235529318,154.483753320304,117.0417770845,4.52521807119307,8.41815927579992
88.5365119591507,154.77421226178,199.300549670188,154.823671195809,117.381063575976,4.59934557508235,8.48517118042694
88.502004112489,154.774025149485,199.149932822146,154.894707923989,117.461165916094,4.61962840993689,8.49944753847244
88.4779965167643,154.779577933361,199.020778530565,154.967505269779,117.540902199407,4.63750406693166,8.51045663005764
88.4794310140735,154.791645550594,198.977527290327,155.011925879715,117.58585194638,4.64405357258611,8.51095993171753
88.4824264515628,154.816844477659,198.887212456244,155.104682526558,117.679713507752,4.65772988598789,8.51201089824834
88.5414152896797,154.920269815789,198.743262083717,155.362123691124,117.925824057914,4.68067091953522,8.48785540647986
88.5876786972869,154.985677606159,198.70239446536,155.492253122792,118.045097525664,4.68752783841424,8.46642269396291
88.5737582139677,155.056339761853,198.103513054144,155.880280607901,118.411523538716,4.70772521848297,8.288191639298
88.5704999488342,155.059534937645,198.062662102275,155.900448153286,118.430794185247,4.70934699903804,8.27885545977047
88.5720359925477,155.065069368723,198.047622517418,155.91300697566,118.44277040447,4.710922655313,8.2777768501343
88.5906977269853,155.132308394625,197.864903278256,156.065586883333,118.588272137742,4.73006565151151,8.26467258336418
88.5985305397015,155.150225828432,197.836056113575,156.099678159172,118.62106339479,4.73532178469677,8.26855247684811
88.7047612292776,155.348750976695,197.640838956104,156.444891849505,118.955215468744,4.79673076740275,8.36421607567316
88.7538276037281,155.431529267405,197.58561661051,156.585890852826,119.092155820995,4.82399366203504,8.41809409499753
88.7538713215449,155.431603022318,197.585567407763,156.586016482011,119.092277833948,4.82401795309482,8.41814209995834
88.5910288597406,155.342915195057,196.955533796723,156.834036277763,119.35823934713,4.93726413744423,8.64170897334465
88.587307228467,155.342832145127,196.926043711588,156.86461104026,119.383833068716,4.94311733000056,8.64810006527213
88.6033488328286,155.383586735645,196.676246301579,157.27863738068,119.703398727806,4.98742839023848,8.62699828676985
88.6639132732229,155.434377057685,196.640060699529,157.499280004749,119.855517377557,4.98617206531695,8.5341607693757
88.5995235753161,155.285047744796,196.309145925885,157.685469230959,119.934096906848,4.96677697204891,8.27641176496465
88.5963426647623,155.197197008642,196.101696163697,157.806760810176,119.99422156915,4.9639136678629,8.13375444326573
88.7555405623899,155.163333894102,195.851274104204,158.093674889535,120.232784682368,5.03423449396714,8.17126541716209
88.770676957804,155.164391617658,195.837698622972,158.114693814532,120.252812973965,5.04173053910951,8.18493205913575
89.045597759147,155.21806441397,195.678797942958,158.441121542232,120.600822197818,5.20238435566944,8.59669129610919
89.0825540599526,155.159913291631,195.538598321238,158.47593307652,120.668735670165,5.28230006830614,8.84110216649346
89.101579279496,155.108569624088,195.427232388696,158.491535559246,120.710668583585,5.34194194616511,9.02599077220263
89.1456025731351,155.0274655639,195.242755461141,158.530194736178,120.794680974292,5.45880466096952,9.40128752432371
89.2422856904608,154.927452768644,194.988915309628,158.623415097156,120.951488376218,5.66947555298631,10.1077852950258
89.4701436270081,154.870615966794,194.730639963209,158.898660615687,121.248740560717,6.03143959392577,11.385202356724
89.5127518260037,154.869207390881,194.699444065412,158.95432058338,121.300270450618,6.09084857584022,11.5988187227282
89.6641739404807,154.907977852029,194.662658896715,159.181856287563,121.464117296746,6.24971972677158,12.188239827155
89.6734319685693,154.879214225739,194.604885909531,159.220326843254,121.477422875956,6.29351916514827,12.3548709576799
89.6313900038772,154.74780973304,194.39896911164,159.253649039892,121.44493342976,6.38071887260061,12.6946450619789
89.5978242417839,154.640943258533,194.197484450402,159.333990859652,121.426768991864,6.42556821605828,12.8862355061034
89.6031313108015,154.603987011379,194.071747948504,159.43483668379,121.459365798188,6.42356992700311,12.8953335983944
89.6694148913506,154.616069615111,193.941610949769,159.617179610262,121.591551153262,6.39297897887724,12.7907330776604
89.7380717240689,154.647863359148,193.887059910169,159.736365204914,121.709252339798,6.37391526281865,12.7154312434379
89.7397069654877,154.360237137174,193.201899304835,159.882399959041,121.913391574959,6.33141248817247,12.4975552710983
89.779519094926,154.292457556575,193.070204912264,159.965573281558,121.956681907318,6.34776534163004,12.5310599921318
89.8573447871508,154.242622874441,193.008186697099,160.105063410363,121.981394638565,6.37816331255276,12.6159564000463
89.9066401046007,154.219686773849,192.994921068773,160.191891059478,121.987202534644,6.39619121857364,12.669240116218
90.007305156375,154.188167747279,193.021443956011,160.367661554382,121.976836309929,6.42942314087468,12.7738519932157
89.9744489763881,153.989708182747,192.916110860052,160.406699496736,121.805609751781,6.4520706786937,12.8506482409098
89.9257487630316,153.728515573596,192.79331332545,160.440068948281,121.595180787436,6.46615339462502,12.9066131329943
89.9457562756123,153.289692930201,192.60316675259,160.561756902604,121.462382880948,6.45440237167594,12.9030340483998
89.9891563256309,153.170672334402,192.534433676918,160.612124165598,121.525444917546,6.44332946161941,12.8805914936106
90.1093655630861,153.000731678025,192.383833915847,160.700994768481,121.783911504573,6.42360372676976,12.8397133170835
90.221510878747,152.34911650869,191.523814529103,160.566970430376,122.549313940712,6.37770037656504,12.7411401090367
90.2783941243307,152.159748771466,191.225533788859,160.520646258982,122.86065075722,6.36850605235607,12.7249837569233
90.3582357172117,152.05316909513,191.022322624494,160.515679544659,123.138077891871,6.36724741848728,12.7289438396252
90.4029870259721,151.993431058461,190.908422522657,160.512895695312,123.293576134244,6.36654195269124,12.7311634707386
90.4170742861941,151.974626127588,190.872567920448,160.512019367642,123.34252541115,6.3663198791805,12.7318621882054
91.1396539292295,151.633019164025,190.054089184847,160.804137904142,124.934001068334,6.39102153758813,12.8427757991794
91.6033559311136,151.079252354829,189.383359799074,161.03015306469,125.548849767589,6.39158470810951,12.8804788128098
92.2154979539581,150.661117873079,189.149648607962,161.535246499463,125.927383783423,6.36303089098791,12.8594984791686
92.38948641464,150.553035898189,189.102766326947,161.677675129859,126.036588333064,6.35390161335164,12.8523569682023
92.5801028583544,150.435608542658,189.051100141996,161.826443322753,126.168398666653,6.3440419716458,12.8457417232575
93.207605282146,149.484393155622,188.327959910634,162.105558116936,126.689535427558,6.29307305221789,12.7945868894265
93.4786991183956,149.02672517607,187.925033036729,162.150929064323,127.003334988165,6.27767169636377,12.7834744606871
94.9129824243681,147.343890287266,186.186281725692,162.20895057987,129.000395752797,6.29049006280791,12.8548115385013
95.1486657580153,146.885932967545,185.676760146162,162.077111896913,129.393761085127,6.29706131898161,12.8656915987929
95.443148281351,146.466856638706,185.207561185814,161.988787168968,129.849866955931,6.30201778245413,12.8767593236763
96.2884215964987,145.885206744126,184.560248632976,162.145242564404,131.037788444546,6.28931509483197,12.8982156026717
96.5073181206449,145.862764010197,184.533095612889,162.281833844114,131.332914464494,6.28017163355828,12.902301736107
97.0988620836713,145.637368162282,184.276357610167,162.657374146269,132.258302621746,6.2318765933581,12.8822901298272
97.1933484481587,145.614099125727,184.244835144426,162.732508005067,132.416121946718,6.22462617434384,12.8785270145068
97.7057892896044,145.60132289288,184.176743797588,163.155065144271,133.222263516956,6.20999617753528,12.8903358767953
97.7241935391595,145.602889178122,184.176104438673,163.170295714729,133.250092376582,6.20999727253039,12.8915467118285
97.9545219151105,145.656765069617,184.197032612065,163.350333568768,133.566781719075,6.22350853989269,12.9313388078965
98.9515140895509,145.86933359266,184.220651170093,163.979969653767,134.800627723348,6.36401144064268,13.3467534706312
100.467910812037,146.178593142536,184.183578719453,164.49846384692,136.052007309946,6.88934873683485,15.803676143388
100.551284288763,146.21108242545,184.202894899762,164.536577759616,136.110599437756,6.91826885018335,15.991955634557
100.86579700981,146.310175043188,184.249189911002,164.665912784193,136.326907465454,7.03613593987026,16.7981734268782
101.931178341314,146.356678478883,184.192663007545,165.116401726381,137.212238722111,7.42096799173485,20.5621342491571
102.294852150442,146.448138640244,184.28547838047,165.340288106613,137.58342876867,7.48301237837852,21.227527935446
102.893968654698,146.430531581917,184.291746465654,165.585648341119,138.233558872288,7.58490605118608,22.0382226043707
103.095601761078,146.417646341215,184.294011575621,165.647327633539,138.453778065934,7.61919659663301,22.1474738390976
103.732633847683,146.551628571906,184.467973205658,165.888757078721,139.106046445554,7.72764873090037,22.1102581933116
103.884274467803,146.602403430057,184.52629001712,165.951428153355,139.255842280368,7.75396230498588,22.073264654878
104.132567434623,146.714010123056,184.644508903787,166.061645464987,139.488742584321,7.79852960244124,22.0030060249674
104.482622095252,146.787610224626,184.732892455863,166.127601954477,139.800327588243,7.88528634104737,21.86044095985
104.515165305603,146.78506760841,184.732365404084,166.123883305714,139.827551359374,7.89596033896425,21.8424955407118
104.550969824138,146.785329251585,184.735015009093,166.122682596205,139.855763890177,7.90696469329966,21.8288960916657
104.568876063599,146.787071849086,184.738041636843,166.123605095079,139.868956811979,7.91207855634218,21.8253321695462
104.989531252499,146.850645211571,184.830727735163,166.173290000708,140.162705555276,8.01898853547229,21.8002994539302
105.492084980647,146.967065318754,184.974410372281,166.290902205728,140.473686444275,8.10897685297046,21.88949636447
105.580285534189,146.987244056614,184.997595360942,166.313585177152,140.524631986511,8.12049409493101,21.9079476733461
106.866576619579,146.83565428039,184.913899528522,166.293891891077,141.089636207364,8.27573806779748,22.0586411676969
107.604575419473,146.846727100814,184.93173978044,166.38335505948,141.493352201079,8.32943746462345,21.989780522424
107.75673399886,146.876158867994,184.953387699676,166.422303344283,141.595399258525,8.33838591811068,21.9685740695857
107.995364510754,146.928667184456,184.991322860277,166.48799925542,141.759967479251,8.35199369045144,21.9341798546435
108.252441302083,146.928759776353,184.962427300786,166.506148151017,141.935510447072,8.36651245355169,21.8725139569299
108.668760280046,146.904529415175,184.841313078801,166.487997932275,142.263604346857,8.38881774212845,21.7562528397297
109.641878672945,147.362391079786,184.872027030082,166.618706168542,143.105744308869,8.44176409373993,21.7817854483256
109.875829602297,147.399200287517,184.691628102396,166.438490163952,143.214902981508,8.45347128937026,21.7931979235298
110.094806870568,147.413344305605,184.468333568828,166.197598987039,143.259562358359,8.46139499890114,21.7883178281829
110.155413768482,147.419173714584,184.408793682242,166.131285888117,143.268034654527,8.46323367407535,21.785443555243
110.954685170316,147.584786227193,183.67166137234,165.244559127137,143.216420183378,8.47177675356706,21.6680473879497
111.068372501012,147.617693234918,183.564016376761,165.109733635071,143.189508905924,8.47173425502084,21.6443022789
111.735413539483,147.641039880323,182.108426835038,163.34668688056,142.36598324594,8.45844059255591,21.3721991668885
111.924552435447,147.63631768443,181.411030395311,162.494500985975,141.871931397344,8.46387126362523,21.2953058924374
112.287945780616,147.762356807546,180.336244941413,161.144990155176,141.094346156692,8.50748610685931,21.2830572750327
112.519923016739,147.778760746299,179.245476166092,159.800772768884,140.303238949326,8.56587162292315,21.3317923227075
112.615891187648,147.731944230082,178.616094799023,159.037469110405,139.85185439345,8.59195239073026,21.3385696900326
112.977788127747,147.75603743263,177.441192898234,157.594170545959,139.060505421447,8.61791035289444,21.2559600746271
113.018680646394,147.766274459452,177.348585069554,157.479455969424,139.001463464434,8.61790744438741,21.2414977863174
113.038407094368,147.771212775401,177.303911286308,157.424117946707,138.972981773117,8.61790604133094,21.2345212148719
113.170265534927,147.808722734646,177.022052028274,157.074883561271,138.795467088058,8.61641482937097,21.1849044763695
113.480672690417,147.916310429583,176.42486812992,156.338402731093,138.430575327203,8.60220944911547,21.0406953589852
113.579772514871,147.865192590822,175.86246547815,155.682425082973,138.048734404626,8.58322329457934,20.9079478727435
114.235725844357,148.032334939176,173.423190917655,152.840341895697,136.55053308152,8.62487484710397,20.6108668256932
114.507900111908,148.340816067327,170.871907487207,149.936162793645,135.1977891797,8.93974891601817,20.9429755656797
114.48978980665,148.469504448492,170.113880245529,149.074691842517,134.810204758521,9.01427698223022,20.9244850134489
114.486899249649,148.486016226737,170.051029154574,149.00302093198,134.779042440081,9.01655332126432,20.907473211565
114.47110157919,148.576257530161,169.707531059739,148.611320153988,134.608731999131,9.02899412554516,20.8144991446396
114.426659273955,148.78199718349,169.064361219315,147.880867983875,134.297113423976,9.01057187123885,20.489613906065
114.4239248164,148.793689249905,169.031279329472,147.843386386568,134.281304586871,9.0083653476632,20.4683522359139
114.090468589959,148.879552395845,167.950307805129,146.667142402382,133.675053972724,8.86435032319922,19.6254241233992
113.981483847799,148.898761165478,167.656470768876,146.358850904543,133.520672459779,8.80043427091707,19.3147361493979
113.970956525289,148.900616626242,167.628087738513,146.329071653244,133.50576006063,8.79426033424887,19.284725411773
113.82923620775,148.92559510376,167.245991334403,145.928179123683,133.305007215754,8.71114591799483,18.8807165802784
113.638090781253,149.004164833927,166.683375545096,145.358899250825,133.066670141636,8.5675405883219,18.2012287781412
113.550336725834,149.049784075769,166.409914261064,145.085818475098,132.962402000999,8.49743098236876,17.867517469532
113.523145862896,149.073875976215,166.308329786029,144.987830410984,132.935111671981,8.47185859423205,17.7428165184694
113.268074533505,149.402377213475,165.150475699784,143.896165981314,132.722038447855,8.21407760547048,16.4193318022049
113.19924290352,149.411001239164,164.9347102975,143.696699731064,132.673596374285,8.19031165569567,16.2718588028705
112.727787333966,149.473431177914,163.356464372794,142.244895250996,132.374597660588,8.11543809326522,15.5592300226678
112.585904874602,149.603552535642,162.628233593923,141.568699564268,132.308346496916,8.15896154277013,15.5291933160638
112.497193772754,149.841295909743,161.89632501498,140.867060103634,132.271499198096,8.23008454751174,15.6725168613977
112.384843607425,149.84981871843,161.557782021444,140.532866054477,132.181549987881,8.24261591157317,15.7278620022316
112.128951940447,149.82524189367,160.879482129775,139.866273621072,131.994977074023,8.24009875661715,15.8033857229475
112.095093470702,149.824972540611,160.785662150185,139.775046916582,131.974625956786,8.23692046064862,15.8106053106341
111.799310991998,149.990066476467,159.608977871608,138.72145052945,132.072658262709,8.12221453051595,15.772144491141
111.553950451932,150.229324327593,158.307274451313,137.719122091052,132.595906097276,7.97602051879937,15.6482016649475
110.839093231537,151.403503555343,156.2550909914,136.065968017592,132.80609931329,7.94543687126407,15.9720165555561
110.373794937988,151.70444641441,155.965261237139,135.626841870028,132.075196428983,7.9333147476935,16.0227446258385
109.860940645163,152.112835535462,155.68874539573,135.134878502407,131.277344115941,7.90173718741507,16.0311116727931
109.077807246781,152.404888308822,154.953516253607,134.191896907789,130.560928439394,7.85966440060897,16.0117787361744
108.453078897545,152.596596216057,154.186396792973,133.316215988565,130.337903430887,7.85546975368856,16.0513180195025
108.306519240531,152.668720590732,153.993697733879,133.096703932694,130.317672601344,7.85804199932137,16.0690978630066
107.807441196293,153.17299147662,153.355128809438,132.314478588163,130.356592303573,7.8841390514317,16.1692887650974
106.786150272961,154.037801406844,152.545713544112,131.123196567092,129.949573543242,7.89924905730127,16.2639761645816
106.201018095832,154.664592830826,152.352303815408,130.646547158561,129.525509772555,7.88315381789272,16.2777498989803
105.851842231377,155.147179518219,152.333801061374,130.437638725835,129.221158373895,7.86299147128958,16.2721420828259
103.414586569083,157.349621441097,151.34708375015,128.750431383689,126.940760878863,7.77450208114832,16.0846793602605
103.363071630391,157.389268253868,151.270558830891,128.671302321544,126.890203500048,7.78159472606701,16.0827508327792
103.260837759498,157.46794925866,151.118691451945,128.514266895925,126.789869952736,7.79567042067763,16.0789235773355
103.143954482127,157.557904707149,150.945062528167,128.334729380136,126.67515930217,7.81176306495471,16.0745479026624
102.453920966042,157.463303203231,149.928234859666,127.296340916146,125.944991310461,7.86868240016578,16.0310970880776
102.365947977527,157.447721046076,149.789817249735,127.154821570173,125.847450952572,7.87602502308391,16.0255042724554
102.107951704705,157.406302020524,149.374366251149,126.731000290664,125.559034071216,7.89355372795124,16.0030752202677
101.645695873118,157.358375617921,148.607163967206,125.958728459817,125.052824794447,7.90159075331214,15.9214577299214
101.536160727515,157.352778425677,148.424384732149,125.777539653456,124.938013009888,7.89851383440892,15.8925432593978
100.863083457144,157.266326594877,147.414382765519,124.842713489088,124.386785676608,7.80013647668251,15.5130721592242
99.4956902248652,156.886804081508,145.54976913708,123.381412923599,123.762939087004,7.40954858026913,13.7226477558088
99.2356839138504,156.861471162521,145.125965960987,123.110551615554,123.760242763076,7.29214405242408,13.0060863947363
99.2079093134445,156.862254280701,145.073075308968,123.079028362672,123.766126399401,7.27746504714099,12.89996560715
98.4576304351186,156.640143613474,143.777761114545,122.214222697633,123.662495395447,6.99512285898409,10.5825802981864
98.3241096288722,156.588971523022,143.529371001943,122.039812382954,123.623568857681,6.95415473899462,10.1441634909225
98.0019149103582,156.486453184382,142.873439907465,121.577419689231,123.524041881299,6.85804159224692,8.99561537422457
97.1021804487947,156.339373518685,140.682692059688,119.960526199436,123.050157383441,6.67568627939913,6.39486205990865
96.5389011546572,156.14939217889,139.391447807898,118.975205461831,122.654992014929,6.59978616644251,6.0974609605731
96.1703552882737,156.119858582397,138.140110549851,118.109353131224,122.521340278227,6.50635553009763,6.22111393077794
95.6514676119189,155.828070638122,136.850547584845,117.182517882838,122.287820836996,6.40859523887614,6.26707875856538
95.2297948212989,155.690810214109,135.636053906023,116.355748228419,122.234471401909,6.31929932265592,6.11769955435101
95.1624784116036,155.690483947528,135.420129824868,116.214221335825,122.245941125081,6.30369316239131,6.07241333820993
94.7754967238109,155.668273111128,134.501248558769,115.57308121587,122.22347916616,6.23819344177915,5.85663469706986
94.6800661918221,155.633483551557,134.33166298975,115.443663224925,122.187454535138,6.22658396828518,5.82153076467846
94.5472960281871,155.601233477868,134.084160654238,115.251340782349,122.141421400276,6.2078362305198,5.78262547521277
94.5005197121038,155.590083019123,133.996811538361,115.183422893772,122.12525698388,6.20119720359906,5.76904886429021
94.4739866832818,155.583758120797,133.947264314398,115.144897686017,122.11608800774,6.19743133430049,5.76134777452779
94.4307566851742,155.573453027305,133.866537518655,115.082128950885,122.10114908675,6.1912956411709,5.74880046611117
94.364060640099,155.560613915138,133.735148547053,114.979354479792,122.07915879939,6.18076110885888,5.73126113187414
94.0364211408006,155.619673113312,132.578285019765,114.047507551307,122.024660048322,6.05720233738864,5.69283640538863
94.029314975,155.63247166563,132.469453660955,113.957898227973,122.029369601526,6.0432424822265,5.69415450172435
94.0283622568092,155.631414919225,132.46627724883,113.955050869183,122.028411837534,6.04289322435586,5.69402064324504
93.8105757099898,155.103790408739,130.749901143012,112.470084424074,121.69136380653,5.83728463512225,5.55684073045188
93.8154181772834,155.096929889805,130.719121187858,112.446628354768,121.693147176641,5.83296051166776,5.55226072503208
93.640941060683,154.518667702841,129.365469396574,111.66277826493,121.93913361703,5.61290469702531,5.37853725575398
93.603766962971,154.470394784311,129.295494398045,111.692138297497,122.061351466618,5.586698708924,5.38303559076969
93.5910475152886,154.456698978428,129.290739047374,111.796980099289,122.253585577828,5.56097191870081,5.39882736102513
93.5854885684371,154.450713320961,129.288660754172,111.842800485405,122.337600169808,5.54972820253636,5.40572904525957
93.5823464779661,154.435687893177,129.420116747486,112.255091717505,122.951165210862,5.4869035525208,5.45283937597338
93.4685365167334,154.192122502834,129.683544129414,112.957873737088,123.957762011349,5.38449852046782,5.49081973651098
93.642312993955,154.192453622048,130.138947463474,113.771835625357,125.056730402321,5.31879365145237,5.51845230587319
93.6883600452786,154.209206204061,130.224699704399,113.915903743177,125.249364865835,5.31030142553143,5.5235555624085
93.7833389226857,154.24376089079,130.401576428189,114.213065617986,125.646702036587,5.29278494919962,5.53408178641011
93.7831408164879,154.231647694977,130.41989176762,114.253711041461,125.704189352362,5.28931725385288,5.53485350033844
93.847777159847,153.976117024861,131.239821648791,115.883529716905,127.901097310461,5.20286195931754,5.64085940019101
93.8604638596097,153.982039532837,131.281843646519,115.952605335875,127.988589845701,5.20110689395643,5.64735532465263
93.9503249185015,154.020351507502,131.603390092017,116.474387294727,128.646387568549,5.18674411227193,5.69535183786864
93.930089752905,153.984234843522,131.642749822629,116.553280023467,128.749425759473,5.18127402697281,5.70112774835161
93.8367713445811,153.714283509394,132.11698609342,117.381875067154,129.805009675783,5.11816699989922,5.76085206427387
93.8500259807499,153.676717334162,132.258275517321,117.599822183296,130.075931156536,5.0993932436586,5.77640728191049
93.9354824816015,153.637802421605,132.585192565537,118.080021238334,130.66724737599,5.05296654578749,5.81142509169587
94.1926825359013,153.298171881148,133.46129646257,119.422029966521,132.315767967261,4.83980561174298,5.91643650097032
94.4643175521419,153.117841412354,133.92413539753,120.12326200569,133.144348638852,4.70563216813746,5.98642421410425
94.6241219182071,153.090114615644,134.116565106461,120.399748279457,133.463503240789,4.65797790901029,6.01457978699446
94.9523451133433,153.081507075824,134.456008496666,120.87266292927,134.003999965782,4.58290717704086,6.06033753673715
94.977543670474,153.081691456491,134.481093021618,120.907309479571,134.043484327334,4.57754255838738,6.06363942346206
95.7031880692163,152.679532331,135.122308120279,121.844427258804,135.092122918034,4.37915088852195,6.14675417077785
97.4623745733647,152.210179021935,136.386378739736,123.630231400649,137.173102647467,4.11978904276889,6.40383430471745
98.4315420697808,151.980646573226,136.846028380668,124.635031963538,138.446813567711,4.10122056868684,6.4184505435221
99.1747669562079,151.999714965504,137.049663454166,125.241025652057,139.249937494042,4.14739496495891,6.25817731800228
99.2987396374005,152.024122044883,137.08438556788,125.333279548683,139.37394325499,4.15513614304895,6.23088179809997
99.4552832675536,151.846350076402,136.987903582043,125.406497196801,139.525603901831,4.17019598947395,6.11908925176854
99.6472580519899,151.738319988867,136.926742072863,125.496977243949,139.69839183002,4.18461305849636,6.02102505921043
100.224047325346,151.726992534737,136.956083998274,125.815590932416,140.207615092637,4.21720920360585,5.86516647167216
100.926929867328,151.430480002232,136.889189428586,126.156070266732,140.783656390653,4.25467093896117,5.63850577872711
100.944117694488,151.431285998326,136.892736674033,126.166337071656,140.797875727634,4.25525731069656,5.6351513753099
101.424748598203,151.501658568951,137.01715034761,126.462766666336,141.197354107496,4.26881340574725,5.55309683263948
101.55596995296,151.532458051098,137.056872007577,126.545804502887,141.30687646936,4.27169303749461,5.53345989237117
101.917433334701,151.33334460752,137.000670658704,126.71281207069,141.571712869715,4.2656770573423,5.37685473950302
102.033932220408,151.315649267298,137.004911189502,126.775030262511,141.663362143775,4.26445036981943,5.33773882754413
102.056108775191,151.312664928822,137.005916851881,126.78694971372,141.680864132618,4.26423084579534,5.33040944899327
102.916284053869,151.128725590226,137.024022380031,127.2562814571,142.374620360937,4.27690537197284,5.08821914961873
103.497751136514,150.992216879502,137.069177533703,127.600828896132,142.844633073602,4.29087082451933,5.00151705886224
103.594869770891,151.002100347757,137.094995176162,127.664601711257,142.925519667815,4.2912378228039,4.99881689722747
103.86740773278,150.933770330778,137.12048594402,127.831295584579,143.144547850983,4.28561021325129,4.98164179287862
103.904391825639,150.88198009943,137.103161176596,127.848486748979,143.170748029817,4.28189998522558,4.97506318329596
103.925477073266,150.852453625526,137.093284037995,127.85828771827,143.18568518836,4.27978472240236,4.97131260834954
103.956184403372,150.822175539288,137.085340920885,127.874975834855,143.209926944883,4.27655519035108,4.96779880084662
103.98518524865,150.798044701968,137.080099639686,127.891583869088,143.233694669059,4.27345284921851,4.96516396918602
104.009094310434,150.778150603198,137.07577858922,127.905275970569,143.253289407775,4.2708951973604,4.96299174446779
105.346012334346,150.197507590937,137.064303859435,128.813280395991,144.595007437326,4.22640738823628,4.97735380658416
105.835525289677,150.251252253351,137.122156022555,129.098042203142,144.955692115626,4.27907659519718,4.98895709940293
105.985799244284,150.187286624865,137.059156246783,129.124546308802,144.980585782014,4.30637928542232,4.98092614873921
106.510383365883,150.274366773999,137.012315551555,129.226127185166,145.061361496052,4.37425038949356,4.99245668466455
106.533358280065,150.282364418602,137.012541189548,129.230370193479,145.064815182014,4.37675594545602,4.99394515473749
106.886541514568,150.420447875051,137.020840201586,129.287197950519,145.111903411515,4.41307828644152,5.02516974736103
107.088362341182,150.477225965519,136.992636766553,129.280481440405,145.093673477016,4.43542984621072,5.04879821530496
107.393968953223,150.401209179707,136.728001063481,129.02588399859,144.780516956765,4.48314102040885,5.10842825499494
107.556934269245,150.414318530738,136.628976608166,128.916393564206,144.649200913899,4.5040062708825,5.14541885057799
108.297930411373,150.634127879297,136.218481617241,128.366885106823,143.970571315729,4.59673650225625,5.34900653909751
108.314148006189,150.625433139279,136.177567441886,128.31317126955,143.903698855562,4.60127326566339,5.35905002405836
108.333156051704,150.615242354772,136.129613444014,128.250215259414,143.825320108226,4.60659063894269,5.37082162283246
108.492540121891,150.630678551918,135.889659167718,127.905077050411,143.378792291315,4.64301848782782,5.44897725163843
109.037554716357,150.922771467773,135.573236859982,127.337676550351,142.592175774077,4.74116830689362,5.62846097612427
109.598522806401,151.084992261896,134.980971175523,126.34962870493,141.261787123585,4.88887114093729,5.76758388528993
110.209301717655,151.434343523417,134.51611728697,125.541583756596,140.218400249171,5.00684923428034,6.1418881306051
110.212446681341,151.430942367626,134.478903529595,125.489335002753,140.154707050044,5.01072927985994,6.18008612733345
110.310726300952,151.528949696894,133.919759954096,124.697916029324,139.204127596936,5.08927712149004,7.41127424521185
110.361575328217,151.610542200952,133.799850527971,124.523267312085,138.998427423219,5.11970885123148,7.95439215315268
110.407408153173,151.980402988955,132.676033074039,122.982998846237,137.200311327113,5.50551579152564,13.5681202804025
110.39879888429,152.243329304176,131.778564472914,121.691397799865,135.646595149811,5.9664576387498,16.6879434816373
110.36606379817,152.293673338036,131.488867368837,121.251874660038,135.107329355944,6.10731537201329,16.8052230092041
110.42452665254,152.404374303188,131.362651315814,121.025356371494,134.82920280775,6.19259179747632,16.6989159681064
110.51089697204,152.54394653289,131.218123969305,120.754750242209,134.505343975473,6.28524560716938,16.5404341710989
110.494637724644,152.533134951722,131.174779469507,120.690794485,134.430285179331,6.29702317030922,16.5195509990521
110.42911145333,152.495817066349,130.966081243167,120.377135384666,134.064991209991,6.35490967930144,16.4458567801501
110.419164659202,152.540909351367,130.68213439738,119.916167313678,133.542157651643,6.44178325195313,16.4993948262469
110.430703237948,152.725380093073,130.099659828745,118.945101193382,132.455871965362,6.54941272724891,16.898913834242
110.406946548714,152.75137552131,129.940780188806,118.682063402749,132.154266769,6.56098462396087,16.912058105945
110.57019708229,153.021144474547,129.665056395677,118.114893332412,131.496571547677,6.58787830246196,16.8117284954031
110.517298933955,152.981161407657,129.420269746649,117.716358625233,131.034467559287,6.59255645246698,16.7620833049225
110.567702567454,153.03953676102,129.229096781603,117.371164892916,130.644367275982,6.59586959334114,16.7722524222803
110.731829899851,153.274489337912,128.843351076687,116.687213211515,129.908080848762,6.57887614535317,16.8903211478276
110.701564497828,153.276306569472,128.721888021339,116.504881949734,129.710178339106,6.57009579386097,16.8889683704019
110.723175473613,153.610151611222,128.060935932868,115.367916180779,128.447688645632,6.57920982038953,16.7621308177484
110.793206855897,153.72652536302,127.850086235245,114.969753773135,127.988415983003,6.61585034964832,16.7706756853296
111.036435706412,153.973675420901,127.687436909651,114.606191305521,127.58230018164,6.65250060901818,16.8215970813839
111.387988036362,154.353219867979,127.061290306041,113.447693877602,126.312506607958,6.69827038937656,16.7707861823276
111.402788468869,154.409775079586,126.851331604707,113.070639502191,125.892435659002,6.72743715154536,16.7372217030267
111.447188711115,154.52308343068,126.628596350381,112.646718086897,125.421165863264,6.78745825917853,16.7138501011122
111.462899097353,154.550388846107,126.600514597266,112.588450421158,125.357111486478,6.79842029357579,16.7124200210886
111.474276983136,154.56991095401,126.581052237495,112.547889359802,125.312568876301,6.80614495178138,16.7115075875205
111.741821870416,154.929815251076,126.455842418413,112.223621774543,124.976931550097,6.90086100108093,16.7373818533957
111.933661247753,155.356755290357,125.757151369318,111.091734754154,123.780801656758,6.99806064817581,16.7633277532701
112.051882899601,155.812421578537,124.990691187529,109.813767743518,122.38457890013,6.9543149561841,16.8348532354826
111.943896312627,156.010404541373,124.142097287176,108.648745772672,121.160365579927,6.84792625926289,16.846231611272
111.876704325182,156.171317476264,123.883246706806,108.221641210965,120.693433321235,6.80861862102182,16.8838652162665
111.699953112581,156.218445340091,123.730021418315,107.922502308739,120.343887372619,6.80394542975803,16.9130292175375
110.683426085611,156.10599825911,123.10798869829,106.91753618437,119.233534000446,6.84117774303389,16.9878651470933
110.025597538249,155.352789405277,122.631921686109,106.390904970498,118.642766700325,6.68285309514032,17.1818465771921
109.909349014004,155.137182628126,122.619571985782,106.372361256374,118.631291135131,6.62922380651144,17.2816531012815
109.159402661934,153.993418240932,122.39319933692,106.188749392906,118.499169656978,6.49051653196303,17.4972844690896
109.029616745031,153.762048662846,122.366229616299,106.18923735712,118.523491039342,6.46740308981259,17.5324008390217
107.633652610723,150.351211490951,122.496373637063,107.150695550696,119.944561835292,6.13653318017426,17.8319246509943
106.284425354883,145.150134522289,124.216011635411,111.558856258899,125.561337565704,5.54962776397637,18.1088226478122
106.458247069906,143.438646453362,124.638992593056,112.672744984332,126.831124575111,5.37489795336011,16.8064849531511
NaN,NaN,NaN,NaN,NaN,NaN,NaN
NaN,NaN,NaN,NaN,NaN,NaN,NaN
NaN,NaN,NaN,NaN,NaN,NaN,NaN
NaN,NaN,NaN,NaN,NaN,NaN,NaN
NaN,NaN,NaN,NaN,NaN,NaN,NaN
NaN,NaN,NaN,NaN,NaN,NaN,NaN
NaN,NaN,NaN,NaN,NaN,NaN,NaN
NaN,NaN,NaN,NaN,NaN,NaN,NaN
NaN,NaN,NaN,NaN,NaN,NaN,NaN
NaN,NaN,NaN,NaN,NaN,NaN,NaN
NaN,NaN,NaN,NaN,NaN,NaN,NaN
NaN,NaN,NaN,NaN,NaN,NaN,NaN
NaN,NaN,NaN,NaN,NaN,NaN,NaN
NaN,NaN,NaN,NaN,NaN,NaN,NaN
NaN,NaN,NaN,NaN,NaN,NaN,NaN
NaN,NaN,NaN,NaN,NaN,NaN,NaN
NaN,NaN,NaN,NaN,NaN,NaN,NaN
NaN,NaN,NaN,NaN,NaN,NaN,NaN
NaN,NaN,NaN,NaN,NaN,NaN,NaN
NaN,NaN,NaN,NaN,NaN,NaN,NaN
NaN,NaN,NaN,NaN,NaN,NaN,NaN
NaN,NaN,NaN,NaN,NaN,NaN,NaN
NaN,NaN,NaN,NaN,NaN,NaN,NaN
NaN,NaN,NaN,NaN,NaN,NaN,NaN
NaN,NaN,NaN,NaN,NaN,NaN,NaN
NaN,NaN,NaN,NaN,NaN,NaN,NaN
NaN,NaN,NaN,NaN,NaN,NaN,NaN
NaN,NaN,NaN,NaN,NaN,NaN,NaN
NaN,NaN,NaN,NaN,NaN,NaN,NaN
NaN,NaN,NaN,NaN,NaN,NaN,NaN
NaN,NaN,NaN,NaN,NaN,NaN,NaN
NaN,NaN,NaN,NaN,NaN,NaN,NaN
NaN,NaN,NaN,NaN,NaN,NaN,NaN
NaN,NaN,NaN,NaN,NaN,NaN,NaN
NaN,NaN,NaN,NaN,NaN,NaN,NaN
NaN,NaN,NaN,NaN,NaN,NaN,NaN
NaN,NaN,NaN,NaN,NaN,NaN,NaN
NaN,NaN,NaN,NaN,NaN,NaN,NaN
NaN,NaN,NaN,NaN,NaN,NaN,NaN
NaN,NaN,NaN,NaN,NaN,NaN,NaN
NaN,NaN,NaN,NaN,NaN,NaN,NaN
NaN,NaN,NaN,NaN,NaN,NaN,NaN
NaN,NaN,NaN,NaN,NaN,NaN,NaN
NaN,NaN,NaN,NaN,NaN,NaN,NaN
NaN,NaN,NaN,NaN,NaN,NaN,NaN
NaN,NaN,NaN,NaN,NaN,NaN,NaN
NaN,NaN,NaN,NaN,NaN,NaN,NaN
NaN,NaN,NaN,NaN,NaN,NaN,NaN
NaN,NaN,NaN,NaN,NaN,NaN,NaN
NaN,NaN,NaN,NaN,NaN,NaN,NaN
NaN,NaN,NaN,NaN,NaN,NaN,NaN
NaN,NaN,NaN,NaN,NaN,NaN,NaN
NaN,NaN,NaN,NaN,NaN,NaN,NaN
NaN,NaN,NaN,NaN,NaN,NaN,NaN
NaN,NaN,NaN,NaN,NaN,NaN,NaN
NaN,NaN,NaN,NaN,NaN,NaN,NaN
NaN,NaN,NaN,NaN,NaN,NaN,NaN
NaN,NaN,NaN,NaN,NaN,NaN,NaN
NaN,NaN,NaN,NaN,NaN,NaN,NaN
NaN,NaN,NaN,NaN,NaN,NaN,NaN
NaN,NaN,NaN,NaN,NaN,NaN,NaN
NaN,NaN,NaN,NaN,NaN,NaN,NaN
NaN,NaN,NaN,NaN,NaN,NaN,NaN
NaN,NaN,NaN,NaN,NaN,NaN,NaN
NaN,NaN,NaN,NaN,NaN,NaN,NaN
NaN,NaN,NaN,NaN,NaN,NaN,NaN
NaN,NaN,NaN,NaN,NaN,NaN,NaN
NaN,NaN,NaN,NaN,NaN,NaN,NaN
NaN,NaN,NaN,NaN,NaN,NaN,NaN
NaN,NaN,NaN,NaN,NaN,NaN,NaN
NaN,NaN,NaN,NaN,NaN,NaN,NaN
NaN,NaN,NaN,NaN,NaN,NaN,NaN
NaN,NaN,NaN,NaN,NaN,NaN,NaN
NaN,NaN,NaN,NaN,NaN,NaN,NaN
NaN,NaN,NaN,NaN,NaN,NaN,NaN
NaN,NaN,NaN,NaN,NaN,NaN,NaN
NaN,NaN,NaN,NaN,NaN,NaN,NaN
NaN,NaN,NaN,NaN,NaN,NaN,NaN
NaN,NaN,NaN,NaN,NaN,NaN,NaN
NaN,NaN,NaN,NaN,NaN,NaN,NaN
NaN,NaN,NaN,NaN,NaN,NaN,NaN
NaN,NaN,NaN,NaN,NaN,NaN,NaN
NaN,NaN,NaN,NaN,NaN,NaN,NaN
NaN,NaN,NaN,NaN,NaN,NaN,NaN
NaN,NaN,NaN,NaN,NaN,NaN,NaN
NaN,NaN,NaN,NaN,NaN,NaN,NaN
NaN,NaN,NaN,NaN,NaN,NaN,NaN
NaN,NaN,NaN,NaN,NaN,NaN,NaN
NaN,NaN,NaN,NaN,NaN,NaN,NaN
NaN,NaN,NaN,NaN,NaN,NaN,NaN
