90.4261672772747,140.874983711123,159.119699259763,121.639212979575,103.630567448286,4.92547922772061,2.96605755233681
94.3671331229143,145.38393471202,163.391512938297,125.323034484825,107.009697251347,5.07214634766456,3.19512264396835
102.850964401839,155.144006254934,172.510578580907,133.176414717861,114.224725985476,5.39586391795091,3.71541524058558
103.765129322799,156.259692812216,173.403312920775,133.931845678689,114.931679196899,5.44006913498126,3.80401868198892
102.264031432159,154.622436191305,171.665315352157,132.415835539725,113.556614800684,5.39570948634736,3.7575685528954
96.0492479825013,147.69054855433,164.694487912206,126.362317836491,108.035091988762,5.1887873502955,3.48739367964662
80.1480132054345,129.900379845249,147.01332690989,110.997032363979,93.9911752083418,4.64344792624117,2.76980265191168
79.4873084633761,129.173489090491,146.2771656943,110.351037599548,93.3996054764031,4.6209546871937,2.74639570845478
77.3605484890302,126.870620192219,143.898683282758,108.247112636629,91.4706962479253,4.54951424979306,2.69002146350736
77.3783763201531,126.893025786454,143.917849414572,108.262688425992,91.4848009869221,4.5501968241892,2.69208232580479
77.5103945418686,127.058943148298,144.059777988043,108.378029882802,91.5892490573171,4.55525140751712,2.70734337319929
77.5882774532795,127.156824539414,144.1435074185,108.446074493206,91.6508672165978,4.55823331153334,2.71634648494265
78.5964506363544,128.379724535882,145.238515623355,109.356952993547,92.478653463334,4.59559136462669,2.81009750898351
89.8463569179755,141.486476506577,157.610210163698,119.925982233041,102.121959177823,4.99240758036745,3.56854842587175
90.2066765457159,141.917043147901,158.006496834036,120.263690566007,102.430094128493,5.00447541255273,3.59660358222805
91.6730187088819,143.693751152317,159.61829517245,121.633924728156,103.680055946271,5.05245395312441,3.71985979066001
91.5663544220865,143.600147194824,159.498924554614,121.52717415876,103.582210884141,5.04742562997353,3.72414791776869
91.3654512385642,143.423843263907,159.274088877532,121.32610846115,103.397918792902,5.03795473620822,3.73222464535357
89.6623298095367,141.643586008063,157.382071646821,119.675404462869,101.888441675889,4.97023349415803,3.69371295082585
86.6188173358187,138.36553555856,154.000766503892,116.739846703406,99.2053950114837,4.85383254638106,3.5867102565579
84.0011335166668,135.561621262306,151.080748935519,114.204510521588,96.8896036928607,4.75317494616633,3.49552928143854
82.5849873214071,134.154334912784,149.476961737891,112.799678766682,95.6059160928532,4.69537945946665,3.47609845036956
82.9089380858618,134.688458428281,149.805654112187,113.062726908556,95.8434733473915,4.70250538234377,3.54051576481852
83.5745432212469,135.529874568892,150.530664266078,113.676093449342,96.4006517769655,4.72474857767069,3.60117785858185
83.8493794436351,135.877305231981,150.830029522287,113.929359738989,96.6307173318108,4.73393305575312,3.6262259536246
84.1211691843903,136.220884724635,151.126076399474,114.179818643595,96.8582326751843,4.74301572649899,3.65099639763277
87.260238946865,140.119276808585,154.591162731622,117.115283348352,99.5175215507576,4.85226850965852,3.92329376448148
87.4836120159538,140.406555800913,154.839503137668,117.323967065517,99.7055564475311,4.86000415178594,3.94617812745566
87.5336853597917,140.476311103844,154.895743174854,117.370339804465,99.7468542864831,4.86170340902655,3.95317145143509
87.5908097153203,140.555888907508,154.959902578499,117.42324245932,99.7939674260109,4.86364194492824,3.96114953108203
88.0054043537122,141.133445195513,155.425555880099,117.807197024,100.135903100651,4.8777113656461,4.01905248710982
87.7217423151484,140.999097587788,155.121259902399,117.514736718217,99.8543045035751,4.86570672857856,4.06944594412227
87.2877307247133,140.576574663199,154.639254530074,117.088657393324,99.4609886762418,4.84914121089763,4.07170472610481
84.4577938046154,137.777755626639,151.407091422908,114.25341223482,96.8693535229747,4.73846265198944,4.07127092990057
84.263462604179,137.738998542181,151.113168388776,113.984814169643,96.6326058267638,4.72798453269437,4.12372958936904
84.3405069358044,137.865569299543,151.184481746382,114.042723557916,96.6866679001901,4.73044319316432,4.1409165196423
84.3553106497396,137.886280013805,151.199831293556,114.055558398241,96.6984238781374,4.73098276187244,4.14298043984405
84.888438861449,138.628200510197,151.757542598459,114.521928820688,97.1246121381952,4.75069730470955,4.21582262354773
86.0717607699725,140.483183225374,153.242962467705,115.70939006502,98.1381446211955,4.81149660191134,4.42736106374989
85.9937998375743,140.454463932369,153.202709415626,115.659406465538,98.076923671806,4.81156461541275,4.43930068405915
85.8835983891832,140.381863897814,153.125761651207,115.578106765137,97.9868496893283,4.81003901475361,4.44748472753457
85.7677466891235,140.291797991625,153.036259291704,115.488067134889,97.8906392657935,4.80773876623271,4.45235525854839
85.3504724662054,139.958993940059,152.712057550579,115.16066044582,97.5388538001,4.79853121328763,4.46796367289906
84.7950589299703,139.492891044637,152.272371756574,114.711966982028,97.050292623108,4.7830298835398,4.48299258846902
84.5540085754118,139.3136284663,152.109819510969,114.519604694403,96.8143158699006,4.77510096109847,4.49762635864535
84.5063761279236,139.31620083059,152.120225570738,114.489816004966,96.7415512215057,4.77328236324595,4.51389241157595
84.512999460444,139.353363049411,152.160725286919,114.502162789424,96.7260711148961,4.7733380134001,4.52487127059962
84.5138340868875,139.358045974575,152.165828780361,114.503718645598,96.7241204191874,4.77334502604669,4.52625475029547
84.7511898507018,139.704441621924,152.520100297647,114.733561092052,96.8410584261478,4.78232921603685,4.57508343685905
84.8420973389482,139.82386799785,152.64280382455,114.81955543283,96.8941622451919,4.78629843857015,4.59007704176851
85.0738734249331,140.138119213119,152.981884246831,115.041908996188,97.0037766242251,4.79874249969402,4.63958526585305
85.1179070572286,140.215756827422,153.091404436637,115.094476364418,96.9913006856091,4.80501353257267,4.66695117404713
85.1206643776704,140.224108503171,153.106936431765,115.099930065122,96.9845042968077,4.8061544860067,4.6720683875536
85.0964366987499,140.221664469839,153.145959977438,115.098571946859,96.928581862684,4.81101825876757,4.69484137121444
84.9341322790896,140.109839631823,153.179925423625,115.049517724422,96.745381183549,4.82343573550321,4.75214931825325
84.8943133494896,140.090639816429,153.21629230086,115.059464812539,96.7113990332346,4.82827699860419,4.77164962598126
84.7345729510177,139.972578207467,153.263403660406,115.051708376991,96.595197862013,4.83826775977135,4.81527355520998
84.6244994080458,139.916208957231,153.430729127705,115.139614332811,96.5387331803107,4.85249155889002,4.86840776747872
84.6227254167592,139.960429445082,153.659850814454,115.286080064313,96.5556282980477,4.86693046900688,4.91399078979597
84.645015018581,140.002086603442,153.776000550956,115.362162740318,96.574939561682,4.87387569532032,4.93388223606175
84.6647859771572,140.039036655709,153.879025793281,115.429648353012,96.592068723361,4.88003613653606,4.95152602186313
84.6442484477115,140.021359008566,153.894430816048,115.431518638226,96.5716588276389,4.88212047560503,4.95834822647623
84.575303773014,139.958029898934,153.922582606268,115.423944712252,96.5036462340933,4.88748478187083,4.9764098119719
84.5670174615559,139.950418510106,153.925966109097,115.423034418457,96.4954719474545,4.88812950624832,4.97858059490042
84.4918643371483,139.887750386455,153.996862861717,115.429035686385,96.4049179714875,4.89861331304707,5.00997660121663
84.4894419731225,139.885781162614,153.999468504216,115.429342751092,96.4018683595359,4.89898818339535,5.01108188138429
84.4807843872391,139.881563248005,154.022066022937,115.4355606631,96.3864850934266,4.90182679809036,5.01898796896013
84.4769943872546,139.883127792179,154.048026763183,115.44447593568,96.3743274844524,4.90488229605818,5.02723358524827
84.4679567690889,139.886858597695,154.109932636164,115.465735257513,96.3453365007677,4.91216842377637,5.04689604747968
84.5342507324129,140.054537271997,154.377772824943,115.578430141521,96.3135680593495,4.94844679131032,5.13797640312428
84.4253574012341,140.030666397569,154.358388433362,115.502594847065,96.1962613602181,4.97858524180349,5.20315739288681
84.424431318729,140.032368791476,154.360219828714,115.502966119854,96.1955364201145,4.97956221867894,5.20500590534672
84.4178374197211,140.044490188257,154.373259742463,115.505609658916,96.1903746966135,4.98651849613246,5.21816769644992
84.4250491552132,140.13032653863,154.483509308125,115.568759345923,96.2104478170858,5.01849941584856,5.27406392735621
84.4329009716007,140.157645751226,154.52460907152,115.596206629457,96.2229971895173,5.02730397449995,5.28851375405908
84.3997198510277,140.203919040431,154.659671795657,115.673931309319,96.2268840144636,5.06798599874389,5.35334231145327
84.1457043352184,140.062179796147,154.805270928267,115.71171401902,96.0875144350978,5.14384820363822,5.46773395380267
84.1435775653729,140.061530558925,154.808700467364,115.713449245292,96.0866847866046,5.14481081728424,5.46919234072745
84.1110584454099,140.059839214487,154.889482105372,115.757711642761,96.0781912779941,5.16381048092182,5.49846730999885
84.1064093279624,140.064778277974,154.918860673237,115.775193160555,96.079614148248,5.16921979370946,5.50704082457232
84.1063481580522,140.064843262796,154.919247216356,115.775423170419,96.0796328694025,5.16929096575048,5.50715362901805
84.1059803051018,140.158541728005,155.229918356267,115.968076093947,96.1249864222364,5.21635513748232,5.58548211435533
84.0894042526874,140.145493000787,155.230364225514,115.963484857374,96.1134756564815,5.21816930000847,5.58910732469647
84.0259695747693,140.095556997471,155.232070516695,115.945914714255,96.0694252577493,5.22511189482303,5.60298059467817
84.0142450262619,140.086327391325,155.232385888261,115.942667247695,96.0612834801971,5.22639508553735,5.60554477301399
83.9648055659107,140.049360341079,155.237836709262,115.930599880788,96.0272354619535,5.232198018559,5.61792848886037
83.9252920209836,140.024257705678,155.251572778738,115.924657009445,96.0006691837442,5.23772821364015,5.63140213969349
83.9166455586586,140.018764678118,155.254578543153,115.923356574031,95.9948558778494,5.23893834610251,5.6343504809401
83.9233836652256,140.07361419373,155.400203993704,115.993596203672,96.0087598231702,5.25834660723248,5.68669232727168
83.9894281103142,140.155385188521,155.518893471523,116.072543551562,96.061417068544,5.26951792662093,5.71506779051361
84.001999102799,140.170042228686,155.539677005931,116.086805523848,96.0713045761077,5.27141378029765,5.71974872590356
84.0045810456335,140.173052622644,155.543945714054,116.089734775233,96.0733353608159,5.27180316767672,5.72071013826647
83.9782801493107,140.130766103983,155.58326190133,116.092625332346,96.0449562337816,5.28474207890491,5.75470751368791
83.9619576866094,140.009802963112,155.838509911339,116.220350740509,96.0368445903525,5.31902678232339,5.84541424584639
83.9843037683809,140.009273936221,155.931211991902,116.279554548823,96.0613450775889,5.32482619602553,5.86307143706182
83.9969147950153,140.013441205879,155.972957757213,116.307311600118,96.0753857188688,5.32621138083383,5.86897294646431
83.9227226641636,139.802890407883,156.238921325313,116.43957275226,96.0706018531256,5.3235638696457,5.91423548459367
83.8851340474195,139.730275667086,156.284687588628,116.455500803339,96.0583612308083,5.3185200135178,5.92038071732103
83.8494577293645,139.638781270026,156.404651853163,116.515492323922,96.0680946678854,5.30781719077942,5.93128987066891
83.8552079148252,139.595188866845,156.581781281924,116.621266865337,96.1187378009874,5.29697025930785,5.94490462517381
83.8671754368682,139.593071999388,156.651899647347,116.666255528819,96.1443149055413,5.29415210717977,5.95035348455566
83.8122450010525,139.458478694057,156.860350440236,116.78079676728,96.1737518557015,5.28236226468112,5.97154730241173
83.7446371208989,139.347483755609,156.916574654247,116.805186225203,96.1555439088537,5.28007038287167,5.9811055692606
83.6892356848231,139.208208268551,157.154301479872,116.970866493665,96.2001651179221,5.28665573872497,6.00964501292743
83.6895535920262,139.207309193346,157.159593188213,116.974972912879,96.2019805805141,5.28687028242608,6.0101580487367
83.5488816745812,138.875071630576,157.685138343895,117.405933961105,96.3212554256557,5.29081630229022,6.03932603786506
83.5554029937484,138.834330415494,157.959162058575,117.64319508749,96.4270475117419,5.26890131813573,6.0343377993285
83.5693786614137,138.843546069638,158.02165890743,117.696710726098,96.455322425988,5.26352251834953,6.03310408709263
83.6309657820949,138.904439092474,158.241219313478,117.878821955763,96.5428977332313,5.23003184790674,6.01911520720785
83.5777395067445,138.851606561556,158.29855836136,117.914445719286,96.4916178859937,5.17336629852559,5.97947994692157
83.7925128401518,139.12359441021,158.619509649415,118.138613777879,96.5065124606422,5.0501113002536,5.85746961545023
83.7886738760915,139.112035255992,158.63369983974,118.132788861109,96.4357657702906,5.00770044575414,5.79683637529797
83.759814229487,139.067420455176,158.618872285263,118.105851838711,96.359724269825,4.97412597516105,5.74326636646603
83.7421684254912,139.030598356135,158.618769086161,118.09114218867,96.2949620833506,4.94213031405064,5.68724503020621
83.7505755509774,139.00116441264,158.662970028606,118.10499876489,96.2319714999382,4.89870871148284,5.59838778579538
83.7583422340921,139.000286590774,158.678379885694,118.113299508282,96.2260598769693,4.89156261489465,5.5814441833339
83.766315161645,139.001605587157,158.692017174592,118.121405764375,96.2243870423754,4.88701393677954,5.56956932020683
83.8086513751242,139.008947571553,158.763951388942,118.164274954819,96.2161752205661,4.86333789048528,5.50746598702887
83.8930852654891,139.020263857314,158.881797785228,118.234821024224,96.2264146637303,4.84014453741109,5.41978257516639
83.8686580245116,138.957896217212,158.857947013463,118.20454595342,96.1867847933621,4.83310052385191,5.38923119462095
83.8385172053852,138.847020632633,158.818881498018,118.151108359267,96.1192435435974,4.82262567975236,5.33162913851359
83.8737793993427,138.736956125552,158.794392330177,118.098499379468,96.0589011209937,4.81925167284087,5.25498635947978
83.9434031952463,138.725870669754,158.803391954147,118.091693204257,96.0523471237201,4.82372026283968,5.22534760497174
83.9953614261246,138.727950482395,158.812716954359,118.091318262911,96.0526056507169,4.82748941524888,5.20924628316364
84.1993923891684,138.732474398119,158.794342907578,118.051475213521,96.0164652526089,4.845369151401,5.16212727484759
84.2439462685391,138.603974768304,158.629215577767,117.895722429788,95.8685992543842,4.85480111959585,5.124129746698
84.2511460523633,138.594415371857,158.614740114206,117.881963391187,95.8549399983644,4.85590247805206,5.12078218981004
84.2813588835619,138.554300774218,158.553995965802,117.824225614489,95.7976209445564,4.8605241664165,5.10673466093233
84.2982676827428,138.539042436853,158.528334944316,117.799515020455,95.7723472145501,4.86294182944737,5.10059822763656
84.355075513419,138.518348005949,158.477548156585,117.748809666301,95.7163603931193,4.87034650742384,5.08731517595666
84.4692504610165,138.498408174742,158.402462643807,117.670687958034,95.6251661892299,4.88553228067335,5.06598246353393
84.5505532652171,138.50148420064,158.370526595617,117.634036956464,95.5772457091936,4.89658806438459,5.05507128740505
84.5585254934244,138.501785823452,158.367395074303,117.630443105657,95.5725468183446,4.89767215037182,5.05400138105969
84.8062494124867,138.472777184106,158.227577275022,117.46736366761,95.3605678442631,4.94919049637454,5.02203576313914
84.808393734508,138.461434915822,158.212495691533,117.452190990638,95.3436963760192,4.95151977294277,5.02025217624818
84.8093282215863,138.456492000045,158.20592319694,117.445578797865,95.3363438567106,4.95253486248301,5.01947489611674
84.8321975320503,138.376921251492,158.099635482643,117.335795437337,95.2120417137255,4.97244731021391,5.00737814803602
84.9083879649342,138.273117570291,157.957378832111,117.173705775946,95.0167215937929,5.0180485955,4.9933260548885
85.0359007802355,138.232896815082,157.892071478107,117.074053502548,94.8775235332752,5.07197775381942,4.98903137134201
85.092463991519,138.231184560234,157.883684964647,117.050883144308,94.8390565302058,5.09264758698894,4.98918663495219
85.2854143200976,138.267182298048,157.906150822584,117.027104024439,94.7702971402949,5.15164419452961,4.99347321478254
85.2873447153821,138.26759710494,157.906442314602,117.026938322214,94.7696908345943,5.15221939132705,4.99352100892104
85.2957977786029,138.247212709805,157.886007782757,117.002876151966,94.7405567357559,5.16014774762518,4.99230913288183
85.3015896327083,138.170963192833,157.81109814895,116.920920400484,94.6463096172963,5.18075631196627,4.9874918228088
85.3035832602798,138.144717169265,157.785313329682,116.892710220664,94.613868597463,5.18785003382697,4.98583364530506
85.3133951274412,138.097182752823,157.737302795945,116.839177222017,94.5513607438144,5.20201548042391,4.98238839455374
85.5857682536421,137.965706059776,157.532852667397,116.572626167854,94.2121041069454,5.29932180881168,4.95536155944183
85.7893182714653,138.0290187288,157.519582352326,116.521899966229,94.1342181976532,5.33798477051398,4.94509744573288
85.8126126747876,138.03344912099,157.512867902864,116.510599947097,94.1199108398854,5.34303193746154,4.94333380366344
85.8140358587935,138.025654845959,157.499707272456,116.496472291866,94.1054399035236,5.34499924536819,4.9418179291527
85.8457961357908,137.904601117023,157.282934946513,116.260081221936,93.8631761628168,5.38032127582988,4.91690854021593
85.9398543695694,137.853982759856,157.097273046275,116.029496007168,93.624388119139,5.43480042485945,4.89636895441858
85.9435247567263,137.853827414766,157.092902168598,116.023486640346,93.6180875269031,5.4366264630104,4.895909283959
86.1736779074462,137.95140709337,157.005980422715,115.847983564575,93.4238340296282,5.53164117199819,4.89008467981815
86.2613986308923,137.989153263865,156.968478928855,115.773631760662,93.3418642914276,5.57544827559123,4.89031141966893
86.2657239267273,137.897182029968,156.759681697573,115.527791064083,93.0941669567409,5.64113139495203,4.88257104876009
86.2684135544983,137.893455162555,156.746992540184,115.512411177158,93.0784648831315,5.64577636813594,4.88223854275914
86.2790074294166,137.878775820069,156.697012633058,115.451833055494,93.0166177362601,5.66407193506958,4.88092887194825
86.4098427858011,137.913567545151,156.553262840209,115.270349473133,92.8299659939153,5.73181819819384,4.87961740967248
86.5572929914987,138.000872826418,156.494173883359,115.19473194808,92.7548744898306,5.76883364881471,4.88060056976308
86.7938851709365,138.082297323319,156.189026796023,114.917473621005,92.5207964475492,5.81529370566724,4.87005533622409
86.8915984512547,138.09476461721,155.970195699907,114.739823861748,92.386735827254,5.82804542196746,4.86368405550935
87.0381882026205,138.160727987464,155.784574471878,114.604623319244,92.3057735502749,5.84360144575171,4.8659645089461
87.4451805262802,138.334765986858,155.225020887454,114.267139284002,92.1940729682531,5.94878003990632,4.9346682331438
87.5261187436032,138.290897652566,154.799268397119,114.010176693665,92.0999561936609,6.06782134291013,5.02108943731382
87.8035391893787,138.390389840928,154.249198307907,113.760688140574,92.1448200808173,6.34685087261973,5.23237902463248
87.8014359852691,138.353093923405,154.114224225521,113.683043536141,92.1202566966235,6.39028533952461,5.26311053535201
87.8034002644741,138.34456219615,154.076768609769,113.662787834457,92.1160035017778,6.40321668424687,5.27232209173179
87.8212693422833,138.334829994433,153.991995114929,113.623743644501,92.1198810226066,6.43711081834207,5.29677152192003
88.1785617826116,138.460760895106,153.561903562335,113.572284428566,92.4273945344216,6.69764087508464,5.48624714314974
88.3704420427213,138.579941546237,153.547758894057,113.675478475034,92.6425806625149,6.76673423482061,5.5357695541796
88.7352808360425,138.699047995654,153.349997617904,113.880116675455,93.2185434238484,6.94034159929903,5.64305038811533
89.2159547767264,139.005388703381,153.388372899755,114.308624597871,94.0117893769016,7.08583116045475,5.72474145263002
89.7456642006685,139.410900176556,153.298204346357,114.819822540989,95.0436753802645,7.24509907653846,5.79218861135049
89.8924387010903,139.536290293877,153.246990066677,114.966064590122,95.3377115345532,7.28231609663488,5.8073739291916
89.9067324934322,139.548641757831,153.245703651599,114.980667201422,95.3636037667143,7.28520415935782,5.80873957284214
89.9568560646605,139.591954230018,153.241192622175,115.031873697928,95.4543992051779,7.29533163386862,5.81352843049121
90.2910101977444,139.755605262543,153.104639112546,115.479917657024,96.2995281355222,7.38571428906701,5.84867790727086
90.7063919617315,140.061173991036,153.352653116681,115.982314295895,97.0268376280544,7.45605711122604,5.87882226893883
90.9469277737884,140.205990385352,153.457983655649,116.233708713448,97.4436207537178,7.5024386288874,5.89073537324723
90.9767863524378,140.215437111365,153.459605692656,116.261680013363,97.5021114210488,7.50972456668051,5.89163623193674
91.7378491659392,140.452018677027,153.524217132724,116.802729427927,98.5477861209531,7.61456395931496,5.91461561081142
92.1414719191393,140.377159229142,153.392202946649,117.046111761623,99.0828247965951,7.65260937646427,5.91943295126226
92.2053154591209,140.305208488345,153.312176441619,117.072203660765,99.1845881356005,7.65912953360261,5.91743812989725
92.8814783754493,139.812313190029,152.87947296903,117.533641199227,100.152744159471,7.6878996693232,5.89467323637119
93.1605654245182,139.723491609268,152.832752124705,117.77720821005,100.529161928578,7.69330238978415,5.88441952387111
93.6268770919653,139.440921979525,152.636476259298,118.237644348363,101.257883716469,7.69345301399881,5.83934949879429
93.8949324893474,139.330119321889,152.5342953918,118.54273123056,101.721812238348,7.69456638741071,5.80546661704686
94.0205007568922,139.316022628373,152.51084520047,118.689088651384,101.935884058091,7.69702033568932,5.79237405014591
94.2941753209782,139.351350352087,152.497417698998,119.012622493945,102.404263193592,7.70820074924936,5.77127037366888
94.4097311025241,139.378875143284,152.498065912321,119.150395288711,102.605089253196,7.71473778421464,5.76439042157518
94.4161912077467,139.380822996481,152.498291294759,119.158140575902,102.61646473374,7.71517489726615,5.76408278229291
94.8559900289389,139.301098689774,152.22808877953,119.761121800996,103.675351206604,7.76296926165007,5.72031944841239
95.0658099743698,139.203038311204,152.053260581157,120.074309954944,104.270263557151,7.79901777081733,5.70079610568781
95.1108561352265,139.186707858602,152.025052768057,120.140008912234,104.391174762108,7.80665577664338,5.69745385013554
95.1759268322855,139.177998535455,152.015360894237,120.230182476989,104.541856696021,7.81660865678857,5.69442683004339
95.3559207683699,139.15999786649,152.001394778788,120.477769112895,104.948601037545,7.84355568767165,5.68652490551046
95.3918833803519,139.161908719614,152.010246905006,120.525588380431,105.020715495318,7.8483803834241,5.68531350114428
95.4286939502124,139.163864628502,152.019307754389,120.574535172427,105.094530330769,7.85331884006736,5.68407353322781
95.68399517709,138.965010010241,151.992621100797,120.989688877461,105.792852143706,7.90300665976212,5.64826155902688
95.8445373121914,138.890379602955,152.079799844348,121.231765923312,106.146276558938,7.92766182858119,5.62140840921754
96.2657282437946,139.055916423531,152.466443889272,121.743076245373,106.778656674524,7.9629551611957,5.58507994365482
96.5112812079773,138.952912259512,152.548837587164,122.231870309359,107.59705227869,7.96636023064189,5.46868460606472
96.6552938642541,138.980714522289,152.669197339629,122.509910321941,107.980153258537,7.9630714682001,5.42929559475031
96.6750352339519,138.984798839856,152.686725188418,122.548293428076,108.032135156557,7.96258463576076,5.42405579990283
96.69102284618,138.96986827318,152.70062887692,122.600398792552,108.108474011731,7.96063996336376,5.41327241961485
96.6737839734225,138.856732608331,152.68357292209,122.69316616372,108.268790343543,7.9517507663787,5.37855847984116
96.672924858512,138.851094389525,152.682722923061,122.697789310077,108.27677985382,7.95130776515816,5.37682847906434
96.6674775108294,138.768195425637,152.684373965455,122.782294919516,108.411592332633,7.94436815125113,5.34984230706775
96.6713182637627,138.707112417101,152.701059220687,122.862635463639,108.52988758734,7.93878887906723,5.32826339427551
96.7322580515801,138.533180093264,152.831273686858,123.200394837886,108.991648486336,7.92060036939252,5.25717373881492
96.8527578504845,138.458476840317,153.03024923327,123.547376117715,109.430655453602,7.90876393966723,5.21027030528875
96.970048643785,138.444861587776,153.20179517865,123.813107115408,109.758934398917,7.90255931004074,5.18701574798038
97.0409634972555,138.282864228536,153.344484122874,124.129714590429,110.19703643396,7.88632638163012,5.14895024583522
97.0871282626974,138.145787770167,153.433323788684,124.367044467231,110.542083174571,7.87218318245827,5.12970094186899
97.5470162895974,138.049849207179,154.265616532046,126.005592375112,112.611663416252,7.78526926551042,5.16386921636402
97.5591495625559,138.049420851787,154.322194104246,126.101543532738,112.718547691995,7.77996102428206,5.16624341798908
97.5656062481374,138.049192903722,154.352301693181,126.152603659555,112.775425845518,7.77713625929743,5.16750684241318
97.7552883036507,138.144150043463,155.039039970398,127.184135972021,113.891237936548,7.73815128719432,5.19074949415738
97.7533871115055,138.124444343713,155.121038670697,127.320658629883,114.04442134436,7.73215570507611,5.19182276281635
97.6862582904599,138.005675019413,155.259059018072,127.597690130744,114.370729947803,7.71575645076387,5.19036567951358
97.6675246010815,137.963437055958,155.337904739458,127.739923115444,114.538694167701,7.70940447574273,5.19079990158422
97.6642528350316,137.956060359779,155.351674838299,127.764763553497,114.568028465989,7.70829512798938,5.19087573678145
97.648734495656,137.921071893909,155.416987902803,127.882584431296,114.707164207737,7.70303337190428,5.191235431304
97.7047015758591,137.878950977905,155.93697851702,128.699146094394,115.661062421221,7.67693625136072,5.20233739443351
97.7283421386927,137.768677000952,156.577454237616,129.784774724651,116.961548115123,7.60881718664359,5.20112201644131
97.8983811330599,137.828231200294,157.425555643543,131.101224452265,118.481195873939,7.51493895537157,5.19196014744896
97.9041084883386,137.832217849887,157.444963286341,131.129705106466,118.513435486721,7.51320679565466,5.19184996119296
97.7996490945661,137.6733824474,157.660657816016,131.58549764833,119.083686397263,7.46645811581955,5.17614583544897
97.7404789281653,137.602513780122,158.031739564657,132.252064090946,119.900624058224,7.42483903593384,5.16903050914285
97.7430344925036,137.609219320636,158.07773606409,132.325560485554,119.988438569106,7.42199332084107,5.16938138921954
97.5180611830049,137.595552593899,158.872831980958,133.718625407209,121.738279927997,7.32602424111146,5.17043250599937
97.5064792345081,137.650415206338,159.101873732521,134.059407832403,122.160155466609,7.29305841319426,5.17360889826757
97.5078567046099,137.666957512595,159.156628200291,134.137780848364,122.256002057984,7.28537416874347,5.17443632192193
97.1740365062209,137.612885793583,159.637490603975,134.978475924494,123.372954588994,7.13774775382302,5.16788832932372
97.1157307394833,137.70655386471,159.784445686684,135.196019047288,123.630732441608,7.10899521670104,5.17026018652892
97.1150666195454,137.733325873932,159.809724702698,135.227398328041,123.663023063033,7.10674141704644,5.17083491285068
97.1134999492208,137.796481502882,159.869358335064,135.301422589556,123.739197192825,7.1014246650039,5.17219070210145
97.1129183818122,137.819925653763,159.891495077236,135.328901311321,123.767473972294,7.09945102086234,5.17269398784632
96.9421211488798,137.794163677703,159.839808983699,135.30268717776,123.741363361586,7.08376027930458,5.16366139090133
96.7055677640443,137.8364100185,160.136946501323,135.539830044273,123.921076013358,6.98526384908372,5.0893153094933
96.6068534652465,137.711497064633,160.234213346099,135.637887112767,124.013189365306,6.92954967199397,5.04720252635838
96.5344984957959,137.618663057771,160.26734084472,135.674942015185,124.048471225885,6.89764514709906,5.0226254161655
96.2131668163986,137.156495420152,160.780448454234,136.343444234486,124.621553362391,6.64647887895119,4.82223301854668
95.4009732555552,136.706367035828,161.499081289694,137.702776649613,125.358096208955,6.20619911876812,4.39418426558304
93.8833684123866,136.645868946611,161.759171693014,138.806588095992,125.044952426103,5.74040164114684,3.86137754869629
93.873439269537,136.642983380125,161.757435561495,138.808487297566,125.039204463872,5.73803421846371,3.85860933366969
93.7038459437593,136.593696868234,161.727781811633,138.840926342528,124.941027204657,5.69759778881069,3.81132722685158
93.6954181013759,136.591247603489,161.726308185659,138.842538382134,124.936148342459,5.69558832379134,3.80897756985894
93.3417744502223,136.480461771277,161.683515256203,138.941673312332,124.731912920352,5.60312304978576,3.69792783558963
93.1420295536169,136.410805937118,161.691208324132,139.055640589188,124.628969263422,5.54034779773699,3.6165309963441
93.0659717148928,136.383644056879,161.707755843636,139.124203524363,124.597055830021,5.51324560552727,3.5785898247975
93.0617976963662,136.382138613315,161.709639284418,139.129770253007,124.595846652042,5.51154642176036,3.57602392572294
93.0009200130676,136.360181854876,161.737109098162,139.210960487597,124.578210900403,5.48676397995579,3.53860051942038
92.1179244015151,135.869882148023,161.740992629108,139.691188973069,124.146447575373,5.33572411451528,3.22233150876768
91.9958633484962,135.879850792709,161.833705089851,139.854692422264,124.130163277385,5.31959820444703,3.17883800849206
91.975712767202,135.885283769724,161.852923613094,139.88520863931,124.129945929636,5.31690249104575,3.17203023507518
90.8644316817061,135.637506964033,162.076265564025,140.509760312775,123.815536999643,5.1813642957147,2.92537876655093
90.8100316779913,135.621924920265,162.084811421793,140.542177665564,123.80744533464,5.17258840322871,2.91233132711982
90.5350337523301,135.526828369035,162.13302029159,140.75973776908,123.819694738337,5.11462879899705,2.82890025771441
90.102112339301,135.110813532808,161.95111436377,141.004411551086,123.89000344261,4.985160189464,2.63504730980667
89.8803131462666,134.600675627939,161.569830866628,141.045055991282,123.95402094168,4.86478352008258,2.39843950446916
89.8733936512322,134.564830545949,161.544577109085,141.062847227037,123.972059303356,4.85155505980864,2.36629852264908
89.3951964491299,134.316520547223,161.316207274962,140.883742894309,123.679055332361,4.7797892054902,2.16221834243156
88.6275102650482,134.251141700634,161.155343618688,140.589386920399,123.320740160761,4.74448172583189,2.03593468562609
88.3424315934818,134.111564909987,160.974280217214,140.391282459624,123.158238849906,4.73484093891406,2.00588063742496
87.8630559133218,133.821910349091,160.608788924737,140.00303554814,122.855416805314,4.71951586995083,1.95334360022268
87.5037509991561,133.58298192893,160.304857386756,139.643090489009,122.560666637734,4.70807236826055,1.89180281532676
87.1196617730283,133.311110084094,160.035785911116,139.186687913271,122.010217805509,4.68137678479051,1.78707886831869
86.9087548340394,133.147872618768,159.900713618204,138.946677014641,121.678410573185,4.65842403899784,1.73371290013912
86.3080764489062,132.416417386787,159.10734613718,138.342496055458,121.195427251339,4.52483072526989,1.57675255601232
86.0364460909503,131.936830591318,158.496636829288,138.089267105888,121.232143071794,4.47903666335218,1.55244189413772
85.9981125663625,131.855001085379,158.385522190047,138.057269369604,121.260301458363,4.47275888284981,1.55118648293966
85.5572331251914,130.712594919807,156.716031175216,137.879737068336,121.987579206083,4.43843135940896,1.60406459781006
84.4177306008242,129.096706492544,154.775700952931,138.02338638985,122.312470572473,4.64691751816405,1.85069176263842
84.3918392884732,129.061900721918,154.744426686944,138.019078388906,122.313204858902,4.65059173813305,1.8543854603103
83.6987196540199,127.894506151567,153.75452136905,138.050817354825,122.834002806971,4.77645624413647,2.01276741938154
83.0541383507576,126.530246740359,152.617993137982,137.991849624271,123.335736019654,4.90809706506611,2.22499832535361
83.0524605573373,126.301142415743,152.438557565892,138.018921389656,123.439545847579,4.93691845752273,2.27340823604611
82.9988283127726,126.050430575289,152.22096202763,137.95168665037,123.431267426358,4.9538102853465,2.30480314714302
83.0103116397417,125.742200357462,151.950199730019,137.888820099357,123.461951902318,4.97592070721229,2.35122900099046
83.0293677902919,125.679468704862,151.894060014682,137.881794137075,123.480505190047,4.98090060697777,2.36286304839022
83.0731314529734,125.546921608637,151.775137123804,137.868486291243,123.52299448763,4.99157450225779,2.38802477536353
83.375480720357,125.117362037957,151.354390389248,137.88129553248,123.828189790366,5.03017173695689,2.49866037440068
83.3745173909298,125.05347164085,151.287891023785,137.853262443087,123.830058239506,5.0320784028723,2.50719675407044
83.3873897081537,124.776753736518,150.995857742041,137.744642913226,123.865737882003,5.04168245917787,2.54885906464208
83.5567711718332,124.355213346249,150.543398380482,137.692116226604,124.127379658285,5.06695263545108,2.63681394486875
83.7203316953094,124.133606019861,150.319815657956,137.718409382811,124.348785551577,5.08179975659677,2.67434493457371
83.7339890956112,123.695589132372,149.888379674082,137.54631199885,124.390555472358,5.08464071019445,2.68206526834484
84.2364432351198,122.568785974269,148.792194981925,137.235973812941,124.798507060468,5.08940710254666,2.6498421059531
84.9916307757628,120.355699607937,146.793387679995,136.437778599388,125.202074842367,5.10908843747029,2.58579247343089
85.0457883388129,120.123769497239,146.591666618059,136.346782344361,125.209698346046,5.11302159157295,2.5773485179494
85.1320777649599,119.845771980282,146.353908192839,136.252027823691,125.234082070249,5.12005343908683,2.56710522429156
85.2529877200292,119.552665132394,146.110705008591,136.176635508074,125.287323475715,5.131018318758,2.5570294129809
85.362224562833,119.32572920933,145.927669678971,136.133047966281,125.345252127181,5.14141813172768,2.54983391582304
86.3335220613546,114.649182537433,143.322933402154,136.149392807336,127.296171319719,5.27104967440855,2.46477827294664
86.860420452275,113.507045904159,142.719310974483,136.495305788389,128.290978417955,5.38531699890105,2.48442819303079
87.0086939249302,113.191619020787,142.417523328878,136.505657687708,128.504284173778,5.45208050094553,2.5037365975097
87.0114697018223,113.183150580219,142.408602598887,136.504485620712,128.50821083998,5.45384912859595,2.50423051398951
87.1046830744743,113.050590160792,142.228574441192,136.481779266199,128.598383702846,5.50023422606074,2.52069759350774
87.2762921311795,112.948956520121,142.027428976026,136.460112938633,128.72900000825,5.56852181182773,2.54961203688072
87.7530826011276,112.933419484484,141.809878162162,136.456813743921,129.041802145077,5.6998942459454,2.62087252937964
89.2228039828484,112.13188465378,141.188261878168,135.904330828509,129.94162124707,5.97608826496589,2.83938035355725
89.3714807298938,112.03816501924,141.150096861004,135.855781299576,130.04325536218,5.99866060472129,2.86345983498681
90.0873045126259,111.541231085683,140.901603197933,135.538434847156,130.487846837018,6.1323255897128,3.01408731731429
90.7047927182227,111.139937617503,140.461326917723,134.94595221175,130.626681552259,6.39118901088986,3.33989355490863
90.9659091693361,111.231086013749,140.472836375406,134.908678298975,130.733459679361,6.49441370424024,3.48455852707505
91.0519981036449,111.131379931365,140.319273762552,134.713619464553,130.696164863582,6.57804507070427,3.61084504133516
91.0784636627541,111.111810980738,140.294458759859,134.682766786384,130.702309616411,6.59379244603931,3.63552692689555
91.1237374886671,111.078334972907,140.252008490537,134.629988049513,130.712821257927,6.62073100141099,3.67774947679355
91.2458100231643,111.011253037766,140.183494542968,134.550849575799,130.778804185218,6.66923570651215,3.75494997929295
92.3565345756037,110.042825061393,138.997813164922,133.461982316518,131.216626524049,7.03031590394031,4.27679092295214
92.4477305033048,110.024961870245,138.910278961342,133.382302810859,131.203175907404,7.06413900813757,4.32247464700649
92.5381579369329,109.991238151175,138.591475939171,133.054759606503,130.824200567208,7.19012451897061,4.51536554460394
92.5179880208646,110.024254217146,138.539946769198,132.988936691013,130.616696320402,7.24123726016295,4.60698216986122
92.5524734081784,110.175316892866,138.636542239575,133.067414118514,130.419587009306,7.32006834327728,4.75397817927698
92.5344159588506,110.270742189923,138.760814839892,133.168036288425,130.184362296476,7.41481481931837,4.92376212109758
92.6292930478874,110.604924608664,139.303406218082,133.491104849761,129.63247581576,7.69203850676483,5.32038697656178
92.5965013358021,110.63646909998,139.38621622919,133.481493171814,129.409102465553,7.75187269783064,5.40327964847081
92.5940886510826,110.672372420575,139.455023929915,133.492680787794,129.289708140768,7.78872030958274,5.45660553752529
92.600952933926,110.687609385656,139.479789354517,133.502820253495,129.266232138339,7.79888513144203,5.47242632482189
92.6041230625987,110.694646266418,139.491226759475,133.507502958402,129.255390226646,7.80357954657093,5.47973283193678
92.8136106796963,110.964015100102,139.899292478112,133.747116311926,129.07381196342,7.95423153938732,5.73000280055955
92.8286467342718,110.979020379917,139.921004754672,133.762710105708,129.071832965464,7.96186893093553,5.74330715939474
93.1180590406924,111.551307695905,140.677647203537,134.048959419412,128.1719703792,8.35012571929973,6.34239274920518
93.1544997046463,111.742257756999,140.906343855907,134.104502474947,127.919763201409,8.39616489266344,6.38878476578383
93.5315125846326,112.588615127486,142.022543625667,134.492788975003,127.245278202351,8.52641487501835,6.50484944240584
93.6297582957884,112.743710556238,142.244901033999,134.57601146182,127.158978491854,8.54541483771407,6.52189874947562
94.5609245525077,113.500386671863,143.605179066022,134.273054003915,125.635622175261,8.62530544723648,6.67234791893433
94.8884796847013,113.933981495227,143.93811734607,134.256431365972,125.15284909929,8.6442802040779,6.71148945473618
94.9227725567029,113.982902512619,143.976856759689,134.26649797918,125.115410848991,8.64664955427717,6.71518619340786
95.4932999559316,115.124393166598,144.8700353058,134.466632251874,123.809024818646,8.71910536528247,6.79399793317395
95.5519934026587,115.258305715304,144.975655531777,134.528872352141,123.740391672603,8.7295897049832,6.80403669697357
95.5661807984663,115.394602356856,145.066735818704,134.559468773025,123.590748683577,8.74142690667163,6.81336862375881
94.7005599012588,115.969499453023,145.645601148262,134.722410077867,122.169125591452,8.82205804172137,6.80463653258513
94.4237869641671,116.364811699089,145.977928527103,134.953624264255,121.545214219279,8.8987828446371,6.8597507287793
94.4232087326606,116.377658833024,145.985014819109,134.960604751055,121.536331833777,8.90079192369788,6.86191809621405
94.1295504572493,116.628856282119,145.851853404725,134.900224232476,120.994875362302,8.96237727414044,6.94218305162563
93.9361473523162,116.93125933509,145.792370324206,134.987055006129,120.78923644214,9.01717681713628,7.02830174283843
93.8853295802247,117.030970516253,145.798648979537,135.040982530908,120.767101172926,9.03344294013644,7.05500696001101
92.953098680535,117.650002483306,146.069084212183,135.549457644686,120.615333286662,9.1580639515699,7.28323653886471
92.9294619387063,117.667273427424,146.08827304567,135.566435579417,120.615112777767,9.1611163006272,7.28918464720653
NaN,NaN,NaN,NaN,NaN,NaN,NaN
NaN,NaN,NaN,NaN,NaN,NaN,NaN
NaN,NaN,NaN,NaN,NaN,NaN,NaN
NaN,NaN,NaN,NaN,NaN,NaN,NaN
NaN,NaN,NaN,NaN,NaN,NaN,NaN
NaN,NaN,NaN,NaN,NaN,NaN,NaN
NaN,NaN,NaN,NaN,NaN,NaN,NaN
NaN,NaN,NaN,NaN,NaN,NaN,NaN
NaN,NaN,NaN,NaN,NaN,NaN,NaN
NaN,NaN,NaN,NaN,NaN,NaN,NaN
NaN,NaN,NaN,NaN,NaN,NaN,NaN
NaN,NaN,NaN,NaN,NaN,NaN,NaN
NaN,NaN,NaN,NaN,NaN,NaN,NaN
NaN,NaN,NaN,NaN,NaN,NaN,NaN
NaN,NaN,NaN,NaN,NaN,NaN,NaN
NaN,NaN,NaN,NaN,NaN,NaN,NaN
NaN,NaN,NaN,NaN,NaN,NaN,NaN
NaN,NaN,NaN,NaN,NaN,NaN,NaN
NaN,NaN,NaN,NaN,NaN,NaN,NaN
NaN,NaN,NaN,NaN,NaN,NaN,NaN
NaN,NaN,NaN,NaN,NaN,NaN,NaN
NaN,NaN,NaN,NaN,NaN,NaN,NaN
NaN,NaN,NaN,NaN,NaN,NaN,NaN
NaN,NaN,NaN,NaN,NaN,NaN,NaN
NaN,NaN,NaN,NaN,NaN,NaN,NaN
NaN,NaN,NaN,NaN,NaN,NaN,NaN
NaN,NaN,NaN,NaN,NaN,NaN,NaN
NaN,NaN,NaN,NaN,NaN,NaN,NaN
NaN,NaN,NaN,NaN,NaN,NaN,NaN
NaN,NaN,NaN,NaN,NaN,NaN,NaN
NaN,NaN,NaN,NaN,NaN,NaN,NaN
NaN,NaN,NaN,NaN,NaN,NaN,NaN
NaN,NaN,NaN,NaN,NaN,NaN,NaN
NaN,NaN,NaN,NaN,NaN,NaN,NaN
NaN,NaN,NaN,NaN,NaN,NaN,NaN
NaN,NaN,NaN,NaN,NaN,NaN,NaN
NaN,NaN,NaN,NaN,NaN,NaN,NaN
NaN,NaN,NaN,NaN,NaN,NaN,NaN
NaN,NaN,NaN,NaN,NaN,NaN,NaN
NaN,NaN,NaN,NaN,NaN,NaN,NaN
NaN,NaN,NaN,NaN,NaN,NaN,NaN
NaN,NaN,NaN,NaN,NaN,NaN,NaN
NaN,NaN,NaN,NaN,NaN,NaN,NaN
NaN,NaN,NaN,NaN,NaN,NaN,NaN
NaN,NaN,NaN,NaN,NaN,NaN,NaN
NaN,NaN,NaN,NaN,NaN,NaN,NaN
NaN,NaN,NaN,NaN,NaN,NaN,NaN
NaN,NaN,NaN,NaN,NaN,NaN,NaN
NaN,NaN,NaN,NaN,NaN,NaN,NaN
NaN,NaN,NaN,NaN,NaN,NaN,NaN
NaN,NaN,NaN,NaN,NaN,NaN,NaN
NaN,NaN,NaN,NaN,NaN,NaN,NaN
NaN,NaN,NaN,NaN,NaN,NaN,NaN
NaN,NaN,NaN,NaN,NaN,NaN,NaN
NaN,NaN,NaN,NaN,NaN,NaN,NaN
NaN,NaN,NaN,NaN,NaN,NaN,NaN
NaN,NaN,NaN,NaN,NaN,NaN,NaN
NaN,NaN,NaN,NaN,NaN,NaN,NaN
NaN,NaN,NaN,NaN,NaN,NaN,NaN
NaN,NaN,NaN,NaN,NaN,NaN,NaN
NaN,NaN,NaN,NaN,NaN,NaN,NaN
NaN,NaN,NaN,NaN,NaN,NaN,NaN
NaN,NaN,NaN,NaN,NaN,NaN,NaN
NaN,NaN,NaN,NaN,NaN,NaN,NaN
NaN,NaN,NaN,NaN,NaN,NaN,NaN
NaN,NaN,NaN,NaN,NaN,NaN,NaN
NaN,NaN,NaN,NaN,NaN,NaN,NaN
NaN,NaN,NaN,NaN,NaN,NaN,NaN
NaN,NaN,NaN,NaN,NaN,NaN,NaN
NaN,NaN,NaN,NaN,NaN,NaN,NaN
NaN,NaN,NaN,NaN,NaN,NaN,NaN
NaN,NaN,NaN,NaN,NaN,NaN,NaN
NaN,NaN,NaN,NaN,NaN,NaN,NaN
NaN,NaN,NaN,NaN,NaN,NaN,NaN
NaN,NaN,NaN,NaN,NaN,NaN,NaN
NaN,NaN,NaN,NaN,NaN,NaN,NaN
NaN,NaN,NaN,NaN,NaN,NaN,NaN
NaN,NaN,NaN,NaN,NaN,NaN,NaN
NaN,NaN,NaN,NaN,NaN,NaN,NaN
