96.1631794038129,134.9007870334,162.099378437961,145.086126009337,131.343029923316,9.36586479881171,9.04221540565506
97.2726959762509,136.090782142762,163.317201965296,146.293199198737,132.49190850361,9.43545510811729,9.14381083147535
103.11624794543,142.370025885142,169.719378986358,152.633629586407,138.522451799672,9.78771031949928,9.66705202992982
104.913594621279,144.414960197959,171.575557320501,154.420188399237,140.182697376373,9.7610652761231,9.71591087808618
83.4805118482839,121.836924308491,147.64239296289,130.484975732892,117.28990253631,7.96801673909373,7.38020231751507
81.0466525978132,119.289097174176,144.907045182585,127.735025992744,114.662300323281,7.7564385434335,7.10822644974574
80.2472838986875,118.458256571627,144.002143892368,126.820819922719,113.78859294425,7.68259786661207,7.01524058775084
79.5700774672194,117.778318027601,143.20890551414,126.00179280727,113.004120937611,7.60192847047804,6.92120689806146
79.9247995097232,118.186166504631,143.566883610924,126.334597588546,113.319356173987,7.60505380083066,6.93750014167677
80.1896031932301,118.490629622478,143.834117972719,126.583039809245,113.554682547207,7.60738689235131,6.94966321701078
83.5340822798645,122.126747030872,147.440041180618,130.107204775816,116.90727928028,7.79470631446219,7.23609619664866
88.379590895518,127.372756497518,152.686350890562,135.248323270339,121.793139962646,8.08351546748422,7.6655135943751
92.794235524552,132.189418305583,157.426657933289,139.853890162919,126.145691271809,8.32450452301265,8.03819530238453
93.5861695922891,133.080902556837,158.248241655126,140.622862155514,126.858301779978,8.35120029277484,8.09110299338941
93.3224371145532,132.839561403141,157.917616771866,140.251796862556,126.484821868176,8.30917146212485,8.04558574667626
93.1660530978033,132.696454648349,157.72156792826,140.031768288573,126.263361510755,8.28424985439277,8.01859563179353
93.0852147780314,132.62010265661,157.622718087573,139.922970702165,126.154750801563,8.27280419752474,8.00585602154178
91.008653842404,130.487504069309,155.263057107625,137.48416597525,123.787544635926,8.0823287085287,7.76595035440303
89.3498522495654,128.772722620161,153.394226478368,135.560257694347,121.926582270387,7.93855080198097,7.58161741971037
87.8982411165977,127.272455814809,151.760223075012,133.876726138397,120.298486231671,7.81302003878535,7.4206850113241
87.8848438613944,127.258654606847,151.745170767678,133.861130074242,120.283404512632,7.81185437186116,7.41919969860034
85.2482271092615,124.557940355844,148.774969401815,130.760678067542,117.281149876426,7.57569781434558,7.12182730630152
84.5194703235041,123.831504563645,147.943776914518,129.863252023843,116.406927077071,7.50164260551229,7.03305257599605
84.5129674313213,123.827056808448,147.935086405786,129.850941423425,116.394402456087,7.50001779928822,7.03151713899503
84.6867384437047,124.068027564682,148.090869421184,129.921639529875,116.445544767696,7.48557201498651,7.02793176508208
85.3046920149352,124.774590880442,148.734095895522,130.485908762222,116.9715000724,7.5039485638004,7.06855591222612
86.3302153756555,125.915884142447,149.818189369315,131.485218257383,117.913861794123,7.54836845785125,7.14645359694259
87.2047794701478,126.876928881599,150.743480721511,132.3555055166,118.73859315147,7.58996268953311,7.21514094869473
87.8273240961157,127.561033387423,151.402134744002,132.975005744983,119.325665131234,7.61957088585386,7.26403495426225
88.6486434564732,128.464107006371,152.257754550865,133.776156230071,120.085597889961,7.65386133961387,7.32372028066467
90.0256162298411,129.994812735211,153.632259758139,135.025369864728,121.267897466168,7.68792033840319,7.4008443109922
90.1110103970233,130.097364777917,153.694528377508,135.064904358519,121.303733754811,7.68090323387674,7.39669230109415
89.9885564640214,129.989230713877,153.490976542658,134.817896962451,121.063978423778,7.64544199649461,7.35806839799658
89.8913834079369,129.899314538733,153.341877422473,134.642335350681,120.893901336207,7.62227395599486,7.33225287478068
88.6033148360716,128.581274385624,151.751559642373,132.947032676427,119.261819113183,7.47031057245867,7.14008584835748
88.5270512255292,128.502907082022,151.65887598321,132.848701450636,119.167075587794,7.46198325536851,7.12926706463851
88.4725567570526,128.446909411241,151.592648503202,132.778438479266,119.099376222121,7.45603293757688,7.12153645938476
86.5394735448378,126.50841188746,149.156008387738,130.089055896258,116.478862180451,7.22218380665002,6.80911874405299
86.5615719851605,126.540165069831,149.161765262428,130.075804877093,116.461091041393,7.21847200676244,6.80380554681988
86.5763563889028,126.561408735059,149.165616754138,130.06693961717,116.449201709343,7.21598872073196,6.800250886314
87.2903946451329,127.384148217573,149.800555233456,130.548142285251,116.861093463485,7.22571689513975,6.81174530288144
88.794159769949,129.093213967274,151.082619647863,131.524245564022,117.666490994606,7.23672982923252,6.83102800767578
88.7484053051979,129.062262629367,150.956589393467,131.345605827886,117.47229713378,7.21437528771882,6.80291115617342
88.1481110254228,128.510469718683,149.963712301419,130.107618684794,116.193992440019,7.09077505976578,6.6458223670193
88.0631788217849,128.431202969262,149.832629355514,129.946516340618,116.029873201265,7.07599000626083,6.62690987447275
88.0266747025833,128.397395797835,149.77756197947,129.878207402178,115.960623135558,7.07022576073179,6.61936876482156
87.7958227239114,128.18359931163,149.429316000712,129.446221808646,115.522685855022,7.03377268324262,6.57167880208767
87.6650240226916,128.07622172268,149.199784584616,129.134155059453,115.2019502372,7.00859878926638,6.53781227929956
87.6545180767711,128.068370939162,149.179535818593,129.105302966903,115.172103879217,7.00632251475518,6.53470695443953
88.3307546532327,128.997673591999,149.321550084104,128.686825742715,114.606192005217,7.01957510392799,6.51426684276729
88.3453517621469,129.052415140271,149.197019645249,128.45940212024,114.342707091602,7.02847948927677,6.51096615702945
88.2829625694075,129.0393270674,148.956863970462,128.092360054564,113.931584387855,7.03949163717713,6.50667908742914
88.2777966401167,129.037696063374,148.939429605943,128.066054617746,113.902214102752,7.04033619118401,6.50649988924198
88.2516532359252,129.056230657791,148.786589601574,127.812309093418,113.613787578581,7.05483728791578,6.51173694451526
88.2003299309141,129.045453194673,148.623842478169,127.556462725121,113.327752732172,7.07099799783906,6.51906208668184
88.1543167644283,129.08995964963,148.335102052572,127.056807447132,112.759592753711,7.12568924622947,6.55325948111827
88.1627615166336,129.116750494425,148.292315935096,126.970164743907,112.658142322664,7.13988996623297,6.56297220770631
88.2341518347974,129.225585324217,148.23487661216,126.814490527739,112.465894383716,7.17845185246766,6.58947420362606
88.245048755415,129.240787256448,148.229229915706,126.796969526769,112.443743199976,7.18335307579281,6.59278349420153
88.2715667198226,129.274100082874,148.223513740723,126.770467273857,112.408433996385,7.19270805869241,6.59890002687327
88.3512032133856,129.374142327691,148.206347410561,126.690877963718,112.302396401594,7.22080214706271,6.61726867716843
88.3351186678439,129.368211176811,148.041800072586,126.45326179211,112.034301798442,7.24912269961594,6.62650791638731
88.3313118832294,129.365347619147,148.020038040147,126.422968007939,112.0004577324,7.25234894983144,6.62737034890111
88.3279775360273,129.362839440604,148.000976764209,126.396433805267,111.970813852239,7.25517480930824,6.62812575004157
88.3267038405947,129.362385512976,147.981644687541,126.368901646216,111.93955194982,7.25826929566523,6.62878882343409
88.3267472465762,129.363645541363,147.952556148874,126.326897272547,111.891400091953,7.26313792595664,6.62969071661768
88.3278279777503,129.370617900008,147.815943949063,126.129109375094,111.664484887522,7.2861005227862,6.63389912567008
88.4556094920917,129.634918910265,147.292174973187,125.160658680078,110.550378539627,7.35413258551308,6.61140176828597
88.4319984671945,129.646702712259,147.169382656053,124.938917130231,110.313521288773,7.35552916637434,6.59897910319232
88.4559946591329,129.720582580911,147.052146855384,124.677212034764,110.035604208025,7.35872953764182,6.585583760425
88.4614508806537,129.728796557631,147.047739099752,124.663640901834,110.021363374965,7.35903749876932,6.58496625710835
88.6827177179661,130.018551440093,146.847769224306,124.141388273758,109.49415182182,7.36450110765596,6.55563281802093
88.6825344557627,130.018169752801,146.812930416065,124.087619749818,109.442818540105,7.36314551008821,6.55137434483338
88.6824764851646,130.01804901519,146.801909995539,124.070611368223,109.426580488919,7.36271669934483,6.55002727908416
88.688317524555,130.021735896444,146.725008658752,123.951613373982,109.314517576038,7.35902961762871,6.53979920109814
88.7255798283455,130.047818238915,146.593237757168,123.746347223675,109.127940575508,7.34967986188189,6.51865954413674
88.7868094893061,130.095403188622,146.508574372677,123.607174852937,109.010930314,7.3380411768747,6.49880585102411
88.7958529584128,130.102475791585,146.497309230372,123.588481658586,108.995430062415,7.33635718352369,6.49601340143027
88.8103700914431,130.11382916902,146.47922573083,123.558474192871,108.970548104883,7.33365393378506,6.49153078953032
88.8328067648951,130.132061711496,146.458761399037,123.522578761477,108.942254031314,7.32948987224605,6.48528267510463
88.9081790051918,130.19607974148,146.420243062665,123.444329841415,108.888247054019,7.31555752114698,6.46703922290157
89.0161444455887,130.291386228374,146.38647015144,123.357830668518,108.836371817174,7.29482922552998,6.44218249004689
89.0625286374696,130.333429163378,146.378474650949,123.328456653353,108.821842238707,7.28568919744327,6.43189181325833
89.1047487190089,130.369120556326,146.350913839315,123.272779058551,108.786612327139,7.27243904670804,6.41679462877682
89.0985318128249,130.356296587041,146.29540637881,123.195987110005,108.727178241816,7.25991015589377,6.40218926637428
89.0968485952024,130.352824517421,146.280377820723,123.175195810082,108.711086556204,7.25651797830812,6.39823488735489
89.0927288008946,130.323909749041,146.07597427908,122.870468136465,108.477956680844,7.20592353261511,6.339605391735
89.0999164015479,130.323189732238,146.013765605874,122.768404709248,108.400793118698,7.18885066048427,6.31986349037869
89.1210527951998,130.338484988948,145.981316968963,122.69944441216,108.34904015906,7.1785953959139,6.3074435960943
89.3283868346115,130.505703693388,145.851895820584,122.327944256951,108.068680062771,7.13772757067273,6.25095364423434
89.4928020456988,130.643474572661,145.829454543156,122.16775252933,107.944922850589,7.13639407953989,6.2385519845743
89.5170834393629,130.639005107773,145.714788640985,121.960495339678,107.764812718487,7.13912073658849,6.22853385048548
89.6869115056083,130.806204174859,145.120046112664,120.749819872618,106.876789560374,7.26351052865465,6.27490348607935
89.6508078157912,130.785616398042,145.091708932242,120.714671956708,106.857546935216,7.26349581182141,6.27660157995824
89.6308982675079,130.774263172412,145.07608226182,120.695289474408,106.846935499748,7.26348769615502,6.27753800175453
89.5935134109823,130.754581074491,145.049758624055,120.66300644366,106.831035616328,7.26277629936027,6.27951219271989
89.5665288934221,130.743340937949,145.03623167478,120.647159604481,106.826857268312,7.26100070023263,6.28132847925014
89.5410536238745,130.732729463886,145.023461289756,120.632199081334,106.822912615912,7.25932441062381,6.28304318060919
89.4116353413309,130.694075841485,144.975663015515,120.577708443052,106.828314473526,7.24543856647305,6.29549793075758
89.2583884638925,130.638851755541,144.896863581002,120.511915792389,106.827338823683,7.21260955975218,6.31607615394388
89.2481647133012,130.629948735742,144.886750996951,120.502743686682,106.820108592023,7.21119508003067,6.31622199802048
89.1961956827504,130.584693200233,144.835347044478,120.456120342596,106.783356117806,7.20400504353636,6.31696334780248
89.1098226740203,130.47835685791,144.669906695081,120.323683280401,106.701430439912,7.18725317824964,6.33281308304864
89.1097891861698,130.475597319135,144.662581898791,120.318832023088,106.700379807388,7.18689467335402,6.33427893110225
89.1449549314737,130.485503213356,144.63818240101,120.315310121211,106.733672007185,7.19010732783075,6.34835033650212
89.152272055612,130.488857879638,144.636561565742,120.316860634749,106.741078539192,7.1909429834458,6.35058249425973
89.2025118659579,130.51786625932,144.640234386303,120.339324476077,106.801951593618,7.19785724762233,6.36443887917135
89.1854012245997,130.442219157814,144.519578583789,120.290937749775,106.929061120273,7.2222926341217,6.40207995547525
89.1041723036306,130.352560638463,144.438628871944,120.264205941761,107.064928300522,7.24190407992637,6.43853560652514
89.0604662776024,130.328425770831,144.456144661776,120.334106219633,107.319841991119,7.26541731538344,6.4997787956807
88.9409628882256,130.228002556024,144.458261258463,120.395285415467,107.571075613591,7.28355937868442,6.59219397197817
88.8905222665649,130.174104326438,144.436475765979,120.389882506171,107.597136196513,7.28501001583683,6.61153845457693
88.7961679243188,130.057218825644,144.427950376674,120.439046066191,107.71776666802,7.28991654479882,6.66869935696383
88.7549845945098,129.885219083663,144.637336638595,120.911067001203,108.323762492522,7.30370452765519,6.7781846037868
88.5894077200124,129.651173446612,144.680153344337,121.176325988261,108.749175770034,7.30742315620268,6.83283122883445
88.5873329772676,129.647976288773,144.687545913146,121.194132133558,108.780722517231,7.30828792621133,6.83923253175424
88.586802740381,129.647159199028,144.689435213725,121.198682806198,108.788784841613,7.30850893334977,6.84086849695471
88.5815307562781,129.639035124201,144.708219954793,121.243928760268,108.86894608095,7.31070634011252,6.8571344013982
88.5826604430174,129.637859602548,144.734702701904,121.304112865868,108.985684320069,7.31482110507399,6.88665617603491
88.5887790365787,129.64429791458,144.744183689348,121.323254136449,109.029964535389,7.31697284289639,6.90162321559353
88.5590360225932,129.614714021176,144.706433386172,121.306984291656,109.092471206648,7.32160111461345,6.94727800654295
88.4594094073844,129.51397951471,144.569566523345,121.176931282623,109.037974230623,7.32304480718135,6.98971169673167
88.4457427436187,129.500034365609,144.538921945331,121.144065007083,109.019919585682,7.32393753059209,7.0002667015438
88.4218370374044,129.475641533294,144.485318498898,121.086575370923,108.988338429872,7.32549908094217,7.01872949893564
88.387152620252,129.440250352463,144.407546092586,121.003164552408,108.94251782234,7.327764710046,7.04551688437412
88.3530730245371,129.399144417956,144.249743080416,120.827521920041,108.838102507395,7.33480267905721,7.10317789428633
88.3526389171313,129.398557156337,144.246914825379,120.824342780208,108.836175395937,7.33494070085967,7.10422744040538
88.3492819389183,129.381284017773,144.10244530144,120.663865739992,108.738619050479,7.34308460959602,7.15812931306487
88.3943074904312,129.330438900886,143.667877365192,120.232894498795,108.46801197194,7.36533648673567,7.28037766818645
88.3241060561958,129.210955571399,143.437977216314,120.02716166667,108.312092870085,7.36646131117339,7.30024873323084
88.2668204707401,129.092276757569,143.230993701967,119.865503912103,108.195553816283,7.36516203608794,7.30898345155969
88.2544948175291,129.066647351464,143.18637252527,119.830749095529,108.170526708792,7.36487261060385,7.31082952148399
88.2232581284902,128.988087075062,143.0611370968,119.745060981173,108.113015378725,7.36225096011839,7.31224694582451
88.1721577286332,128.717910321904,142.723364469071,119.608318665845,108.059542516714,7.33612607477843,7.29006292507234
88.1759191391333,128.697709644137,142.709388111388,119.616146076768,108.071679633262,7.33163361134205,7.28598956933414
88.1855934911052,128.645753478548,142.673440903946,119.63627818633,108.102896310467,7.32007899040828,7.27551289386425
88.0167280054876,128.239362014915,142.422604562,119.586933444341,108.055735879386,7.24911803218418,7.21321151155967
88.1733112104889,127.996152154121,142.524067862428,119.984782422019,108.351865260644,7.13230042784083,7.14969404228401
88.2704243323367,128.008799222038,142.601717956632,120.122300124503,108.461183842064,7.11423121342072,7.14417624442679
88.8667584149865,127.637194930619,142.875912282294,121.161254352284,109.17958653096,6.98708314306134,7.07505217501593
88.914692753201,127.401418055225,142.887361254214,121.443958970128,109.382047067118,6.9621307406484,7.05246589021289
88.8435008862857,127.239629019804,142.863072490381,121.535397857335,109.455220801245,6.94563878042454,7.03579911583017
88.7444333287371,127.075825308928,143.071170323912,121.968025123343,109.949440996624,6.89539731999584,6.99436719242332
88.7444083363221,127.075911748018,143.073059312576,121.970808132231,109.952922985165,6.89512366964346,6.99416750011163
88.8023145483471,127.064022307323,143.40289425761,122.531658246643,110.987401691711,6.79450081795056,6.91170554708563
88.8038412985041,127.062248887147,143.403308495373,122.535066102027,110.998336627591,6.79322015738379,6.9105806041186
88.9224645425478,126.985456031008,143.336542010738,122.564287688217,111.249824091355,6.76345759028433,6.88591613059423
89.0380192222548,126.895196741533,143.229890000069,122.533947766092,111.37323137518,6.74675342660363,6.87355449750819
89.0716979886492,126.867879016842,143.196548397686,122.52208427381,111.403150281736,6.74247988323802,6.87052253010192
89.1063706401689,126.839755126037,143.162222860135,122.509870681159,111.433952117192,6.7380802244698,6.86740108711124
89.2441100759616,126.699373622169,142.993332453904,122.429765078532,111.507744594637,6.72418831321023,6.85896996045687
89.2840970986767,126.654341791808,142.939446175261,122.401794700358,111.521917046074,6.72069066183611,6.85711479462857
89.371437534684,126.555982388409,142.821746712989,122.340701254056,111.552872791305,6.71305102339157,6.85306270519287
89.6675130587353,124.901536473928,141.167748132236,121.250754745481,111.174595326535,6.6455053039536,6.80933867381077
89.6862963321742,124.808173248249,141.085363721419,121.200604159771,111.159905750341,6.64236096366928,6.80782752188257
89.8768186524658,124.072477704458,140.511541951216,120.902189852455,111.154821214686,6.61591679141743,6.79691438269994
89.8888863425956,124.030474026956,140.480889892785,120.887861122521,111.157628901162,6.6143603274125,6.79631915285121
89.9076152052994,123.970827017099,140.43967466809,120.87074034394,111.165811145712,6.61201783951634,6.79543544000546
89.9989346374702,123.765485237048,140.336764150464,120.866197281389,111.264705867717,6.60172409206245,6.79174474549548
90.1134345451743,123.388223359364,140.15633612039,120.858904407236,111.441526018678,6.58006014187796,6.78030135800161
90.1152921206027,123.358877300084,140.143444766214,120.858476549442,111.454635556705,6.5780108616185,6.77879427923347
90.1911582785558,122.817911210768,139.976176797539,120.966941506498,111.876494984345,6.52857007119178,6.7431606816836
90.2120489381716,122.755566682439,139.972445894522,121.007515310236,111.970763698408,6.51968189060783,6.73701648987185
90.2793375901363,122.689454243984,140.005695830735,121.130623331481,112.211775805312,6.4992830923475,6.7239763614954
90.3351902284076,122.647900880709,140.031482596069,121.224833960147,112.39722345894,6.48331731573933,6.71407458750445
90.3706698086954,122.648434189557,140.044200311945,121.268560930437,112.485508904127,6.47512815527965,6.70964850449098
90.6320497780845,122.687468232119,140.059102990251,121.48578753465,113.000182273909,6.41810936164239,6.68167747729197
90.6652952869851,122.695825322114,140.053384954375,121.503279239202,113.052528923406,6.41117697780679,6.67856777868295
90.7055561138618,122.451646548027,139.473822594237,121.137919042221,112.989966588537,6.32981326877428,6.6298627982747
90.714544698837,122.407640498807,139.364605215769,121.061651183171,112.958137074106,6.31696122963062,6.62245492324371
90.7171363061838,122.394952583993,139.333115436097,121.039661476851,112.9489599229,6.31325570321479,6.62031906944607
90.9177227780568,121.895512635565,138.236556295984,120.267902641412,112.558929591738,6.18904813113077,6.54956306576994
90.92080806602,121.889322585158,138.224265269162,120.259438037873,112.554592647243,6.18761084154725,6.54873434858974
91.0140246651756,121.726050362297,137.941101728978,120.076307479491,112.472286288686,6.15077151249497,6.52673576519615
91.154913049491,121.415555671913,137.498718440111,119.80380881342,112.359328844377,6.08806256468483,6.48612149061115
91.2395754986956,120.723865223343,136.817696340279,119.412362652445,112.209157811899,5.97760459336159,6.40086938119899
91.2675890497762,120.577539825292,136.696987880194,119.356136533229,112.204093158145,5.95368041924323,6.38219191141288
91.2968458114606,120.450047303298,136.600046030141,119.317075246686,112.210194968687,5.93260442722971,6.3658190907675
91.3017230288746,120.435489000433,136.59158436645,119.315760802708,112.214223483539,5.93012457765302,6.36391804014299
91.3295270310269,120.352495143522,136.543346181534,119.308267430955,112.237189208892,5.91598747095574,6.35308054589808
91.4438253368602,120.014471005803,136.348146123826,119.279371784932,112.332512530803,5.85839413928793,6.30898868222719
91.4692320771845,119.962631964107,136.327673571643,119.287056778898,112.360461353143,5.84945295886603,6.30258466641415
91.5309481418645,119.836708622133,136.277943250531,119.305724564636,112.428352444453,5.82773374332755,6.28702853252665
91.7058370890754,119.504358408426,136.15371295425,119.365374718717,112.619649320526,5.77109673829094,6.24792167254948
91.9187527318009,118.931860302842,135.902339353863,119.395462459767,112.847970007481,5.6899493484221,6.19639243054514
91.9429691831149,118.706217258568,135.774438173625,119.357282959638,112.87256829731,5.66371284163347,6.17926588743619
91.9476360622664,118.662732405839,135.749789667377,119.349925188226,112.877308762562,5.65865666701263,6.17596534162391
92.03410504242,118.131171867557,135.408091878763,119.221856606555,112.901084324907,5.60225478373103,6.14777583173901
92.0385878265287,118.112093562306,135.39453229142,119.216143713854,112.901119510629,5.60034661065169,6.14712092226834
92.4256943384419,117.094932581525,134.5885362805,118.853074718469,112.886352797087,5.50344884782253,6.13906852471013
92.5348126357548,116.87632368143,134.399173341155,118.761567728096,112.881253024717,5.48332261947392,6.1427981720284
92.5610204058012,116.505072277742,134.071483168618,118.554398532762,112.788717922693,5.45280691507429,6.1397193626282
92.6017882080347,116.220658930666,133.834351265348,118.415809521174,112.751934162839,5.42772641731974,6.13863689370762
92.6030705025774,116.21281987931,133.827922046404,118.412143994495,112.751181841153,5.42702208915873,6.13861684386088
92.6272630215886,116.064923750423,133.70662464058,118.342988023765,112.736988100109,5.4137338220267,6.13823857172263
92.9036718094241,115.344913796848,133.225550224767,118.167878073661,112.927132292062,5.34087046656616,6.14360195350891
92.9979386203503,115.183152544833,133.134141561051,118.154260133344,113.013935674943,5.32469165949042,6.146595505162
93.0242126286467,114.74570369978,132.82096825042,117.981178045251,113.025427558351,5.29102980483785,6.14119738110795
93.0202280671503,114.528844913288,132.653871072062,117.874856150015,113.002266580891,5.27650816943856,6.13801955183615
93.0211551746198,114.436176764285,132.580375025586,117.826723363815,112.989903387547,5.27076820789107,6.13702307446089
93.0224769098746,114.304063968784,132.475595030918,117.758102624018,112.97227774107,5.26258500390702,6.135602441664
93.3008644871677,113.098458841607,131.423416069316,116.996911366834,112.690543594841,5.20478154034737,6.1413003059113
93.3181045957116,113.058749975143,131.387117180722,116.969058260275,112.678822884692,5.20309017593269,6.14183095383061
93.3470458425542,112.063621619119,130.481837680696,116.190065033603,112.170098600058,5.1452846753979,6.11582947121607
93.3822389184268,111.83593837374,130.289114854287,116.027785060218,112.075723129259,5.12592101019673,6.10735688368365
93.387255264513,111.805212193772,130.263238120095,116.006051291089,112.063224550538,5.12325343049469,6.10619403879575
93.5561768439215,111.147842015725,129.738403601982,115.587992592517,111.866134316046,5.05158163736465,6.07647169843188
93.5887354299316,111.061244503672,129.673156966604,115.54042872258,111.851988203459,5.03956041993866,6.07170303589483
93.5912289351973,111.054612417369,129.668160041097,115.5367860349,111.850904820839,5.03863977280298,6.07133782700207
93.648306616655,110.90280038209,129.553777719052,115.453402947676,111.82610560788,5.01756566292719,6.06297799831709
93.637932729854,110.680178191343,129.369081603009,115.303479243641,111.738499639542,4.99020456960736,6.0474941444078
93.6264986192751,110.55222550417,129.261940453492,115.215702101221,111.685167611525,4.97468476379277,6.03840719787864
93.608544810407,110.025912747416,128.808387911497,114.841684371224,111.458691519169,4.90721606802543,5.99980430816328
93.6363493112572,109.762585724563,128.566446005108,114.636110125284,111.331659186048,4.87158869321692,5.98001004865681
93.7679265502094,109.371996108778,128.17296139166,114.282622175057,111.101455576438,4.81868290276225,5.95096912396595
93.895797771027,109.192431075216,127.967071660143,114.082121339834,110.960162519753,4.79656123321106,5.93843884343314
94.00142493126,109.095620776525,127.84262765021,113.952704565712,110.863206697748,4.78656676427417,5.9323004327665
94.1701919075197,108.749768895062,127.408073345267,113.486252685155,110.463870406752,4.76636145277955,5.90963273748262
94.1966393541727,108.669725749649,127.308106850759,113.378049393349,110.368246551203,4.76262233993519,5.9043419329561
94.3442862144101,108.412780071955,126.964483480329,112.990284999838,110.014650534943,4.76066311134924,5.89017712876466
94.3865467916648,108.341271057349,126.868428092618,112.881614990214,109.915373893078,4.76030510183789,5.88628756648065
94.6818308800602,107.984263240033,126.374131144522,112.314483965059,109.391950658427,4.77311187050662,5.8726986241049
95.2301578768992,107.416987383153,125.614104859386,111.465045719926,108.618033110211,4.81368129643688,5.86471447834318
95.5819648101271,106.210383223284,124.213324462059,109.993934335658,107.258793833071,4.86166954593348,5.84152883000198
95.5973070138228,106.165228256596,124.161171698378,109.938237859859,107.20597350257,4.86395258615204,5.84150717016519
95.6185647634272,106.102662735091,124.088910215381,109.86106630355,107.132787056731,4.86711590598964,5.84147715887111
95.6970377908826,105.871701980629,123.82215679864,109.576187340833,106.862619137711,4.87879330783535,5.84136637211579
95.7840094624532,105.716258904182,123.635358671293,109.364442233888,106.652094422278,4.89106416894525,5.84537512094401
95.8646616195367,105.577234596916,123.467681384703,109.173383027202,106.461398114626,4.9024091967164,5.84930316920458
95.9477036476553,105.501478614258,123.367073154702,109.045108789513,106.323374985787,4.91393538548399,5.85536947720333
96.0221229648657,105.444534939958,123.288613064393,108.94127206261,106.209157393541,4.92423956709751,5.86113430857871
96.1028519739099,105.322598130974,123.128414522768,108.728766964957,105.968435364395,4.94176137607785,5.86820436510735
96.1102022785765,105.286137189852,123.082180892242,108.667327166716,105.897279773476,4.94603061427437,5.86919220899049
96.1508755067211,105.169915232148,122.926583550202,108.448134371942,105.633676534137,4.96512854933364,5.87431166338083
96.2553710433181,105.136293953993,122.841413491808,108.271802156022,105.378640389545,4.99926710031347,5.88577091988534
96.2704299895041,105.142440378348,122.843017783279,108.265010226476,105.363282376189,5.00338308842813,5.88722601744476
96.3099997315245,105.158591071969,122.847233310634,108.247163366767,105.322926788293,5.01419849249716,5.89104951440989
96.4704307135826,105.262987131891,122.923820325327,108.270989563573,105.279282970573,5.05379706576935,5.90493521916433
96.5147092726916,105.295830346797,122.951119718445,108.287526691877,105.279662211153,5.06428590261715,5.90860025815202
96.7651841437519,105.448224682386,123.132091424484,108.503945183907,105.429657205259,5.15657120241119,5.92842325185665
96.7664853724404,105.447265382207,123.132736759573,108.50691046962,105.432785618026,5.15800545207372,5.92867176975279
96.8074011721736,105.421695402194,123.15398487639,108.594905933495,105.52636893035,5.19912345892956,5.9368409924352
96.9133850367608,105.41846098264,123.221459720813,108.74743334339,105.692021414047,5.25532371705795,5.96238035264019
96.9435077416401,105.423293831247,123.241583700377,108.782924944874,105.728984338927,5.26789968300942,5.96990271215811
97.0102062085733,105.441188607756,123.287875943706,108.852397446773,105.796873438653,5.29295413887329,5.9866849353421
97.0200928514025,105.444886957949,123.294989767376,108.861370303828,105.804907771069,5.29626209647877,5.98919086740745
97.1135743656889,105.411635369464,123.338938391439,108.924769594207,105.827117729892,5.36912858794952,6.04039638182725
97.14049926931,105.36672831953,123.350551221037,108.91767597315,105.753718861303,5.42727512850824,6.07803038909804
97.1478797234755,105.367532675809,123.358024317584,108.923112806261,105.751049376462,5.43365347061209,6.08177470880014
97.1761458686862,105.377125166321,123.388955115137,108.948362359315,105.750694919023,5.45316166373948,6.09261846919611
97.1860709854524,105.380493386066,123.399815873656,108.957228257388,105.750570458066,5.46001159298328,6.09642604845083
97.2140950825583,105.39000373435,123.430481805205,108.98226159396,105.75021903591,5.47935273393079,6.10717695176873
97.3533916798499,105.460451521715,123.603110493742,109.159924275241,105.840155247985,5.54960555623879,6.13731635883621
97.5323076471665,105.297749234271,124.266953903056,110.195028727961,106.684461600036,5.7759685413402,6.1135132578178
97.5653496039802,105.263106885832,124.448171495417,110.469310117025,106.937114185112,5.81251568389311,6.1016189393427
97.5823688652836,105.258224200457,124.521590874313,110.572611363893,107.032435218708,5.82470419076894,6.09835253710955
97.5889314264336,105.256341455913,124.549901102061,110.612443924035,107.069190639563,5.82940403174756,6.09709302507707
97.6279012411186,105.248109296555,124.713960921279,110.840631115361,107.279262409961,5.85609905923438,6.09037399833674
97.7401374629585,105.286515200777,125.116176709983,111.336901445764,107.722945573528,5.90910449016244,6.08748821533653
97.7026770834596,105.224304496075,125.361934182717,111.620150067727,107.944024706122,5.94675300716062,6.08497042930143
97.7601932470758,105.318150688986,125.946173862639,112.165318721106,108.333361890881,6.02338795683396,6.12020333240212
97.7894275227279,105.364139190354,126.088188836243,112.288088811824,108.418372070267,6.04160305489169,6.13260879934448
97.8150655348411,105.402698053221,126.171252381342,112.357300577447,108.466728481105,6.05297490412092,6.14187395030783
98.0980428893356,105.860410662437,127.010632368219,113.042331220755,108.954272782045,6.19794852117738,6.26250947820389
98.0879586544123,105.899311440069,127.11210801304,113.114803615936,108.996607234745,6.23450817652964,6.28874235577519
98.0746153871639,105.953947623184,127.233067220997,113.210406224958,109.078948545886,6.29712216882404,6.33086438772923
98.0647370036198,105.994977470689,127.316293470109,113.281035217312,109.159910679359,6.35241427553916,6.36658848412932
98.0563665879607,106.030905091056,127.38527156876,113.340953857789,109.241230000704,6.40503420225951,6.40001316541804
98.0540036639292,106.042080188797,127.405247458553,113.357993624255,109.270777235512,6.42293353953032,6.41123162098206
98.0507655459734,106.057394386024,127.432622137789,113.381344681258,109.311268351732,6.44746254031126,6.42660523516272
98.0507126685875,106.057644461756,127.433069157168,113.381725996229,109.311929558151,6.44786309071062,6.42685628115332
98.0443549484431,106.098239046374,127.502346472152,113.434037400426,109.417411632338,6.51004599900606,6.4662814890677
98.0405814720069,106.13178444153,127.557407956829,113.470889287267,109.503345925124,6.55954351757467,6.4979781562593
97.8003648493664,106.000452177382,127.473836834996,113.293350705283,109.464149837409,6.65205688745108,6.5508544446066
97.7022422325341,105.964405418189,127.463882020587,113.207939644524,109.459128222338,6.69815066467883,6.58054066676175
97.671340594828,105.97871257931,127.498071263403,113.170313656641,109.48068326016,6.72904471742124,6.60344101619494
97.6763442115478,106.021862381579,127.560168859227,113.158730244448,109.522033319386,6.75628235050609,6.62538044928076
97.6794130060891,106.027790450795,127.567705414524,113.159609818437,109.527140404456,6.75842537219966,6.62725173802813
97.6817932237564,106.032388378382,127.57355091569,113.160292033398,109.531101560521,6.76008754215845,6.62870314654603
97.9204305211483,106.295367720556,127.891274503555,113.229627549788,109.721162227559,6.82410371589171,6.68739402303316
97.9229735131096,106.29652644472,127.893184853861,113.227558672906,109.72039423028,6.82472935849122,6.68786412462779
97.9910945927471,106.314273774265,127.912696056953,113.227440268891,109.716675255667,6.82882194331646,6.69108143113204
98.504636985878,106.356124190234,127.948678144082,113.376423059058,109.652686695579,6.84902162213551,6.71015225031108
98.585229098417,106.144252215785,127.813776769959,113.398911751855,109.350476483451,6.8708855454438,6.7275064844526
98.5803943510322,106.131464197762,127.811672998748,113.404290924621,109.331095216609,6.87284242713257,6.72928399386737
98.569327045194,106.102190919292,127.806857218821,113.416604484239,109.286729215535,6.87732195965306,6.73335292213964
98.5645678891491,106.089602842101,127.804786340101,113.421899553567,109.26765097506,6.8792482454705,6.73510264017098
98.516614538809,106.23027626863,128.286999291825,113.944889285345,109.249505100004,6.93825609432589,6.79679776630138
98.5074418718443,106.820146440744,129.234108185423,114.794562641862,109.658005569146,6.99661144643711,6.85697876474723
98.3427262299834,107.961548755505,130.772814233932,116.106513698859,110.373297671896,7.06020598492385,6.90854582356746
98.3370879063383,108.343251857727,131.201527763179,116.477510548589,110.585362090155,7.07527387459269,6.91863560818456
98.3386012304303,108.444859029765,131.307994376661,116.570594971078,110.637044158977,7.07894242716355,6.92077712019581
98.3416342527504,108.648501344251,131.521376042048,116.757155888562,110.740625982002,7.08629498428481,6.925069164288
98.3549759989256,109.075787084853,131.925648058281,117.119283698344,110.914149787099,7.10112089255425,6.93099438003052
98.0414272681811,109.548703720893,132.236595181489,117.421564945925,110.72271234163,7.11307868020518,6.89956491625504
97.7595060864387,109.531964080419,132.33763984983,117.637075981008,110.378297412835,7.13560965462001,6.85294684386209
97.5975158897791,109.427870307003,132.712819040904,118.063081995491,110.455797245257,7.16671951891518,6.82591648651589
97.4918581129659,109.410619618353,133.171792223424,118.518739795217,110.690296559541,7.19423636871449,6.81031857734848
97.4905842969988,109.41061977268,133.178393214625,118.525239356742,110.693833904348,7.19462371156379,6.81012463269704
97.5229777838394,110.320932038488,135.491237122312,120.600505462332,112.123473239255,7.33555353212302,6.82921746521913
97.1461971108287,111.030337811062,136.473234304266,121.315673524173,112.387493444611,7.43127756200091,6.84535186471408
97.1322567537746,111.058815643655,136.501164067987,121.333773943188,112.388795205333,7.43480256826172,6.8461850968784
96.8770468544824,111.639766779378,136.993004349574,121.641280469041,112.362597122486,7.50301510368717,6.86246456176606
96.3717439958795,112.36073264525,137.568175905803,121.978240422725,112.202415324407,7.58160209654522,6.85283406752515
96.3560095651426,112.380134110201,137.587513016416,121.99141519646,112.201288237768,7.58321211457516,6.85147675752144
95.9501367162246,113.334838948857,138.692036222116,122.875737506371,112.538287616568,7.63382454714848,6.77777470879542
95.9532912944514,113.57243554669,138.993898454006,123.145991805158,112.719874463691,7.63856002052699,6.75885462497433
95.8969446329982,114.042134328681,139.622810100133,123.712666015355,113.105169473193,7.63589341580086,6.69998160741819
95.8341522759252,114.320348447062,139.987096558472,124.041639517039,113.33257268058,7.62616262505578,6.6545401000465
95.8216837914397,114.396229312391,140.082987049703,124.12855353484,113.394066645105,7.62352488686609,6.64291725071237
95.8171387037936,114.630700045241,140.339549462006,124.358295898968,113.558712082627,7.61986251795055,6.61936898210212
95.8438654089997,115.143444529369,140.842672411943,124.79615749625,113.861720774903,7.62565495677296,6.59479428630017
95.6742328306522,115.894642283123,141.561096172733,125.354696551352,114.131919313705,7.67396457501654,6.60832804422571
95.3824332108716,117.1823696778,143.269670699098,126.793710541693,114.990241975078,7.81886696616966,6.70914903546908
95.3794283049238,117.271651268066,143.40041104339,126.911380123406,115.072851151055,7.82901316844905,6.71679740547827
95.3745063853199,117.41789105628,143.614558665573,127.104118342534,115.208161782992,7.84563225496042,6.72932513943759
95.3621525162593,117.44705875858,143.66436109776,127.149211502632,115.238456904619,7.84943803640202,6.73165590546436
95.011787960366,118.297814196711,145.053349435489,128.434572525246,116.13451946438,7.96202266929214,6.8020352140185
94.9748760356607,118.453129557652,145.267925723772,128.63703949185,116.282709672758,7.98225427613798,6.81648816904359
94.9742728082346,118.45566777494,145.271432403608,128.640348276968,116.285131448341,7.9825849080468,6.81672436422792
94.8844130839113,119.031025088727,145.863392994596,129.19080808509,116.677331486257,8.0650757099113,6.88538498229211
94.8766475721938,119.085350390925,145.906021469539,129.229191916452,116.702624425356,8.07367873531493,6.8931238990815
94.8651555150389,119.165745540725,145.969106670911,129.28599553737,116.740055043236,8.08641021563962,6.90457659882556
94.4420649487422,119.785228903577,146.210861857519,129.453246702945,116.715502511252,8.23013068284017,7.03418409221269
94.2170135115565,120.025851997854,146.193672688855,129.400987075898,116.587305217642,8.30313086307905,7.10397303050721
93.0426916524301,121.296552863229,145.87699364243,128.938453951999,115.750749238,8.77251419604611,7.57296153961189
92.777917018489,121.527716992276,145.849866250406,128.892030333156,115.630121129188,8.86989143174173,7.66773799006348
92.5438273017882,121.885796119372,145.940391321963,128.955368376136,115.603453219434,8.9860948929054,7.7800210719829
92.4387355945017,122.189487497852,146.076780222251,129.066734361692,115.65169924588,9.06484973417298,7.85535447362987
92.4162194834028,122.260583535402,146.110026654738,129.094074400546,115.664557568582,9.08284276994416,7.87254417056495
92.2982248789788,122.940926484461,146.470314794666,129.391903898238,115.838544554057,9.23301445235423,8.0145692416765
92.296515559118,122.953189024539,146.476989121768,129.397427036103,115.841898664381,9.23562689604899,8.01703288391674
92.2367544081663,123.07499466695,146.526947403411,129.431294445589,115.84939824966,9.26550191745461,8.04338351217569
92.043930398899,123.474275176042,146.684307187168,129.535715431436,115.869046132262,9.36281457326842,8.12886967464251
91.9395543047801,123.764392285152,146.789839532537,129.605108927925,115.88476536462,9.42924820347229,8.18717337303105
91.8600834610792,124.048469312718,146.873664903221,129.657573349853,115.890663717387,9.49371564310211,8.24403549069229
91.747856291987,124.641554569678,146.97077628601,129.703496026143,115.854631103673,9.63188249878775,8.36704509273991
91.7149510867611,125.015967325629,146.918267353901,129.635178103972,115.745563516353,9.73084367481734,8.45657084062278
91.5468754526476,125.128500269128,146.603351846616,129.325172879774,115.412501098163,9.81063520829944,8.52488653983909
91.5203191341298,125.136536586589,146.552314846674,129.275307540254,115.359865282182,9.82111762622719,8.53374801188327
91.3671050281246,125.120357121712,146.029684357592,128.761961140461,114.824317007027,9.90136195190724,8.60408401042585
91.3306243722507,125.102448635276,145.803883882428,128.533402061851,114.583049142786,9.93218342473607,8.63204243597243
91.3340380559175,125.064836718079,144.726619886635,127.289677859368,113.200953419134,10.0692736912789,8.76289407186095
91.274632404424,124.999689650039,144.419607341813,126.90596402554,112.77026102498,10.093308399567,8.78451388354462
91.2007109564211,124.978156865019,143.529861590088,125.671957559544,111.371950410953,10.1749718649622,8.8633819928936
91.2182525070868,125.050540120122,143.204452129799,125.185830901341,110.832567651249,10.2106396385269,8.90021109080965
91.2816594891456,125.242491301182,142.616060428736,124.311040656529,109.903391898115,10.2771261322517,8.97151830749942
91.2126799522572,125.224448402368,142.3031225119,123.906543068586,109.504315783012,10.2950016002823,8.9899065550691
91.153836397784,125.209381394478,142.019190836841,123.542231079535,109.148602784395,10.3111801894691,9.00687502179302
91.0609229960873,125.264068613281,140.471300979182,121.616180956397,107.376769755579,10.4065965103627,9.12355396620826
91.0626408454139,125.266748696393,140.459396278908,121.600960360394,107.362736195563,10.4074878479347,9.12476850528761
91.0657525066117,125.271603319263,140.437832458764,121.573390225309,107.337316222172,10.4091023903129,9.12696848526727
91.0691100907348,125.27684161599,140.414564392113,121.543641148546,107.309887240147,10.4108445343029,9.12934233556168
91.1003590932102,125.325594392214,140.198008724187,121.266766783131,107.054605973681,10.4270586513178,9.15143573695038
91.0520113046223,125.301410484412,139.915347694183,120.921440902622,106.722623773564,10.4367528882792,9.16526271895093
91.0160481301584,125.281433345081,139.729056803678,120.694588891084,106.503883585013,10.4426145486699,9.17368526233134
90.9412419338484,125.313144301494,138.957327443554,119.724012132727,105.5315535501,10.4698784500703,9.21501337881585
90.9461745858488,125.389324031892,138.61332353919,119.286526258523,105.084862906219,10.4836430965838,9.23620563249901
90.9538347538002,125.426549773292,138.489523113083,119.130006416201,104.925127992129,10.4888110086952,9.2441451777629
90.9937589618368,125.582519458398,138.038090869661,118.57641105077,104.372466577104,10.5073213571952,9.27233522524638
90.8119639918025,125.570959349128,137.11164417264,117.558665425147,103.41669947852,10.5154644950343,9.28725819432445
90.7815909013965,125.563092958145,136.964774362777,117.403652624741,103.27793121038,10.5160907246442,9.28873292224241
90.7531739175397,125.555733183339,136.827363353224,117.258623054557,103.14809998205,10.5166766234276,9.29011267382112
90.6725804056692,125.536848352057,136.369842131114,116.78191894904,102.735810086929,10.5189384900308,9.29553844067428
90.6550273285109,125.533047433124,136.25954911453,116.667828532782,102.639094595058,10.5195253493076,9.29695764354286
90.65045477593,125.532057298943,136.23081793463,116.638108135463,102.613900341767,10.5196782253461,9.29732734394815
90.6468774053416,125.531282660088,136.208339881918,116.614856161131,102.594189429945,10.5197978290542,9.2976165818154
90.6113211199188,125.524568720623,135.968941561965,116.367182844513,102.386028249001,10.5211636533606,9.30094684520993
90.5222905048513,125.547802702872,134.829995020623,115.176198886037,101.433144532239,10.5302058855946,9.3252015615355
90.5215550667678,125.548441211694,134.815366806922,115.16073633157,101.420938292088,10.5303318926582,9.32556063850943
90.4758030234023,125.519991503436,134.596908699218,114.928393612934,101.231415825467,10.5287249726703,9.32659510395088
90.4360933051031,125.491886530595,134.441920208554,114.763257415819,101.095447664419,10.5268574327974,9.32642652328437
90.3670660773625,125.443031780573,134.172504400523,114.476201894535,100.85909481126,10.5236110964939,9.32613348025716
90.1167266088871,125.322932538015,132.888329129763,113.055200828801,99.6773344989716,10.5016291907249,9.32912306449133
90.0952672048401,125.320238641842,132.743542735159,112.891021436694,99.5394115605772,10.4985933084743,9.32981841337796
90.0896631482982,125.319535139245,132.705732219076,112.848146499703,99.5033934147102,10.4978004972783,9.33000000157437
90.0800467399828,125.32473967317,132.618195490174,112.747496875351,99.4176836058943,10.4956091196353,9.33052471504348
90.0235443417248,125.408118647033,131.9341723942,111.954622901764,98.7343146607575,10.4760161212961,9.33477941387146
90.0074435658956,125.464691141435,131.651184783238,111.625607715313,98.4454581277272,10.4663874912955,9.33611877034747
89.7150239937431,125.44146466504,130.538449009397,110.386563163043,97.320039032551,10.4132927016972,9.31161940878446
89.6796178738582,125.43830321904,130.415173590275,110.251348357008,97.1952233759447,10.4067522855051,9.30785470187302
89.362629912674,125.435976028592,129.268799749594,108.9966387075,96.0294533792833,10.3452403840791,9.26979484994662
89.1982634534877,125.466252717498,128.613679466429,108.275181234788,95.3516008927329,10.3110517260111,9.24499554320691
89.0651779749533,125.507804059151,128.047398466618,107.641469551625,94.7538243959503,10.2833465608825,9.22219821556119
88.7801559087837,125.458263376191,127.193975252751,106.683564453531,93.847236562585,10.2412678790661,9.1786944751218
88.1720270525441,125.344129624585,125.470481621906,104.674877807714,91.9529965233735,10.1625420430366,9.07344567609205
88.1386857516361,125.343790120505,125.365852406213,104.549213917412,91.8350699826054,10.1581524941939,9.06670055432543
87.9075296513164,125.448216317014,124.467705068982,103.428055221927,90.7923295878046,10.1262343002073,9.00467325495143
87.537445462046,125.517344162371,123.300582659768,101.973270504358,89.4408585145251,10.0854049320901,8.91067025512984
86.5202025838639,125.404160105268,120.389661777714,98.3275784615843,85.9032475589857,9.97665745964385,8.60972123604301
86.4411653397324,125.344537099498,120.226579251641,98.1271065976128,85.7014151632905,9.96842366340095,8.59100553162985
86.250480870917,125.191429772431,119.828465377875,97.6338029861819,85.2043169131538,9.94754438734216,8.54479479934786
85.8646458311036,124.779881341896,118.932784395423,96.472952708279,84.0424700092205,9.89086656063698,8.43629297718122
85.8404325921837,124.596541373928,118.556514968026,95.8906085099285,83.5350811530781,9.84931571654301,8.39175854584966
85.8421261398513,124.59488109687,118.55257612431,95.8833377723017,83.5298045831716,9.84865437875585,8.39134482639121
85.8544505563116,124.54871440553,118.479503254146,95.7600627318563,83.4472006870376,9.83614738042995,8.38471791305971
85.8387851560749,124.466778782277,118.389173630506,95.6264650761885,83.369827351042,9.82030166696054,8.37822257159452
85.8320448840854,124.431524758888,118.350307963313,95.5689826931814,83.3365363197586,9.81348381251455,8.37542785409744
85.8767518650678,124.372355755513,118.294542734457,95.4590441047512,83.3366870044615,9.79251865870939,8.3777063000516
86.242596059382,124.488377180896,118.430429667081,95.496932858903,83.7275717943652,9.75583328920457,8.42917559735217
86.3094572556943,124.52806237193,118.469354837952,95.5275107510475,83.8060393220151,9.75351375225775,8.44015332624165
86.5074397325745,124.611392461264,118.545720820392,95.5777728534976,84.0731555259553,9.74017873985145,8.48712319797034
86.4865583028241,124.477888345083,118.404445049209,95.4427587801868,84.1613072828115,9.72425169616259,8.5420964513994
86.4456741898783,124.400853522407,118.316440703324,95.4007015519195,84.2251266749844,9.72630275577278,8.58915558500244
86.3021114681855,124.233723970073,118.148604928148,95.2994962962921,84.2333591603146,9.72219970630516,8.62110851936925
86.1861192270295,124.101236475596,118.020410829808,95.2192495241468,84.2381102133937,9.71671898763921,8.63639062122906
86.1497950608132,124.058399750729,117.979022034649,95.1971228234272,84.2519622554822,9.71502545084285,8.64283084107319
86.1254943074453,124.029742116033,117.951333060391,95.1823201299853,84.2612292282305,9.7138924800332,8.64713932796688
86.0993408861075,123.998631345847,117.921234491828,95.1666926992421,84.2730280098154,9.71268274550443,8.65205150138471
86.0644693578706,123.944668920853,117.867211768507,95.1599885910643,84.3736702167775,9.71151693344616,8.67140353927437
86.047927744906,123.919071374832,117.841585619449,95.1568084389931,84.4214107237078,9.71096392034831,8.68058334690055
86.1611333052845,123.94029438303,117.831717373971,95.3047195290358,85.0578287996844,9.72863983492602,8.77526331251896
86.1038127933867,123.78142634387,117.615113979852,95.2475529005451,85.6794300025457,9.83825824438343,8.97268057058613
86.1044691142079,123.799812911343,117.631349814791,95.2796057580221,85.7414567422682,9.87141554735208,9.01503648384991
85.9970041827659,123.767356895473,117.624501104408,95.3091559655328,85.7525256010659,9.94733539387745,9.10472493234832
85.9721029796126,123.751198458792,117.61363050292,95.3020790908178,85.7390439870881,9.95382463034889,9.11191612235452
85.6433127339279,123.569396198777,117.53942943225,95.2850587194168,85.559951062661,10.0413914656371,9.20450049503026
85.4630651048969,123.502151057448,117.578825683714,95.3711317603378,85.4821125063101,10.0931867077211,9.25499056290951
84.9919375554445,123.167560382544,117.486072357678,95.5400459476362,85.2595183863712,10.112340381025,9.23352977629435
84.9965126163883,123.147710711917,117.425877311957,95.5174698949544,85.2403267529882,10.1030075350113,9.21961558277499
85.0040725603206,123.145657847916,117.405169244197,95.5096809241238,85.2358947930535,10.1001357886168,9.21551971189391
85.0987506096615,123.097083080074,117.050050892556,95.3464715204803,85.1310277066603,10.0669173532111,9.16998268110773
85.0808844817369,123.057483757485,116.9675314691,95.2933918953609,85.0865912117235,10.0612404392018,9.16242717930879
85.0366899313333,122.930054966936,116.693783931599,95.1460587222541,84.9564791338017,10.0443769163922,9.13893769057041
85.0351258183941,122.924868187053,116.682496660189,95.1404761771938,84.95141055708,10.0437153091911,9.1379961318717
85.0323554518558,122.900617554239,116.634175531006,95.1286711136908,84.9381217300899,10.0404931011329,9.13297706139248
85.0372342628962,122.863676625435,116.569485848083,95.1393235540895,84.9387286118265,10.0353265634707,9.12409597957732
85.0874229816727,122.834103080794,116.599489521564,95.3187320900818,85.0749187206351,10.0265375068238,9.10645335729035
85.1517520118393,122.845614681545,116.760159790396,95.5727214029304,85.2872719550213,10.0194858032925,9.09203657514106
85.1307031462383,122.706488218867,117.074353623796,96.0583125708646,85.6945696563602,9.9867155159372,9.03890435624687
85.3150701011414,122.516367369951,118.613329836599,97.9569217692203,87.4801978374658,9.87974985303221,8.89254582966001
85.4893009617231,122.380610966261,119.740993966595,99.3434595681583,88.9035481743739,9.7969699612964,8.81589153666368
85.5775022720602,122.227205859874,120.51197716562,100.390180652736,90.0151370891683,9.71648950894411,8.76775977963565
85.6121951712759,122.218178187895,120.690847237752,100.640268673878,90.2755327243048,9.69767687913083,8.75909925881028
85.626890858363,122.131504880605,121.251392988304,101.454074509699,91.0872555824529,9.61794318914439,8.7088792969781
85.4130171885977,121.88190841709,121.988151457451,102.486322361336,92.0323752714411,9.48937013154585,8.59718091349017
85.3549763096125,121.867157764735,122.875734965265,103.551096295612,92.9851602289559,9.41433197436272,8.5304160616668
85.2303233385832,121.790720458573,123.400787734259,104.174829944105,93.53780142217,9.37263539884723,8.49297176886691
84.9236164376131,121.656220186174,124.419897189625,105.38766962163,94.6119928129499,9.31418114932242,8.44899937334914
84.9164315152655,121.655597004955,124.451690364909,105.425432899328,94.6456747609369,9.31303112026638,8.44845254093101
84.8255405328535,121.70877117809,125.059992672205,106.157061257487,95.3045055624214,9.30068528928975,8.44974463509959
84.8141010890506,121.746908692943,125.251107935536,106.392701789193,95.5197324319475,9.29964287766525,8.45339033447516
84.8105842074003,121.76045844644,125.316558369905,106.47354841386,95.5936482556619,9.29934863173125,8.45470916321517
84.7676386060623,121.810174900624,125.653132470399,106.898856695631,95.9822624066383,9.29583853229909,8.45934679789261
84.4789215176086,121.733898870142,126.336285629816,107.868096153577,96.8755363333546,9.2720920261377,8.44885286000268
84.4080909595491,121.667244087182,128.225945441852,110.466864966304,99.3906624462738,9.29013983055659,8.4812885988022
84.393750873575,121.614804583534,128.408580498125,110.725616631297,99.6437064981192,9.29626674484769,8.4869939059396
84.5091966036871,121.444976117188,129.734797988778,112.551957099392,101.406949919559,9.37126179132392,8.55633398638698
84.5191843444638,121.448279789731,129.773654200714,112.603925656988,101.456262690939,9.37406190186271,8.55881830221319
84.6292073538365,121.446435304599,130.372442825689,113.424667780691,102.233265828684,9.41503068561321,8.59233830911553
84.629015485744,121.445768100662,130.374377765591,113.427564791884,102.235989251754,9.41513581278756,8.59238854997387
84.6224023840762,121.422771637746,130.44106917909,113.527415836945,102.329857249345,9.41875922240664,8.59412019748081
84.6124078103496,121.38801641159,130.54186186044,113.678323638105,102.471722696091,9.42423538720774,8.59673728694135
84.6376527340601,121.290483198098,131.131305245766,114.48911750477,103.253623775569,9.44476420092426,8.60410518792382
84.6444354471887,121.286342921669,131.186358028317,114.560462809595,103.323858792008,9.44614431751588,8.60456381659667
84.755859896747,121.279182149965,131.766922444213,115.264475402051,104.032879653104,9.45767088452591,8.61063181605302
84.8988052579164,121.118357930329,132.892489226442,116.521686665696,105.334066130496,9.46879866859733,8.61935220541414
84.8998845744407,121.115195336526,132.907042078498,116.537553008929,105.350197351174,9.46901127410851,8.61955448704651
85.0254061244438,120.976770769086,133.914531687179,117.634826337956,106.43991133944,9.49432265810774,8.64410834268496
85.3821448332991,121.108699427414,135.285198102946,119.173541516822,107.849603932223,9.57197167275766,8.71275827865139
85.4060343323133,121.076375478319,135.616666483629,119.586888395055,108.20228846467,9.59432742473926,8.72562143667314
85.4448213224891,121.074544286756,135.861793145981,119.902036616412,108.476142660023,9.61317497239417,8.7356797362443
85.5460422420097,121.099870879281,136.228271952018,120.376173074848,108.920387276517,9.64296180586245,8.7507184397763
85.865112776952,120.998607834796,136.834816414319,121.037763856164,110.015498997341,9.68379501879798,8.76328189637503
86.1164522256014,120.733689442845,137.522859352373,121.558303747166,111.331886865494,9.76108419999417,8.81583457531802
86.3624274803041,120.813666372498,138.117088952001,122.112450619913,112.201364779687,9.85695172254954,8.89676300234686
86.4543657441507,120.807937863893,138.537249427973,122.564266047386,112.84177443461,9.95265896138013,8.97733909934763
86.8618703741251,120.967043542529,139.620061709099,124.025120845896,114.563774698549,10.2994196910708,9.31324924264093
87.5981409983538,120.633950542156,140.181505190766,125.44492077395,116.431595584874,10.7711471944783,9.91442153940813
87.8079835891448,120.521171160659,140.248737871173,125.630801819689,116.791086373361,10.8510311519058,10.0387176299271
88.0736705860731,120.496763932236,140.403475061582,125.841606726565,117.189709854361,10.9313109406403,10.1614602893195
88.7225747188077,121.189737052982,141.298501677317,126.060807377847,117.840472635486,11.3574773727219,10.636064474707
88.7284156218481,121.214075741576,141.306945339505,126.046575938567,117.824072286304,11.3671716680273,10.645045927048
88.7562349049932,121.329997006614,141.34716114647,125.978793878818,117.745960057006,11.4133440396846,10.6878231421468
88.6134782485549,121.342546554888,141.16352118815,125.576577336557,117.303736293782,11.4916655635384,10.7570123177332
88.5520878214425,121.33206057394,141.060985917117,125.387923784128,117.093756077548,11.5213320344686,10.7834725078763
88.3429574189184,121.263185145203,140.633528156175,124.659167691732,116.272270211418,11.6220223142896,10.8729500593151
88.2280841888064,121.203761561009,140.300257535637,124.112647073348,115.637765917935,11.690585052205,10.9299189972599
88.2002018642738,121.18756643201,140.205904778307,123.957941785112,115.455873270426,11.7097839069226,10.9452385211572
87.9873317293967,121.008476918038,139.573616354771,122.893641175338,114.126779799282,11.8351369715257,10.9914341075394
88.2193203857795,121.573807066361,139.841448625104,122.478064328912,113.339056225402,12.1514249036505,10.9336055878985
88.2481724157864,121.646348588658,139.894526591168,122.471780911628,113.317548172203,12.2045838540788,10.922999555153
88.28469280591,121.704033004851,139.938456161996,122.486949413853,113.323738959476,12.2418482827783,10.9174744835178
88.3817740263419,121.820559553317,140.033876331151,122.554155827079,113.370900066115,12.3058045440423,10.9079793463239
88.7634134039691,122.049252611931,140.191455979904,122.787066532512,113.665120869489,12.3481351398905,10.6424547997391
88.8074866849422,122.091618409454,140.19732621556,122.770865488734,113.703994395552,12.3375958570604,10.611582274781
88.7561804091792,122.035618715616,140.009071480989,122.487601451069,113.630587554597,12.2968891879009,10.5160444043292
88.7740825231818,122.157419436836,139.549089210468,121.575232602408,113.425246304066,12.2547312510295,10.3099951240034
88.4357417951652,122.074069166038,139.163853060661,120.86912261424,112.928493515833,12.2736233978667,10.2041115272872
88.4307282127079,122.074654951979,139.161980469019,120.863333446305,112.922557721737,12.2741188217391,10.203153229296
88.126940898086,122.161079879069,139.109954136916,120.562185031229,112.58666352081,12.306120398244,10.1507525154496
87.4904426122299,122.277127536156,139.041143553305,120.050885010118,111.99817887132,12.3375384245697,10.0812426744447
87.4348145520134,122.279655409901,139.028235323368,120.000644893756,111.946603760517,12.3386640555991,10.0764755863816
86.9445897972537,122.331737400291,138.927082077128,119.536943500208,111.482749618315,12.3505767917934,10.0364771099924
86.1223021264129,122.623072899652,138.798528564356,118.4738846221,110.516716467048,12.3871096568041,9.97521759315398
85.9131277267565,122.619591809379,138.697233282563,118.159937247994,110.227332481812,12.3887931477927,9.95338337995108
85.5469193741634,122.701521526769,138.532796727199,117.510297799999,109.619075289551,12.3909445250918,9.89108264250758
85.4104795346562,122.815162590505,138.49451465894,117.214457134919,109.339662854149,12.389079921424,9.84415485266005
85.1467351285413,122.939370851707,138.380420087878,116.734130948495,108.891967655901,12.3727663827785,9.74858077968661
84.9971860150649,122.935617384936,138.287640477787,116.508095717159,108.682176500889,12.3612714127122,9.70523253454845
84.8964333404634,122.947081979461,138.232712212472,116.354156226656,108.543584217101,12.3532806037016,9.67298144487033
84.2935416871258,123.266214682069,138.045048733551,115.321558167937,107.679761279964,12.3158467604072,9.43909117473047
83.8554961200658,123.395996841168,137.863349097076,114.497095887973,107.021642014957,12.3048611273483,9.29170101428749
82.9237173912759,123.961097899421,137.128394374353,111.970117272156,105.455056798741,12.1976989554221,8.6896893613866
82.4727167170685,124.012852194343,136.845519927485,111.067133785802,105.027372020304,12.071771711997,8.32350479306836
81.413846958266,124.27925909245,136.391470572307,109.514456263811,103.841530625961,11.7713467450619,7.5557776278551
80.9824870621358,124.396716158069,136.2443627974,109.075824533592,103.443570147682,11.6601058997739,7.32163770061992
79.1327780390028,124.84450984752,136.110014309754,107.840837102611,102.384832773885,11.1881120667173,6.41388547626026
78.958211706018,125.019864348592,136.153016842498,107.74211870996,102.280635270781,11.1319466600922,6.28982831699655
78.1026502881769,125.223615964242,135.744395493337,106.885516390336,101.442590986957,10.904530799158,5.8611858448494
77.963682244407,125.298189078395,135.708156231747,106.736288911205,101.32420500003,10.8535024191405,5.77640619412894
77.9114201902185,125.326233972942,135.694527643464,106.680168565914,101.279683290606,10.8343120506984,5.74452290225955
77.7242772204783,125.43808654301,135.71270582153,106.521355218106,101.180611721084,10.7604106479212,5.62760397772504
77.5590841075535,125.431084205403,135.696182928792,106.404003178497,101.097841650985,10.7142914162638,5.55888753219943
77.0363373109341,125.348507365247,135.722702028933,106.145013885721,100.918501750976,10.5867401761083,5.36828408294305
75.7817176036251,125.645514703512,137.236756819734,107.170573728396,101.398774670157,10.4507262275466,4.91146255365569
75.485423884933,125.746914584774,137.624753620805,107.56311775774,101.482780432373,10.4574002701014,4.80173248701979
75.3005127415426,125.850636279738,137.901493242465,107.847830557201,101.542186958644,10.4596018124333,4.71356236268843
75.1426117486124,125.961260397139,138.148175196842,108.090193419125,101.593170548322,10.4517444513158,4.6184001940221
74.9081504841177,126.035760176506,138.372565065864,108.267437705177,101.602312184095,10.4113632232307,4.47471410005926
74.5482968440127,125.933579732237,138.440110477299,108.239291246776,101.49252302964,10.3319403608735,4.30761729714861
73.9282650260052,125.843067512572,138.774833894321,108.249108004361,101.491242381074,10.1322179498907,3.96404546780899
72.5419300643987,126.241648123353,140.407573796348,109.297613404022,102.36658720735,9.72865828940954,3.23064831262318
72.3578259119344,126.403828296563,140.710317797617,109.619478691663,102.626090905982,9.68598770372729,3.12938638222372
72.1529149325356,126.654943976628,141.077115310944,110.080278969587,103.017289032318,9.63556912836103,3.00045888446881
71.8344044176025,126.816128257453,141.264616976564,110.500518439896,103.402588397143,9.56591458937095,2.83996100701594
71.5110592908381,126.846695455707,141.186760923684,110.767394115135,103.709427608649,9.48720281870698,2.67771166869552
71.4125803736851,126.860970771929,141.112819206337,110.863686184641,103.843958051877,9.4541872703091,2.60971020909609
71.2478490680473,126.940400977825,140.90371933679,111.110191884298,104.204727407409,9.37665563786944,2.43292813028459
71.2236784871334,126.975386458582,140.853158777377,111.178597890057,104.302447858582,9.35932286206423,2.38627839290898
71.144311498993,126.974879376831,140.739342526431,111.231729797696,104.392971049406,9.33375851205991,2.31694762245036
71.0097642190532,126.923693754627,140.569164498169,111.247007189009,104.445961528704,9.30409376967858,2.23598537720532
70.6943757389296,126.954704948811,140.246533606347,111.399702135847,104.688386852182,9.26382333518699,2.02667483485691
70.5926350247077,127.03308545161,140.164450961907,111.471763871511,104.810056908497,9.26365926604098,1.96131242173602
70.5058765896367,127.111446902107,140.086135690138,111.515130529292,104.910868646116,9.26579623198624,1.91152859012924
69.8284489577624,127.017422147481,139.239376224905,111.080538358193,104.844421393467,9.23708472996811,1.74401760491937
68.7960931489504,126.616172835937,136.773848598822,109.008719116569,103.393410289861,9.00214763704946,1.48404334672055
68.6667882037271,126.556177629712,136.383481545438,108.62841474565,103.037377295044,8.95263781225492,1.43708533046101
68.4698856848908,126.548528125253,135.632303200979,107.855556836056,102.280691347,8.85373396250648,1.3373337308307
68.4404871380621,126.581393031872,135.480475418578,107.691167486505,102.119040783976,8.83538851175979,1.31608095582687
68.3968149211719,126.630416115234,135.254723157828,107.446706288865,101.878659711677,8.80812159447905,1.28447775736931
67.9850377184656,126.516543146275,134.341947547821,106.519591090471,101.008810174998,8.73400641918563,1.1931546034667
67.7238475597668,126.531943614281,133.736654095985,105.979109817697,100.534482847807,8.71473430718781,1.15198916135205
67.58075526615,126.589359335429,133.372981894423,105.711676944417,100.299575373559,8.71663787704604,1.13388252463151
66.6872940590581,126.614616952265,131.192373763457,104.535898960725,98.9233296897949,8.73431302662377,1.00070375869623
66.4192925252442,126.489733688106,130.038514427601,103.668870644125,98.0617501232155,8.69345197029966,0.907164814836989
66.5113729690426,126.575636392557,129.158125127374,102.967366622642,97.4242795018402,8.66994270176476,0.839354601730219
66.5285639735994,126.555681645993,128.753272694733,102.651430751031,97.1227290163773,8.658758747602,0.808982017693654
66.5409031400314,126.385549941222,127.235602642308,101.55052473315,95.9916806764354,8.62303618351342,0.691809893557561
66.6284237312808,126.368995202381,125.641118207527,100.593898275073,94.908345348126,8.60610782855015,0.548067126737697
66.4924669556181,126.217649173848,124.036672854877,99.732185675745,93.9187306542286,8.57430237346964,0.379208335865068
66.5088394986249,126.236228013764,123.738485373515,99.6220547978724,93.77105543034,8.56873758233676,0.341379052637669
66.515992135563,126.230195037646,123.378921681975,99.5017088705904,93.5958816536107,8.55900166225937,0.294990808288967
66.4296272750815,126.064716261906,122.750910111717,99.2760064328777,93.2592787196698,8.5313995696703,0.219054442189445
66.5609781324581,125.801440847199,120.290334947124,98.7925506351672,92.0923860731963,8.46224555776147,0.00602974542374511
66.5710949425672,125.812227819086,120.138992831877,98.7499338075756,92.0063458241397,8.46180128980084,0.000861175986915619
66.5271887071296,125.773313507387,119.095288016976,98.3417794865943,91.3124364403431,8.46118038609513,-0.0188726302680703
66.5102553751144,125.688947559838,117.97671963007,97.8418396569408,90.4764792172308,8.49385187217583,0.00207239192788782
66.557735325503,125.576044576231,116.429783262914,96.9901835274896,89.1533420411462,8.61695498987397,0.128558649445796
66.6888609829411,125.756371543467,113.403797351607,94.86627635887,85.8115424725961,8.80044162709893,0.424990262751577
66.8146919898053,125.673444209053,112.51744910957,94.2137232037282,84.9166310511476,8.83804366260805,0.498416340544974
66.8519282610727,125.580820785705,112.055537392807,93.8741019639789,84.4932281888221,8.85517048934272,0.53279262091514
66.893136175912,125.533488370538,111.728140529768,93.6447385684854,84.2131934048602,8.87078533828917,0.560135921516639
67.0209885123842,125.52112702126,110.993505350196,93.1895095486985,83.6559085691361,8.92201354650089,0.634395158028335
66.9970760484858,125.457439508876,110.462892165201,92.8774446006741,83.2717473212917,8.95734508177939,0.681263831826636
66.8642673847547,125.171169389016,109.509338309294,92.3037616318152,82.5556433317909,9.01999127915988,0.751995117626172
66.9318378443833,124.903435713304,108.879388882934,91.9359189768033,82.0974305206523,9.07877931211808,0.8042615461981
67.0655643936642,124.659689930597,108.46726516264,91.6910120635428,81.8129704771729,9.12234139931049,0.839404765483913
67.265000838739,123.555926624939,107.276350493289,90.85319919545,80.980769281619,9.19593311054182,0.901396750868984
67.5961204684114,122.536658043705,106.348794369034,90.2131916978984,80.4386124863016,9.24934803868883,0.956594849497918
67.7034660649242,122.237637027185,106.088477184886,90.0383961711627,80.3016374659652,9.2627908635213,0.973201910783028
67.8733162970932,121.76913578509,105.688839452775,89.785648138537,80.1229019144681,9.27729245671464,1.00077828601073
67.9605754480088,120.834715550821,104.892016394441,89.2534561254331,79.7245190322237,9.27652436651098,1.03882325847614
67.9701300199735,120.007692764569,104.166740534204,88.7981460269592,79.4043009718421,9.25703683678048,1.07381370492932
68.0411743078751,118.589227795965,102.86018439773,88.0719551519747,78.9589073028898,9.20157531398226,1.1517868678022
68.0342986389154,118.160831540896,102.468945197754,87.8420381758237,78.8056551037621,9.18335049186394,1.17253458943234
68.0233749483725,116.103962710101,100.706110575478,86.6885572034718,77.9565457883349,9.13068003579375,1.26756584201293
67.9932305539611,113.697734657476,98.8247846380252,85.2200622141768,76.7708826746468,9.13131949874946,1.38671567373565
66.8056709355659,105.145319787701,95.2408581178549,82.6317557371009,75.0545047732633,9.15871314754161,1.81047275631012
66.9143415080519,104.917567481888,95.2441859593891,82.6856221448516,75.1657738688425,9.16410052152168,1.82383379553204
67.6185929360941,104.367018202367,95.6207784255277,83.3369517930063,76.1238685198178,9.19052085112705,1.88511981256591
67.8161439587475,104.376875175007,96.3935695285922,84.3083907145653,77.1408700136503,9.18724835548555,1.92023129523777
67.8894191237863,104.662366274502,97.0355620055275,84.9561824945886,77.6455038387933,9.18548308397296,1.93259220270612
67.9884642244682,104.893307988724,97.5321385533173,85.4147122293815,77.9595061049184,9.18248564372396,1.93773834885031
68.0501489927844,104.990985089931,98.1329373161411,85.9179919750878,78.2244417277849,9.15619020506506,1.92851364857765
68.5351921982941,105.058301464785,99.125393313971,86.7596264020863,78.7952089359471,9.10138973127103,1.90175054597741
69.1170111908309,105.107927530845,99.8899702994215,87.4745038040952,79.4326332944051,9.05885875047689,1.88293127284057
69.9308097404986,104.958165958113,101.201715786892,88.746223962971,80.6080683531602,8.94663339038923,1.84002198862604
70.1826197416365,105.014741702753,101.679741535773,89.1849176006449,80.9855673737598,8.91821081327278,1.83513247407335
70.3676316548238,105.07795357337,102.042248640055,89.505047189561,81.2533140369076,8.89969830043781,1.83446375782872
70.9732080484532,105.043064643347,103.293911064716,90.339875847543,82.0450339675545,8.82531240905493,1.86583269211877
71.6486989214339,104.710540997738,103.523011435346,90.4160668833418,82.9845542540847,8.82365842023203,1.93900323489047
72.7379409858789,102.553350431832,103.646481439459,91.2434105584718,86.8769327088214,8.72671358459588,2.06648124154187
72.7595267352384,102.076608344903,104.220182690561,91.9081553438555,87.6565599028998,8.66234213684619,2.07411818428745
72.7972631595459,101.90218332094,104.699090984507,92.3927469601455,88.0711528415841,8.62581007891814,2.07980230881077
72.9962886810318,101.789982870105,105.754602090183,93.3919768445496,88.8331785749023,8.57109617385508,2.09921376642427
73.0148745649701,101.786774806706,105.834193697649,93.4662837046193,88.8897778658327,8.56752760756995,2.10091166636586
73.0208767724194,101.770120963249,105.892046360572,93.5181319037128,88.929927325585,8.56352115864458,2.10202685248714
73.1722671318266,101.56116041193,106.716147835002,94.2598265712296,89.5690921938319,8.51013815324377,2.12156136771619
73.4542664118092,101.502218729673,107.30268750456,94.808733566277,90.1970919402944,8.48249208716863,2.1423534098989
74.5090453777703,101.23405373668,108.844856552046,96.314829811522,92.2584938991978,8.39893007358875,2.18910769412449
75.2206673677135,100.967768264692,109.930915339511,97.3799534373807,93.5838913988861,8.34394131382652,2.21422078293424
75.4182652363276,100.92409829052,110.226946024905,97.6744476578952,93.9250230536139,8.33507134274999,2.22344308439992
76.8832748054943,100.208389387601,112.482434337683,100.054867434841,96.7166470152156,8.29936560426565,2.34065448528471
77.7949081349515,99.7112939845082,113.834244706556,101.605976592796,98.5985248558459,8.29161102005504,2.42466353647035
78.583184788353,99.2827873757678,115.102161649348,103.013501117207,100.341413616585,8.25355541289063,2.45192334682139
78.8737456974486,99.1819430673325,115.564236727307,103.512722725292,100.968473919085,8.23969491306062,2.45489428208966
79.4957907454506,98.6562640675122,116.777340676676,104.830497568,102.717159547737,8.18657795425264,2.44460217080878
79.8794478978763,98.5113929423742,117.481399001536,105.596691412683,103.690723302645,8.17305989194814,2.44570623971
80.1384818428861,98.4604933821242,117.949422245703,106.10645637014,104.316147760641,8.16894917281064,2.44914346954823
81.1424516743338,98.1148478740728,119.991307353033,108.333574948329,106.797153327116,8.16180254462842,2.47550785009668
82.7220856160762,97.7724532064196,122.379990843908,110.831683773384,109.342518298235,8.13305003884794,2.50302795149516
83.2181806437087,97.919433015896,123.190726388602,111.682469037881,110.217570608608,8.11375175748798,2.50364143191039
83.8488041655454,98.6760699503411,124.70538961295,113.296129751653,111.776240681801,8.07649842298938,2.49882539748642
84.146876275146,99.6133212565959,125.889246570487,114.547779194701,112.871009667335,8.05172993334646,2.49329046979679
84.8200536430454,101.257660472577,127.735629851204,116.410641775124,114.420162748815,8.03992875696429,2.49792298905449
85.1990464693797,102.01788627893,128.711383522134,117.346356593338,115.134801839495,8.03345411956763,2.49857323900162
85.2592920066556,102.109719459569,128.83883790719,117.468240264439,115.224971521507,8.03401629506247,2.49950874636996
85.78257661012,102.878725613737,129.927203896199,118.517345493393,115.989971750246,8.0421036888916,2.50958539893685
85.8545846248287,102.981618122022,130.075588663785,118.661795540427,116.093570534615,8.04365445735608,2.51124220607123
85.9549683523351,103.128094238135,130.288529316687,118.872440520021,116.241399204569,8.04633353258819,2.51389465533664
86.9545288110086,105.118471629864,133.241481251307,121.807741861335,118.100642895473,8.04855404388617,2.5191820919379
87.3614965369238,105.805664312456,134.100211524154,122.618283732098,118.656893033992,8.04048012684164,2.51254155176649
87.8954567391117,106.684016310364,135.162762363698,123.507971507266,119.218735503349,8.00149608843843,2.4789438366079
88.1560076422308,107.067488484136,135.568694026296,123.833629779712,119.430899220042,7.98890120401365,2.46720496395089
88.58281525167,107.719459089846,136.200117169876,124.345801288199,119.762535832319,7.97418070141049,2.45208496018135
88.8009293999357,108.087884078514,136.523147932277,124.616619773666,119.935291315326,7.96947991456921,2.44602335202207
89.1523429697773,108.88651190646,137.1614937962,125.139415223626,120.207201069608,7.95130716978035,2.42343372637027
89.9950682675828,111.440302346057,138.596811418621,126.427129048712,121.111276647696,7.90183529016928,2.34184909273791
90.1085043506068,111.870451240717,138.745282595639,126.551646729337,121.269401708309,7.87938873113908,2.31533361798206
90.2161806936941,112.364072284238,138.87602033429,126.647114669327,121.443477151696,7.84381590596112,2.27717909613552
90.2670917051195,116.093315472542,140.13491549734,127.590423609419,122.597332301255,7.47124325882455,1.99214660088652
89.9463439706459,116.956921622324,140.596132307878,127.99170894382,122.643678421607,7.36888318739808,1.9281968518453
89.3371212907537,117.113862318708,140.107041551384,127.726884059657,121.98465463007,7.10689328747138,1.74242393793655
88.4453581711679,117.283615694898,138.395466166859,126.10045812158,120.117630662873,6.76374960488838,1.58125488016339
88.1137762879576,117.285710249997,137.694659372856,126.122218663309,120.263516090574,6.54979701817769,1.4964838754325
88.091470043279,117.313044981405,137.731008086865,126.233738816931,120.334601152139,6.53274551482779,1.48899716862902
88.0400460350693,117.688583493397,138.291568585694,127.062952593574,120.668800899856,6.43756832607757,1.44685332462478
87.7681448945335,118.223659965638,139.176931183344,128.003137907016,120.540322394997,6.29106574767489,1.38031702039266
87.7594768220841,118.243558801868,139.207666293884,128.030490836071,120.528521723853,6.28642697086079,1.3783912557825
87.7138084370493,118.437343139544,139.465288018382,128.234524519315,120.404292995643,6.25206470789984,1.3673153348359
87.9450323897522,119.714037733831,139.944993788164,128.096299384223,119.062945847709,6.19593693137937,1.4713357237679
87.9644401156582,119.745136575319,139.87590577356,128.00178659262,118.977487371598,6.20031895433392,1.48417923616757
88.405534704459,120.082743809432,138.389284433621,126.280712153606,117.81977555947,6.27473634090222,1.70545935954179
88.4710413258566,120.113590620426,138.148253280407,126.023650636061,117.667774095123,6.28060918612827,1.73490489998692
88.2563848528424,119.803259729108,135.729093121188,123.491213311756,115.673230467977,6.18394547805625,1.86542620945058
NaN,NaN,NaN,NaN,NaN,NaN,NaN
NaN,NaN,NaN,NaN,NaN,NaN,NaN
NaN,NaN,NaN,NaN,NaN,NaN,NaN
NaN,NaN,NaN,NaN,NaN,NaN,NaN
NaN,NaN,NaN,NaN,NaN,NaN,NaN
NaN,NaN,NaN,NaN,NaN,NaN,NaN
NaN,NaN,NaN,NaN,NaN,NaN,NaN
NaN,NaN,NaN,NaN,NaN,NaN,NaN
NaN,NaN,NaN,NaN,NaN,NaN,NaN
NaN,NaN,NaN,NaN,NaN,NaN,NaN
NaN,NaN,NaN,NaN,NaN,NaN,NaN
NaN,NaN,NaN,NaN,NaN,NaN,NaN
NaN,NaN,NaN,NaN,NaN,NaN,NaN
NaN,NaN,NaN,NaN,NaN,NaN,NaN
NaN,NaN,NaN,NaN,NaN,NaN,NaN
NaN,NaN,NaN,NaN,NaN,NaN,NaN
NaN,NaN,NaN,NaN,NaN,NaN,NaN
NaN,NaN,NaN,NaN,NaN,NaN,NaN
NaN,NaN,NaN,NaN,NaN,NaN,NaN
NaN,NaN,NaN,NaN,NaN,NaN,NaN
NaN,NaN,NaN,NaN,NaN,NaN,NaN
NaN,NaN,NaN,NaN,NaN,NaN,NaN
NaN,NaN,NaN,NaN,NaN,NaN,NaN
NaN,NaN,NaN,NaN,NaN,NaN,NaN
NaN,NaN,NaN,NaN,NaN,NaN,NaN
NaN,NaN,NaN,NaN,NaN,NaN,NaN
NaN,NaN,NaN,NaN,NaN,NaN,NaN
NaN,NaN,NaN,NaN,NaN,NaN,NaN
NaN,NaN,NaN,NaN,NaN,NaN,NaN
NaN,NaN,NaN,NaN,NaN,NaN,NaN
NaN,NaN,NaN,NaN,NaN,NaN,NaN
NaN,NaN,NaN,NaN,NaN,NaN,NaN
NaN,NaN,NaN,NaN,NaN,NaN,NaN
NaN,NaN,NaN,NaN,NaN,NaN,NaN
NaN,NaN,NaN,NaN,NaN,NaN,NaN
NaN,NaN,NaN,NaN,NaN,NaN,NaN
NaN,NaN,NaN,NaN,NaN,NaN,NaN
NaN,NaN,NaN,NaN,NaN,NaN,NaN
NaN,NaN,NaN,NaN,NaN,NaN,NaN
NaN,NaN,NaN,NaN,NaN,NaN,NaN
NaN,NaN,NaN,NaN,NaN,NaN,NaN
NaN,NaN,NaN,NaN,NaN,NaN,NaN
NaN,NaN,NaN,NaN,NaN,NaN,NaN
NaN,NaN,NaN,NaN,NaN,NaN,NaN
NaN,NaN,NaN,NaN,NaN,NaN,NaN
NaN,NaN,NaN,NaN,NaN,NaN,NaN
NaN,NaN,NaN,NaN,NaN,NaN,NaN
NaN,NaN,NaN,NaN,NaN,NaN,NaN
NaN,NaN,NaN,NaN,NaN,NaN,NaN
NaN,NaN,NaN,NaN,NaN,NaN,NaN
NaN,NaN,NaN,NaN,NaN,NaN,NaN
NaN,NaN,NaN,NaN,NaN,NaN,NaN
NaN,NaN,NaN,NaN,NaN,NaN,NaN
NaN,NaN,NaN,NaN,NaN,NaN,NaN
NaN,NaN,NaN,NaN,NaN,NaN,NaN
NaN,NaN,NaN,NaN,NaN,NaN,NaN
NaN,NaN,NaN,NaN,NaN,NaN,NaN
NaN,NaN,NaN,NaN,NaN,NaN,NaN
NaN,NaN,NaN,NaN,NaN,NaN,NaN
NaN,NaN,NaN,NaN,NaN,NaN,NaN
NaN,NaN,NaN,NaN,NaN,NaN,NaN
NaN,NaN,NaN,NaN,NaN,NaN,NaN
NaN,NaN,NaN,NaN,NaN,NaN,NaN
NaN,NaN,NaN,NaN,NaN,NaN,NaN
NaN,NaN,NaN,NaN,NaN,NaN,NaN
NaN,NaN,NaN,NaN,NaN,NaN,NaN
NaN,NaN,NaN,NaN,NaN,NaN,NaN
NaN,NaN,NaN,NaN,NaN,NaN,NaN
NaN,NaN,NaN,NaN,NaN,NaN,NaN
NaN,NaN,NaN,NaN,NaN,NaN,NaN
NaN,NaN,NaN,NaN,NaN,NaN,NaN
NaN,NaN,NaN,NaN,NaN,NaN,NaN
NaN,NaN,NaN,NaN,NaN,NaN,NaN
NaN,NaN,NaN,NaN,NaN,NaN,NaN
NaN,NaN,NaN,NaN,NaN,NaN,NaN
NaN,NaN,NaN,NaN,NaN,NaN,NaN
NaN,NaN,NaN,NaN,NaN,NaN,NaN
NaN,NaN,NaN,NaN,NaN,NaN,NaN
NaN,NaN,NaN,NaN,NaN,NaN,NaN
NaN,NaN,NaN,NaN,NaN,NaN,NaN
NaN,NaN,NaN,NaN,NaN,NaN,NaN
NaN,NaN,NaN,NaN,NaN,NaN,NaN
NaN,NaN,NaN,NaN,NaN,NaN,NaN
NaN,NaN,NaN,NaN,NaN,NaN,NaN
NaN,NaN,NaN,NaN,NaN,NaN,NaN
NaN,NaN,NaN,NaN,NaN,NaN,NaN
NaN,NaN,NaN,NaN,NaN,NaN,NaN
NaN,NaN,NaN,NaN,NaN,NaN,NaN
NaN,NaN,NaN,NaN,NaN,NaN,NaN
NaN,NaN,NaN,NaN,NaN,NaN,NaN
NaN,NaN,NaN,NaN,NaN,NaN,NaN
NaN,NaN,NaN,NaN,NaN,NaN,NaN
NaN,NaN,NaN,NaN,NaN,NaN,NaN
NaN,NaN,NaN,NaN,NaN,NaN,NaN
NaN,NaN,NaN,NaN,NaN,NaN,NaN
NaN,NaN,NaN,NaN,NaN,NaN,NaN
NaN,NaN,NaN,NaN,NaN,NaN,NaN
NaN,NaN,NaN,NaN,NaN,NaN,NaN
NaN,NaN,NaN,NaN,NaN,NaN,NaN
NaN,NaN,NaN,NaN,NaN,NaN,NaN
NaN,NaN,NaN,NaN,NaN,NaN,NaN
NaN,NaN,NaN,NaN,NaN,NaN,NaN
NaN,NaN,NaN,NaN,NaN,NaN,NaN
NaN,NaN,NaN,NaN,NaN,NaN,NaN
NaN,NaN,NaN,NaN,NaN,NaN,NaN
NaN,NaN,NaN,NaN,NaN,NaN,NaN
NaN,NaN,NaN,NaN,NaN,NaN,NaN
NaN,NaN,NaN,NaN,NaN,NaN,NaN
NaN,NaN,NaN,NaN,NaN,NaN,NaN
NaN,NaN,NaN,NaN,NaN,NaN,NaN
NaN,NaN,NaN,NaN,NaN,NaN,NaN
NaN,NaN,NaN,NaN,NaN,NaN,NaN
NaN,NaN,NaN,NaN,NaN,NaN,NaN
NaN,NaN,NaN,NaN,NaN,NaN,NaN
NaN,NaN,NaN,NaN,NaN,NaN,NaN
NaN,NaN,NaN,NaN,NaN,NaN,NaN
NaN,NaN,NaN,NaN,NaN,NaN,NaN
NaN,NaN,NaN,NaN,NaN,NaN,NaN
NaN,NaN,NaN,NaN,NaN,NaN,NaN
NaN,NaN,NaN,NaN,NaN,NaN,NaN
NaN,NaN,NaN,NaN,NaN,NaN,NaN
NaN,NaN,NaN,NaN,NaN,NaN,NaN
NaN,NaN,NaN,NaN,NaN,NaN,NaN
NaN,NaN,NaN,NaN,NaN,NaN,NaN
NaN,NaN,NaN,NaN,NaN,NaN,NaN
NaN,NaN,NaN,NaN,NaN,NaN,NaN
NaN,NaN,NaN,NaN,NaN,NaN,NaN
NaN,NaN,NaN,NaN,NaN,NaN,NaN
NaN,NaN,NaN,NaN,NaN,NaN,NaN
NaN,NaN,NaN,NaN,NaN,NaN,NaN
NaN,NaN,NaN,NaN,NaN,NaN,NaN
NaN,NaN,NaN,NaN,NaN,NaN,NaN
NaN,NaN,NaN,NaN,NaN,NaN,NaN
NaN,NaN,NaN,NaN,NaN,NaN,NaN
NaN,NaN,NaN,NaN,NaN,NaN,NaN
