NaN,NaN,NaN,NaN,NaN,NaN,NaN
147.951088767959,172.995391866928,204.277170183188,195.197016552797,194.315389835391,28.0692654136661,14.1111109555632
143.893670308224,169.751651622774,201.220154565125,191.833473486233,190.674215081364,27.4451664466437,13.6874291077743
140.119627620655,166.470537536193,198.020198935886,188.378820184172,186.994118135898,26.8962540753535,13.3097611996957
130.611927703192,158.174721383868,189.93051067051,179.651207539546,177.674934072184,25.5168275958667,12.3608251728031
122.015690246462,150.639878733536,182.596103855769,171.745781274557,169.182487215464,24.2735139003917,11.5061071772148
112.520743256617,142.448428984689,174.79831109811,163.32442357656,159.830298595761,22.8840223193507,10.5572773212397
111.816146043131,141.865882382344,174.271810812965,162.752421356253,159.146129646797,22.7777319521873,10.4858094556305
111.296492359483,141.775910089625,174.566802585354,163.031498941215,158.783178452958,22.6569483018906,10.4181346332414
111.692663300108,142.208091777255,175.07279267101,163.569096274668,159.211300779462,22.7036954669844,10.4536980120505
113.968296952315,144.42512651711,177.441840613104,166.109649565475,161.558542479762,23.0056169036564,10.6696070898279
120.934026187371,151.136038543149,184.523815961953,173.730023571615,168.699532808718,23.9415429042295,11.3342721733557
121.571970207587,151.747109073607,185.164451706916,174.420596654209,169.351468516263,24.02780846629,11.3953208835511
122.546603211536,152.681175754529,186.143625735382,175.476711043635,170.347361219921,24.159663325065,11.4885852590578
124.328426074501,154.40082224786,187.944232243554,177.433811773245,172.165204734636,24.4022056067501,11.6589899995296
126.108062858405,156.118358944944,189.742629627427,179.388511379255,173.980817977348,24.6444503186742,11.8291856741943
127.468028772084,157.434275425447,191.121465111715,180.888262701972,175.368541700168,24.8295473259675,11.9592274605973
126.069123404926,157.100545706301,191.065285083615,180.988633119058,174.091591425427,24.6312108963643,11.8282658085364
125.129676144088,156.360866582214,190.336143639002,180.198586835876,173.168504494443,24.5030626619725,11.7407271359644
124.399569297836,155.784901524084,189.767022386617,179.576385845072,172.453352578993,24.4038753710358,11.6731793819394
121.233131708737,153.305805188093,187.32294526663,176.892506053097,169.363827456851,23.9755276287998,11.3817983758711
118.546451897475,151.28818966428,185.359376511155,174.681712849879,166.797354186982,23.6203890862023,11.1417237644934
117.808863780433,150.805350284143,184.914876500354,174.147389962637,166.125546507082,23.5276872599238,11.0805806467123
116.431211854354,150.490821067675,184.886734049304,173.787001651555,165.131282829703,23.3946312753338,11.0055697455084
116.431324866196,150.491645305434,184.887832673529,173.787908780951,165.131715598048,23.3946968229093,11.0056291225838
118.859287217281,153.631126751666,188.567466935008,177.376599424536,167.995860032543,23.8113581819144,11.3131257728376
119.298382929155,154.128044070181,189.144012428776,177.958910630656,168.48016144206,23.882472963528,11.3644013144959
121.299216890238,156.381695427244,191.818941386942,180.684964309855,170.672999772674,24.2121929367538,11.6002717765751
122.425591516914,157.661658957232,193.427464618125,182.349880897895,171.894665350524,24.4068965385428,11.7381763659734
120.619794375627,156.531079426898,193.417128174568,182.498694904258,169.920702320974,24.2636089544799,11.6579702920482
117.973034340135,154.304775041759,191.439151416517,180.545499887505,167.113843810478,23.9078045577033,11.4478813731942
117.573068109251,154.005163353685,191.177054294019,180.295417215606,166.712973024192,23.8523711551876,11.4224688901132
119.640798909746,156.716794073634,194.565070249461,183.898239578135,169.641043044625,24.1486153999131,11.7590886083271
119.743878567529,156.933069272528,194.938222505025,184.29332629356,169.896188888169,24.1633561305837,11.7868890701812
119.595637971285,156.949268504813,195.120503242344,184.48486426304,169.875929424084,24.1356900387239,11.7914353825578
119.493908511049,156.912974040227,195.141430835013,184.506232976973,169.811798469847,24.1176413171972,11.7881039405766
119.158249059476,156.700399075965,194.954774695969,184.298556123245,169.445784045331,24.0535705076847,11.7620474036884
119.081651777241,156.651082782082,194.909957207547,184.248746351826,169.360917586354,24.03891031207,11.7559703748866
119.004619417759,156.601486368633,194.86488515305,184.198653657859,169.275569080701,24.0241668456477,11.7498588281896
118.89868235128,156.533279986485,194.802900796533,184.129764776791,169.158195416204,24.0038912161201,11.7414540573494
118.167703909599,156.049468862477,194.103783008836,183.326450696021,168.065952786554,23.8341221286064,11.6699399658616
118.123128830361,156.019486602644,194.046476240225,183.260083940936,167.984820117463,23.8222373285428,11.6648649737126
117.589734340674,155.678097115145,193.269616619417,182.345062333498,166.884296609394,23.6634375228107,11.6005075194862
117.487742537811,155.833717246817,191.998294209229,180.650494963133,164.997386864777,23.420045332922,11.5471490965159
117.496038887471,155.844121389218,191.983695566042,180.628226847499,164.973678946801,23.4173721309735,11.5472360632606
117.568372012118,155.93483166059,191.856414831671,180.434078523268,164.766977462857,23.3940653686431,11.547994297501
118.03976497396,156.418481034657,191.307815977891,179.5521932405,163.846285592283,23.301426938771,11.5668510500692
118.201164039959,156.540253535608,190.917008958517,178.996373407579,163.282585540704,23.2460985201972,11.5696075448227
118.250766266975,156.564903097357,190.736251479441,178.750595243497,163.03470510253,23.221202888624,11.5695290104528
118.259432014928,156.56374384185,190.678721620563,178.675584184837,162.959463479473,23.2134769362323,11.5691192284461
118.233708553852,155.787126794996,187.594704366584,175.058692977,159.494150280088,22.776202588543,11.5318867856313
118.226526643285,155.765630701511,187.542305517791,175.00341975786,159.445930091521,22.767804363334,11.5309283118509
118.131836669615,155.480072391146,186.843063648208,174.264665929268,158.804571215835,22.6534305791676,11.5184478653807
117.956487074726,154.787925639038,184.897296925201,171.93616841185,156.784313710413,22.1837642511378,11.5117281599895
117.959447948651,154.774796459689,184.83240240004,171.811466447865,156.659385182853,22.1504480540337,11.5155141248833
117.686326580474,154.486180039029,184.369065744144,170.723057926436,155.427900102079,21.8670980142881,11.5324044243041
117.465617117241,154.585035409472,184.91016052303,169.876461416053,153.967894975832,21.5677671599359,11.6530849202815
117.124295144847,154.661975704372,185.399303501344,169.262347016398,152.884362985972,21.4094750874899,11.7715550763291
117.08687448272,154.662920279221,185.428680816983,169.200634966353,152.787661449388,21.397270923564,11.7817734188232
117.037939983066,154.664155487125,185.467097139952,169.119934943424,152.661206142622,21.3813117015333,11.7951358087125
116.977226202462,154.680119419497,185.527874154622,169.00151611122,152.478343851435,21.360853111125,11.8179751241696
116.956217794464,154.686704479711,185.549868682714,168.959195270098,152.413159751616,21.3537255890655,11.8263384048141
116.948024432219,154.68927267925,185.558446635696,168.942689974608,152.387737694769,21.3509458272605,11.8296001173568
116.907680949555,154.701918295359,185.60068381344,168.861419174828,152.262561450989,21.3372584948999,11.845660537914
116.762376074668,154.805510813567,185.82293867433,168.485608174929,151.674475705435,21.2806895408501,11.9299311580311
116.74444706188,154.842038679404,185.884135396912,168.404238520848,151.538762415432,21.2699170161051,11.9513815339962
116.737980852994,154.85573030737,185.906956074273,168.374126455873,151.488421387772,21.2659469951497,11.9593593139629
116.712640594154,154.909386074255,185.996387436837,168.256121062878,151.291141235865,21.2503889826583,11.9906232296373
116.630296850188,154.913411168926,186.04185451647,168.069605543581,151.010812549955,21.2268469221632,12.0196017431973
116.538026347639,154.883874321832,186.043801585911,167.899972327531,150.768796927819,21.2058666117915,12.0375589062781
116.11091157263,155.096378388925,186.669204982689,166.521666606996,148.459257218937,21.0303056137548,12.2875797929768
116.112740343478,155.10478907061,186.681197502109,166.512008957764,148.439950625502,21.0288713379579,12.2906958772511
116.013404890687,155.249640895796,186.925160494804,166.000286139665,147.611706447715,20.9551579656771,12.3819929981127
116.006627857681,155.250549616463,186.928451256869,165.980829648903,147.583192616413,20.9523901817324,12.3843357705453
115.97180882302,155.259539742103,186.948731102338,165.873505621572,147.426836201366,20.9369327796063,12.3976860341067
115.900647950382,155.309135958278,187.014545630365,165.600981916045,147.03605740661,20.8964036214809,12.4344613901156
115.844380576404,155.382176531531,187.096468579851,165.328145423055,146.647423127456,20.8544638017298,12.4738819499308
115.747570238949,155.811506934387,187.550822444166,164.371233468628,145.27192099463,20.6878049147547,12.6282123178367
115.696443621147,155.801319597301,187.549578462326,164.265730945932,145.134082297824,20.6696286569878,12.6339481883705
115.680739206745,155.798190382615,187.549196352045,164.233324043069,145.091742786464,20.664045508786,12.6357100590299
115.613671021408,155.784826576419,187.547564489659,164.094925239278,144.910925207256,20.6402017914219,12.6432344063184
115.613114157024,155.784715617286,187.547550940372,164.093776119702,144.909423886332,20.6400038180172,12.6432968806645
115.585492071059,155.779211722977,187.546878856539,164.036776461271,144.834954021197,20.6301837638819,12.6463957891349
115.461539504785,155.761482940481,187.562221404618,163.785157551716,144.495916010997,20.5843918387454,12.6612865396993
115.405457659063,155.756938883561,187.578322415856,163.673390996801,144.340095552711,20.5628128441379,12.6685150190013
115.336876379198,155.751382054335,187.598011995319,163.536714086768,144.149546074159,20.5364243569305,12.6773545704752
115.319541375412,155.749977477812,187.602988848116,163.502166834843,144.101381678006,20.5297542491905,12.6795889069963
115.091365971677,155.80304520861,187.808760295712,163.035399023551,143.381572015916,20.4220357092706,12.7250141976943
115.090568321361,155.803713448013,187.810329498922,163.033593012447,143.378427962321,20.4215206149007,12.7252930008899
115.035308550384,155.850007865055,187.919041058713,162.90847583011,143.160613616649,20.3858358087303,12.7446079819403
114.854848759854,156.042723265588,188.33246289821,162.502277604404,142.427037897575,20.2583614100887,12.8226958319724
114.545928234802,156.029004386911,188.461220189542,162.04418907936,141.739715347592,20.1446374147273,12.8754162569882
114.180616228561,156.422601715563,189.147863217495,161.004560731981,140.033372941631,19.9009588728586,13.1530725638964
114.170311756941,156.418848291451,189.147651850929,160.980717940265,140.000426371474,19.8973360787793,13.1564355964366
114.104549340537,156.394894201563,189.146302924303,160.828554912906,139.790163667511,19.8742156606179,13.1778982346428
114.000142731748,156.356863888376,189.144161323337,160.586975808326,139.456343575789,19.837508912508,13.2119730359251
113.856666309962,156.30558252588,189.184559354139,160.129322573512,138.804934217588,19.7690594227478,13.2819515008189
113.822599606471,156.329719628537,189.398106152687,159.496122722705,137.86825970495,19.6634685501701,13.3900277490557
113.956934818328,156.457478974431,189.701816106635,159.02800632583,137.179927143133,19.5684949777574,13.472632564683
113.974328377464,156.471030943561,189.747759317804,158.920927547091,137.037473048939,19.547060937312,13.4850326819603
113.95245535125,156.44219260735,189.764866373458,158.694451971911,136.768515075521,19.5054808841878,13.4956798478045
113.92411461861,156.403096597303,189.79702488589,158.332974901977,136.343571597319,19.438969907191,13.5124319319496
113.926387511633,156.402676115693,189.814981575632,158.222153869306,136.22053267034,19.4183369167656,13.51716432983
113.930152848478,156.40197953434,189.844729119756,158.038564710793,136.016703013426,19.3841557396145,13.5250041497962
113.943506968967,156.409573662119,189.895797209532,157.751490435834,135.703588374495,19.3312600363845,13.5373916065157
114.019762317079,156.483139803576,190.023850353041,157.198908603236,135.139556611736,19.2336858318513,13.5622577167671
114.128249602321,156.596791794016,190.155145893451,156.677039500557,134.642022691419,19.1498092598645,13.5880559351846
114.150944267882,156.612368305486,190.067687632855,154.131878269461,132.356438554228,18.8321212104163,13.6496428198004
114.152490464814,156.590534606007,190.032772435052,153.758118956896,132.026805308302,18.7887407569962,13.656767020662
114.154445173377,156.569067807799,189.998465766103,153.388266430467,131.70066504884,18.7458049001509,13.6638433608424
114.158595079588,156.561164271014,189.986420299653,153.231365072564,131.562520365524,18.7271686680797,13.666961926154
114.175696454409,156.557017532048,189.982647294343,153.058848914228,131.411430897708,18.7050855042714,13.6708310894885
114.332029317141,156.330245427363,189.894321144134,150.770866206771,129.405163286879,18.3516756057633,13.6770976524689
114.33869096233,156.287844403254,189.883901366835,150.506419855898,129.174732935964,18.3018700369417,13.6707067351763
114.415648064999,156.252774654014,189.939175145266,149.836218724098,128.603683846649,18.1635757921296,13.6543825165166
114.497394544073,156.295135725356,190.026155746744,149.473087206074,128.304787127675,18.0828977632074,13.6472851860357
114.529818359391,156.315570844967,190.061890913945,149.343459403802,128.198990039221,18.0536932324133,13.6449413931477
114.698336836646,156.47013914915,190.25796620069,148.761529540694,127.735583344804,17.9232904943781,13.6390116690583
114.690674496984,156.474527341173,190.260979232938,148.433550915508,127.465965678062,17.8607546536402,13.6298845195716
114.689049031164,156.473534664661,190.259681668019,148.420796214088,127.455351078185,17.858457809166,13.629447805886
114.672740387354,156.463574930377,190.246662923584,148.292825585703,127.348852543122,17.8354130807175,13.6250661647214
114.66299713588,156.457624699514,190.238885152338,148.216372262664,127.285227264362,17.8216454991198,13.6224484466433
114.656242400554,156.453499563801,190.233493031818,148.163369221186,127.241117562452,17.8121008034875,13.620633652801
114.577685285624,156.409233686607,190.151782911852,147.520797568733,126.712373739129,17.6992204734999,13.6012410181615
114.528441910891,156.381144942334,190.086159047938,147.093492046701,126.364422689476,17.6256021666362,13.5899384722833
114.492570810044,156.347341473408,189.999354779836,146.697395465387,126.048263252628,17.5585712477011,13.5822629971925
114.456048512987,156.282703723419,189.852468231368,146.169859653699,125.632338933849,17.4694560384412,13.5743126346006
114.436908132591,156.086894937575,189.487504221675,145.31844164079,124.977543327508,17.3269409548453,13.5692008366039
114.35772198897,155.815394347893,189.09972204078,144.748133057893,124.529281438405,17.239439514817,13.560711191117
114.035830702954,154.803590229425,187.760991661987,143.215647086746,123.302656703573,17.03272947088,13.5309645909912
113.872046315925,153.312616635183,185.689706415103,141.098975967724,121.627289121946,16.822123028933,13.5370630622775
113.653959522076,151.453862683568,183.024923306359,138.23657293238,119.284986076135,16.610495574738,13.5561860996094
113.644836825614,151.394872739505,182.939985641527,138.141125222674,119.205065270053,16.6035462046009,13.5562747283768
113.564757692864,150.877058343179,182.194401858753,137.303284147095,118.503519530132,16.5425445549203,13.5570527127002
113.522658360362,150.064644145523,181.000024733275,135.90749626905,117.329062830582,16.4253482721896,13.5570126080865
113.713963945584,149.36011217954,179.955673079884,134.636726581422,116.260924826003,16.2433724499848,13.5437063543053
113.73360097281,149.321514080947,179.898815558344,134.566934575081,116.202581398367,16.2298452186259,13.5423102599739
113.735978681452,149.290345799664,179.860263724738,134.52522123774,116.166623777143,16.2184189089696,13.5392105066097
113.825722818499,148.672615147386,179.189171976863,133.970241571428,115.711178996359,15.8770966790906,13.4327410560829
113.857449223223,148.656783011726,179.179362961336,133.99348319398,115.741420846705,15.8427899050532,13.4233363104975
113.918141287319,148.632572004129,179.165927785013,134.042059293054,115.803782443277,15.779977382551,13.4066222639912
114.083090295265,148.682145465324,179.230615874209,134.252227695505,116.058902538331,15.6627357307192,13.3854480581632
114.273634243544,148.737507847176,179.068251498747,134.442629172242,116.861527118609,15.2141359193375,13.3836001817797
114.274259862766,148.738435828015,179.056314423225,134.428679229768,116.88200534009,15.2005413006326,13.3865406867967
114.282846690678,148.746991845605,179.019486508777,134.374042892967,116.961920730094,15.1511290312494,13.3987226580966
114.318028146099,148.778141985413,178.98723270807,134.277996697173,117.10145748531,15.0768108208513,13.4223149139879
114.319557273937,148.779495896029,178.985830827904,134.273822142424,117.107522315045,15.0735806519145,13.4233403285091
114.344045367219,148.797323169595,178.988118964349,134.240758502064,117.167003408522,15.0467042540657,13.4313176604233
114.353693154881,148.772184409091,178.906696962215,134.013970491044,117.320734724444,14.9249579964955,13.4465776438121
114.294193892716,148.693507203996,178.808113513749,133.854968530371,117.323335649131,14.8652747129094,13.4412354803318
114.259514830691,148.63493592929,178.727327972291,133.719515281414,117.34095047527,14.8072508352119,13.4323635460412
114.239399080116,148.493939128175,178.442492586058,133.237222865195,117.484560503862,14.5649728136902,13.3813410516303
114.297418354448,148.503060352247,178.354430407573,133.101210822721,117.560902262307,14.4833144273103,13.36052453239
114.30791933317,148.504711213637,178.338491927245,133.076593838443,117.574719449618,14.4685349770707,13.3567569253638
114.447026033999,148.557118723417,178.180303795264,132.851409080513,117.713818622298,14.3329378039728,13.3234053764712
114.499144853474,148.512144624607,177.843344926854,132.471337229611,117.739598498014,14.1765997323347,13.2767825517824
114.492039650016,148.442311790818,177.575120863566,132.190319304423,117.713398949276,14.0784469197341,13.2465671709865
114.583723124129,148.361664041052,177.074338846731,131.700992580819,117.806254187596,13.8812195263638,13.2093299299745
114.619312164874,148.356941051524,177.009375788654,131.64505910269,117.860286375866,13.8480081721861,13.2077744481673
115.001065274658,148.398181956967,177.183384607218,131.969598778205,118.717240239558,13.7253606444679,13.2643511884684
115.001364364841,148.39577243312,177.185922493237,131.973919261127,118.723624511345,13.7248331796211,13.2647316151196
115.100526475746,148.102061106452,177.75530930282,132.814523620383,119.778786405258,13.6770994337194,13.3300598829922
115.570442919449,148.014947167871,179.451315265726,134.935161466771,121.894633954241,13.7219050601288,13.4651772863462
116.271856246361,148.241023006505,182.273473121058,138.163196926077,124.848445848966,13.8771883275976,13.6332776720801
116.481493611049,148.457555290149,183.044800007607,138.943270616408,125.521985204696,13.9421151404147,13.6757845229625
116.661215992383,148.686169024263,183.645423109613,139.519194954272,126.009668800929,14.001706090509,13.7104838144352
117.142097899568,149.561042689361,185.811410393885,141.508765913894,127.633006370606,14.276007133467,13.8374669621626
117.190258265066,149.709829048586,186.186595615621,141.853328510408,127.908808389963,14.3382571105316,13.8622121789692
117.395714788236,150.230322063184,187.389101434003,143.002460026833,128.864112442453,14.5604782409029,13.9563945866634
117.461495559953,150.351505991452,187.62873094471,143.255837751236,129.09335313205,14.6146568319458,13.9817813302869
117.916246435189,151.095886975261,189.022002296386,145.021105373239,130.856181335796,15.0536806445737,14.1856597318228
117.953788967752,151.134456024329,189.073783639205,145.18128793549,131.058963601014,15.11018462142,14.209818102737
118.247651364296,151.330861784402,189.164243222573,145.883613324316,132.039719444358,15.3685208084416,14.3222164816754
118.438549490241,151.428472929166,189.150015457714,146.155295348376,132.451703822157,15.4636799564882,14.3636671050971
118.448023180415,151.43331707176,189.149309377256,146.168778096356,132.472149346872,15.4684024139843,14.3657241727707
118.974444276332,151.550201905705,188.899565925827,146.910124436786,133.680399714111,15.7276993354824,14.4519971474135
119.208355063295,151.549833387994,188.789204341979,147.303475218938,134.293669738685,15.8456595039634,14.4781139231133
119.565893006663,151.655936726467,188.848237424993,147.896825493852,135.119403368112,15.9851911617522,14.5171854279
119.608027783457,151.671876947784,188.861824377439,147.966582699436,135.213948283533,16.0004818683095,14.5218751344126
119.633640131249,151.681566485105,188.870083439857,148.008985815018,135.2714190343,16.0097765869274,14.5247258530678
120.080352743318,151.82518101755,188.994956101649,148.870072129616,136.50186791979,16.1943873759096,14.5756034180867
120.258002294518,151.810032480159,188.919695843491,149.37701227863,137.352129217934,16.3091484779817,14.5893057519118
120.788798129256,152.076779946643,188.94381624002,150.527229067119,139.247347401441,16.499436115007,14.5921261315812
120.81375233522,152.093209623697,188.949398671594,150.578013666037,139.328279119121,16.5064624405358,14.5915858392779
120.878148310479,152.132210723911,188.95511423977,150.723375127815,139.566206484271,16.5266866360971,14.5881390991103
120.879354769204,152.125755861558,188.936837857845,150.756366702734,139.632175334109,16.5314916039169,14.5837326896342
120.881461706399,152.114483209368,188.904920322587,150.813982578788,139.747382112958,16.5398829108194,14.5760374176493
120.881709026968,152.113159981151,188.901173716857,150.820745756761,139.760905537445,16.5408679154031,14.5751341163797
120.887325326265,152.083111345286,188.816093615162,150.974327935154,140.068003324954,16.5632359722986,14.5546214258554
120.941316579611,152.068498788994,188.70843230211,151.338358254976,140.721925268869,16.6169442366443,14.5178641474999
121.009998057179,152.098359454673,188.703682847667,151.578781233882,141.102282207424,16.6565396454849,14.5074553890018
121.034721925553,152.109182392079,188.702175819059,151.664983812197,141.238505543893,16.6707493813684,14.503765528544
121.082689605469,152.134040687572,188.710514941104,151.810052232407,141.459457588978,16.6960861826291,14.5009679073023
121.136936422387,152.166663264386,188.733104881411,151.948200651305,141.658696503005,16.7221318491231,14.5028995339269
121.578559803123,152.330183583675,188.809715631259,153.233703818343,143.558533981829,17.0521290766799,14.5898311047884
121.647535484832,152.325894283318,188.774827737778,153.46369712545,143.928373202948,17.1339935981196,14.6234731456832
121.766143054923,152.355501489903,188.755024767359,153.758379159144,144.397724996392,17.2337489827632,14.6706988955777
121.934530243805,152.438180693177,188.767489457338,154.103253824391,144.939354660692,17.3311318863765,14.7197141217322
122.123708511202,152.517449780557,188.649137334729,154.70428174194,145.992138779305,17.4458940023182,14.7465547742333
122.164276180447,152.581508922797,188.476494250795,155.26887954868,147.026539081219,17.4099314273838,14.635855960505
122.175930429608,152.597986132875,188.481969544727,155.311598734389,147.091492217016,17.4053903206064,14.6280606101612
122.230008373246,152.674443537006,188.507375955094,155.509823921204,147.392887181921,17.3843187171955,14.5918886946027
122.420164685592,152.922927835376,188.642269631981,156.069532853056,148.194125706627,17.3330643114191,14.5062016300646
122.425261811085,152.943442154778,188.630071427795,156.190153037388,148.3868846976,17.3131158594892,14.4754345980124
122.423338052775,152.944432188238,188.624633074884,156.211143789351,148.422121836175,17.3089513159886,14.4691019442851
122.420019792447,152.946139881319,188.615252545833,156.247350405918,148.482901820023,17.3017679606728,14.4581788498789
122.433669554623,152.989244801972,188.556362927636,156.617254545632,149.083319128139,17.2462390664322,14.3699718844695
122.496134554624,153.047628546312,188.549375928985,156.898487379062,149.518299108254,17.2251644597611,14.3301734303707
122.553859681489,153.093319386172,188.556074231149,157.082836629511,149.796831417139,17.2186866945166,14.3134152818437
122.589171845673,153.120390686839,188.561039258481,157.189992904384,149.957847930539,17.2158449264352,14.3048500974108
122.623478333186,153.142813541563,188.569688937024,157.269329525717,150.072952272627,17.2180277501638,14.3039662181213
122.732686922867,153.214192703893,188.597223647321,157.521883522181,150.439366434409,17.2249763805314,14.3011525459079
123.061283190678,153.405459946263,188.689597300155,158.213507259017,151.409916610863,17.2667893504102,14.3234609351024
123.220936855295,153.211729092349,188.389638097279,159.165696825453,152.761800388743,17.3432626409178,14.3758388513819
123.380783854063,153.18732559605,188.361413983144,159.841604788359,153.545304494038,17.3941053939724,14.4233107529181
123.502859571843,153.203398632602,188.390707038596,160.330339606683,154.068321595213,17.4279931217529,14.4566860630045
123.580226043241,153.233534331789,188.436803858934,160.638362815593,154.37375621355,17.4476643996722,14.476480196534
123.729982128008,153.262517503623,188.525712682955,161.562381736688,155.255488259199,17.5002480532866,14.527509835627
123.805008536274,153.27710113658,188.698467467309,163.669098400067,157.05737272439,17.6065117344159,14.6220795222231
123.861335692416,153.359280735443,188.798887246482,164.153922572389,157.459904946556,17.6402644161166,14.6528091818003
123.882885559424,153.391000085991,188.836883138851,164.333044078116,157.608590010164,17.6529614881702,14.6643747460387
124.052580256491,153.644133997385,189.097410249199,165.472316529643,158.56381961382,17.7488173548556,14.7517774268641
123.90319703902,153.590054983336,188.957524101801,166.388803363352,159.311515789279,17.8534589055872,14.8368127941661
123.873328482552,153.573564414182,188.893274098109,166.752417625049,159.616043842864,17.9017625076865,14.8784609858283
123.908565670241,153.555500504648,188.76322748818,167.677707544967,160.396368991467,18.0298949383924,14.9949371734449
123.991170558336,153.562937953374,188.739587844655,168.205407354857,160.829222787986,18.0993878722839,15.0610119030029
123.95742698952,153.405454788475,188.57183513631,168.804186731183,161.269377238544,18.1776307676825,15.1323431831926
123.931584821047,153.331779098069,188.506385394528,169.019548564096,161.415494367888,18.2048041265948,15.1569349940981
123.927104491817,153.300846680632,188.487950829699,169.153637552884,161.504051582266,18.2208274071319,15.1718749745996
123.914196368594,153.211728351286,188.434839635816,169.539956749852,161.759190742116,18.2669915323583,15.214918041165
124.057974059095,153.273865050669,188.707463983079,170.759111665432,162.557487909817,18.4056267319988,15.3499751956425
124.201400241032,153.467684504385,189.05215965101,171.486886757308,163.047364254092,18.4872779620419,15.4309292509389
124.237051365777,153.524755950308,189.143997450608,171.647044723912,163.157172183823,18.5051640670404,15.4487428260804
124.325356269482,153.906166113517,189.801484847119,172.715116305573,163.861798031902,18.6225791396931,15.5616070000262
124.329150948596,153.989756543612,189.938410389928,172.907812232781,163.991583619217,18.6428419579951,15.5807831043688
124.407428449082,154.634678961052,190.863829012894,173.999764532186,164.801646538168,18.7478000822982,15.6820976911094
124.411013404903,154.65712792822,190.893880404565,174.032285196547,164.827689320065,18.7506311924788,15.6848875706361
124.634722920768,155.927384436696,192.54149807738,175.773418843411,166.28811942557,18.8900019423187,15.8247612065345
124.72975259509,156.419657782735,193.155086438914,176.412020381651,166.862871000027,18.9332611884936,15.8701313589595
124.834678871019,157.363807498926,194.341336981,177.663446408729,168.012356002856,19.0077020901786,15.9494086964312
124.756962250162,158.572524317537,195.913345411249,179.38569003343,169.636939075513,19.0888066122698,16.0416340203972
124.755579313082,158.595459130014,195.943265781569,179.418729724164,169.668359915735,19.0903404592019,16.0434447140232
124.733700572978,159.06527980194,196.565921738894,180.115303400419,170.333405808958,19.12669856837,16.0890949928067
124.705629816797,160.031984581946,197.872022004618,181.586413462872,171.727512545125,19.2236851816603,16.2141892361392
124.708278046161,160.343623365188,198.305957500417,182.076643239381,172.177712092749,19.2744960297102,16.2797970939005
124.497086312457,160.590467835738,198.737642188335,182.600183733934,172.614108681158,19.360550509824,16.3909788797545
124.255250470361,160.616055002382,198.860532802658,182.816772155528,172.645146642418,19.5223338214644,16.5871563086281
124.24396412344,160.615709548615,198.861462127513,182.827778163008,172.634457265589,19.5405433057192,16.6085570806049
124.252650395186,160.620475783581,198.856492857066,182.841176576359,172.61579084653,19.5652567320811,16.6365064917865
124.269323322142,160.629624367665,198.846954555064,182.866894257506,172.579961453826,19.6126930965673,16.6901541906757
124.269589736987,160.629770551871,198.846802143597,182.867305197471,172.579388939948,19.6134510769561,16.6910114212857
124.274319189223,160.632365644596,198.844096503259,182.874600289983,172.569225553407,19.6269069039187,16.7062291590068
124.284444538565,160.638146092952,198.842416685899,182.886732279605,172.559766508076,19.6425928857886,16.7237184035543
124.331697850441,160.665705123897,198.845247284932,182.934305739838,172.547533470989,19.6817536770208,16.7661867849475
124.395150386995,160.702711851023,198.849048260597,182.998188176954,172.531106744435,19.734339441669,16.8232140369173
124.280994427039,160.559848073556,198.653549651822,183.014840125763,172.295951032784,19.8253429434436,16.9123916589947
124.222782416209,160.528445501914,198.649190409722,183.143864833117,172.236832309108,19.8785427542764,16.9619256928615
124.180880343795,160.537950857752,198.721845104706,183.302142517083,172.24204201744,19.9166317836428,16.9965907279325
124.15051882838,160.556185359018,198.80262889586,183.416513254158,172.262357527113,19.9393460337958,17.0172151738463
124.114119662658,160.582096379735,198.909521843694,183.553515329145,172.292617264759,19.9648336843529,17.0403370730748
124.031433715942,160.636394372575,199.141290238882,183.806461842312,172.350049390048,20.0146783184487,17.085769916176
123.558758311489,160.522378145762,199.457820233143,184.045044679217,172.194401458187,20.1126698276048,17.1690970448856
123.155115818801,160.368179518495,199.551008752017,184.000986207452,171.92553543004,20.1948000804596,17.2370028129003
122.834212770121,160.262253036173,199.575822669032,183.866771902676,171.614174000058,20.30388052017,17.3280580862322
122.621415475881,160.227059860456,199.476826702873,183.612771155002,171.221428678777,20.4620668643036,17.4591632635473
122.606923464129,160.280820479941,199.272542271205,183.345257972103,170.896863208283,20.6063622487632,17.5765573236519
122.60637968396,160.282837726356,199.264876957054,183.335220141175,170.884684618493,20.611776608748,17.5809622719035
122.574343527562,160.176338552031,197.760550883128,181.940748766634,169.462401398662,20.932560555015,17.8081094923515
122.841527226134,160.29850601332,196.874620296112,181.189114539564,168.676623655862,21.0878534713015,17.9105143382225
123.114465638556,160.447713386254,196.254777724455,180.642177369171,168.050716799077,21.1846000243018,17.9703489392933
123.163096634246,160.431253246662,195.807813590237,180.200319937445,167.526460859487,21.21631300967,17.9807913141191
123.139399665704,160.376786527955,195.534557031908,179.918404954597,167.191878959763,21.2245111342602,17.9776986958225
123.078348012291,160.285091565798,195.190675533417,179.518622039247,166.697650132901,21.2239431619149,17.9640966695125
122.93945755637,160.122381099198,194.726180226873,178.89088375245,165.896584762519,21.2052606392633,17.9302652643833
122.782342041349,159.995707517576,194.505054499335,178.43026504326,165.30782996295,21.1660808578705,17.8932589931725
122.662736989853,159.895452467983,194.398087887391,178.272144469915,165.152864914268,21.1444673116453,17.8769319493817
122.25681622795,159.531993670726,193.947354300206,177.854203895109,164.909727063247,21.0704274786246,17.8390308391942
122.245365077985,159.521221029445,193.926215361035,177.842981328401,164.913901811132,21.0670154816915,17.8389553773311
122.228188126949,159.505061854831,193.894506534918,177.826147256763,164.920164015384,21.0618974189262,17.8388421830465
121.538797972046,158.736510779069,192.349126795509,176.304122626936,163.572080288146,20.5412766652111,17.6910115826559
121.524389344792,158.717009268916,192.311553819984,176.241533709701,163.501106495481,20.5175850771845,17.6803348562307
121.46906221021,158.647529799405,192.191773712716,176.054137777984,163.292879856555,20.4513093090282,17.648979874882
121.303433088236,158.464585206337,191.946755370083,175.738560279544,162.967636298834,20.3673985458832,17.5998160190544
121.219431645539,158.37180194716,191.822490421848,175.578510133556,162.802683857192,20.3248418681808,17.5748817878706
121.17598419253,158.32208274009,191.753356695818,175.490990481445,162.715224039458,20.3011725932103,17.5612361858595
121.128035814702,158.265041337039,191.670957895859,175.388455488726,162.616013679151,20.2729696569836,17.5452365209147
120.859138304954,157.928464758852,191.15768792757,174.766216920563,162.03740009451,20.0969351511502,17.4508780475823
120.849484539491,157.915531984401,191.136656246703,174.741474506427,162.015495347301,20.0897056837645,17.4472547254139
120.835885642854,157.897314071022,191.107029708198,174.70662079741,161.984638953047,20.0795218047285,17.4421506876331
120.833893888132,157.894645794619,191.102690473954,174.701515968586,161.980119588675,20.0780302286323,17.4414031276197
120.829242305081,157.888414249564,191.092556541177,174.689594051209,161.969564976463,20.0745467725564,17.4396572612994
120.74890674394,157.741241725172,190.77742152756,174.355882939781,161.727414133234,19.9540388385835,17.4072928406542
120.295703793356,157.308664487272,190.280473018587,173.851815873549,161.29133998727,19.8146121996031,17.3719695470136
120.237593163449,157.269918563393,190.25710268796,173.816251118155,161.257389667076,19.7924531404031,17.3665965100763
120.212689631909,157.253313850298,190.247087243853,173.801009706918,161.242840128186,19.7829567912744,17.364293874654
120.100540760624,157.224987858044,190.301177248567,173.779932827683,161.226289623756,19.6969435381698,17.3300509432783
120.033697061912,157.209638308399,190.34531800956,173.746236444735,161.211616335286,19.6151224901509,17.2704019283419
119.948315775761,157.138003396599,190.290963741965,173.658595250313,161.137814417011,19.5720069682985,17.2314923295609
119.912445434557,157.107908174985,190.26812845554,173.621775477631,161.106808793773,19.5538932978475,17.2151456493071
119.853938959442,157.040690917925,190.210800250366,173.52794849399,161.041757100675,19.4994234672187,17.159501670989
119.813166346421,156.992949495036,190.169853679564,173.460887968477,160.995705718288,19.4602289107009,17.1192878791351
119.811881461018,156.991444998443,190.168563312153,173.458774660451,160.994254480689,19.4589937552909,17.1180206041107
119.809842371406,156.976549965655,190.152965840554,173.434908421802,160.982135907864,19.4428828822214,17.0997698060271
119.898296750309,156.886339580004,190.034966431704,173.27596724473,160.929897785479,19.3228355412729,16.952398832796
120.024690657433,156.86635238541,189.987732347744,173.24022993691,160.940683561662,19.2877642605515,16.8990671554289
120.053890864617,156.863091241551,189.978458671439,173.234826190675,160.944237747075,19.2818470675492,16.88928492939
120.056987658379,156.86274538476,189.977475162564,173.2342531027,160.944614682045,19.281219526578,16.8882474868684
120.075364658077,156.609098150977,189.67492106576,172.982085494532,160.741841939167,19.2356449667982,16.8131736119724
120.07244048408,156.578011900928,189.639093055341,172.952285151984,160.715997665145,19.2315975246819,16.8063074305298
120.081137989329,156.428417284877,189.470502595367,172.827133024225,160.599474808409,19.2241880453227,16.7874170912485
120.086244941487,156.340579160572,189.371510598392,172.753646902563,160.531055573516,19.2198373889544,16.7763251681985
120.135057284932,156.191379961542,189.210111489179,172.657145550132,160.428209866449,19.2297044484171,16.7789495552789
120.159516828648,156.139399560934,189.154832078804,172.627909811088,160.394558529063,19.2358942873363,16.7833370368809
120.218815354547,156.075757259297,189.090858902841,172.609271667422,160.361902487249,19.2542533717081,16.8023208257032
120.252183990762,156.040187177437,189.055124514383,172.598966288892,160.343705447084,19.2645922911532,16.8130267782543
120.31694727742,156.025004381506,189.044474771641,172.619478926463,160.348132294627,19.286397389847,16.8389802496073
120.32515058179,156.023081237968,189.043125811672,172.62207717955,160.348693025554,19.289159353772,16.8422676711692
120.316111439201,155.864553830324,188.894371696334,172.526803949055,160.215711629024,19.3252975505443,16.887830464716
120.22940378094,155.675197388571,188.719871762871,172.374191697369,160.017889853554,19.3664895957885,16.9372130359687
120.229855604609,155.673236616825,188.718661480133,172.372450604269,160.014207362838,19.3690215698472,16.9396716894949
120.313504538072,155.699578207352,188.767878812655,172.389036133634,159.972602056638,19.458602620412,17.0172372164173
120.321267486553,155.704921898815,188.774374222946,172.393175774908,159.973811828231,19.4638279438912,17.021314446733
120.326953270409,155.708835756381,188.779131629112,172.396207755035,159.974697896174,19.4676551056905,17.0243007154632
120.567893706881,155.716542157801,188.856323034305,172.364719427699,159.797593107329,19.8152150185831,17.2306276863834
120.569388028275,155.716355151386,188.856635504946,172.365102849111,159.797506688023,19.8173314514083,17.2319181805615
120.648579337739,155.70644477809,188.873194833687,172.38542220196,159.792926911494,19.9294914509539,17.300307701223
120.693483967532,155.710807655795,188.890357822045,172.409375427957,159.808640584411,19.9836297695011,17.335188828427
120.763956231643,155.725660875342,188.923527336382,172.456937357393,159.847986882503,20.0610052676744,17.3868037667547
120.796445659845,155.732508570902,188.938819289438,172.478864563948,159.866126483139,20.0966772547204,17.4105995090099
120.940891743434,155.731371603,188.993602420195,172.616278680235,160.009805279182,20.3684495466415,17.6013641487173
120.890614295338,155.655543898661,188.930234877239,172.5821911608,159.98560420105,20.4475223007232,17.6554187374681
120.820836429517,155.588545479469,188.875272435205,172.568564778568,159.989391299374,20.5634841825782,17.7372296497272
120.799067794096,155.595745485205,188.882213778906,172.587453203501,160.012773565995,20.6131196472912,17.7721270629727
120.705072140751,155.91603606706,189.137333734223,172.809030702601,160.181417056413,20.8600788080446,17.917918410362
120.625005704351,155.91435950526,189.117480830141,172.767589423247,160.121954591132,20.8708345606883,17.9134044631186
120.358756034553,155.982231979111,189.112668871123,172.661745348071,159.933794958157,20.8993671691761,17.8795182701083
120.288498125287,156.045029380002,189.151629145659,172.659480563139,159.902297695757,20.9056389216533,17.8625934743601
119.863692358964,156.36312078133,189.416584698837,172.726309420683,160.02771964233,20.9073956402061,17.7776012255247
119.727089272105,156.356340529758,189.408979312569,172.684087089777,160.058165209467,20.9004183864359,17.7678143719874
119.626838634544,156.382288846639,189.431100362987,172.666566821083,160.123123405912,20.8993699000676,17.7673368465808
119.573677529067,156.409065513431,189.45449140316,172.662944284743,160.175507116469,20.9005279079768,17.7699058655658
119.524918074192,156.531351595075,189.557608308991,172.690927055355,160.325326095348,20.9143580095309,17.7886025272491
119.479398548328,156.856034715209,189.783776917547,172.679228533924,160.525974854701,20.962087281845,17.8382271130985
119.3579397417,157.040236157616,189.83119316647,172.458915703748,160.387918960788,20.997237816285,17.8558280187852
119.400031435557,157.292184308749,189.976308611655,172.396311630734,160.31559559963,21.0356698105416,17.8712968256511
119.489256135496,157.533539928312,190.140929957102,172.406800495133,160.293936632616,21.067854254409,17.8825488552353
119.526262583736,157.609400901945,190.198266549447,172.4254771237,160.300703476862,21.0763704360005,17.8849130226056
119.558193487543,157.674857317434,190.247739257633,172.441592197114,160.306542228295,21.0837185979598,17.8869529373901
119.573424942167,157.70608087529,190.271338380115,172.449279295825,160.309327388341,21.0872237663739,17.8879260031594
119.622117179791,157.807994931362,190.347817452195,172.472817565242,160.316641110155,21.0985585757988,17.8907916562109
119.525739136058,157.848024345603,190.314993080838,172.30704587708,160.122777747044,21.0892519881786,17.8549781505642
119.495352971259,157.874721242559,190.307613796578,172.248691934274,160.067359145749,21.0795548721187,17.8339069410346
119.483214322138,157.917976767638,190.311318385508,172.205913442161,160.047737004356,21.0658518319206,17.8090114777795
119.483767476024,157.926460913858,190.313283719277,172.201617616459,160.049438471666,21.0633229934799,17.8048597282206
119.486019153513,157.960996621796,190.32128383989,172.184130956284,160.056364493042,21.0530290612977,17.7879595468141
119.617421827126,158.160675050527,190.416563428231,172.224270577027,160.274996178985,21.0186187469348,17.7355832507448
119.551606167777,158.17002505616,190.207742591965,171.878865930917,160.345308994177,20.9365884753526,17.6044197797386
119.580175301603,158.226400701278,190.197029738628,171.789273715178,160.394362774463,20.9302015635642,17.5693780972086
119.606860236546,158.263408497642,190.217253954846,171.778956385109,160.423901264059,20.9341348682031,17.5613507158273
119.819907088959,158.530749660563,190.4475271294,171.835653300045,160.623009524032,20.9970371676446,17.543187377195
119.789143019847,158.507545062508,190.428956126365,171.781319785432,160.57641105801,21.0115894961588,17.5342582376528
119.988888125838,158.653408695445,190.598179777576,171.897406228685,160.634850614331,21.1609248948686,17.5460217431587
120.112541490317,158.748320041251,190.679373132615,171.996234656269,160.726836501969,21.1953585456912,17.5562905491702
120.280535487668,158.879211391258,190.785028409428,172.127327320247,160.859071287721,21.2343752750848,17.5687024463499
120.333888958705,158.866193398124,190.695496450269,172.063242393368,160.845551904961,21.2613383504628,17.5465694778528
120.438397168803,158.925500689971,190.676503790041,172.003027684127,160.917650005367,21.2824306423643,17.5106995416636
120.446143321632,158.931752144035,190.679073222468,172.00076491241,160.925103165402,21.2836630987281,17.5084355351484
120.457007249789,158.942943305439,190.688259688442,172.000630551275,160.938507444877,21.2854545525675,17.5058139504435
120.467463444153,158.955761388442,190.701816693317,172.003068128813,160.953901312636,21.28723193258,17.503758389313
120.503147756443,158.999506221502,190.7480832774,172.011386956401,161.006436639102,21.2932976751647,17.4967432858476
120.597663758836,159.135460202604,190.918000536283,172.06366596488,161.171067475146,21.313541269799,17.4851427858746
120.484968449378,159.092164952356,190.93404712302,171.930015370529,161.156103898752,21.3194234876683,17.4555787751915
120.513447996641,159.212015227573,191.029353625589,171.885215336787,161.318872672787,21.3851055468519,17.4526729493599
121.229769780884,159.77621296671,191.142871069527,172.358561503057,161.913619078116,21.4941318300239,17.5083438035448
121.473586410354,159.938697877952,191.163987626312,172.559479473263,162.111756516363,21.5107706192906,17.5151095785073
121.978218618077,160.338057610408,191.582517064439,173.286401783702,162.726618570069,21.5245914723662,17.5259444518723
121.994415092788,160.352283602602,191.603984369396,173.316763306021,162.751258679219,21.5247376648376,17.5262438138208
122.088349110985,160.434789495615,191.728487401718,173.492849759457,162.894162891564,21.5255855312104,17.5279800108154
122.125956768693,160.470040865959,191.790556493396,173.574564864378,162.959583841335,21.5256674135975,17.5286639437497
122.326977453536,160.698619933269,192.343491010238,174.214307502684,163.457780852777,21.5214445079567,17.5321174981323
122.274757409461,160.710545601636,192.724544015719,174.613839708742,163.730754626828,21.4993421038573,17.515990644471
121.859165497288,160.708344495271,194.471970891347,176.260976404978,164.915283533456,21.442114554553,17.4809305529522
121.67403106712,160.878603153428,195.856830601886,177.551158990874,165.98994544248,21.4657997237043,17.5121914047421
121.672324213714,160.890455409268,195.910536401154,177.603007143134,166.036756358622,21.4683231721607,17.5147428381826
121.660451338007,160.97289972462,196.284114048367,177.963662994043,166.362373185013,21.4858762846743,17.5324906143023
121.59009900441,161.068600476733,196.863809055972,178.536777813802,166.894574999458,21.517713409751,17.5617622908688
121.571006227507,161.074760795805,196.938724942483,178.613437703634,166.96853951346,21.5227135967895,17.5658786839491
121.615906417995,161.507159263738,198.278649916966,180.1548498887,168.585882588663,21.6972132082661,17.7138035145302
121.79905466282,161.737845354575,198.573524190238,180.551325774517,169.024581351236,21.7658001156799,17.7742465215157
121.82791519081,161.774196903496,198.619990522611,180.613802504289,169.093711568284,21.7766080508752,17.7837711396555
122.022191146109,161.989902129637,198.853204795573,180.928611073508,169.428759104586,21.8350994956431,17.8365291701774
122.123547703722,162.103601618124,198.976080704549,181.107265102021,169.614794212879,21.8727371766728,17.8695906237452
122.151818508845,162.161389549504,199.149491045776,181.354489418523,169.756559675537,21.9456474725464,17.9275026844529
122.179485679349,162.209607485392,199.292721986475,181.481749042124,169.823169324582,21.9634699514276,17.9412666268962
122.246995242151,162.380465884148,199.781749385674,181.950140198413,170.184857086646,22.0133855662677,17.9707242462129
122.202010519554,162.39323255103,199.906743613353,182.112353483046,170.354619952846,22.0309919815974,17.9739926381953
122.200550953213,162.40177649736,199.932130966519,182.147247180858,170.393512575105,22.035003649878,17.9754591236487
122.289735329948,162.603669435911,200.290215981982,182.662755887405,170.987589652024,22.0971368826966,18.008317114883
122.324514589354,162.655304304081,200.360138139312,182.765618219679,171.107041729415,22.1097385317777,18.0165907913036
122.692548752238,163.328546779501,201.368884508855,184.338411965294,172.939105773762,22.2928827843465,18.1276017130986
122.700495676935,163.394047343192,201.503334321104,184.555604771651,173.189902991902,22.3147313596629,18.1376498303746
122.712522794768,163.432278457252,201.575067195032,184.655900479846,173.302073133741,22.3236593063535,18.1416885657714
122.736895728939,163.506925293132,201.714314774607,184.848541119317,173.516966717859,22.3406306780807,18.1493543442861
122.773326105966,163.595081425476,201.8690072779,185.050374562885,173.741244054683,22.3574212205198,18.1566771019063
122.776408957439,163.601246037343,201.879141677078,185.062691235764,173.754861610794,22.3583676646207,18.1570680282037
122.787886582893,163.624197226104,201.916872602159,185.108546885763,173.805560520556,22.3618913280207,18.1585234682929
122.980737397577,163.951673119947,202.407812343747,185.673179612024,174.439119774647,22.4023610909947,18.1736553389466
122.983663762385,163.956249136235,202.414295023392,185.680355814438,174.447257704646,22.4028485216681,18.1738219247429
122.923311305479,164.028582167378,202.489725828576,185.793745173526,174.762078894293,22.383160701365,18.1185489949796
123.142251868931,164.282995591382,202.598231039437,186.010716336119,175.156095845388,22.4019804442107,18.1416061783805
123.168346724468,164.326148573112,202.595059878267,186.057564329421,175.243460849289,22.4095029850953,18.1594156375861
123.130742404898,164.302688806252,202.550848577213,186.039775574058,175.240305741628,22.4095260459553,18.1665943374461
122.861333395993,164.372547429024,202.565740134394,186.249394338279,175.415974118266,22.4644329558771,18.3570435242486
122.84296348661,164.422054177285,202.623326424608,186.318620483332,175.464741169933,22.4762543073208,18.39259222539
122.663076938892,164.652140997431,202.913573909141,186.576514903625,175.62076076792,22.5077020060115,18.5438177866427
122.42433595106,164.753712617452,203.051212120742,186.641190219599,175.643300932824,22.4936553686363,18.6122153567064
122.381219642436,164.836153926265,203.142959626897,186.70126602818,175.706124936748,22.4801263716717,18.6259920448482
122.374064838565,165.160313661063,203.487849672593,186.977015421328,176.03785275367,22.412268889387,18.6267799768745
122.38527604574,165.190307467567,203.51895739426,187.007100620042,176.076558077569,22.4041193286068,18.6223507135602
122.310630543308,165.267061343183,203.601211444157,187.110034534459,176.277256951164,22.2840111419153,18.5286367805701
122.24953409937,165.234431933511,203.569141769619,187.11387804757,176.321381708694,22.221251007347,18.47073594145
122.246445077841,165.232604751176,203.567345058559,187.11436872738,176.324088982809,22.217691460621,18.4674078602537
122.180928227913,165.183895674036,203.519529921524,187.162291619825,176.433668286796,22.1016573244582,18.3585198691977
122.219246829872,165.179806573648,203.513518235696,187.326708970741,176.637691847675,21.9625199309143,18.234512431521
122.220337918897,165.18023800136,203.513894695123,187.328634237806,176.639732367676,21.9614783065201,18.2336667449511
122.169028883457,165.079700028768,203.403737311834,187.324809564028,176.644862940752,21.8760225944984,18.1625522646368
122.063658266589,164.93030911542,203.24141760673,187.224308756971,176.561093117531,21.8168819240737,18.1132833160558
122.035111655464,164.837433044286,203.134908852849,187.163993818259,176.545702145294,21.7745525170395,18.0774463611441
122.065931821944,164.814514159521,203.105044252873,187.156037602307,176.5854281091,21.7567257402195,18.0599745223266
122.071294776211,164.81483527765,203.10498586186,187.157361974905,176.591693341908,21.7558127335705,18.0588093107085
122.089502928274,164.815925528923,203.104787614329,187.161858447642,176.612964884796,21.7527129189767,18.05485321687
122.338509771597,164.859742275795,203.141211773611,187.246467009591,176.906592157996,21.728907914275,18.0103824483355
122.399982879934,164.510985513986,202.751414946983,186.984164990852,177.04595853869,21.6514882711778,17.8474312853552
122.378455872367,164.21247624519,202.192423186023,186.460822280187,176.21230430781,21.6398991805233,17.7989624879251
122.287147512088,163.881309518198,201.496846797207,185.364008651394,174.144206231175,21.7135502149523,17.8911511292485
122.478050894098,163.483064418403,200.832584911254,184.187921908371,172.334966629048,21.7431578870257,17.9123131453112
122.612986102006,163.033007898347,200.215539235436,183.204289009318,171.087746860235,21.7173929521498,17.8715908497992
122.862075549613,162.579611785108,199.606915809737,182.252801739698,170.014965730877,21.6631892030186,17.8068339052014
122.927695118672,162.482071386518,199.477485927083,182.058200171089,169.816378777226,21.6461524111545,17.7899009725216
123.121486675835,162.200089446995,199.103830515566,181.49923533455,169.25361639741,21.5949999001801,17.7399140314865
123.621676471698,161.138519054988,197.755343683443,179.677049427052,167.59010162289,21.3564089247725,17.543592867337
123.63046755145,161.072561556412,197.675564063941,179.578182388706,167.503099543627,21.3416275952912,17.5319836398937
123.728370724206,160.399405118967,196.865416314956,178.607217041643,166.672514718717,21.178163063653,17.412818677635
123.825335978908,159.864128499012,196.22739479535,177.880282150372,166.073465011289,21.0347447843379,17.3172944593526
123.876917444731,159.624816273667,195.944452481397,177.570017152494,165.824278430056,20.9665626812698,17.27434584442
124.029610659162,159.119840323006,195.360782911559,176.973631242717,165.364259910354,20.8123533737178,17.1825222702229
124.327827042527,158.020346764925,194.208838419542,176.002412317633,164.663635152508,20.5011381616228,16.9898313248406
124.348436348116,157.761651261591,193.960877612402,175.818819719628,164.532736434143,20.4451665317152,16.9483867755596
124.354510383395,157.720713568102,193.923085233166,175.793134806384,164.515915888548,20.4370144425755,16.9419240794512
124.393607596833,157.457206744974,193.679824097954,175.627806735492,164.407645779625,20.3845412588671,16.9003251427445
124.696556225204,156.505259773098,192.833293916218,175.102142254411,164.138705909461,20.2313824864935,16.7561237080236
124.785056659229,156.305683161353,192.657027860486,174.994719147489,164.094652335046,20.2045650634529,16.7268548402177
124.797613435299,156.277366477371,192.632018566295,174.979477551069,164.088401847406,20.2007601061145,16.7227020626307
125.114717992082,155.571505338697,191.978604166183,174.534173496465,163.890783357519,20.1116762314069,16.6197822346353
125.114869434911,155.567731372069,191.974881033409,174.531122212455,163.888794412716,20.1111952164225,16.6192374806306
125.126752939124,155.271593557584,191.682732079488,174.291692279166,163.732724731918,20.07345065209,16.5764914056688
125.203089059949,154.053946267267,190.443000758649,173.251212938742,163.064971707924,19.8900632278312,16.3831880529712
125.223295931942,153.890089810673,190.266406975504,173.09917437694,162.971035733096,19.8548905430585,16.3503946447111
125.415745858096,153.128373709043,189.389353772269,172.347662235271,162.544739225188,19.5736232657049,16.1158248849451
125.450878755817,153.075996182575,189.31793837246,172.288169293586,162.519339271366,19.5267859465336,16.0802160708557
125.243419504891,152.813092550751,188.976819465721,171.958499742063,162.265538709606,19.2006396201284,15.8303001417792
125.197858143309,152.808547448015,188.962567928169,171.938042904274,162.246564544955,19.1217004563767,15.7716189917925
125.090674670126,152.954463476571,189.154886669028,171.901294282822,162.165923971942,18.5053623503899,15.3383270350003
125.081887094762,152.940155846202,189.141547597467,171.882467413315,162.147900206756,18.4949491158753,15.3307859220122
124.98760541612,152.647457710805,188.859092731018,171.509650849516,161.804114641466,18.3286723718501,15.2129758809166
124.997592686857,152.101380271869,188.305197721829,170.835715331768,161.204987735258,18.0947727301713,15.0543866482756
125.708749192799,149.914756284322,185.742572016489,168.196253747216,158.744371841241,17.3201775754737,14.540090151315
125.797524147232,149.741964193098,185.507293693845,167.969298535273,158.516835739231,17.2404505614963,14.485603867864
125.975696263047,149.489808679756,185.135062593548,167.609053073533,158.15479538682,17.1017714106087,14.3909703959986
126.028066974773,149.426665798388,185.037244106549,167.514210379217,158.059352173783,17.0634827543834,14.3648614513133
126.054324516457,149.395007323929,184.988200033723,167.466658304453,158.011499011926,17.0442856506259,14.3517709913824
126.39675618397,148.965165675461,184.288684797115,166.770475651085,157.341480955126,16.7730979467043,14.1636420773949
126.444900014891,148.404877170175,183.494542640814,165.963457313082,156.611181647367,16.5435271628494,13.9922876355698
126.45999867576,148.297067490339,183.341217167271,165.807461914378,156.477228249059,16.5011239323163,13.9607073820448
126.533471807288,147.931361520073,182.82169394359,165.281685185684,156.042544095791,16.3624390230981,13.8580423370731
126.603429965019,147.682357563674,182.468476429916,164.926720180449,155.764220523477,16.2726251247334,13.7921330315703
126.770630206108,147.284259818086,181.904370327987,164.36992836317,155.357673605826,16.1384948891965,13.6956988213391
126.817084571904,147.182781935387,181.760617607745,164.228740201797,155.256703382796,16.10495941655,13.6717361942304
127.503946182017,145.05777634978,178.835116539174,161.386350352647,153.157112311471,15.5411665138287,13.2701123137559
127.598292881269,144.812849795532,178.472532629866,161.019927458626,152.863287610961,15.4694968802763,13.2214461270975
127.85467354049,144.347200475702,177.686258279535,160.150366502306,152.093754577793,15.2885777934111,13.1061931887235
127.8443907417,143.358049389993,176.102157638563,158.213887847164,150.149774965913,14.9315234968726,12.8745499091527
127.754346862054,142.755519249161,175.20253534306,157.060370577144,148.939115940484,14.7454483657672,12.760800617711
127.749997084653,142.677707162454,175.089549772365,156.916023700705,148.788038384307,14.7236241830204,12.7483717393612
127.844713430851,140.976233780064,172.844632256612,154.341510720748,146.256943641511,14.4396850394842,12.6153133928313
127.870478406776,140.625543913867,172.383152032682,153.871468458824,145.834631139719,14.4090385984937,12.6054994610179
128.257838638874,139.392167979169,170.425683601383,151.903204956223,144.157627075388,14.3158881555361,12.6024472747871
128.519070622624,138.431629287025,167.902581729082,149.078760211111,141.667728132733,14.1511288117554,12.5442936617882
128.525674530371,138.337626974368,167.519055238263,148.60182939769,141.219774430254,14.1144630827117,12.5247763004119
128.528199421747,138.320927540183,167.434477278499,148.493373397677,141.116340519289,14.1055529638884,12.5199315008377
128.615160394264,138.171036952169,166.312837985993,146.980009888059,139.627700604018,13.96029230889,12.439465274808
128.655309910362,138.165313583341,166.128018229458,146.704909296871,139.339309159109,13.9246075898002,12.4195348096281
128.661171135634,138.164478057604,166.101037325748,146.664748749641,139.297208347206,13.919398157715,12.4166252615798
128.492522041964,137.723293367834,165.06462426182,145.248780962878,137.755782579724,13.7086737566471,12.2785869796984
128.519362202799,137.351355334859,164.686998665921,144.721146603306,137.074194801601,13.5319527330083,12.1938525845865
128.258043485823,136.926565467021,164.434714290225,144.468570756083,136.761448873996,13.3540421733386,12.1305174166509
128.151688448616,136.85757269227,164.391336542242,144.437385176481,136.735103259492,13.2867266564947,12.1130062346786
128.137596552934,136.850039207376,164.386754686473,144.434720124184,136.733479658803,13.2769163509562,12.1105896207165
128.129101152307,136.85692807472,164.392554363785,144.445010512176,136.747450244156,13.2606784595049,12.1071958807814
128.112372904978,136.870492906068,164.403974476944,144.465273259393,136.774959648053,13.2287045154606,12.1005132858698
128.0972867489,136.936011406967,164.448991000341,144.549132771277,136.884264416181,13.1243596535504,12.0732954405517
127.924132777795,136.804301385066,164.305757057114,144.442421869173,136.792705591846,13.0353934417248,12.0290964512947
127.817297256637,136.648170387835,164.237677923969,144.483526946451,136.799825478185,12.771164859248,11.8887753404573
127.850925120332,136.670053218842,164.286404127408,144.533041139258,136.824499855168,12.7226251401557,11.8613346430315
127.792774599046,136.619917862298,164.265370221055,144.496975477558,136.748350732476,12.651739779655,11.8138009659958
127.678166342907,136.528799579831,164.201145955623,144.405777397435,136.6089982777,12.5718767531276,11.7565687814943
127.616431878357,136.499464887984,164.185539231732,144.355238397082,136.514345385022,12.5117158512596,11.7133306892948
127.580291180334,136.482291721465,164.176402716183,144.325651767256,136.458933523331,12.4764963510492,11.6880181698672
127.487770511554,136.509700933229,164.223186133632,144.235552392709,136.221289756855,12.2925666982002,11.5572627204389
127.505004029924,136.601483585174,164.31259828965,144.224630698676,136.11331676505,12.1748012155931,11.4751681846232
127.546167753599,136.684911284639,164.390925244606,144.231990632613,136.054413951935,12.091084369184,11.4175710694517
127.71662979969,136.885737752423,164.544720767568,143.946473251722,135.401106959942,11.4459627134081,10.9578629787765
127.778019388253,136.917163909956,164.575044581898,143.942518216657,135.372135963255,11.3807083765321,10.9132602905735
128.151351687169,137.117923904316,164.77992477773,144.038979749871,135.400179913417,11.1315205328808,10.7520459184675
128.344196305096,137.197172207237,164.860068400547,144.049594311255,135.370901113944,10.9448226290806,10.6297600479569
128.561261709818,137.327282760363,164.961784042093,143.945399294272,135.103465847343,10.4184617343217,10.2750165472125
128.831103853476,137.74799321944,165.333357564621,144.083007819068,134.97866978841,9.9535924529569,9.96520955411621
128.810939044218,137.83606924748,165.399765173669,144.024764478589,134.773637152277,9.7176087612304,9.80010885169761
129.109541718183,138.292205421071,165.907578989307,144.073232483441,134.390109379245,8.84129993122386,9.2281817357091
129.218830502337,138.363751251975,166.003450455711,144.143235910255,134.467476574577,8.77742375721357,9.19686072676678
129.387026334015,138.330832187469,166.085847994363,144.208672745541,134.728752850902,8.57730020921103,9.111128406506
129.633877212727,138.36086185485,166.254058696295,144.519343729782,135.496665805972,8.44818773931943,9.10222383484591
129.849512294342,138.734279679624,166.778604062321,145.421441748074,137.037258547718,8.27775354950858,9.08558670235019
129.780219325282,138.776363073124,166.849263837936,145.584998703894,137.308661239501,8.22893353686402,9.06523845704767
129.526297086752,139.137947400466,167.331164986038,146.422953463822,138.380295854606,8.04380043381557,8.9729999293424
129.447898571693,139.309432717376,167.549881309524,146.763167870216,138.76002757942,7.98288566247544,8.94028004587664
129.445970349303,139.313650422614,167.555260667942,146.771535490894,138.769367134045,7.98138745519593,8.93947529578869
129.20038673742,140.342092320665,168.860990786309,148.6008916584,140.567224918623,7.76112675327061,8.81997553197459
129.195036177609,140.374765251374,168.902599848337,148.657026019397,140.619900151601,7.75579660020186,8.81713837075569
129.189467231518,140.40877174718,168.945907208975,148.715451537719,140.674725355537,7.75024889376594,8.81418540911448
128.690568219595,141.137669522898,169.993740532192,150.166572005404,141.955429306023,7.63423537128262,8.73920121146308
128.602268095274,141.313783995119,170.242850989,150.490331331376,142.240572296391,7.62153130617594,8.73217250486324
128.534455527629,141.521575573478,170.527218219298,150.839071442235,142.552217700244,7.61739629675982,8.73241397565028
128.470607703453,141.81013174395,170.908210423633,151.285182628676,142.956839856494,7.61686837292682,8.73750014166497
128.44738172463,142.209438637289,171.401991249979,151.813639708252,143.449625071759,7.62548191661286,8.75361352706598
128.336814418694,142.859858750766,172.111281638625,152.410247940101,144.01968541298,7.62575602856237,8.77408379269501
128.012255239615,145.703229215673,174.702623081796,153.979054496449,144.972105110714,7.47826576632933,8.85096305638498
127.9771956685,145.830513669544,174.835025682969,154.073298655729,145.017702440359,7.47781199966373,8.8633931559262
127.908474830797,146.10105324661,175.121739573673,154.282862870167,145.124183434874,7.48035057699328,8.89333392989666
127.683385677143,147.057530803817,176.459600970333,155.192299812786,145.925339868515,7.93941197379346,9.5330602925088
127.962144539858,147.185022603743,176.496443747443,155.261211001429,145.933433740431,8.07276818696273,9.66178060706082
127.941802457448,147.337482162003,176.581558160342,155.381726344263,145.854721746176,8.11906950586828,9.69638344407255
127.945857962164,147.389249233788,176.624332025508,155.429229987804,145.860857196735,8.12534687484529,9.70112609099882
127.958616473666,147.552107084332,176.758897483823,155.578675204876,145.880159163328,8.14509531305909,9.71604633388022
127.9931722588,147.774096324765,176.968854918152,155.79052827965,145.967532229942,8.15915998541464,9.72778154968075
127.997686728777,147.802876336359,176.996128309148,155.818010528795,145.978982355455,8.16095761405226,9.72928570740681
128.181839631577,150.08515651878,179.444047943883,157.966442059155,147.385482234994,8.23833082758993,9.79918114754523
128.110624944269,150.921631766271,180.502509637659,158.718817661427,148.158130599679,8.26174066497829,9.81308051037763
128.114244000504,150.98059391769,180.579487223699,158.773267322588,148.220076051744,8.26393160597097,9.81454672268872
128.247754332061,152.012494723101,181.927949269235,159.750991891144,149.314842348155,8.30445573540663,9.84235902966175
128.13785517744,152.318141157761,182.372552697666,160.054232644154,149.616746045126,8.31403181840761,9.83874650122572
128.054927891206,152.63634480124,182.814586487863,160.373990043993,149.895614987871,8.32297543736411,9.83613724304494
127.980679517623,153.095456005098,183.423693401386,160.835792862515,150.256765763026,8.33376891547989,9.83410620358724
127.937600333366,153.718234854334,184.212712211365,161.456192599768,150.698741069199,8.34386761848089,9.83301241504411
127.926845294773,154.211061392428,184.822497256696,161.942408041605,151.032343990306,8.34917804952087,9.83248713884921
127.819709059926,155.333398147128,186.221487362981,163.037870283464,151.762887954081,8.34404887853852,9.81728003649927
127.694066625292,155.692023588705,186.694585902243,163.39113517166,151.991107383821,8.33576152371861,9.80271652065857
127.65532901339,155.839004957769,186.890233976217,163.539421047384,152.099335146776,8.33237341653849,9.79713606005334
127.529289948321,156.972225887519,188.416886956949,164.74643456549,153.130683548191,8.31203094934367,9.76161066887921
127.790850291332,158.557150696022,190.632197759812,166.746775292906,155.360918320012,8.29964334608372,9.71296384549557
127.92611032016,159.142040815401,191.406265399633,167.513126980416,156.279688987297,8.29314910376389,9.68656112419276
127.977410335367,159.32060654162,191.626424204274,167.731717273307,156.53525715353,8.29095498596489,9.6797839771617
127.984938598734,159.346811013681,191.658732449351,167.763795339709,156.572761712851,8.2906329997709,9.67878943266659
128.137622383838,159.871377208323,192.272380820206,168.361525836792,157.246485084633,8.28126869790466,9.66030752939772
128.333742578171,160.583744871647,193.06595441678,169.109330328721,158.045811172492,8.26220615143723,9.63555591475225
128.450295801845,161.038287868073,193.561220376962,169.564420203331,158.514361927915,8.24713464951759,9.61931123682562
128.456609636676,161.069954241562,193.595852350895,169.595844310522,158.546344129636,8.24585768719928,9.6179285364512
128.412925354754,161.400713633378,193.96539312115,169.907053720766,158.840334778395,8.21874060154396,9.58824965995457
128.404222580122,161.466607458747,194.039012965618,169.969052802392,158.898903541515,8.21333834071364,9.58233703962275
128.227746208651,163.582629999009,196.6716545489,172.141572627255,160.758198946873,7.98894610130612,9.37834826233333
128.25298549181,164.052924437315,197.372457924247,172.747075743702,161.266216249207,7.92748390115492,9.32888438843552
128.167539253317,165.101721327636,199.594944818226,174.794865731895,163.005516820523,7.68474013240428,9.12389580589068
128.678534005783,166.108731690667,202.028198966662,177.223795794522,165.299009184672,7.43229827182785,8.94011679122682
128.720172537987,166.179222804638,202.17662297441,177.36609114464,165.440665376937,7.41330958254543,8.92724190565861
128.721172996479,166.18380083193,202.187882714565,177.376174910364,165.450975299796,7.41105227593311,8.92557366663896
128.788746401588,166.421251944896,202.681719702517,177.799641244875,165.888361120428,7.30637497065777,8.84966735463607
128.862310223418,166.597226032,202.922549913529,177.976071873579,166.076777597746,7.24634333321141,8.80820131311314
128.87097858818,166.6139467065,202.938992526521,177.985973446895,166.087530614237,7.24163228142973,8.80503531866822
128.978414216931,166.821182584008,203.142782112404,178.108693450493,166.220803396284,7.18324355135807,8.76579601423698
129.170373510782,167.130634054437,203.385290606255,178.230056966554,166.348177127409,7.10597592570999,8.7136420360886
129.929975916199,168.019423891088,203.757155652761,178.009696707133,165.990159954365,6.68841332055802,8.37229978977899
130.407650519993,168.393647725727,203.998944080387,177.995004004335,165.865982407782,6.54830310700628,8.25862030310782
130.417533765127,168.401574086186,204.003746532926,177.99299937666,165.861342979185,6.54503792191738,8.25597354030833
130.432531634772,168.407469847616,203.968947501469,177.86883066192,165.707735433203,6.50430778113968,8.21976207127919
130.435406736343,168.408600068998,203.962276504029,177.845027436847,165.678288764631,6.49649978610463,8.2128203086191
130.591951038866,168.575439939764,203.946841686414,177.465603683903,165.222618974241,6.35631279776826,8.09947382010647
131.841803745744,169.456674829299,204.12481477746,176.913482657564,165.293589059718,5.9863023712358,7.89351337991133
131.789846691928,169.397955916448,204.030848838842,176.813309827829,165.281550444374,5.98808902345396,7.90397903956536
131.631939456905,169.379757740135,203.894870464731,176.611797141385,165.335950215001,6.0147038022405,7.9600847234088
131.491496961443,169.605736024698,203.983301579263,176.51412078469,165.489773839561,6.01205468463482,7.9915934074294
131.258679544924,169.686644577131,203.901486297529,176.139572501483,165.426714515842,6.01565015586053,8.04059413846065
131.298214280734,169.74392501119,203.935732903856,176.134925023324,165.466918052034,6.03336868805107,8.06802624307336
131.152120446511,169.672058500183,203.774592706641,175.840991215547,165.338479645584,6.10169959504035,8.15875869361967
131.048066277364,169.631376021955,203.677488944522,175.658206764553,165.259828589542,6.14611897537367,8.21280188717718
130.993164568506,169.649479441503,203.649897931335,175.551236794001,165.242485853521,6.17695070389401,8.24912314355097
130.994656635333,169.80082570737,203.751662007373,175.526426704346,165.3426009075,6.18265530677928,8.25279962689209
131.026175288597,169.930009382913,203.862184593989,175.563653989207,165.445764637862,6.16629178015543,8.23066492062289
130.864426146532,170.299905356659,204.232402444095,175.570888709627,165.768002893337,5.83138270609279,7.77652891784999
130.884492886876,170.337375957715,204.271394667785,175.595627857442,165.805192696666,5.81632997544745,7.75575569699519
131.046975422706,170.567422079804,204.503560990118,175.760931504058,166.032783752469,5.76039075555843,7.67229951862995
131.734352179645,171.485359357547,205.217856003628,176.179642782453,166.802194077751,5.88632412473748,7.57905700648063
131.746738003629,171.702209867365,205.32154789722,176.222549002527,166.886791489343,5.9782618184311,7.54245857706446
131.741690000207,171.75407364945,205.350338178077,176.241408763641,166.906713127244,5.99296365682126,7.52649243932089
131.859085525559,172.515717199508,205.960270279414,176.83978929208,167.386934789252,6.03523551461958,7.33433807604542
131.697880780594,172.60962211945,205.987770563765,176.875203919376,167.383571225229,6.04079601538093,7.27637732434657
131.667975821217,172.636796400026,205.999090894649,176.887417685787,167.389198250144,6.0430143843776,7.26666625249538
131.64632864277,172.672199100294,206.017262137163,176.904734418692,167.403138077971,6.04590234122248,7.25992286045427
131.614356764688,172.78105677239,206.079974820299,176.960786901561,167.459204812319,6.0547780773174,7.25099201398993
131.614250132724,172.781419832305,206.080183978377,176.960973846672,167.459391804962,6.05480767949364,7.25096222801069
131.617481662542,172.917499354223,206.167525088627,177.03380099587,167.546063014161,6.06189767292842,7.24923877647462
131.657573750106,173.122817837268,206.30720457113,177.14636187121,167.690797729455,6.06540823263591,7.25009958555689
131.52191448883,173.53982544233,206.471845043727,177.172824007922,167.925785457779,5.89603793816632,7.12374833824633
131.573790122966,173.711800218627,206.593770841665,177.266913960141,168.067620320265,5.79764369600391,7.05013885288554
131.709504967427,173.961232325779,206.800364618416,177.454965460578,168.295837667058,5.66519696111317,6.95101788986512
131.830139432855,174.192033379911,206.988711942589,177.640476728066,168.519004236923,5.46008706578177,6.79193910022511
131.870382593081,174.299051297062,207.055466364281,177.709353249177,168.636519492451,5.22964738118034,6.61242964181922
131.872287844249,174.301288666489,207.05717471234,177.710799957241,168.639017647506,5.22716366466347,6.61063111601056
131.902635705115,174.336926684827,207.084386195052,177.733843898,168.678809598982,5.18760169795496,6.5819832338213
131.963809246629,174.407230719133,207.138156558243,177.777934402044,168.757280240046,5.11488217153101,6.52988710072696
132.250211969611,174.69862164288,207.354550853003,177.895002741637,169.086935261195,4.9805953466227,6.45346082814663
132.1808171932,174.635179488238,207.259005005042,177.754923238118,169.041501428442,4.96473946148773,6.44520101528344
131.943666355393,174.477784145503,206.976870325254,177.374402151321,169.210780028149,5.06805767894197,6.55366288714135
131.432125610347,173.930732901287,206.544676134505,177.562914642303,169.218713968237,5.17669781134637,6.62240269136025
131.435555156667,173.912845039918,206.548225387391,177.692394130618,169.289501401964,5.2039485023838,6.64437931387853
131.144041591031,173.560782862495,206.209443876216,177.718975728548,169.152201808186,5.38846783771688,6.77893924211414
130.887388741691,173.406521006264,206.001917808101,177.546154533093,168.836990050886,5.91799003867439,7.13600867986197
130.777826213711,173.344820206109,205.947443345443,177.526264276019,168.729938964663,6.0386097320757,7.20623293627347
130.716617961699,173.33587370213,205.954907141032,177.604276124401,168.682238003321,6.17083622573165,7.28240270641349
130.715749645403,173.375663892741,206.014777211818,177.76423394921,168.701089030312,6.29411966601699,7.35263381280834
130.731706440148,173.397456792466,206.043082370338,177.833766476847,168.723218472981,6.33078243682359,7.37309699335358
130.536503946867,173.154571456563,205.851932410007,178.094349624741,168.582307131342,6.58601274420038,7.48654466121925
130.516033883676,173.097356038026,205.803278894863,178.121050573925,168.560537723455,6.61090117100672,7.49394612966899
130.506482684941,173.001191613758,205.724115129655,178.176696311334,168.53947549765,6.64807501478952,7.50286709635198
130.530832045261,172.926239169739,205.668034815882,178.231242712735,168.542400284436,6.67203076358178,7.50598762674118
130.694071726382,172.712078835289,205.532413656676,178.416283813399,168.611867962262,6.72711929911645,7.50505098682494
130.683435941781,172.674152892392,205.501977173215,178.4059079491,168.597059165171,6.72870470098694,7.50276567160657
130.575992225201,171.576836073038,204.826221969126,178.526844679007,168.588930069137,6.9473092934435,7.53538748192964
130.559259219955,171.367607694352,204.772287720573,178.757460297085,168.806283200023,7.14321443127987,7.63006097700453
130.07055842492,169.738024023715,203.545162846132,179.295443402637,169.703955576787,8.20441362248888,7.98167706809535
129.996555845481,169.229191878583,203.17284055011,179.6074400295,170.189400330946,8.60228067046082,8.11685502815834
130.034096247364,169.184580221985,203.205078595686,179.911795458055,170.530408534086,8.84417209093066,8.25441172821927
129.789402300094,168.473717127885,202.69961763704,180.145479770063,170.631694522611,9.65773609314504,8.83555208942605
129.865296003045,165.70427178526,199.68322843655,177.719023293451,168.087797030784,9.89668094026243,8.85116375572845
130.055707867763,164.587633053456,198.370680601945,176.603481564218,167.051582322419,10.0135751634597,8.81356380735615
129.923193852729,162.779108273212,196.286091240465,174.821654102037,165.511390393697,10.3190391928773,8.83108386998084
129.954762313099,161.112177954361,194.411318728736,173.294446095836,164.341061718369,10.8023834083194,8.97910704830706
129.945554305798,158.960406752742,192.111506475233,171.44461937272,162.907002674183,11.329147898175,9.14824460253684
129.938079398413,158.813096014416,191.954080994939,171.315862989206,162.802115103315,11.35741818725,9.15574246451765
129.994858439135,155.774823300996,188.315387736087,168.061687560806,159.86156384036,12.2033734257013,9.41161630017819
129.751846046452,154.963470302239,187.03089073433,166.530962829782,158.13993913777,12.7944279372448,9.64344203485052
129.718641425177,154.852061140073,186.776948854092,166.128612057106,157.621388494629,13.0086621324357,9.73592964320902
129.709909542249,154.810054987462,186.653481511492,165.902002083655,157.313367326262,13.1416211069909,9.79441335122688
129.081154216896,150.856748679164,180.002785758348,155.083608617651,144.049111820571,16.6714231321478,11.0079435705652
129.103219950704,150.356906816444,179.364872003841,153.693696056612,142.313681856746,17.0297180176066,11.1042101738049
129.113028415397,150.303732933044,179.29781095327,153.539845169349,142.118909077226,17.0698808435444,11.1152399895239
129.062287111075,149.39170134683,178.145718368264,151.299608775304,139.376991339836,17.546763041687,11.25111119779
129.030417270708,149.230348231079,177.932252468881,150.923380722892,138.932080852865,17.6156823934443,11.2729491108728
129.05882643257,148.541679733279,176.834411147292,148.847330443283,136.506376900624,18.0376115337896,11.4437939902106
129.076617792437,148.501586460317,176.755798495137,148.682867817091,136.314558450497,18.0748601802281,11.4604403778496
129.103152027976,148.264641859002,176.342464729464,147.872176116879,135.377851272502,18.2422859793316,11.531782312557
128.771066339293,145.116571664703,171.592589884283,137.704378558225,122.808141173024,20.6616360794005,12.1325649045112
128.588103878864,144.234995347966,170.335436188787,134.193099749508,118.321780890682,21.6202009018469,12.3233872753148
128.41092831965,143.427590776113,168.906034510247,131.592496692516,115.386583599633,22.269118308909,12.3292343147471
128.540850274676,143.10550740723,167.782805120151,129.725410801907,113.40227817689,22.8468317408674,12.3665436134408
128.52313145232,143.068845861893,167.699877850847,129.598431957469,113.268785208339,22.8774095952925,12.36964189492
128.34402814293,142.565220080564,166.481546700701,127.648683679725,111.214826837577,23.3651397402268,12.4406443205116
128.348683047276,142.504083765829,166.310525981456,127.351760075369,110.902432839049,23.444577146223,12.4574003156712
128.350381854108,142.481772074439,166.248111988633,127.243397838365,110.78842468338,23.4735678188717,12.463515414276
128.588989200965,142.138262149323,165.24937994768,125.490813728235,108.982293156743,23.9536403326204,12.5672512945239
128.571844946752,141.446353568696,164.068432257852,123.877906267972,107.413080596748,24.2271284462413,12.5606016564769
128.574962258788,141.307857938444,163.842300172516,123.590108953109,107.138691003678,24.2690846611233,12.5524230449226
128.78636606235,140.514241006397,162.520637383571,122.017871249607,105.598339153805,24.471925591107,12.4440896786543
128.485412155362,139.463364150159,161.044222740446,120.152767145725,103.393867166423,24.5957052380249,12.2727156563933
128.486886904228,139.433129354491,160.996724891318,120.063249941896,103.264895104513,24.6116072727508,12.2701453357752
128.491195023248,139.353627110409,160.871717052373,119.826919580703,102.92404686103,24.6539200503357,12.2635250679261
128.524560126175,139.333994422678,160.832402809895,119.697592500756,102.710989854257,24.7017887643788,12.2722783901984
128.072951263442,139.261215623248,161.377050897278,119.670847375925,101.726376989473,25.7857966595099,12.8156964202382
127.695993160871,139.431022619935,161.805584006134,119.843714257485,101.432503110587,26.3499855941762,13.1581218108805
126.409434106598,135.642271231213,156.529513716308,112.613511156997,93.4809572005405,28.5850095873361,14.7282830242028
126.02929591464,131.860801379966,152.384716100077,108.077188570531,89.4479774883622,29.279732694331,14.9691671648583
124.872387215518,130.046519293688,150.927661947027,106.403597213348,88.6447955569992,30.5805670919988,15.6488391130107
124.17984383404,130.08819224874,151.320773196775,106.955737820152,89.3224384495502,31.0558521646769,16.0073347763284
124.137159810206,130.079161455268,151.326290235358,106.969257989086,89.3382339723343,31.0710104015927,16.0194384605344
122.391960690673,129.911398462395,151.664851026604,107.495357606939,89.7344653747235,31.6422052717547,16.49423004371
121.555079941989,129.837992340111,151.678832286663,107.482553449393,89.6226216222006,31.77691518455,16.6079466182364
121.439348151945,129.835823385627,151.681944743315,107.482543345934,89.6131685812163,31.7924703763588,16.6213432475815
120.819189930896,129.88523494027,151.727445477704,107.526552238306,89.6244205436777,31.8816537963734,16.6998025466509
119.638075506352,130.307196817431,151.624039217248,107.756756045275,90.089957292674,31.9984798988785,16.838280466578
118.89617615768,130.661650935595,150.030032435446,107.523806037772,90.9708383223919,31.730839306211,16.7389111297185
118.908947241028,130.701825192657,149.870606424043,107.50799031804,91.0795675199396,31.708664175919,16.7312547354459
118.758627513768,130.607165284219,148.623056296183,107.174213741312,91.5296516447521,31.570398342393,16.6844407541369
118.731241035423,130.357098707572,147.438203492522,106.831921241672,91.9110233427414,31.5512788647761,16.7286798531846
118.798065385387,130.153407738046,146.836505940141,106.651764238164,92.0828092520267,31.6105803978729,16.8082628974767
118.799933188035,130.148556613423,146.826117054853,106.648331522863,92.084861969744,31.6124155694571,16.8103111120878
118.436180675928,126.627832326864,142.238017788122,104.475288835418,91.149436914369,32.3370322395149,17.6314156596668
118.233101754529,125.609894713808,140.788018117787,103.849073966679,90.8533694885216,32.5260376145123,17.8519302011505
118.301751790719,123.201230242384,137.054147579134,102.14292819437,90.1121413433287,33.1932424607453,18.5458316709209
118.306562254265,122.809094087479,136.507074272242,101.866044989466,89.9707541297444,33.3046825937925,18.6577181484868
116.973827302566,121.241082990774,134.17831229312,101.479976861027,90.8257048358195,33.745555701459,19.151837076259
115.943674153153,121.383602993562,133.310532910706,102.243313205074,92.8535602778446,33.7601193052045,19.2455477775239
115.79768262533,121.381582681962,133.092756708618,102.4591916933,93.4528377879889,33.7794048120182,19.2775741587908
115.679635234812,121.344418337664,132.958229551428,102.541223143848,93.7310975499617,33.7806290897938,19.2874238813378
115.596266257688,121.337356570544,132.87597734482,102.636722705486,94.0119529837313,33.782528558868,19.2958516627635
115.439415733985,121.33397826807,132.727243627074,102.83220943191,94.5780990130292,33.786291879597,19.3122444507765
114.712392846739,121.690328051738,132.377604490034,104.053043117322,98.3289796790277,33.7377972835079,19.3547928706947
114.443467995506,121.741268708607,132.244490072514,104.289247313931,99.3811422499871,33.679757254345,19.3414316660065
114.403715550954,121.757996914134,132.225153877566,104.341273976956,99.5960780585769,33.6684309957251,19.3389741915803
114.374835007411,121.77015012065,132.211105940981,104.379071861435,99.7522310461209,33.6602023569851,19.3371888121408
114.221084385294,121.935213463883,132.152819440729,104.816767915633,101.260794136063,33.5869616253751,19.3185588970811
113.936716847736,122.005366652053,132.069769647987,105.408929139951,102.986460231427,33.4582036417906,19.2504372611763
112.862074592996,122.743703775332,133.553880761029,109.101232509838,108.838713774574,33.1642551394843,18.8481657335333
112.779319986498,122.906868136294,133.871735243825,109.717112446655,109.944387722274,33.1621137315825,18.7915555997999
112.556825744478,122.815642318624,133.922766707222,110.19445411808,111.20122256601,33.1184285146506,18.7000059858
112.295726268942,121.781061855294,133.090203428902,110.470558754291,113.311138546267,32.9132499025982,18.4065267636399
112.296269398364,121.77222003183,133.082468629359,110.470395507167,113.322705959148,32.9115593584893,18.4039679077751
112.03857153936,120.936281331645,132.298104289816,110.101772053291,113.641102044136,32.7330585865286,18.1790854261821
111.861587322585,119.444969279399,130.434867200345,108.696771688236,114.104878560423,32.2762333787746,17.5577011965591
111.57861418264,117.238957918456,127.688430322323,106.736934223345,114.921378299167,31.4555786649173,16.5718036081819
111.568296143312,115.416783902859,126.673156947383,106.966096710712,115.841658844491,30.780684669984,15.7982509962026
111.705220430323,115.26874298807,126.71719929942,107.243719748158,116.221536563442,30.6577897568171,15.6489845593175
111.732471427443,115.239279533261,126.725964713027,107.298972945083,116.297140730177,30.633330919032,15.6192771981871
113.140102552194,116.794400966217,128.52086197826,110.00458875873,121.211696762987,29.4637140001349,14.1524798329264
113.184279160278,117.273891216657,128.898833685057,110.424992202025,121.689509802397,29.1300028118824,13.680478172797
113.237258376822,117.416442979315,129.017233280469,110.551648175774,121.712562419657,29.0473656240216,13.5432074626819
113.685265266941,117.908830238129,129.344756480886,110.85813133611,121.356646745637,28.7938004265876,13.0326419665478
115.056634733939,118.613919590002,129.508963591713,110.734707183479,120.903547456622,28.4808222847177,12.3864084179147
115.204676365096,118.662074925672,129.506822468468,110.697051730336,120.855350781578,28.4421563575285,12.3190508658735
115.219981862869,118.663974691449,129.502499449602,110.687770422511,120.84397255827,28.4357160670665,12.3090675603484
116.281597444167,118.861566073998,129.368222629657,110.274402380792,120.160976796877,28.1069868636959,11.7667502907611
118.778768210027,119.267885454759,129.566155636452,110.006458788984,118.914114684252,27.8603456428497,10.9969248749082
119.151331799857,119.218626346101,129.664434859377,110.052828920259,118.880389555635,27.8694655380173,10.9295838848378
119.646889267826,118.90435449265,129.765761931565,110.075400379074,118.771745065387,27.8726495486203,10.8101561306416
119.999765087855,118.254970055034,129.788289921331,110.021211809893,118.551440937517,27.8606261188081,10.6733527518594
120.495601761363,117.163473655867,129.91150988367,110.051438062052,118.279592218213,27.8710621477777,10.4973113149005
120.49748344002,117.159263500468,129.912175269726,110.051775084461,118.278652528151,27.8711431221725,10.4966621280816
120.885895272585,116.27609089246,130.102511100688,110.173114768404,118.097027408193,27.8889642795308,10.349665851395
120.888032420525,115.857297569145,130.123824599639,110.164124764896,117.944036523444,27.8714042904934,10.2703709943646
120.895246660653,115.265158492356,130.230829255491,110.22023617035,117.763534716907,27.8389200292627,10.1321509639669
NaN,NaN,NaN,NaN,NaN,NaN,NaN
NaN,NaN,NaN,NaN,NaN,NaN,NaN
NaN,NaN,NaN,NaN,NaN,NaN,NaN
NaN,NaN,NaN,NaN,NaN,NaN,NaN
NaN,NaN,NaN,NaN,NaN,NaN,NaN
NaN,NaN,NaN,NaN,NaN,NaN,NaN
NaN,NaN,NaN,NaN,NaN,NaN,NaN
NaN,NaN,NaN,NaN,NaN,NaN,NaN
NaN,NaN,NaN,NaN,NaN,NaN,NaN
NaN,NaN,NaN,NaN,NaN,NaN,NaN
NaN,NaN,NaN,NaN,NaN,NaN,NaN
NaN,NaN,NaN,NaN,NaN,NaN,NaN
NaN,NaN,NaN,NaN,NaN,NaN,NaN
NaN,NaN,NaN,NaN,NaN,NaN,NaN
NaN,NaN,NaN,NaN,NaN,NaN,NaN
NaN,NaN,NaN,NaN,NaN,NaN,NaN
NaN,NaN,NaN,NaN,NaN,NaN,NaN
NaN,NaN,NaN,NaN,NaN,NaN,NaN
NaN,NaN,NaN,NaN,NaN,NaN,NaN
NaN,NaN,NaN,NaN,NaN,NaN,NaN
NaN,NaN,NaN,NaN,NaN,NaN,NaN
NaN,NaN,NaN,NaN,NaN,NaN,NaN
NaN,NaN,NaN,NaN,NaN,NaN,NaN
NaN,NaN,NaN,NaN,NaN,NaN,NaN
NaN,NaN,NaN,NaN,NaN,NaN,NaN
NaN,NaN,NaN,NaN,NaN,NaN,NaN
NaN,NaN,NaN,NaN,NaN,NaN,NaN
NaN,NaN,NaN,NaN,NaN,NaN,NaN
NaN,NaN,NaN,NaN,NaN,NaN,NaN
NaN,NaN,NaN,NaN,NaN,NaN,NaN
NaN,NaN,NaN,NaN,NaN,NaN,NaN
NaN,NaN,NaN,NaN,NaN,NaN,NaN
NaN,NaN,NaN,NaN,NaN,NaN,NaN
NaN,NaN,NaN,NaN,NaN,NaN,NaN
NaN,NaN,NaN,NaN,NaN,NaN,NaN
NaN,NaN,NaN,NaN,NaN,NaN,NaN
NaN,NaN,NaN,NaN,NaN,NaN,NaN
NaN,NaN,NaN,NaN,NaN,NaN,NaN
NaN,NaN,NaN,NaN,NaN,NaN,NaN
NaN,NaN,NaN,NaN,NaN,NaN,NaN
NaN,NaN,NaN,NaN,NaN,NaN,NaN
NaN,NaN,NaN,NaN,NaN,NaN,NaN
NaN,NaN,NaN,NaN,NaN,NaN,NaN
NaN,NaN,NaN,NaN,NaN,NaN,NaN
NaN,NaN,NaN,NaN,NaN,NaN,NaN
NaN,NaN,NaN,NaN,NaN,NaN,NaN
NaN,NaN,NaN,NaN,NaN,NaN,NaN
NaN,NaN,NaN,NaN,NaN,NaN,NaN
NaN,NaN,NaN,NaN,NaN,NaN,NaN
NaN,NaN,NaN,NaN,NaN,NaN,NaN
NaN,NaN,NaN,NaN,NaN,NaN,NaN
NaN,NaN,NaN,NaN,NaN,NaN,NaN
NaN,NaN,NaN,NaN,NaN,NaN,NaN
NaN,NaN,NaN,NaN,NaN,NaN,NaN
NaN,NaN,NaN,NaN,NaN,NaN,NaN
NaN,NaN,NaN,NaN,NaN,NaN,NaN
NaN,NaN,NaN,NaN,NaN,NaN,NaN
NaN,NaN,NaN,NaN,NaN,NaN,NaN
NaN,NaN,NaN,NaN,NaN,NaN,NaN
NaN,NaN,NaN,NaN,NaN,NaN,NaN
NaN,NaN,NaN,NaN,NaN,NaN,NaN
NaN,NaN,NaN,NaN,NaN,NaN,NaN
NaN,NaN,NaN,NaN,NaN,NaN,NaN
NaN,NaN,NaN,NaN,NaN,NaN,NaN
NaN,NaN,NaN,NaN,NaN,NaN,NaN
NaN,NaN,NaN,NaN,NaN,NaN,NaN
NaN,NaN,NaN,NaN,NaN,NaN,NaN
NaN,NaN,NaN,NaN,NaN,NaN,NaN
NaN,NaN,NaN,NaN,NaN,NaN,NaN
NaN,NaN,NaN,NaN,NaN,NaN,NaN
NaN,NaN,NaN,NaN,NaN,NaN,NaN
NaN,NaN,NaN,NaN,NaN,NaN,NaN
NaN,NaN,NaN,NaN,NaN,NaN,NaN
NaN,NaN,NaN,NaN,NaN,NaN,NaN
NaN,NaN,NaN,NaN,NaN,NaN,NaN
NaN,NaN,NaN,NaN,NaN,NaN,NaN
NaN,NaN,NaN,NaN,NaN,NaN,NaN
NaN,NaN,NaN,NaN,NaN,NaN,NaN
NaN,NaN,NaN,NaN,NaN,NaN,NaN
NaN,NaN,NaN,NaN,NaN,NaN,NaN
NaN,NaN,NaN,NaN,NaN,NaN,NaN
NaN,NaN,NaN,NaN,NaN,NaN,NaN
NaN,NaN,NaN,NaN,NaN,NaN,NaN
NaN,NaN,NaN,NaN,NaN,NaN,NaN
NaN,NaN,NaN,NaN,NaN,NaN,NaN
NaN,NaN,NaN,NaN,NaN,NaN,NaN
NaN,NaN,NaN,NaN,NaN,NaN,NaN
NaN,NaN,NaN,NaN,NaN,NaN,NaN
NaN,NaN,NaN,NaN,NaN,NaN,NaN
NaN,NaN,NaN,NaN,NaN,NaN,NaN
NaN,NaN,NaN,NaN,NaN,NaN,NaN
NaN,NaN,NaN,NaN,NaN,NaN,NaN
NaN,NaN,NaN,NaN,NaN,NaN,NaN
NaN,NaN,NaN,NaN,NaN,NaN,NaN
NaN,NaN,NaN,NaN,NaN,NaN,NaN
NaN,NaN,NaN,NaN,NaN,NaN,NaN
NaN,NaN,NaN,NaN,NaN,NaN,NaN
NaN,NaN,NaN,NaN,NaN,NaN,NaN
NaN,NaN,NaN,NaN,NaN,NaN,NaN
NaN,NaN,NaN,NaN,NaN,NaN,NaN
NaN,NaN,NaN,NaN,NaN,NaN,NaN
NaN,NaN,NaN,NaN,NaN,NaN,NaN
NaN,NaN,NaN,NaN,NaN,NaN,NaN
NaN,NaN,NaN,NaN,NaN,NaN,NaN
NaN,NaN,NaN,NaN,NaN,NaN,NaN
NaN,NaN,NaN,NaN,NaN,NaN,NaN
NaN,NaN,NaN,NaN,NaN,NaN,NaN
NaN,NaN,NaN,NaN,NaN,NaN,NaN
NaN,NaN,NaN,NaN,NaN,NaN,NaN
NaN,NaN,NaN,NaN,NaN,NaN,NaN
NaN,NaN,NaN,NaN,NaN,NaN,NaN
NaN,NaN,NaN,NaN,NaN,NaN,NaN
NaN,NaN,NaN,NaN,NaN,NaN,NaN
NaN,NaN,NaN,NaN,NaN,NaN,NaN
NaN,NaN,NaN,NaN,NaN,NaN,NaN
NaN,NaN,NaN,NaN,NaN,NaN,NaN
NaN,NaN,NaN,NaN,NaN,NaN,NaN
NaN,NaN,NaN,NaN,NaN,NaN,NaN
NaN,NaN,NaN,NaN,NaN,NaN,NaN
NaN,NaN,NaN,NaN,NaN,NaN,NaN
NaN,NaN,NaN,NaN,NaN,NaN,NaN
NaN,NaN,NaN,NaN,NaN,NaN,NaN
NaN,NaN,NaN,NaN,NaN,NaN,NaN
NaN,NaN,NaN,NaN,NaN,NaN,NaN
NaN,NaN,NaN,NaN,NaN,NaN,NaN
NaN,NaN,NaN,NaN,NaN,NaN,NaN
NaN,NaN,NaN,NaN,NaN,NaN,NaN
NaN,NaN,NaN,NaN,NaN,NaN,NaN
NaN,NaN,NaN,NaN,NaN,NaN,NaN
NaN,NaN,NaN,NaN,NaN,NaN,NaN
NaN,NaN,NaN,NaN,NaN,NaN,NaN
NaN,NaN,NaN,NaN,NaN,NaN,NaN
NaN,NaN,NaN,NaN,NaN,NaN,NaN
NaN,NaN,NaN,NaN,NaN,NaN,NaN
NaN,NaN,NaN,NaN,NaN,NaN,NaN
NaN,NaN,NaN,NaN,NaN,NaN,NaN
NaN,NaN,NaN,NaN,NaN,NaN,NaN
NaN,NaN,NaN,NaN,NaN,NaN,NaN
NaN,NaN,NaN,NaN,NaN,NaN,NaN
NaN,NaN,NaN,NaN,NaN,NaN,NaN
NaN,NaN,NaN,NaN,NaN,NaN,NaN
NaN,NaN,NaN,NaN,NaN,NaN,NaN
NaN,NaN,NaN,NaN,NaN,NaN,NaN
NaN,NaN,NaN,NaN,NaN,NaN,NaN
NaN,NaN,NaN,NaN,NaN,NaN,NaN
NaN,NaN,NaN,NaN,NaN,NaN,NaN
NaN,NaN,NaN,NaN,NaN,NaN,NaN
NaN,NaN,NaN,NaN,NaN,NaN,NaN
