NaN,NaN,NaN,NaN,NaN,NaN,NaN
107.129638547498,140.723942637531,171.915546852486,163.090897411315,152.464679321669,16.7661956465529,4.35417232658476
107.039917437448,140.64783251959,171.83372233028,162.996174463224,152.372246927873,16.7567810408267,4.34908543923876
98.7738772621745,132.975898118003,163.725737733167,154.077913577117,143.673615920004,15.8640269816968,3.87257417884881
93.88887214204,128.273821234631,158.796463412252,148.77239450897,138.50914097104,15.32857127679,3.58784584035211
85.7670979319728,120.383865229141,150.559641311045,139.969382697174,129.964227164734,14.4337298588232,3.11051429250909
85.2366642431958,119.864864856733,150.020120488864,139.396401413122,129.409871460261,14.3750313083337,3.07905740315656
83.8677880414077,118.525494312327,148.627793362064,137.917723756701,127.979260344799,14.2235495104303,2.99787744017903
80.498746640349,115.174197362248,145.186267638203,134.314253018964,124.531898254501,13.8457514353345,2.79172733760665
79.6792896096662,114.243613672276,144.318255564977,133.505330288272,123.840261239654,13.7439916890702,2.72747857890197
82.3592544415544,116.637582726156,146.975458042177,136.503314248691,126.88952852396,14.0229773023879,2.8583463608096
91.2273878530395,124.735536953535,155.779030549916,146.20118926032,136.550048492683,14.9698311720364,3.31706709313881
92.8288941062448,126.124157390578,157.343699249407,147.955682184156,138.301406612565,15.137733780976,3.39218181752019
93.1252793402227,126.174855498976,157.585612139484,148.341995958227,138.720612395503,15.153548745079,3.38256539404821
93.0689516365372,126.104913770426,157.525940435147,148.287053110363,138.669327698006,15.1460362686183,3.37749853492334
90.793584191146,123.781742917247,155.258576630048,145.966941390625,136.424226184557,14.8748447774405,3.22792045127842
90.0978422846868,123.094509695259,154.578080378787,145.264148767916,135.742785645669,14.7923454257204,3.18423951882194
89.5605242194708,122.56867821475,154.055761599494,144.723711046367,135.218645062624,14.7286350788414,3.15090272475082
85.9012272302102,119.02239823328,150.550885577937,141.114732158349,131.727821979703,14.2934578548987,2.92419634401415
83.5093381179504,116.728474760284,148.372086277781,138.954701454633,129.67438995674,13.9990567557911,2.77025600977248
83.522624876613,116.730471779887,148.392251700361,138.993348707274,129.718521593323,13.998597510705,2.76905062844554
85.2204247444034,117.993258129683,149.888941596675,140.80699984653,131.565513396887,14.1736417881196,2.83291440823986
88.2951810644925,119.863772922005,151.75836716061,142.92154027328,133.645380358875,14.539148089051,2.95190320591798
88.1843403169828,118.024178525574,149.394858227354,140.341738152975,131.051039304602,14.5348561676143,2.8538929187281
87.3163481978204,116.645043572738,147.749111643399,138.515417429052,129.22204456447,14.4111101708821,2.76956241023708
86.3562802445723,115.312345588231,146.164503361304,136.738976260548,127.434119010027,14.2564544687001,2.68262080889454
86.2591114336411,115.191035255336,146.020365316809,136.575349648364,127.267804712839,14.2386227251776,2.67399087508498
86.0787357646197,114.965845379638,145.752800076914,136.271607538529,126.959073419993,14.2055214384902,2.65797102190788
85.7807918709251,114.593877537467,145.310836757668,135.769887393156,126.449112159725,14.1508448499269,2.63150948495061
85.1887619026968,113.900662193914,144.471660036666,134.784705209107,125.414706760506,14.0076093289491,2.57465293246982
85.3612606544255,114.238801697724,144.7743294185,134.865629450353,125.16350932951,13.7666070937546,2.55443450381543
85.757253156874,114.711542018061,145.317421465145,135.380107039842,125.52373553229,13.7419541166243,2.58069691545468
85.9420626241518,114.928364178747,145.568527297683,135.61994038966,125.692734399264,13.7335757221534,2.59369909348085
86.2006478617224,115.230785630658,145.926564142143,135.958337566221,125.913354667837,13.7213045780939,2.61469645572183
86.2832615095802,115.326703338499,146.045855847667,136.06851929254,125.972223256564,13.7169822864065,2.62346117821829
86.3852604290322,115.445128112246,146.193139321749,136.204555133098,126.04490534476,13.7116457700668,2.63428254063379
86.6799155243901,115.77758146777,146.619895393552,136.579000204631,126.17746979807,13.6906667782092,2.67432576387009
86.8206490419929,115.908396840422,146.822288829779,136.697161142023,126.011133308863,13.6638409686656,2.71924601844753
86.816482528216,115.899809224738,146.814656511617,136.681542438151,125.975891415117,13.6616161522857,2.72235782671224
86.7986309096512,115.863015193136,146.781955495878,136.614623388093,125.824895911839,13.6520838248972,2.73569051134095
86.7847418468481,115.834388398662,146.7565131832,136.562558479491,125.707417150997,13.6446674053004,2.74606371607135
86.511782758728,115.381404180118,146.209808506527,135.774167384261,124.462151647236,13.5875861355479,2.8320082763543
86.3514314909564,115.082074421443,145.775034751384,135.18864480934,123.668557457451,13.5612575587103,2.88930164266564
86.3482159740236,115.076071974933,145.76631625236,135.176903350851,123.652643548004,13.5607295929149,2.89045054402495
86.259442762236,114.894083727921,145.474383638742,134.789098760292,123.154191365976,13.5452014451719,2.931511761681
86.1549165550775,114.670155529535,145.102916776984,134.297436318694,122.5325849533,13.526255873709,2.98498667742787
86.1732412942901,114.468210908054,144.660987733291,133.697112762845,121.797021411319,13.5061298308275,3.07483658205117
86.180225169482,114.449458236345,144.617189965083,133.637369811016,121.724447077384,13.5040794201878,3.0844544613753
86.8192980425534,114.103955557811,143.764358440293,132.50215337291,120.437238100271,13.4474777585936,3.30513730086068
86.8911016494083,114.04500305923,143.671125396536,132.389593969408,120.318711620277,13.4389102199796,3.32144551059665
87.1549638950238,113.594572788272,143.070395473696,131.697271470145,119.60284542764,13.3817506531857,3.38775591630403
87.1322133788141,110.880489707463,139.922885110011,128.237820870247,116.066717505143,13.0721406264105,3.43262607221252
87.0206352287907,109.216692457744,137.73037625856,125.752082421999,113.489238660141,12.8460797423716,3.408459350939
86.9727418781478,108.408799825465,136.396484819383,124.172475306856,111.839046975589,12.6967678280791,3.39394123643052
87.0139183455061,107.925208768996,135.33132213352,122.854468845755,110.452811291959,12.5666894501951,3.39093220661316
87.0549706553097,107.764787289363,134.892572330879,122.297188129588,109.86420220824,12.510320936678,3.39253948436293
87.0788889181546,107.721181411901,134.742282023682,122.101579360303,109.656577661691,12.4901399379972,3.39425519912725
87.0795358550575,107.720001967913,134.738216998286,122.096288569237,109.650961870027,12.4895940859481,3.39430160547386
87.2275290617569,106.077634925274,131.396165941003,117.932492487978,105.251716833308,12.0845058565106,3.39803387127963
87.2658752418414,103.02618641461,127.565941892872,113.4781421672,100.709036912142,11.6920272968114,3.30459662617338
87.2627944702906,102.754451937109,127.221381232602,113.074547777807,100.309439282274,11.6543362114188,3.29572514255236
87.2710920531741,102.663656206706,127.097527392388,112.925974490255,100.163735082104,11.6397491476378,3.2936352069717
87.3839555215445,101.844757035994,125.94592507913,111.531269045709,98.797542002086,11.5001535425217,3.27938772724856
87.5276018097889,101.354848932447,125.190244216871,110.590349457224,97.8755104130715,11.4008078349479,3.28070699101377
87.6387360962826,101.033712047752,124.675959883772,109.94281740021,97.2383555697151,11.3307468436518,3.28528537809001
87.6603577027789,100.486460918297,123.860937684358,108.937229602736,96.2400258400649,11.2218825385831,3.28946348806787
87.9236244411352,99.0712151677421,121.693965326885,106.206996565287,93.4455717460981,10.9213461384043,3.30681933612636
87.9520893920923,98.982092144658,121.554099562543,106.027771113872,93.25768019752,10.9014782847332,3.30719616660765
88.0434346268128,98.7171022680055,121.134635249322,105.488262374278,92.6899214911642,10.841622093058,3.30710333237127
88.0926499762226,98.5968748063752,120.940151549566,105.23582073168,92.4217869683102,10.8135581412741,3.3056560725007
88.164187548083,98.4221167120184,120.657457393905,104.868881100763,92.0320367597483,10.7727654416083,3.30355239025048
88.2179418170977,98.0752095803344,120.126923532495,104.193779965124,91.3181671420461,10.6990615950032,3.29352764326777
88.2282076635738,97.6873723980348,119.551091314219,103.469121592805,90.5538431367789,10.6207680839445,3.27901768886615
88.270995290712,97.0883487080693,118.62686770077,102.29120195394,89.3100624158969,10.493472920983,3.24994994230129
88.4072867190843,96.3026419711927,117.339361313329,100.615668802972,87.5466444339484,10.3113540587146,3.20820905515692
88.5772515902221,95.570289255946,116.119818088509,99.0028614164355,85.8584603934312,10.1349826730263,3.17686544967916
88.7565184415173,94.0864447398211,113.893305377168,96.0546346818803,82.7612534961186,9.81407668276697,3.13074866465066
88.8402499348666,93.9236373652807,113.640786807654,95.7026289466424,82.3810523140287,9.77440108575476,3.12481047547695
88.8631918781826,93.8790290893652,113.571598184875,95.6061814177411,82.2768793962972,9.76353020239564,3.12318344610038
88.8697166790534,93.8663422775496,113.551920602208,95.57875126887,82.2472521090638,9.76043847000708,3.12272071098912
89.0513941830369,93.5833307819027,113.103825133605,94.9482391133739,81.5610581207013,9.68855390590764,3.10947982937557
89.1173825217241,93.4970591707531,112.964547503343,94.7505723422395,81.3444594937146,9.66578496030326,3.10458667763229
89.4363917183094,92.610451017847,111.648486528355,92.9923307677163,79.4421489992299,9.46879806862373,3.03885421180958
89.4549928884274,92.5512749885996,111.560830363984,92.8786838467647,79.3200912860089,9.45613469159136,3.03353043582198
89.5792664913427,92.1578181681425,110.974876859716,92.127712452415,78.5183609170707,9.37227749482218,2.99687515089676
89.5978375206944,92.0996134339894,110.887211948523,92.0180820325248,78.402842372141,9.35997926561749,2.99105785254808
89.6150825184427,92.0455647062427,110.805806595729,91.9162795794489,78.2955722252111,9.34855916978295,2.98565592812999
89.6880348748182,91.8169197330298,110.461433555237,91.485619689255,77.8417820826153,9.30024818051394,2.96280390338561
89.8398516277487,91.2296277953494,109.577561089519,90.4300946342525,76.7671088004932,9.18012805482329,2.90417100590358
89.8748334500193,91.00056560789,109.239057642181,90.0454669165461,76.3941990854141,9.13538897167423,2.88296471675963
89.8628651430041,90.5126826778063,108.551943956492,89.2826352908351,75.6690884350743,9.04761749346821,2.84156746855532
89.805366427738,90.2818031983676,108.247084974299,88.9554449360171,75.3673987261922,9.01058858183679,2.8242371453881
89.5185357464017,89.2801658229984,106.949566787751,87.5883781395319,74.1587237680044,8.85266856094889,2.75284778303313
89.5057374315827,89.2383094171605,106.896660646512,87.5335337609121,74.1138989743086,8.84600471694136,2.74990236326673
89.5011957010835,89.2234558588858,106.877885875095,87.5140711683278,74.0979920259699,8.84363992251343,2.74885712387582
89.4486057896523,89.0514625373443,106.660487778451,87.2887086065444,73.9138012193112,8.81625733573509,2.73675401758144
89.2233302675038,88.2491657769266,105.64721862778,86.232964955475,73.0765470852963,8.68400310706984,2.67600522371764
89.1181416383617,87.6361083494126,104.858934116937,85.3899267382793,72.4513063569611,8.56911155137476,2.61365346890554
89.0113039932907,87.3304422356019,104.477009590696,84.9758992867888,72.13144567597,8.51405282824363,2.57511812843108
88.9704413138237,87.2135327284309,104.330933182086,84.8175443265167,72.0091071082045,8.49299426827936,2.5603793416962
88.9323823054814,87.0829189727682,104.160850842618,84.6317713600542,71.8659711154766,8.46750761418889,2.54014540811395
88.8734918180692,86.6314336220617,103.492542495278,83.8955420645947,71.2996853680692,8.35914775100564,2.43282595150183
88.874146948956,86.6180515844935,103.469696459243,83.8703671029452,71.2802826640703,8.35522696376951,2.42837535290192
88.9121883191763,86.523086564152,103.249021451165,83.6313140271097,71.0953013457859,8.3150156108402,2.37620191511557
88.9622645179189,86.4781400064823,103.081640510436,83.4536820595165,70.9576451890854,8.28291624623711,2.33030024099924
88.9029584375661,86.3835314899362,102.475135954181,82.8543413555304,70.470474442744,8.18343432407223,2.18277123949804
88.8088297173869,86.3658139736568,102.246731601919,82.6282001089039,70.295366587207,8.14981216231375,2.13616141230346
88.7008462611421,86.4051856205588,101.999663130549,82.3597633535884,70.11809281451,8.10983358152686,2.08668195631411
88.6647714043241,86.4490920835206,101.893448711594,82.2241975998757,70.0447043169079,8.08929287020337,2.06557092374245
88.6274998780768,86.5908912503248,101.613938368638,81.8190337317373,69.8494107003128,8.02679916839508,2.01129894322471
88.5267957762253,86.5125868620751,101.166337260618,81.2140775270596,69.4888049642687,7.94504237730627,1.95577887378504
88.927109131514,86.3817265746483,100.402802184915,80.2889910371011,68.9846006614853,7.79378009445087,1.85482439788879
88.9456237278463,86.3782244292635,100.383250378713,80.2684465660046,68.9737006193842,7.78987381545487,1.85214892147614
89.1726357606366,86.3385620153675,100.179025556076,80.0781553447294,68.8694611781379,7.74999695993775,1.82424462599202
89.3481479623096,86.3093617726752,100.036990805481,79.9585541333975,68.802006116312,7.72274858407302,1.80485965519776
89.7433946513285,86.0844305036171,99.4996289376141,79.5380119685921,68.4936105192923,7.63822489411928,1.74454362534242
89.977370313718,85.9303573778252,99.1654574203655,79.3009500157218,68.2948647515362,7.58887895354205,1.70917478419309
90.2973066111699,85.7524859355079,98.7642184720087,79.0353604704566,68.0547413952714,7.5288978104623,1.66628106750802
90.5270373419259,85.6605142037823,98.5304120332813,78.8919571588332,67.9077693357565,7.49128313071156,1.639905167261
90.7327859193104,85.5916671113792,98.3395078184592,78.7751432664006,67.7827475876846,7.45843968559359,1.61727584115325
91.2578760844777,85.5427776533386,98.0229130594419,78.5773383031876,67.5226426076579,7.38034625522267,1.56765331686449
91.3080888630735,85.5497978327919,98.0077122376642,78.5656508314376,67.5025051705077,7.37289296314346,1.56338077914279
91.6917214900682,85.611504110489,97.8781478623938,78.4145933495133,67.2641177464314,7.29305811641396,1.5207362957659
91.9628137777921,85.8348853571637,97.9613613499143,78.2791117589448,67.0160427417056,7.18545141976304,1.47459852245666
91.9999512848884,85.8912166375653,98.0043465874222,78.2762410599293,66.9976493088914,7.169912352755,1.4688956410387
92.1489855232019,86.2365786310371,98.3243736844937,78.3482860239778,67.0139119604956,7.10605086916488,1.44961925211637
92.2035153003962,86.3839364626756,98.4673820688204,78.3935029805536,67.0423252230132,7.08326836211117,1.44343134417351
92.2151495340927,86.4190162067364,98.5023869480135,78.406419768861,67.0522821466941,7.078508778311,1.44226111390322
92.6115498638501,87.9904931949424,100.068343109337,79.0014174653255,67.5646228843834,6.86452624306384,1.38696881096603
92.6638022726596,88.357285716532,100.407265649377,79.1027242462301,67.653187892444,6.80415164716859,1.36718200361698
92.8148663768659,88.9040607493996,100.859931273057,79.2197558785216,67.7387071822295,6.71473993870711,1.33277308685191
93.0482086919242,89.3187718235928,101.123217575403,79.2347444864899,67.7010163834896,6.64446780195391,1.29726259438855
93.488301622102,89.7535907653383,101.163100622944,78.8862243823722,67.1869723004341,6.51362467750033,1.21266847034716
93.5199893228599,89.787535469004,101.163971114209,78.8508063959567,67.1342397489189,6.49964009686572,1.20464322672906
93.6467707843042,89.9440788582126,101.20373959896,78.749324622527,66.9682787803175,6.44471037550992,1.17493911608741
94.2405613662521,91.9370247496159,103.316669745902,80.2303394907152,68.3229488302002,6.12833562490462,1.09351265725135
94.3549275590177,93.8973456083413,105.993423054524,82.6753651406552,70.8070628825531,5.86858724685616,1.06174723075619
94.6314792026669,95.4874819635593,108.551043832441,85.3535874310901,73.4944024753988,5.73463130623878,1.02959169430867
94.6293960308889,95.5349271854076,108.663961096037,85.4881837197705,73.6284020645924,5.73106166246175,1.02523120526087
94.6579473337847,95.6813547327487,109.142450494518,86.1178628627384,74.2607266457802,5.73821839033435,0.994336762997355
94.7617902360195,95.678273394072,109.299411012334,86.4048430913844,74.593002750775,5.77899129547392,0.956050516278752
94.9615411292176,95.7199141273003,109.378221679336,86.5771837223266,74.9324826049937,5.83155632986399,0.888229336900197
95.0061770833119,95.7398418887376,109.390823603561,86.6046617942646,75.0444880747959,5.84154479570772,0.85920533930642
94.9988827857167,95.7364519717149,109.383543362139,86.5983532849369,75.0700036406195,5.84101409528201,0.848712804110233
94.9683233923665,95.7222499452182,109.353042856997,86.5719238425559,75.1769008712829,5.83879073068122,0.804754423454832
94.8954820928051,95.838841088904,109.483029271399,86.6670407153692,75.752373783598,5.78241225923041,0.650001671109503
94.8681933111765,95.9628396742909,109.682373650886,86.839701839966,76.2285481410024,5.72651673815468,0.544986416740206
94.8609122372806,96.0203146481631,109.789872104074,86.9380044565178,76.4531508145909,5.69946760978928,0.498195844845186
94.859312019598,96.0329463657931,109.81349786699,86.9596091795984,76.5025134738593,5.69352281453963,0.487912320519659
94.8526084839691,96.2305333080823,110.26178375546,87.3983079687602,77.3517927993292,5.59352974766775,0.315604579335051
94.5684639479652,96.284270176687,110.959168858944,88.1999854308609,78.7270779418332,5.40906231252708,-0.0197222770458218
94.5427198674921,96.3532949796046,111.182254473982,88.4654131771375,79.0844772605842,5.37731211597789,-0.0937689305695441
94.6611216363057,97.2459810811046,112.718590619819,90.2394760421098,81.1494091779689,5.2878210934554,-0.413663940996037
94.7711418432286,98.2948338758762,114.030098407357,91.6976762341279,82.6956300970461,5.28082298386965,-0.572637556900735
94.7848989073676,98.4950245886025,114.262262082451,91.9507051553712,82.9599493552062,5.28269079194379,-0.59464767297267
94.7915891134091,98.5621837344963,114.336586509488,92.030134300764,83.0422235791644,5.2840540392987,-0.600080506250082
94.8053829995474,98.7006526554618,114.489828827809,92.1939015421332,83.2118568117366,5.28686478663221,-0.611281937591957
95.0509634504092,100.648177143175,116.608874834401,94.4125447136881,85.5090916602392,5.34269101194222,-0.731738571247413
95.4497918411989,102.961884814843,119.263505807203,97.053464084203,88.2712441914593,5.45627470824509,-0.82209729256504
95.4967080045581,103.96938724703,120.774421285675,98.4964756231879,89.8019745129406,5.53529233774011,-0.897828344028914
95.5353953289409,104.185553361332,121.194998932949,98.8850089855446,90.2047812401019,5.55995903612825,-0.924704112999154
95.9117982145146,105.552257744671,124.002756087405,101.417448063316,92.7161405474422,5.70493822306903,-1.13720599907988
95.9295865510286,105.756701450081,124.326819812742,101.711444659457,93.0058440768383,5.71675368937294,-1.16122982716317
95.97854505414,106.295511310721,125.119138857303,102.436474789925,93.7277828184539,5.74548222702161,-1.21509756738143
96.0761943218665,107.377654133323,126.464750054245,103.69944885482,95.0253445105387,5.79599987118606,-1.28497085153691
96.0893113616343,107.537015814336,126.652312539288,103.877819466722,95.2115378901724,5.80349482633544,-1.29353458959133
96.1120445316228,107.864090213828,127.023720226602,104.235730164856,95.5906432523016,5.81979449848058,-1.30882012847003
96.1342118705462,108.183023696064,127.38588353632,104.584732426917,95.9603126408751,5.83568847001926,-1.3237252086292
96.0605432965722,108.673480449538,127.957334887103,105.142324965509,96.562295220811,5.86219323920599,-1.35400174732737
96.0080954902516,108.890183638638,128.212505099739,105.392549966293,96.8344616590136,5.87428503627153,-1.36873735298502
95.8482038371794,109.619464703235,129.114104300486,106.276472541792,97.7721677165177,5.92622302975546,-1.42435190144593
95.7785363810086,110.263367235888,129.990956318381,107.114985623382,98.5989744277462,5.98471430006157,-1.48405583900471
95.7781768097188,110.376264383708,130.154604308654,107.267334726405,98.7398931547567,5.99600460706096,-1.49572652770616
95.7996128631253,110.875882907459,130.893114066477,107.944245876153,99.3470037900527,6.0465555159549,-1.54874312945412
95.8436487079589,111.248392213342,131.461155095476,108.452232542713,99.779537653562,6.08496007441914,-1.5899391757822
95.7391469379406,112.138861022,132.985992208187,109.72624199702,100.742786492085,6.18133414211168,-1.72358794912699
95.6770336534097,113.073703163293,134.441846693449,110.902562725667,101.63827251899,6.27034249653428,-1.8296056405112
95.3897177852027,114.657799814237,136.581711478887,112.629961224619,103.144036847503,6.41055572141216,-1.95071545172078
95.37884901767,114.676160495416,136.605174438108,112.648736911171,103.162501968772,6.41226928142479,-1.95216877936603
95.1235191409756,115.107770545609,137.147936742176,113.085272542902,103.598707299067,6.45260263040488,-1.9853858975462
94.9354280876059,115.426890364072,137.51247406249,113.387828452716,103.930177768478,6.48264220683361,-2.00598534892828
94.8964198480831,115.493072684241,137.588075527052,113.450575580704,103.998921492509,6.48887212033296,-2.01025747308917
94.7476010469937,115.766170207248,137.887293377814,113.704395296513,104.285394209395,6.51452226178136,-2.026874963028
94.0019641994493,118.204257728019,140.317416180531,116.001913016779,106.977673967794,6.73648550315362,-2.18567916328761
93.9018535545579,118.802987689141,140.991865007461,116.688617965879,107.728391869149,6.79014221845211,-2.24177103756856
93.874850506276,119.120411525826,141.380751602194,117.084411504621,108.149212633901,6.81888291869838,-2.27014511845443
93.8181451927171,119.883529410531,142.422643947886,118.138525920562,109.261417204238,6.89218817603382,-2.33045583736555
93.2777752341787,120.929977725802,144.32219464212,120.048399593151,111.346519403141,7.02288769991517,-2.4056534831197
93.22619784035,120.99323069751,144.455197949352,120.181233002775,111.494751662419,7.0320731143405,-2.40934485950936
93.0016509669146,121.373213943882,145.220135874042,120.936645190383,112.329813789365,7.08543741638977,-2.42335397397016
92.9472630136245,121.489940215255,145.447547262253,121.160056313946,112.574626395935,7.10139024503745,-2.4268131159702
92.8745910677538,122.104285902624,146.51390160933,122.19388420739,113.665669204297,7.17751188700311,-2.43886686883358
92.9319859695842,122.882189479513,147.743102775338,123.372022686158,114.832700261837,7.26797277483769,-2.46036806250005
92.9668723794499,123.138088949975,148.124741838334,123.735650998453,115.172257396276,7.29698500250888,-2.47033438148653
92.990591048133,123.222815299415,148.240897258431,123.845902326057,115.270847965575,7.30600659663206,-2.47357360568808
93.0220471801545,123.335180932972,148.394944700066,123.992119652291,115.401600580968,7.31797119968692,-2.47786952404221
93.3399416022062,124.186342953707,149.4766331606,125.017218092685,116.286736339748,7.40518875279266,-2.50885000007008
93.7221789065051,125.027183728097,150.427336353089,125.917733031592,117.034329171859,7.48988539453961,-2.53370596795515
93.7858355895587,125.171517923561,150.584697307534,126.066808617045,117.158772984186,7.50480012362155,-2.53706987644597
93.9247712589566,126.198458115345,151.767449456561,127.169264893768,118.092313358351,7.63192314390522,-2.55438162346845
93.9233949585927,126.352268998041,151.977821222673,127.353997002807,118.265463076453,7.65417195213953,-2.54859646634657
93.9593725229778,126.502759714548,152.213722260765,127.552008653009,118.452852702727,7.67604288194826,-2.53831324051201
94.0291668920839,126.641762403927,152.451847622695,127.745896700271,118.632127048996,7.69612378136911,-2.52676977582304
94.0496858710305,126.667189776309,152.49907823361,127.783297433223,118.665467773731,7.69975678497958,-2.52439103900623
94.4070208619394,126.858901453865,153.259213827096,128.285495430637,118.961732110079,7.7578909427596,-2.48767724094426
94.8255762295816,127.316431942765,154.402094241139,129.084650269652,119.234602712242,7.91030659755212,-2.47090062575481
94.6749367673123,127.350255519934,154.585397897659,129.206735836656,119.232766034756,7.9521639497655,-2.47071491068367
94.4133254079302,127.409366757805,154.824634969951,129.382553924101,119.2696037115,8.00608513682478,-2.46906158216319
94.2970449419862,127.435656289205,154.927579945257,129.45914929895,119.287692986937,8.02924729490663,-2.46826967038439
92.1671973989531,128.014537849028,156.766737359997,131.012491893865,120.145794843214,8.33813122196422,-2.44380034990947
91.6530095632525,128.103368938287,157.173079128637,131.360136280551,120.340814648252,8.39666476616882,-2.44228172212148
91.6509196061877,128.103766353025,157.174801088985,131.361612280355,120.341651363709,8.39690935418532,-2.44227633240586
91.5309761855939,128.127209310862,157.274637124951,131.447240485478,120.390282954542,8.41111620006746,-2.44198248329254
91.4767295363801,128.147781207473,157.335674958795,131.500407595262,120.421885882522,8.42020734747394,-2.44209237248979
91.4198969587856,128.169333762836,157.399622455616,131.556109171968,120.454995316609,8.42973186830408,-2.44220750008605
90.9050174594328,128.449533467823,158.088503474439,132.165426742754,120.824223552251,8.5451596694858,-2.4456057451425
90.7840322955081,128.600527981807,158.33864023047,132.400375397542,120.972820616094,8.60793226881381,-2.44911453478272
90.7384665142873,128.661172460771,158.436402759271,132.492712932707,121.031401300603,8.63326218269171,-2.45056204296691
90.1682391756144,128.665138246559,158.429061295343,132.569996657638,120.985475252597,8.82679665309416,-2.47323028298556
89.8610511125092,128.644902436665,158.273118649113,132.569480122517,120.97308836402,9.00605739403294,-2.48524315107015
89.5016240286617,128.483884286743,158.017200971837,132.549072914615,120.972305761314,9.23702006900832,-2.49246049090913
89.3184501750088,128.30724925559,157.859289342992,132.513296517109,120.941544027455,9.37158626192111,-2.4940311311358
89.7423812242783,128.353821041503,157.962703314062,132.726028133957,120.991699341127,9.81241424365498,-2.48110986445778
90.4636020834102,128.546651040782,157.833433139677,132.852563821509,120.753365797914,10.2954784367119,-2.46871592109829
90.4672030032527,128.475174201089,157.700347197347,132.817790572669,120.648705780454,10.3828440202381,-2.46697214960584
90.4733868730181,128.421548264092,157.580791746653,132.813024539556,120.57364316201,10.4837246988956,-2.46300625218548
90.6115523542881,128.693566068659,157.593002554705,133.027224128083,120.712967751264,10.8421769476598,-2.4275772856739
90.4238804604284,128.790713674404,157.453760540716,132.823064727831,120.619150857349,11.0417687881829,-2.40972625094302
90.4178036333014,128.795883725382,157.449802567958,132.815380846828,120.616618716742,11.049155371817,-2.40910129582383
90.2852214959261,128.98144879682,157.392752192626,132.639820107181,120.643051947123,11.2875247204066,-2.39291382655114
90.2540982060092,129.001175003003,157.385465419281,132.635338393945,120.684240742943,11.348659721035,-2.38941438383312
90.2391531612888,129.010647299613,157.381966394796,132.633186326959,120.704019127463,11.3780160429667,-2.38773399181619
90.1067057248273,128.908947671268,157.27417353594,132.563739202571,120.671033397177,11.4309562568039,-2.38750538264615
90.0532744297189,128.864302394057,157.229191812598,132.534741412744,120.653667461813,11.4482744796766,-2.38769894030238
89.8267808431248,128.659389579136,157.046835390308,132.461914549526,120.608203241003,11.5199429379431,-2.38772795315818
89.5862665944006,128.432836393312,156.872752112837,132.468906879866,120.606411398622,11.59843236985,-2.38449940336806
89.2617552532632,128.159585609828,156.693223933237,132.642862393804,120.686774317316,11.7222586944854,-2.36788148828392
88.2926270570362,127.725618584468,156.26090700168,132.911568239166,120.452182210106,12.0161938226617,-2.27931205237888
87.6169310815574,127.682822367688,156.126378306199,132.866708210814,119.963699095441,12.2378122803399,-2.19462718079239
87.0237503979961,127.585842486834,156.058477235271,132.656758683223,119.424643170114,12.3982013149979,-2.1304903092713
86.7322229986915,127.475672866781,155.979589049633,132.503400070099,119.152077120578,12.4511717338565,-2.10913883108842
86.2413894409527,127.284616620992,155.912713495627,132.271555291042,118.721724058237,12.5392541887813,-2.07261130532641
86.1756863156643,127.259065985505,155.904056527839,132.240748198349,118.664325956336,12.5510601282686,-2.06770691954333
85.8599395610253,127.140890724394,155.918658226759,132.136083236838,118.428324110538,12.6106904829786,-2.04131844506693
85.634523749439,127.057349533123,155.932910108753,132.065213026286,118.263201898527,12.6536455124824,-2.02215899672973
83.8734354562104,126.452886109624,156.485071818988,132.219283617684,117.666348673547,13.0092887549709,-1.82315717458535
83.1562885335682,126.267208607812,156.859573325647,132.705340794159,117.737042371362,13.2040171536263,-1.68944550590008
82.887123015216,126.216960892167,157.081868353761,133.086997718584,117.85237273952,13.3276332813258,-1.59799506248296
82.8739391789422,126.214505448409,157.093422457605,133.107596249529,117.858694118127,13.3342328542124,-1.59305963843219
82.6127763077361,126.033581524635,157.0653977862,133.21471108437,117.781184621945,13.4037877511455,-1.5328288559668
82.2555908761065,125.747494273968,157.029958843943,133.417227693449,117.662773203764,13.5208832993663,-1.4256623230257
82.087175754532,125.581150236678,157.046698029694,133.609060458335,117.620432484199,13.6068491003874,-1.34159397096659
81.6713297707596,125.113526478487,157.267150958835,134.511002215748,117.760449633414,13.9293288299042,-1.00214531402553
81.6597218719699,125.101504499856,157.26593404011,134.52205507927,117.761007447653,13.9342236152612,-0.996498945711129
80.8076627131914,124.308572204969,156.861462657692,135.431308449435,118.611243859486,14.3347549486567,-0.573866267365224
79.9443783300162,121.761679686983,153.689170708042,134.198459910879,118.946090895155,14.7710547610083,0.0123053674741463
79.90326455507,121.262328863245,153.222902348908,134.010817048195,118.927423949423,14.8548532386383,0.160390711045714
79.7177758209667,118.139267508399,151.476857746675,134.056387446308,119.686000292557,15.3914347260105,1.29568757084977
79.5867217221824,117.638061419376,150.860500917402,133.900801728528,119.91019887332,15.5223838402246,1.58279151673823
80.0082034991872,117.248940980435,149.640572898308,133.599296875306,120.1012136316,15.9072804870578,2.40258668761071
80.0304785921099,117.144264813342,149.476212172486,133.563222651607,120.108873972641,15.9367276753632,2.50480295024599
80.0200972446817,116.91839382217,149.184810103379,133.494458052398,120.133252662795,15.9630747715975,2.66083739405239
80.0106426361343,116.665588734082,148.923206476653,133.496600553254,120.313771734156,15.9573733712761,2.80826631326255
79.8641101193139,115.797416800121,148.125690070625,133.308823686124,120.738591088457,15.9271329671588,3.14137838754977
79.9688212733692,114.77432787154,147.411577089553,133.237994635479,121.168946409159,15.9664643927387,3.46294178587337
80.0557272581487,113.944153449367,146.857605347989,133.198211861854,121.50769016018,15.9524602247705,3.56983722395857
80.1636424442963,113.205419997971,146.267395674518,133.062532743736,121.751199037517,15.9320937387623,3.63453337521355
80.2612182874448,112.88892753988,146.001902104984,132.998712975247,121.856242873968,15.9279149660579,3.66713706864786
80.5576137019684,112.507070972498,145.702519326976,132.998542978714,122.085026474627,15.9392139726942,3.72979077915614
81.3138661888046,111.82869587734,145.233736742691,133.079586945241,122.486490047415,15.9819940068664,3.87448823741338
81.6091452074898,111.49700931114,145.004869822802,133.065935648887,122.55405761834,15.9945383124525,3.93593737187614
81.7851170901654,111.373672329044,144.928611549523,133.091011853187,122.604393706453,16.0041280839502,3.96975564248677
82.2586727669533,111.189674112308,144.81974900363,133.2150560094,122.76894786606,16.0368129158506,4.06274571249933
82.6240391395409,111.128755946771,144.672636990046,133.266010648159,122.84048351996,16.0733541387022,4.17561861001836
83.1912168260815,111.852015057735,144.228198508994,133.282262400729,122.630935937496,16.3104051903025,4.81338058628428
83.1698638890296,111.866979699756,144.255066669065,133.314221050151,122.661230393376,16.3234640218343,4.84756791515687
83.1627276451594,111.871980947811,144.264046124311,133.324901768943,122.671354931492,16.3278283397847,4.8589934682557
82.7881072018699,111.677591297323,144.125907220045,133.179201338377,122.578064324055,16.3472313627091,4.96953122233942
82.4470292038292,111.553181935957,144.044449493251,133.074106832142,122.563973051836,16.3734660705981,5.07304154904355
82.2898563388348,111.535772169921,144.037885446334,133.053639420064,122.606236205853,16.398651651044,5.14117960619767
81.7539790848083,111.445532618046,143.897980548807,132.901045060357,122.667506212463,16.5249284546107,5.44690880530975
81.6997870263446,111.421738979614,143.867406738187,132.873964502577,122.655445492199,16.5403409938472,5.48391633201634
81.666981905365,111.406215880592,143.851190476526,132.86472838094,122.654718188333,16.5590342002507,5.52483660924531
81.8420397506112,111.360805040985,143.779327835652,132.782542315731,122.210290552837,16.9476270026104,6.41931648743986
82.9302186546199,112.083902464178,144.286672733742,132.886378640372,122.17306081646,17.2236212157001,6.87456327262437
83.0789616028005,112.051613517383,144.305741348806,132.828537488111,122.220495407962,17.2720222574473,6.96291892842714
83.3566823373284,112.002972371755,144.358504791323,132.853306576171,122.495501046673,17.3482359986981,7.09065095237682
84.2515616188668,111.855873357639,144.085299490679,133.113913883734,123.587432190221,17.5363185040711,7.3964281364457
85.8144808435131,112.231893681129,143.724850324398,134.064532759958,125.415351609253,17.7512711779798,7.69815945587193
86.0815574525269,112.367873770692,143.779789372363,134.327507987863,125.898724306033,17.7901711190543,7.74795720559873
86.3367261258342,112.548095424445,143.898345872483,134.60096090621,126.401733548091,17.8297821280452,7.79338812175946
86.4337793795346,112.607963477288,143.893821935096,134.692943231068,126.709878726622,17.8465351434412,7.81886506632255
86.5274090529203,112.678289819803,143.870472184815,134.752313364995,127.046088540491,17.8604279899329,7.8405277656414
87.0643405950982,113.218315369364,144.049734324019,134.965850802925,128.068369830605,17.9025883508489,7.85933168507989
87.1200306643213,113.275826996444,144.078312724994,134.986796236352,128.145756757577,17.9061228092088,7.85875792408617
87.7024188546509,113.997986175591,144.623163183259,135.268247956137,128.923052810298,17.948909559372,7.85580606514751
87.8123979969035,114.164967809642,144.830416078752,135.463737087628,129.107121188908,17.9725751114398,7.87458269118096
88.0176060664309,114.732557356353,145.618852140424,136.25118661156,129.759107489636,18.0488814534908,7.93850162331111
88.0826782765982,114.961204548011,145.933405385592,136.584287020421,130.019424293679,18.072782028987,7.95176320855113
NaN,NaN,NaN,NaN,NaN,NaN,NaN
NaN,NaN,NaN,NaN,NaN,NaN,NaN
NaN,NaN,NaN,NaN,NaN,NaN,NaN
NaN,NaN,NaN,NaN,NaN,NaN,NaN
NaN,NaN,NaN,NaN,NaN,NaN,NaN
NaN,NaN,NaN,NaN,NaN,NaN,NaN
NaN,NaN,NaN,NaN,NaN,NaN,NaN
NaN,NaN,NaN,NaN,NaN,NaN,NaN
NaN,NaN,NaN,NaN,NaN,NaN,NaN
NaN,NaN,NaN,NaN,NaN,NaN,NaN
NaN,NaN,NaN,NaN,NaN,NaN,NaN
NaN,NaN,NaN,NaN,NaN,NaN,NaN
NaN,NaN,NaN,NaN,NaN,NaN,NaN
NaN,NaN,NaN,NaN,NaN,NaN,NaN
NaN,NaN,NaN,NaN,NaN,NaN,NaN
NaN,NaN,NaN,NaN,NaN,NaN,NaN
NaN,NaN,NaN,NaN,NaN,NaN,NaN
NaN,NaN,NaN,NaN,NaN,NaN,NaN
NaN,NaN,NaN,NaN,NaN,NaN,NaN
NaN,NaN,NaN,NaN,NaN,NaN,NaN
NaN,NaN,NaN,NaN,NaN,NaN,NaN
NaN,NaN,NaN,NaN,NaN,NaN,NaN
NaN,NaN,NaN,NaN,NaN,NaN,NaN
NaN,NaN,NaN,NaN,NaN,NaN,NaN
NaN,NaN,NaN,NaN,NaN,NaN,NaN
NaN,NaN,NaN,NaN,NaN,NaN,NaN
NaN,NaN,NaN,NaN,NaN,NaN,NaN
NaN,NaN,NaN,NaN,NaN,NaN,NaN
NaN,NaN,NaN,NaN,NaN,NaN,NaN
NaN,NaN,NaN,NaN,NaN,NaN,NaN
NaN,NaN,NaN,NaN,NaN,NaN,NaN
NaN,NaN,NaN,NaN,NaN,NaN,NaN
NaN,NaN,NaN,NaN,NaN,NaN,NaN
NaN,NaN,NaN,NaN,NaN,NaN,NaN
NaN,NaN,NaN,NaN,NaN,NaN,NaN
NaN,NaN,NaN,NaN,NaN,NaN,NaN
NaN,NaN,NaN,NaN,NaN,NaN,NaN
NaN,NaN,NaN,NaN,NaN,NaN,NaN
NaN,NaN,NaN,NaN,NaN,NaN,NaN
NaN,NaN,NaN,NaN,NaN,NaN,NaN
NaN,NaN,NaN,NaN,NaN,NaN,NaN
NaN,NaN,NaN,NaN,NaN,NaN,NaN
NaN,NaN,NaN,NaN,NaN,NaN,NaN
NaN,NaN,NaN,NaN,NaN,NaN,NaN
NaN,NaN,NaN,NaN,NaN,NaN,NaN
NaN,NaN,NaN,NaN,NaN,NaN,NaN
NaN,NaN,NaN,NaN,NaN,NaN,NaN
NaN,NaN,NaN,NaN,NaN,NaN,NaN
NaN,NaN,NaN,NaN,NaN,NaN,NaN
NaN,NaN,NaN,NaN,NaN,NaN,NaN
NaN,NaN,NaN,NaN,NaN,NaN,NaN
NaN,NaN,NaN,NaN,NaN,NaN,NaN
NaN,NaN,NaN,NaN,NaN,NaN,NaN
NaN,NaN,NaN,NaN,NaN,NaN,NaN
NaN,NaN,NaN,NaN,NaN,NaN,NaN
NaN,NaN,NaN,NaN,NaN,NaN,NaN
NaN,NaN,NaN,NaN,NaN,NaN,NaN
NaN,NaN,NaN,NaN,NaN,NaN,NaN
NaN,NaN,NaN,NaN,NaN,NaN,NaN
NaN,NaN,NaN,NaN,NaN,NaN,NaN
NaN,NaN,NaN,NaN,NaN,NaN,NaN
NaN,NaN,NaN,NaN,NaN,NaN,NaN
NaN,NaN,NaN,NaN,NaN,NaN,NaN
NaN,NaN,NaN,NaN,NaN,NaN,NaN
NaN,NaN,NaN,NaN,NaN,NaN,NaN
NaN,NaN,NaN,NaN,NaN,NaN,NaN
NaN,NaN,NaN,NaN,NaN,NaN,NaN
