NaN,NaN,NaN,NaN,NaN,NaN,NaN
92.9424059950329,122.069679419039,105.385468103327,78.3847781678133,69.3797632009094,4.23270511343519,3.9748134479705
104.684377506283,133.917488057305,113.483502177621,85.2805877170997,75.9450405380632,4.59450334030341,4.69238848804417
106.343472151245,135.621670575639,114.607425182571,86.1877115780936,76.7819377473224,4.64509645668437,4.79508770064161
109.001923482828,138.423915768476,116.360150590612,87.4816219455671,77.9074669522372,4.72491176449176,4.96275507066022
93.1239492834628,123.604568807158,105.071160612718,76.0310094764988,66.0408016188988,4.23947530759292,4.06907483020174
87.6230949099962,118.367895734301,101.387821479686,72.4729922721527,62.4324490012209,4.08193783713082,3.76379680872598
81.175145204737,112.372729512569,97.5503849174728,68.6177074029225,58.4263612903163,3.92717507963749,3.44472656555269
81.6549420223794,112.96462687065,98.2898888524293,69.1726290575913,58.8763031158213,3.96731130247573,3.5063708219748
81.6673585021248,112.979944357736,98.3090261940965,69.1869896644819,58.8879469895562,3.96834997255357,3.50796609029078
81.8454991940881,113.199706142439,98.5835918807344,69.3930229767365,59.0550030124212,3.98325189404677,3.53085359202235
86.1912563783334,117.652303122782,102.550077450892,72.8054906274015,62.1682512721045,4.17436930642015,3.85982189723267
86.8409598169111,118.306218667981,103.123001406949,73.3060635209605,62.624719705439,4.20160311040323,3.90702459360053
88.342728254897,119.817723253885,104.447296559911,74.4631215382367,63.6798316925624,4.2645531655201,4.01613209616859
90.6616946166293,122.144859432617,106.520958230825,76.2756751023422,65.3167325549412,4.36341830419761,4.18611451412627
92.7845967549962,124.259802281326,108.483938429862,77.993173725878,66.8324244505644,4.45765886480014,4.34510626093274
93.0795611543553,124.553660785575,108.756682643973,78.2318097613011,67.0430206629503,4.47075302013165,4.36719720156173
93.4297210547859,124.80442143186,111.207303055977,80.2616808751716,68.0650393045174,4.60385985347328,4.51720049670243
92.2931492110848,123.651525020732,110.798349345848,79.8711675753801,67.5051567950131,4.58817131683097,4.46894226754375
91.3192538641397,122.669258502805,110.395611338693,79.4970928066499,67.0205712792195,4.57119829555391,4.42388415577108
88.895124507118,120.226417374227,109.428583184578,78.601056154081,65.8492521523077,4.53021200199812,4.31297139839499
88.7486432637477,120.079130282655,109.375565224127,78.5522737806927,65.7838034523355,4.52792817094635,4.30645915941246
88.1833984597409,119.510775855204,109.170978438988,78.3640313651423,65.5312486764672,4.51911527718917,4.28132959904942
86.914911957042,118.235991293381,108.765684962215,77.9901497825305,65.0006280954964,4.50169550234028,4.22736571494559
88.4374714863451,119.827019057617,113.103021853733,81.8526261546349,68.0882821073594,4.70000301481064,4.47664590840706
89.9858660491505,121.427445692216,115.063349608348,83.5852327406146,69.6490723452634,4.79392993363006,4.61904033927839
90.2957143738094,121.749521922087,115.465241014094,83.93919105385,69.9675090264219,4.81355882785743,4.64846148942581
90.5366428338465,122.007485288595,115.854561555336,84.2775552633995,70.2642021270258,4.83386548760888,4.67688283510426
90.7990360358494,122.343596981586,116.896177641406,85.1573578830276,70.9850129169514,4.89613899319233,4.75192411103821
90.4737040451876,122.049962067385,117.022641335467,85.2423925785228,71.006364823043,4.91109697390387,4.76005690009467
89.7638238020869,121.365541293929,116.8434900606,85.0521366593033,70.7616963905945,4.91455285869255,4.74579087860753
88.1879092030668,119.80325730284,116.209458509996,84.4374672228048,70.0768228337249,4.91109884722031,4.70199663537797
86.972296812318,118.54251147897,115.662793795534,83.9163923662256,69.5328285313675,4.91767953138632,4.67793631815136
86.7547536973668,118.287370902161,115.62270796835,83.8662772081094,69.4785908919199,4.93181695548196,4.68762497987617
86.8793148483024,118.349049176323,115.843270981813,84.0393405502107,69.6464279002762,4.96436443974644,4.72585257783826
87.2254564821561,118.645823048147,116.180661604053,84.3146110847352,69.9130836274309,4.99681009574071,4.76944147731538
87.2324314453132,118.651803221057,116.187460229037,84.3201579524009,69.9184569015205,4.99746389532168,4.77031981998837
87.2445530066316,118.662195968803,116.199275337986,84.3297976730732,69.9277949395705,4.99860011232127,4.77184626311494
87.2546129793435,118.670821157917,116.20908097857,84.3377979070666,69.9355447999638,4.99954308589625,4.77311309465554
87.2931813392447,118.703888782203,116.246674268927,84.3684695512937,69.9652565510181,5.00315829890511,4.77796992838575
87.4269229837628,118.823531919233,116.371363399176,84.4680741138669,70.0598352188106,5.01428125934641,4.79316941181037
88.4150740637182,119.700301799138,117.596708428776,85.1754411397195,70.6100941183307,5.17733072414822,4.97710109848212
87.8810650492366,119.216777748038,117.36979018548,84.7959916634597,70.1570046442272,5.19998311626325,4.97667343100741
87.7391725838496,119.092747813902,117.302186031146,84.6915524179139,70.0329172621889,5.20447918266574,4.97489863885998
87.3181865338925,118.729684176061,117.071483146731,84.3577485073495,69.6410942526886,5.21620298466018,4.96726180413586
87.1716364148304,118.605685415697,116.98270913964,84.2319830644957,69.4930230420015,5.22027267000124,4.96422359162977
87.0201249801906,118.502184651262,116.871116255658,84.0174619841831,69.2006296158894,5.23399423221425,4.96648458712686
87.0215005680057,118.504152711339,116.871389105059,84.015248373133,69.1961233284323,5.23436955474386,4.96676936680979
87.0305176432439,118.517053484082,116.873177652146,84.0007379964292,69.1665842960285,5.23682982042143,4.96863611773552
87.6748272145513,118.788508868078,117.332573376631,84.0215021412709,68.4386082236905,5.28841083320737,5.03562374761393
87.6194666947068,118.560367973963,117.394484423537,84.0359500055237,68.276258853253,5.28897275449758,5.03588513010088
87.5921337651395,118.441133616614,117.443502882385,84.0673338620029,68.2219254798428,5.28881660596539,5.03549317667744
87.5903298538789,118.432912708026,117.447721963193,84.0706983590486,68.2197166748955,5.28878317837582,5.03543952451242
87.5331451078489,118.116599820667,117.646992912131,84.2429041970279,68.1732650241931,5.28720800385703,5.03336221901754
87.5327495766885,118.069813375541,117.700829827198,84.2965743685695,68.1918125339255,5.28678439600539,5.03304641840153
87.526495945859,117.821319729498,118.000659544943,84.6096180288178,68.3292443661966,5.28307849987976,5.02954765493744
87.5229499244377,117.765930450042,118.0746893519,84.6938998435453,68.3800478066814,5.28149792358081,5.02782386306967
87.5152100823233,117.645033188888,118.236272983114,84.8778603620007,68.4909356332087,5.27804802592074,5.02406137116402
87.5180707354163,117.593434744424,118.331797283868,84.9893626489534,68.5681033372048,5.27586145964817,5.02191110588608
87.5660583648285,117.429459394403,118.804094475305,85.552995391043,69.0019706895951,5.26433841505826,5.01160611827934
87.6844393314479,117.373918830256,119.439291316831,86.3257637203869,69.6544466829573,5.24648597215187,4.99795366568684
87.7871756283814,117.404549037322,119.895369880679,86.8827729508099,70.1396985465571,5.23195722140036,4.98788259979585
87.9487011593304,117.458824353666,121.85997236971,89.3203417095277,72.2092436728227,5.13219820654016,4.90832276094566
87.9437589004383,117.447045612459,122.055532678334,89.5589902449835,72.4020130934951,5.11972902936106,4.89780169527282
88.0533513467489,117.351604634576,123.877753463467,91.6221594498532,74.0363241246074,5.0209194691641,4.8159370806015
88.0168114645024,117.1788879409,124.557874374348,92.3714399078581,74.6385070174221,4.98170892396694,4.77737019905666
88.1043844854845,117.08087063146,126.148284051692,94.0814388109301,76.112313131167,4.90603200308978,4.70377682936498
88.2134976729724,117.211601388499,126.794924075713,94.7682542120462,76.7339908408074,4.8810315050761,4.68193055277079
88.2672562177984,117.279680856674,127.098839424506,95.0908611608106,77.0269820208649,4.86947070887847,4.67195218770323
88.3053261547272,117.341119334125,127.28520165876,95.2889033895044,77.2087737247188,4.86277557408191,4.66657222022323
88.4448378817464,117.585962650101,127.925175377636,95.9693618243254,77.8367117372389,4.84046178036747,4.6493676859209
88.5136210104894,117.807631415153,128.503153496618,96.5996035172152,78.4213504027313,4.81604262801976,4.62886217653903
88.5338030913622,117.949211927606,128.871722876028,97.0079990367837,78.8014227058431,4.79870480902544,4.61373003945952
88.5677519577115,118.162634705623,129.302277622177,97.4896011468762,79.2519883938591,4.77922620321538,4.59797444958573
88.6157121768005,118.45096418608,129.827651841904,98.08013187315,79.8058845813714,4.75595522876058,4.57992893574177
88.6282860142917,118.514402067994,129.920580634398,98.1864174899326,79.9063476685524,4.75216962932396,4.57741007169357
88.6752038327357,118.751113177727,130.267333661667,98.5830099602038,80.2812140439122,4.73804410342991,4.56801122220295
88.6841487078307,118.796242115525,130.333442074645,98.6586202555642,80.3526822625152,4.73535107402307,4.5662193329481
88.7087039874688,118.920129109544,130.514921474846,98.8661840198832,80.5488752863846,4.72795822734207,4.56130027692264
88.7756554679154,119.189403458749,130.850281628247,99.2594762933564,80.9256604929575,4.71590659758528,4.55517675906551
88.9533230138972,119.983349544734,131.792387621087,100.442333360236,82.0974663651726,4.67719132997499,4.53657805370192
89.1370255371472,120.189086566253,132.166903929107,101.032332335104,82.8582874975659,4.60728029761446,4.4996982969021
89.1941426822897,120.209731311832,132.204787302654,101.066512256785,82.9149594318265,4.59570797886382,4.49480014321815
89.204226055291,120.150375599426,132.195683520846,101.042792974029,82.9391094610087,4.56179415657899,4.47513330835817
89.1977828597088,120.086349956846,132.166762986971,100.972771604647,82.919418391821,4.50997782204519,4.44735428535206
89.2256349012308,120.108405322337,132.167259769285,100.936505537517,82.9015946224988,4.47692172933647,4.43430542937687
89.2374538046673,120.119981498678,132.168476112194,100.924190850367,82.8950217539272,4.46522568892793,4.4299849710512
89.2538906075182,120.139689915947,132.170781056828,100.913922853902,82.8879509904894,4.45492189026064,4.42721037872559
89.26169402644,120.14978349477,132.17200057471,100.910448477311,82.88501684912,4.45124752973152,4.4265534696512
89.3088875174527,120.210827407221,132.179375970897,100.889436154118,82.8672717587007,4.42902574433885,4.422580617135
89.410788042845,120.352157790358,132.118427678333,100.76537835544,82.7321180874497,4.37438447355944,4.42331567783345
89.3791067573083,120.326735832466,132.035628008949,100.671614813673,82.6329643986255,4.35715764678127,4.42251566420322
89.3719591612503,120.31600416107,131.998249604429,100.625568103338,82.5811858757383,4.34986963164327,4.42381627724053
89.3737754320992,120.269706544132,131.815142838961,100.360757266733,82.2709273596029,4.3080875747147,4.43505610711352
89.3795959388945,120.269282018788,131.807793271994,100.342483007991,82.2480778548786,4.30493923291498,4.43602433321963
89.5298355370102,120.290075467291,131.793695266122,99.9664859081613,81.7811833448779,4.23300459088029,4.4354600925466
89.5228848726785,120.277869356837,131.784033801991,99.9320028787017,81.743294976193,4.22779520916864,4.43323757604158
89.5222322569165,120.276723293714,131.783126662259,99.928765178322,81.7397375397496,4.22730608691314,4.43302889824717
89.4948892808241,120.229476789778,131.740858998906,99.7647522738631,81.5617708224572,4.20283280759719,4.4221447225694
89.4786675110796,120.218972082883,131.60598465042,99.1270581754573,80.9124516302492,4.11873631360313,4.37988812892933
89.4966271078537,120.266086810963,131.526480096597,98.852145493343,80.653506280789,4.09296318129558,4.36704730659833
89.5006072261548,120.276372918551,131.509844979363,98.7963288839673,80.6012849988255,4.08792749774629,4.36455075720607
89.4968486383237,120.406835417576,131.060202160332,97.7925885959257,79.70881091347,4.03246731309598,4.33786566996929
89.4715760822382,120.397115423661,130.983046056281,97.6681202597835,79.6010377658705,4.02844648757809,4.33529243183199
89.3726872721307,120.363109675172,130.663512475587,97.168860632724,79.1741707962183,4.01670146746594,4.32819148053666
89.2864309931103,120.340192514376,130.355274470676,96.7129012648703,78.7931893032806,4.01313518227195,4.32696760596557
89.2197697502429,120.332556015365,130.084743015999,96.3352054616901,78.4879129869762,4.01738137907685,4.33108954457087
89.1610468975361,120.329884269904,129.833419355701,95.9922964526688,78.2146258624342,4.02394060199639,4.33676058529082
89.0365727443123,120.422207971438,129.052297815414,95.0973308490195,77.5863176895937,4.08640093570808,4.3798117679336
89.0332751475084,120.428305542626,129.022561611415,95.0680738204166,77.5684405650739,4.08972633923235,4.38195890966609
88.9093569462789,120.402112577573,128.645006684779,94.7824910537392,77.4073037999478,4.12527482253636,4.39821096674833
88.7714094481723,120.365032215445,128.235559928395,94.5627827845248,77.3207466919146,4.16590031342258,4.41305316273559
88.6526673622714,120.401466971077,127.566499211134,94.4365230486996,77.4235957432109,4.2441612029424,4.43765847175279
88.7564136160575,120.601329573411,126.756354466686,94.5636764116546,77.8271322290321,4.34407945356821,4.46229400454079
88.81428964604,120.639692663951,126.002251206183,94.5834075381619,78.0602975284723,4.41330526679531,4.46861854201512
88.8384540833705,120.624834985217,125.680825713525,94.5585323520874,78.1205691272771,4.44018180631032,4.46928194258792
89.03418912525,120.59568381698,124.8406475997,94.46057872157,78.2621665668627,4.52378271111804,4.47479326882541
89.094379011921,120.5935366739,124.735774030077,94.4424897440175,78.2817257122743,4.53938836812314,4.47661997719518
89.4898739478314,120.592361367275,124.512351290065,94.3754848766345,78.3636057220673,4.61647333217302,4.48832431018795
89.9979849397122,120.095400155062,124.953449914042,94.0596957331612,78.1722756685277,4.72219088806624,4.47558189476054
90.0188663517077,120.078996262716,124.982580296111,94.0516262598372,78.1667308047288,4.72552201027247,4.47489578610606
90.0349918228834,120.067771658097,125.003036994218,94.0458138101095,78.163160627706,4.72798358209317,4.47435549647658
90.0617625301005,120.055118717779,125.028547038125,94.0379014679188,78.1601838511081,4.7316106840819,4.47341522606087
90.1248802504178,120.025286680033,125.088692472595,94.0192464134447,78.1531654577862,4.74016235987555,4.47119833561265
90.164597293215,120.006514767583,125.126539194291,94.0075076561954,78.148749109627,4.74554353130848,4.46980334966629
90.504609267606,119.635105915207,124.417165816045,93.3719662243996,77.8968874271719,4.81727071314824,4.42226813517348
90.5302510634742,119.573515193386,123.902708783245,93.1056700635014,77.8069823790823,4.83187038245791,4.40861496837347
90.5534762746517,119.548102729752,123.461305370715,92.8894306982955,77.7432768048142,4.84328794913151,4.39890083870532
90.5805714768642,119.558486498036,123.015684698834,92.6762172131414,77.6948708988765,4.8542817330007,4.39125796833782
90.6333325605963,119.61381443706,122.200939967326,92.2828894765043,77.6200021001334,4.87440511996164,4.37909822125359
90.6480162548754,119.640309313045,121.988990077373,92.1772365364772,77.6044612610395,4.87978826878695,4.3764466313999
90.6548889341826,119.652710196805,121.889787274921,92.1277858491461,77.5971873964911,4.88230784286931,4.37520555906674
90.3389704435254,119.771282503691,119.269836653241,90.3546227870994,77.0700148007071,4.93489338015733,4.32584543105119
90.2901796905036,119.824087773547,119.002275604584,90.09671477791,76.9855857643563,4.94432199792701,4.32030979082822
90.2583466741727,119.874731926652,118.838938233494,89.9115575781636,76.9217541667389,4.95222381688021,4.31665656077366
90.2040942657333,119.980746209607,118.561554450896,89.5719313606894,76.7987386248958,4.96824968540876,4.30991770568341
90.1997236640265,119.992751765492,118.539382206072,89.5403384466892,76.7863261056794,4.9699907703961,4.3092846491519
90.182187160933,120.040922585446,118.450418794163,89.4135757555868,76.7365223952895,4.97697666028369,4.3067445874927
90.1809873321148,120.044218381516,118.444332012505,89.4049027876037,76.7331148785991,4.9774546274111,4.30657079918595
90.0919495255237,120.105781297456,118.206784818999,89.0836106525194,76.576422403768,4.9917302950771,4.29736197006114
90.0736108742938,120.105823157765,118.172646152122,89.0396932862462,76.5507905931055,4.99320706190103,4.295719933669
89.9059977564325,120.110713631012,117.853460085869,88.633687424556,76.3119431141339,5.00734127418741,4.28026905575741
89.8091513180333,120.132408418483,117.63905367613,88.3798172135415,76.1547844838254,5.01817324330043,4.26948785940777
89.624155873472,120.24498911196,117.090749555424,87.8138939155073,75.8057383150228,5.04834356436083,4.24177570266582
89.6124717811723,120.287032596492,116.989803601267,87.7401182029117,75.7656734688066,5.0548800103991,4.23647825686613
89.5942919644951,120.354182406457,116.829455626364,87.6234479580559,75.7024649008974,5.06527993186947,4.22805959645421
89.5991926182422,120.614779569316,116.369183515939,87.3787474221362,75.611267969715,5.10004516448906,4.20103708851398
89.4772281213697,120.67137698043,115.968023302076,87.2074197778024,75.5467415030632,5.12092400618056,4.16950004858131
89.4724143279498,120.677318035341,115.95267279231,87.204827672796,75.5496252023693,5.1224784460367,4.16764584365242
89.4594809635574,120.69328004728,115.911430113389,87.1978633858674,75.5573729245232,5.12665480661808,4.16266409518259
89.4282507598414,120.731823528266,115.811841388798,87.1810467175269,75.5760813544306,5.13673946732896,4.15063466379462
89.4182734439789,120.76105387507,115.794337181762,87.1958991092009,75.6065957790681,5.14376692860185,4.1443422614792
89.4143396840641,120.786536577462,115.799244788267,87.2184427263476,75.6388728348423,5.14967772267421,4.13984042998839
89.4064280314495,120.837787872249,115.80911505963,87.2637828770959,75.7037890621272,5.16156562391648,4.13078626103632
89.407713891916,120.884083876332,115.869350389094,87.3247255933478,75.7733678169243,5.17261060811287,4.12471086384712
89.4368038313648,121.054139068878,116.272752250577,87.614606867371,76.0644084479979,5.21549484033394,4.10927621429903
89.4574857810977,121.138782884755,116.542959553976,87.7813338244495,76.2209231457715,5.23840151150335,4.10389274952604
89.2451391869341,121.130872119133,117.449601960608,88.1789523771927,76.565046903303,5.30770837129953,4.0790407804181
89.1157506337815,121.209118126913,118.442065632574,88.6347710962817,76.9773525350298,5.3776491080278,4.06464022039101
89.1050006780082,121.293876929037,118.86076009058,88.863292730338,77.2064779665079,5.40758190498507,4.06080785325092
89.1253501562614,121.488824858877,119.579404293019,89.3105089834422,77.6793762089726,5.46006134850927,4.05449072754225
89.0421251697306,121.62718676313,120.253775037858,89.8477424163496,78.3161053092121,5.51299460507273,4.03506172788301
89.0171967370756,121.729336385888,120.631431678812,90.2949969377633,78.8621805812217,5.54055264191462,4.01972572026389
89.0276690054009,121.760387672293,120.721204219041,90.426726599218,79.0183499415737,5.5460145068749,4.01630622028307
89.1815605082387,122.010787904141,121.460823875931,91.5727167173922,80.34012278913,5.58554594517362,3.99047354651107
89.3334656589488,122.066880799152,122.364399276152,93.0644214136881,81.9703190773058,5.61971838198915,3.94890721895395
89.3753705306884,122.015867123826,122.865775487627,93.8268759937127,82.7844763528828,5.63655389422494,3.92277844812508
89.430211303005,122.011077894836,123.238828418368,94.3428710305641,83.3369682522119,5.65122599060899,3.90553661849317
89.5201822764991,122.030992534414,123.749648528369,95.0259958991804,84.0758316106361,5.67354187296471,3.88235291068795
89.8163353581622,122.2528094203,125.223252731751,96.9215506575737,86.2490220113349,5.76268989163613,3.79883899946047
89.8559560799562,122.37637308451,125.864569375177,97.8238393600874,87.4133550028598,5.82383558511567,3.72588518296728
89.9244067358856,122.605990334333,126.270287559237,98.4465824420704,88.2717481033518,5.88605683679922,3.65573795077373
89.9690568364841,122.766724607441,126.447945895513,98.7467495161149,88.694536987302,5.92805127786795,3.6089043977688
89.9886039794554,122.843493732993,126.511810690699,98.8645959481081,88.8610373378911,5.94945433491004,3.58492870936412
89.9948412777265,122.867989994916,126.532189309568,98.9021995686271,88.9141659383411,5.95628383684186,3.57727830643549
89.9952222764933,122.869486323163,126.533434115945,98.9044965460082,88.9174112426985,5.9567010097429,3.57681098966543
89.9510790347057,122.851404487388,126.507427679599,98.9051184762181,88.9346497147639,5.96590230559888,3.56005184166128
89.5662601611846,122.593515399999,126.209085617735,98.7292547780019,88.7985481340315,6.03887130559038,3.42108287055697
89.4159266361436,122.40786338753,126.057134083691,98.5404580984496,88.5969029936646,6.09831648641328,3.32718261157021
89.2623192644398,122.174585876275,125.875353344711,98.3040835119985,88.4300109628187,6.15514134980486,3.23726412210603
89.1885965987163,122.061477599982,125.773297457059,98.1804675664435,88.3753490473161,6.18304489042125,3.19404377761264
89.1306613064328,121.918822327279,125.604570546412,97.9628208992902,88.3710819833802,6.2607489866289,3.09703017633359
89.1351029989595,121.919215800436,125.599828589264,97.9553003448028,88.3776098288236,6.2662834705085,3.09188615686493
89.1519417998224,121.786444164738,125.258412995767,97.5058009648445,88.3606647396103,6.4900428731468,2.90694572238554
89.0967919759031,121.67187187346,125.086644295456,97.2881239296168,88.1970914525063,6.56614057511224,2.8581253642532
89.0744213708861,121.540548267883,124.87664707736,97.000031922695,87.9224272897053,6.68738629725097,2.79899317942771
89.075012290428,121.539577435147,124.874732393542,96.9972516646009,87.919401672506,6.68893644752206,2.79838267711115
89.0999310466184,121.498637945871,124.793991216692,96.8800096905637,87.7918130382485,6.75430544265873,2.77263812594972
89.0217141796202,121.349474178894,124.612385564807,96.6747118358074,87.5835019241502,6.81410697560129,2.73883023649759
88.9709677722983,121.264102885703,124.512235025448,96.5652816613354,87.4742517999885,6.8417676375828,2.72143890588503
88.9253326261486,120.950894822771,124.031770660682,96.0036735725029,87.0368221559847,7.07160491825964,2.55045226861799
88.9260274872735,120.907093340099,123.959743083017,95.9034233049295,86.9816817688314,7.12274277802134,2.50476146771749
88.918030594319,120.895499934331,123.946433037515,95.8874697989162,86.9700491842274,7.12711637538421,2.50002899491265
88.8753692822331,120.833652176157,123.875427459693,95.8023620573507,86.9079924173084,7.15044836233179,2.47478250225427
88.786948049867,120.706226551183,123.71627786036,95.5982292908996,86.7532490997895,7.21322495242702,2.41709857383606
88.6796897930748,120.54365558255,123.407911752647,95.1559390893487,86.3889658569593,7.41266236062508,2.32127191801689
88.679271591506,120.541160674657,123.387704645667,95.1258728146263,86.3638434549889,7.4348874038806,2.31796244473206
88.6779942943129,120.533540572086,123.325986845075,95.0340425318598,86.2871130552963,7.50276851071864,2.30785444597399
88.3763198312736,120.217327409386,122.866753241448,94.5302033020919,85.8598864551121,7.72895080490244,2.28476653744277
88.3743051449438,120.21521868339,122.863680596382,94.5268974802377,85.8572187612244,7.73062801745128,2.2846744361958
88.331804571234,120.169140587333,122.79766226966,94.4554945817154,85.8083806879137,7.7803601943344,2.28316563165239
88.2649402658112,120.093885625316,122.693068419447,94.3413032432431,85.7430525029791,7.87941131522554,2.28075542800132
88.2405656909396,120.058621159843,122.656470255727,94.297162177766,85.7481639162882,7.96367295124451,2.2776686266682
88.2387494638021,120.042162109474,122.656771153564,94.2901792143997,85.793095377139,8.04322944567891,2.27203090165227
88.2427849805338,120.037653392908,122.665095628847,94.2947239536289,85.8255772041895,8.08409771484217,2.26849647265756
88.1870332857659,119.960380024517,122.626324637144,94.2544347532098,85.8417518408863,8.15344597068968,2.25421402638455
88.1154869024899,119.869281389265,122.572163408313,94.2014311135074,85.835636836806,8.20579883264818,2.23953309873024
88.0772539061824,119.814726856887,122.538600831606,94.1695450402738,85.8365758520875,8.24130934258471,2.22815517796751
88.0640515999367,119.794733048089,122.52610237061,94.1578336274326,85.8377277356222,8.25505380079694,2.22353122562699
88.0486900588489,119.771469255412,122.511559788538,94.1442068151008,85.8390680095045,8.27104616270908,2.21815102670229
88.0121997579487,119.716207690834,122.477014869336,94.1118372449221,85.8422517393773,8.30903493577181,2.20537072838829
87.959926967765,119.602084817517,122.375942079731,94.0282880053413,85.8563727296595,8.41654472278149,2.16895285807077
87.9870918315201,119.494563582188,122.102411076687,93.8638386821742,85.8623898548057,8.63710913224825,2.11452730121607
87.9506646195142,119.440021036765,122.01564047533,93.8042920798571,85.8229434838947,8.6634964883647,2.10766784935639
87.8830369228618,119.338761936401,121.854549478138,93.6937428685276,85.7497106708653,8.71248503337372,2.09493316822039
87.874310377875,119.325695661215,121.833762612644,93.6794778156915,85.7402608526835,8.71880641888623,2.09328991000922
87.7547652715746,119.135077586786,121.517365759313,93.4947846523273,85.628352509973,8.82835087248865,2.07271017917452
87.7503958556185,119.126673438798,121.505412748859,93.491802240378,85.6289768496934,8.83484637323077,2.07180395204076
87.7090772855337,119.047201174966,121.392381326548,93.4635996159568,85.6348808022472,8.89626986903623,2.06323438354114
87.6861139125022,118.992889172001,121.336897133222,93.4807072359222,85.6771776700735,8.94571962588994,2.05614923387767
87.6934205127833,118.88672789538,121.481424110223,93.8963492426728,86.1530330622927,9.10069837210768,2.02670019787479
87.5604465822436,118.445763527275,122.242653985421,95.1883225589443,87.4422681849283,9.24472826352827,1.922470834639
87.5667256396153,118.436291079677,122.288832076864,95.2559764055873,87.5068306269042,9.24962719587419,1.91860047061859
87.6048530882952,118.422603259092,122.439863872234,95.4679641346458,87.7043903616268,9.26400638982886,1.90925901837642
87.6828978687532,118.394981356378,122.747742391245,95.8998825490103,88.1067819504961,9.29333169357575,1.89030526073585
87.7574849586246,118.396000730615,122.953758337524,96.1736956495108,88.3528247900163,9.31387838302862,1.88379160022375
87.7898443065354,118.39644298256,123.04313763483,96.2924885049084,88.4595696148743,9.32279249234119,1.88096567140621
87.9325674719645,118.222199722863,123.70313592095,97.1812008694832,89.2123470368481,9.40097934190837,1.86322826156432
88.1325573562639,118.050506576427,124.618647905797,98.1755847063629,89.980499784249,9.51779824347504,1.88949341206509
88.2813735956224,118.016571913432,125.341676188271,98.8466630478933,90.4999847346389,9.60010995625474,1.92297195828961
88.3033082573245,118.013025524091,125.450227074988,98.9457780598209,90.5769205376148,9.61225675877476,1.92812159125409
88.389305871572,118.020284895975,125.964795735931,99.4000918202752,90.9425336142722,9.66406169186496,1.95150173190893
88.4490721140281,117.983862803956,126.719775265139,100.065266504779,91.4831777189217,9.73678833331764,1.98297920733788
88.3877506995288,117.853795511651,127.673192374255,100.933195763891,92.2152856704259,9.81952652601906,2.01473135756562
88.3828347802778,117.84682467674,127.748904892201,101.005365586274,92.2786462883939,9.8255632902159,2.01695841350703
88.3037847129205,117.792246940091,129.155836168689,102.470737763785,93.6212997803026,9.93218120111483,2.05377025713706
88.286690721138,117.848911538778,129.831188750262,103.349551036716,94.4845577147621,9.98210881623173,2.06889757511817
88.2924317906203,117.933974601405,130.280908521042,104.065118088392,95.213228724027,10.0183322862989,2.08012107854492
88.2178101280409,117.992965656652,130.7152598761,105.061447906894,96.2659674780223,10.0603195554285,2.0919062053775
88.3814902612084,118.581273268023,132.058194441138,109.77713801396,101.350442607573,10.2784185734517,2.31113660029917
88.3966905154526,118.597457229981,132.35998002703,110.169113181173,101.736440061597,10.31048443026,2.34352450619489
88.402907368397,118.604076416077,132.483409318284,110.329429708335,101.894311724138,10.3235992580196,2.35677105094976
88.4045871449169,118.605864901904,132.51675957237,110.372746791832,101.936968211957,10.3271428483104,2.36035023080938
88.5837570682257,118.796400285575,135.079792333258,112.96478174059,104.40897842485,10.5997240413529,2.58438978126853
88.596928644084,118.812318364846,135.250204735541,113.125493619904,104.561249230447,10.6193650199028,2.59840032290043
88.5044167874821,118.789303167563,138.328977749369,116.352552316411,107.70196995881,11.0407272417422,2.88392549104291
88.5036761439035,118.790907606802,138.404417560053,116.446993236994,107.797521177973,11.0525685770927,2.89195253347126
88.5231137790314,118.823658208918,138.85425087174,117.060206909666,108.428303091763,11.1234054714729,2.94169923262469
88.5356151029675,118.840583583644,139.009246398032,117.283682055241,108.660495257897,11.1478689620762,2.95929820130805
88.5401845570418,118.846770106199,139.065899992702,117.365366156834,108.745365584031,11.1568107987472,2.96573093431816
88.5941648085283,118.899105808956,140.237194538058,119.330389468099,110.859781231816,11.3118147541578,3.09748397524333
88.593490236505,118.897857585301,140.253446904819,119.357031826111,110.889128665817,11.3130947848468,3.09892389101516
88.6381001087277,118.972576749675,141.407813125601,120.621760351776,112.247023107254,11.3819927070793,3.15735248793686
88.6510493144583,119.019751985948,141.700882959018,120.828325234496,112.458200475382,11.4024272894097,3.16561251432114
88.6547707974119,119.033309716149,141.78510854103,120.887690087124,112.518890914009,11.4083000009402,3.1679863701409
88.6023144826794,119.030179391102,142.057217095717,121.045771762466,112.681961739525,11.4295413770637,3.17288712353207
88.5730793469811,119.017719905266,142.125685526358,121.077165128211,112.714786206182,11.4354503043216,3.17343173749077
88.40717801199,118.965157540128,142.507390588309,121.248103792692,112.894491498243,11.4718020387336,3.17575266171493
88.3034925963116,118.947136688656,142.740362864251,121.349043729118,113.001438096054,11.4968265605023,3.1765740935831
88.1750357958076,118.96627057543,143.028161966322,121.504432288589,113.168918043782,11.532108677254,3.17625354639126
88.0710423726249,119.010826468407,143.264493139801,121.668722480963,113.345499313008,11.5620296876919,3.17464189951978
88.0614732163136,119.017267306462,143.286539978738,121.687077702938,113.365181018826,11.5648792021376,3.174381396839
87.7904621194103,119.227818425987,143.761978872625,122.279807477716,113.983069006144,11.6212442633732,3.15484663298605
87.2221362244434,119.339026470934,143.890988849114,123.120237234775,114.727778138995,11.5973510914724,3.06355289326074
86.898930299663,119.624045861847,144.297011045445,124.071489297215,115.376786881991,11.5793954367506,2.94729450006734
86.7103660739505,119.679563251891,144.485725704305,124.3633696613,115.515210743076,11.581809575183,2.8911144465366
86.2733302701981,119.692383795679,144.832776954718,124.717377742565,115.596352932046,11.6050468645615,2.78093185673972
86.1726532123282,119.703062191395,144.931786258097,124.792314169627,115.610386346947,11.61511665819,2.75469167735527
85.9391062154959,119.761796472598,145.22145676154,124.951202804239,115.645450701225,11.6547755591285,2.6917077801655
85.6856926978507,119.879236507332,145.59581499818,125.117351778702,115.716295264361,11.7173854057745,2.62275784812383
85.6763929483429,119.883980545895,145.610038638913,125.123398526752,115.719160275089,11.7198413371342,2.62022261047064
85.58650394893,119.944931735886,145.756583075343,125.182349718149,115.760360598953,11.7478865782471,2.59635552197784
85.4131882946821,120.091038217681,146.056296546354,125.296969952832,115.865377072525,11.8101160309623,2.55154504862309
85.3107914673062,120.105047358669,146.104433040904,125.289075484968,115.872727363768,11.8293468771527,2.5367536642817
85.0717677918608,120.127796730389,146.199052390851,125.260241201008,115.882357690694,11.8718239457418,2.50383421231866
85.0122893529551,120.136989112246,146.220413881187,125.252881653309,115.887389316596,11.8828483481944,2.49638720240181
84.9748916525144,120.14734908924,146.231013213567,125.248015033935,115.893970801179,11.8903694600806,2.49267058512439
84.5322385485569,120.321244116886,146.345706364489,125.207622373956,115.998453296283,11.9859534443718,2.45910847036295
84.4225236688437,120.39349221187,146.371536115615,125.209948204768,116.036775521655,12.0135393650406,2.45687176204851
84.2565842789894,120.556881537023,146.418293285218,125.245446104301,116.10826233529,12.0630783739664,2.46532480421765
84.1974880535115,120.635080149028,146.445457752672,125.274274375991,116.131412280019,12.0841588325685,2.4733824595024
83.9916589387034,120.840717947486,146.503575654487,125.344667444543,116.141834840665,12.1450534927156,2.50321292999118
83.7751805082727,120.892259003455,146.475691089207,125.326423409907,116.038564289933,12.1789761926248,2.52483906342274
83.6925229582591,120.919207950606,146.47656688684,125.326158252142,115.990882011652,12.1938614661206,2.5350452385222
83.4166294822043,121.035720174875,146.521169604497,125.349296370487,115.804752871515,12.2506125152601,2.5757708938643
83.3188246737202,121.103097849426,146.576003671914,125.379029220502,115.726350483616,12.2776904467996,2.59470165053349
83.2353076232662,121.160632695945,146.622827336784,125.404418564578,115.659401462526,12.3008127146066,2.61086691872817
83.180877522933,121.198129559778,146.653343462089,125.420965419836,115.615769151336,12.3158820609236,2.62140221858568
82.4489313583379,121.906653524521,147.416619440414,125.799061491322,115.064150174968,12.5866684501371,2.78398722790557
82.3943043166092,121.947398685142,147.455562404227,125.814236616645,115.031843077856,12.6052193228841,2.7945139313826
82.1500341955269,122.163115849452,147.646923832502,125.900881766949,114.899515986895,12.6974681238123,2.84800703721356
81.8407097656639,122.887318216818,148.004864326812,126.286127155291,114.820648333165,12.9716052322297,3.05194098110706
81.8377548877984,122.888757431821,148.003164621741,126.286352039286,114.818014879049,12.9730646749956,3.05336602698543
81.8071399258631,122.907523555731,147.981884364944,126.291610940528,114.785355053903,12.9914078942132,3.07199277999595
81.7837159945586,122.941768620205,147.946668897883,126.3107453281,114.732635738717,13.0220663243596,3.10616955715805
81.8976585087207,123.169367607855,147.91203880745,126.510062262941,114.580088303098,13.1517772749949,3.25890849651976
82.0683996100683,123.375720409066,147.988083385925,126.700565601413,114.533882906862,13.232227748881,3.35122309670541
82.0669494353698,123.384440137615,147.974709079543,126.705523253415,114.496785387464,13.2443015601583,3.3660546392018
82.0692876465881,123.41172589834,147.96562958297,126.720645845563,114.450274972695,13.2636155548625,3.38829119165822
82.0860087208389,123.494924285053,147.984739270749,126.766331659949,114.40845957235,13.2960180892446,3.4214049229886
82.1149381666078,123.618387992177,148.045452511374,126.835307560448,114.422815427644,13.3244668828554,3.44467204641651
82.1162463075449,124.367858568917,148.418199433748,127.191929881276,114.602257058279,13.4505393706524,3.51546831217859
82.1149787530488,124.371136371958,148.419231422898,127.192881475427,114.601941444752,13.451115415367,3.51578199759228
82.1133573002065,124.375329330189,148.420551541084,127.19409875251,114.601537712641,13.4518522904621,3.51618326326347
82.1053082250525,124.626068713249,148.536322230761,127.307737200571,114.606126647765,13.4931005930106,3.54266503917909
82.1172877833252,124.653277573436,148.554526684481,127.326467669461,114.611284155648,13.4972958157305,3.54593744157947
82.1661741678346,124.764311951406,148.628815727873,127.402903284477,114.632331001261,13.5144157517346,3.55929151677756
82.1835633118841,124.803807463547,148.655240731273,127.430091834692,114.639817474925,13.5205054030001,3.5640416315508
82.3775236822929,125.093224724031,148.882838789173,127.69022475676,114.671668011977,13.5725103093159,3.61326860526202
82.5621329568017,125.304219610544,149.144119938824,128.057584059326,114.763904279036,13.6130222325704,3.65874430017755
82.6062916141899,125.377750041227,149.239685486881,128.18474518628,114.838470692459,13.6203538086093,3.66377273313509
82.6403718975206,125.439959152233,149.319986617272,128.291299369125,114.902011216693,13.6261419191807,3.66733827573451
82.6417674679008,125.444752278442,149.325967223743,128.299123479026,114.907077598812,13.6264323314056,3.66735463669217
82.6532391005827,125.484151927531,149.375127998161,128.363437909969,114.948723420136,13.6288195290834,3.66748912428184
82.6653652098928,125.525799395235,149.427093480398,128.431421591234,114.992745208114,13.6313429205472,3.66763128462279
82.2635137201861,125.680121593859,149.66715077988,128.841097178411,115.121804192751,13.6077017249155,3.62420530962632
82.1623483769787,125.721890754072,149.711847988739,128.904163141558,115.125855770878,13.6000386632914,3.61199863398157
82.0736763141263,125.758501687048,149.751025374865,128.959440856937,115.129407004718,13.5933219413347,3.60129940561272
82.0713622828871,125.759457104571,149.752047767853,128.960883412304,115.129499679522,13.5931466583432,3.60102019310898
82.0634329684921,125.763246133357,149.755920738153,128.966065525781,115.129776339746,13.5925315989306,3.60002499271073
81.6369815735499,126.014947351903,149.982830344478,129.244847860752,115.090867887306,13.5509577519258,3.53581068242308
81.3969555540894,125.914919323532,149.904789449065,129.2677834729,115.005386509008,13.5116379375084,3.49427183923748
81.4640440363488,125.839498788064,149.896231258614,129.415357408539,115.185927197507,13.4983608159279,3.47680622675952
81.4747059125583,125.835049564533,149.897424127515,129.428913388414,115.205090651926,13.4980626841467,3.47606312332217
81.5104310922311,125.820141371367,149.901421121569,129.474335958248,115.269302413424,13.497063721934,3.47357317659111
81.580551754538,125.790879870426,149.909266340903,129.563490462428,115.395335964139,13.4951029790457,3.46868595935413
81.7517182738825,125.74746223918,149.940800219333,129.757240476836,115.687502320903,13.4976474458226,3.46322144863872
81.8420230269064,125.725221812872,149.957731448345,129.858892141898,115.841276474918,13.4991641746218,3.46049219069546
82.032694570372,125.425747694952,149.825568804219,130.092956583194,116.353909085112,13.4953549723577,3.44207082379846
82.2045269926059,125.263423193768,149.779781721717,130.307819443354,116.796641074617,13.5030399500912,3.43056157042352
82.265354621496,125.230808089875,149.780316758469,130.384969979265,116.947757911903,13.5082534635779,3.42724366234521
82.4331219096503,125.225287603017,149.835799596216,130.597862835797,117.337977785242,13.5317472611911,3.41891220523996
82.4991969541842,125.384900002236,149.936495636175,130.683439583657,117.518309653688,13.5800468653142,3.39871897190666
82.3786577573195,125.459292483756,149.894157045583,130.519699472309,117.307022988906,13.5995716350191,3.3769161398236
82.3418891633139,125.492385764492,149.88085809116,130.461740198204,117.225203723913,13.6058247193978,3.3689519744504
82.3396066540175,125.495560353583,149.879602584887,130.457021786984,117.218097450002,13.6062709208249,3.36820910571676
82.3199934653774,125.522839022189,149.868814247066,130.416477334668,117.157034526424,13.6101050488062,3.36182576934636
82.2784861277681,125.580568794139,149.84598291717,130.330673220847,117.027807227851,13.6182192033928,3.34831673200097
82.2456680344458,125.651468453638,149.795296673947,130.221691699462,116.869107686845,13.6261112034532,3.32678639129763
82.2346562164959,125.683049946561,149.768220943935,130.172431427831,116.798418340686,13.6292148188408,3.31621483825071
82.2257331572517,125.732482417573,149.690967852487,130.07581036985,116.675152663833,13.6325504959882,3.29245731661264
82.2263576973901,125.737863739804,149.675863013116,130.061545127841,116.659310894937,13.6326213928241,3.2884867517281
82.0547239013255,125.53561723082,148.91308470649,129.454731724206,116.160490513055,13.5929495298655,3.16757340119346
81.7902346096855,125.026322322097,147.392216428944,128.362685919411,115.617561926401,13.4836848514245,2.98141283387285
81.6830207073936,124.871339803859,146.750645384206,127.856238107299,115.378750726684,13.4374138438726,2.90991999865666
81.6394697789577,124.828179568265,146.515658133921,127.655220275009,115.274932837525,13.4209280137135,2.88475737223206
81.5891934924774,124.778354307423,146.244382945565,127.423160236639,115.155082856718,13.4018963569909,2.85570900380097
81.32373760059,124.578546655,145.493991718639,126.701096929174,114.672360931256,13.3486889612912,2.78399450465024
80.7672202885282,124.306324984617,144.144339526643,125.243914437556,113.527076382993,13.2627748786019,2.65214030665696
80.3518252982411,124.271891493421,143.201689934376,124.054650787629,112.309005844279,13.2275319650506,2.53010264978063
80.28360605232,124.304893614286,143.021686221048,123.799783801872,111.934395795825,13.2325326433624,2.48621605168554
80.0519395701559,124.087175202933,142.686976256485,123.456437201995,111.193503309814,13.2461308653115,2.36335078033376
80.0219989661185,124.014288287049,142.653869397799,123.461182315938,111.063095541009,13.2547164660871,2.32202226764062
80.0253194928553,123.975221524843,142.664282520392,123.51027581747,111.039200842938,13.2606845127331,2.29670804928236
80.0669618889544,123.842296736582,142.740112311249,123.750556834105,111.041551226471,13.2805645717301,2.19836776224643
79.737695967353,123.097596887959,142.474673385502,123.939964836151,111.052986537103,13.0989239422342,1.54198728336074
79.4867103506301,122.909962171333,142.145219889957,123.495256175125,110.465974019584,12.8898922435276,1.15298396199573
79.2661432776242,122.716223313928,141.92759588087,123.200588332829,109.846010243253,12.7381789290472,0.873466451761318
79.1572252038373,122.66191013613,141.942614822466,123.176105974531,109.322869983594,12.6267112918676,0.62059415426427
78.9343990879621,122.509555037585,141.898306656698,123.138272674775,108.885214500395,12.5624815660558,0.462176788107321
78.9022148151173,122.484439946518,141.889790044782,123.135079158301,108.840912334155,12.5567705753338,0.448216446674865
78.8929159971129,122.477183586801,141.887329388777,123.134156473838,108.828112362471,12.5551205314255,0.44418296501484
78.7045986941656,122.265278381056,141.865429894014,123.224895644883,108.546428601479,12.507707672565,0.337894069181532
78.8735329016938,122.140790075862,141.926361963372,123.510062581536,108.609897790364,12.478886412444,0.31512405535503
78.8800145514198,122.119880869372,141.917234581661,123.517906333944,108.607893708544,12.4761695262647,0.314846842960422
78.9386488204353,121.930732104777,141.834666504511,123.588862449777,108.58976439308,12.4515920433926,0.312339125510843
79.7301002383158,121.336592481874,141.663140089996,124.233810556007,108.783989088338,12.3956824569778,0.394745129180971
80.4046724664694,120.928610584148,141.40570741008,124.636036008849,108.800350604131,12.4181545124847,0.558774283951057
80.4649031228781,120.862190213227,141.342041433686,124.652440458886,108.772085540599,12.427495293176,0.590003005154117
80.5489447070565,120.76951194062,141.25320644776,124.675330064461,108.732646476544,12.4405287557609,0.633577346831015
80.7121962344523,120.639021403964,141.110958366948,124.71498114331,108.676662391086,12.4743597029052,0.724332318850878
81.1743364329827,120.451329483624,140.873399561195,124.824160998926,108.622741306757,12.5676624249098,0.953109791269802
81.3129852024655,120.379840297506,140.794834720785,124.839015502813,108.595685322093,12.5921858459684,1.02045500565919
81.3775080889569,120.278704620433,140.699865030654,124.809665311742,108.537117676909,12.6034663092574,1.06436948991243
81.4386360888063,120.182890220473,140.609892192802,124.781859387783,108.481631581964,12.6141532483534,1.1059734033886
81.4568241444454,120.154381556001,140.583121629641,124.773585999266,108.465122221531,12.6173330455554,1.11835225260614
81.4683679768816,120.140139983857,140.570400183433,124.770477506239,108.456996025767,12.6188520452867,1.1247400720508
82.2397814274809,119.577451129899,140.117337948152,124.753235126135,108.100696442476,12.672989941286,1.4119532766603
82.4548396218456,119.477407516264,140.037915786069,124.766442097455,108.011831783913,12.6820286445496,1.47445490459558
82.8037279853432,119.341413575838,139.917882122232,124.781704308771,107.85330651342,12.6945404440433,1.57092532302733
83.1896151987017,119.122254835539,139.702715038096,124.726372491876,107.56866361854,12.7031364071825,1.68846394136686
83.6017140671706,118.730817118402,139.277878819055,124.495271394937,107.027445259874,12.7036851188341,1.84461730061622
83.9269796017875,118.489559164295,138.960205903142,124.297132217178,106.62641585644,12.7061963505248,1.96587251775375
84.1954859861409,118.337886303149,138.708897017085,124.123416701757,106.333411014149,12.7086558895811,2.06267042404776
84.7383924279868,118.154071602681,138.213471289361,123.737512451951,105.889238627015,12.7086433667038,2.24137405953012
84.8976707204297,118.013406156862,137.890516282433,123.45702726188,105.681648780306,12.6948640012973,2.30634321039249
84.9571802414406,117.93608294351,137.7256548266,123.31169335893,105.580235084731,12.6865349130548,2.33434369421451
85.472476560586,117.581865027487,136.612270158639,122.3440334679,105.1467482323,12.6123571873388,2.49057862540828
85.6865059046792,117.521206854792,136.24693610224,122.032652929017,105.050815571977,12.5831231380442,2.5341838664046
86.3561641727347,117.420437817115,135.172487463248,121.110351399759,104.744615677842,12.4907126343073,2.6517956063339
86.6920819918141,117.205370238988,134.190588619218,120.210031401387,104.256112894563,12.4021013724114,2.72707405963378
86.8677675790641,117.124298783326,133.723272780406,119.764364287585,103.993964654041,12.3596184443775,2.76625575465505
86.9500830358654,117.102583672723,133.527724818891,119.564389537337,103.866271190026,12.3414310376008,2.78526521754029
86.9930774636509,117.093755626169,133.429204512108,119.461305698925,103.798823204943,12.3321969045595,2.79529474953427
87.0564821517187,117.080736740541,133.283914770118,119.309286031355,103.699356397841,12.3185791555808,2.81008548824857
87.0582100887458,117.080381943203,133.27995525967,119.305143113529,103.696645677479,12.3182080377124,2.81048857303395
87.2864000979118,117.061834099636,132.790858949584,118.758720496293,103.322821477361,12.2707008040596,2.86607409090954
87.3390741060179,117.064910130624,132.686742636947,118.632766380349,103.232410726529,12.2601250036426,2.87951709608568
87.4874435639004,117.083187462783,132.400057542653,118.270125507209,102.96751845668,12.2299904918233,2.91866941458673
87.4297822668342,117.285173112937,130.312138315937,114.612116436102,99.9398622184404,11.9078311409754,3.16896159438609
87.4144170901306,117.312299528115,130.219948238909,114.45606200849,99.8090485693134,11.8917529721199,3.17676353168112
87.2968999182473,117.302659468144,129.828375867758,113.91055733495,99.3411790156233,11.8348074569271,3.19468720471217
86.9676700462815,117.164903663222,128.395413074012,112.223793733559,97.861553970101,11.6564601331309,3.24836678800343
86.9132475471604,117.07490527198,126.405204001307,110.170292425706,95.9907180004925,11.4477210420516,3.36853205914719
86.8841602000569,117.034272025726,126.219623137647,109.982349198768,95.8162037776429,11.4299491597706,3.37905877079941
86.8790387114985,117.027117619205,126.186947408695,109.949257522069,95.7854765823297,11.4268200159736,3.38091223763817
86.4672973342467,116.721384861783,123.891318128484,107.444879283601,93.4752653248088,11.2018401309492,3.55270744915315
85.5973370766514,116.646668628334,121.335872696873,104.396005380257,90.6791339957378,10.907548882289,3.69352107684156
85.4732796941797,116.681958142769,120.799151494677,103.762433619778,90.0950971043836,10.8415978903305,3.71553736303575
85.3985177570907,116.792435541537,120.014397659356,102.836232310687,89.241335583071,10.7428485867958,3.75116554234371
85.4183520659862,116.872552084608,117.707029705534,100.187484190432,86.8297498017883,10.4655753759019,3.85445067800168
85.874472525676,117.241945005438,116.01299996522,98.0943665337119,84.9435657621724,10.2589681275911,4.00675577075601
85.8650639215419,117.265925566511,115.774246460683,97.7830231300668,84.6496535194779,10.2292186267533,4.02769711353602
85.8591919013744,117.280892115878,115.625237598821,97.5887100609648,84.4662194423271,10.2106516144306,4.04076685112822
85.6661523043399,117.732631465011,114.584811428773,95.956165203226,82.7804286508569,10.0476213203795,4.16896503932615
85.542298063705,118.05945723965,114.330217804889,95.3842471387195,82.1090125611311,9.98365090627634,4.22223531556626
85.5325884161979,118.086506577151,114.313445676107,95.3421353900384,82.057961692571,9.97872020613421,4.22631378364741
85.4085332286725,118.456635617155,114.153925394203,94.8509116133724,81.4329550090292,9.9171720631227,4.27674334084612
85.2793608952102,118.611628466086,114.028707193871,94.5379726300835,81.0365974750609,9.87673716981507,4.30098798912649
84.888235864598,118.999512197664,113.67515567141,93.6731969948791,79.9205857579121,9.75618253158587,4.3638237421405
84.828909642455,119.066285578951,113.622051951554,93.5373712427305,79.7415396172165,9.73595940444479,4.37422702347265
84.6817531178093,119.313550017638,113.444759328239,93.0965012987066,79.1522599955528,9.65980697667081,4.41396061967931
84.6685054377441,119.336673250662,113.428316696026,93.0557127433358,79.0976751721339,9.65267652564722,4.41768492601929
84.6445316418925,119.755265457809,113.047446333725,92.3569306544431,78.2234138447343,9.49899073247249,4.50374002374069
84.7143609853232,119.830437661787,111.507726680207,90.8107968915189,76.9433339715753,9.09770390599025,4.69601258535964
84.749183310739,119.930535833935,111.439558056989,90.70449820087,76.8620106317521,9.05293045100145,4.72151563008136
84.7563182289697,119.95104544278,111.425590651115,90.6827181371678,76.8453478910259,9.04375659668705,4.72674107486575
84.7432208670211,120.026624253031,111.351085861876,90.5534611041962,76.7252967493255,8.99474538794538,4.74851185842471
85.0900279186563,121.392419708529,112.183566154682,90.4571794044929,75.6242776891269,8.4317101833124,4.86621807874599
85.209136491924,121.448751570257,112.24039203699,90.4834304328833,75.5363517065421,8.36600501153455,4.87090540457412
85.3568972823966,121.508575922627,112.284212879603,90.4952047481695,75.4404007601868,8.29256580877086,4.87913121251337
85.7924348672719,121.678011749524,112.21394478979,90.2599388666773,75.1138072530886,8.1013607032389,4.93424535443836
85.9032480977711,121.760915083155,111.928024440024,89.625688149961,74.5892328457807,7.97488509133205,4.99999050042962
85.8950398843644,121.757237157267,111.892521728943,89.5545957517228,74.5304759390217,7.96489970695293,5.00499873215319
85.6866284421303,121.799901203818,111.33113674738,88.1449112670151,73.3415795275051,7.81704601312249,5.10223607978311
85.6490412796325,121.826804969937,111.261673700671,87.9058699522527,73.131732576107,7.79861930073377,5.11845665772199
85.6427892179807,121.831280008574,111.25011956299,87.866109008944,73.0968276779878,7.79555429304929,5.12115470797537
85.5710344964059,121.882639891015,111.117513075958,87.4097738709386,72.6962252230464,7.76037729300121,5.1521201487387
85.3397844316846,122.316379935948,110.818109095193,85.2990415000173,70.661668416018,7.63642419201767,5.2972713135918
85.288003883925,122.33465524988,110.776701414092,85.0174442235247,70.3658162080558,7.62074483206396,5.31213639016337
85.173953695899,122.374907875246,110.685498172341,84.3972070162876,69.7141815420288,7.58620997238748,5.34487773515418
85.1493095862574,122.383605713715,110.6657908599,84.2631853719263,69.5733754948508,7.57874763599807,5.35195252660989
85.0856606507316,122.433158319003,110.62657673158,83.7395057943093,68.9944015866663,7.54978895250243,5.38484397268671
85.0560403438241,122.459345084964,110.609676231068,83.4753100587536,68.7001139903931,7.53519457583795,5.40183796959313
85.0743874397363,122.705457228293,110.678290225461,82.0401471299489,67.0164519093715,7.44821626148173,5.54675288285529
85.6167106247754,123.299749524065,110.783071500251,80.0231589097419,65.6553017253239,7.18420364676445,6.41253894390162
85.6516132198957,123.419730398553,110.791032089892,79.8052601142227,65.7813456775459,7.12879167603516,6.53071090973049
85.459264371423,123.828229016515,110.961628296433,79.5314746580926,65.9118373293067,7.01154635522019,6.59977848100026
85.370187564835,123.863067591081,110.962243178279,79.4707215373088,65.8989083506576,6.98982139490222,6.5983617107024
84.557062079213,124.587167001149,111.321668823859,79.0506766094859,66.0859287321361,6.72223960676892,6.55239424231564
84.2353818813313,124.723589745119,111.437962705671,78.8537983194521,66.1915670910201,6.59889747718646,6.51391791905587
84.0904625219789,124.934614555143,111.637114986904,78.8023672578835,66.4383603288899,6.49900315991248,6.49444442970159
83.7089037692679,125.274503277643,111.901510739273,78.7598039336326,66.9445154018972,6.34607159174531,6.48573425388029
83.5856987065368,125.333311873641,111.933345269402,78.7478978693491,67.0467102191932,6.31857494260323,6.48471948065815
83.4546788944573,125.395850628344,111.967199025593,78.7352366176891,67.1553871311708,6.28933421398742,6.48364034158772
82.9775745358283,125.833066240541,112.252486654362,78.8243320931664,67.7518391581468,6.19300926495243,6.48523494791242
82.7072079196721,126.247183644107,112.573880667299,78.9808375833976,68.268439202307,6.13964867329526,6.48469661577443
82.2851697395952,126.498497768689,112.835416048921,79.0573582184219,68.7088020945566,6.08034346601712,6.45527708313627
82.1219925570621,126.622000410215,112.985870790663,79.1187380024812,68.92625640057,6.05694732310335,6.43926847564518
81.8115255358555,127.16652093002,113.967237379691,79.7922347579163,70.0763101498603,6.008651463733,6.38752264208895
81.4694814269584,126.9417427078,114.670176992859,80.595277836326,70.9424633851995,6.02259123378547,6.38783890843543
81.4031877030349,126.85042163028,115.012357374254,81.0415388533233,71.3682645900813,6.04903777233586,6.41055174992372
81.3762714875745,126.798795539071,115.256977180215,81.3638117491478,71.6738123702671,6.07122832901661,6.43033862533032
81.3692420093452,126.774855151819,115.410547057318,81.5658546470043,71.8677880624959,6.08680284553282,6.44414851181972
81.3565616393671,126.715760162654,115.812732215519,82.0964045994792,72.3802550370449,6.12950568714966,6.48171573441834
81.1904359576746,126.476513238009,116.231678346082,82.7099883622549,72.9960445772643,6.18247975420874,6.52010419637254
81.1586781639181,126.423089164007,116.353475179275,82.8888547443025,73.1814238559818,6.19934515238053,6.53178113976981
81.1341708425493,126.381862088838,116.44746515086,83.0268849847068,73.3244800642778,6.21236009089226,6.54079217519112
81.0831716819567,126.054262793465,117.648383241739,84.9151627424227,75.3708725677108,6.41042279757815,6.68146733775857
81.0985882655303,126.042793839165,117.732579345213,85.0639939200769,75.5374370675601,6.4271691708176,6.69428093049301
81.0987747846317,125.957458997136,117.92794376803,85.4696543477458,75.9986747577783,6.47290523418345,6.72842125634652
81.0574933664391,125.841145206407,118.037875754881,85.768073569053,76.3451494726952,6.50664096700821,6.75275902877608
81.0363705774593,125.51012758783,118.570372708502,87.1741626875051,77.9194841408257,6.64805033911738,6.87058361365859
81.1745020245512,125.427667237967,119.294750815622,88.6170588915069,79.4612724886513,6.7739418494183,6.99106976517977
81.1767061769803,125.279634533029,119.888496392596,89.6919311276715,80.6042326854701,6.862730002571,7.07472627760133
81.1592503052609,125.152257383702,120.359962863439,90.4555277566157,81.4174533121852,6.92675097332728,7.1337074870099
81.1807792591782,125.017838561753,120.992063166902,91.3797053064454,82.4074899137133,7.01062820807741,7.2112499480904
81.1913462076143,124.984126108712,121.164305205091,91.6221323947369,82.6680989134529,7.03348121949931,7.23241672509039
81.4273174009569,123.37513190681,122.256041061095,93.1089848015324,84.6011813873741,7.41475045941662,7.59291433448329
81.636826502449,120.907449659513,120.866851004444,91.8925611776848,83.6329382543441,7.72262623400755,7.88642833945654
81.6368510070579,120.901593597815,120.863418909631,91.8896433019294,83.6302270747541,7.72332232594183,7.88705917441883
81.7764660148681,119.623897472378,120.233122474716,91.3365409136857,83.0543623503083,7.93219182133138,8.07841707272923
81.8060961002469,119.529681858404,120.201245130014,91.3017197190635,83.0100874345471,7.95622116368151,8.10087220249238
81.8742336141066,118.690639171572,119.883019538797,90.9316907145183,82.5595141423553,8.13778152596236,8.26496259141417
81.872065335009,118.426486914128,119.775797576744,90.7905820787462,82.3932216427308,8.19528911020138,8.31628866078604
81.8882427051154,118.166771899874,119.664500231005,90.6417233758971,82.2231314044831,8.25750490369067,8.37259759212631
81.9819705703121,117.671266408952,119.418471523885,90.3359750065262,81.8984712164481,8.3898720104943,8.49455280352299
82.0160349795518,117.57065049884,119.354455984028,90.2742883585814,81.8416680822787,8.41770952972091,8.52053816675483
82.0417985169484,117.055690385683,119.002203161821,89.9698373803118,81.5678906492406,8.51586298586737,8.60774400621777
82.0487954084853,115.577779363036,117.789198260559,89.1260685549774,80.8138845391987,8.74067886440262,8.79936920656998
82.111221283508,114.080436534791,115.850666676099,87.5999239958165,79.2237050047669,9.04946086984086,9.07740571448723
82.1158465928813,114.007156954029,115.697602257155,87.4628574266291,79.078092156139,9.07341554797937,9.10021919453215
82.1344335293699,113.877262973069,115.367924525042,87.1629020733841,78.762663447457,9.12636672566226,9.15148525727266
82.1478624992299,113.835068136915,115.219309772649,87.0249134763868,78.6194176781591,9.15103072179937,9.17584216861009
82.2155917023746,113.718900976907,114.629650075531,86.4746258592734,78.0603663008298,9.25084135195149,9.27553528872303
82.2167745460372,113.717876832257,114.621014087984,86.4665296453311,78.0523015595006,9.25232893205016,9.27703569514467
82.1241962107248,113.442501985234,113.323148153308,85.2780681280804,76.9300611650356,9.42796093442784,9.44581410936423
82.1022613357871,113.373520378041,112.662157334656,84.6898581577053,76.416932103894,9.51849249577948,9.53191482159561
82.3146600341057,113.418805509708,111.420807515268,83.6165943297777,75.5427155528513,9.72111188501347,9.72559496047456
82.3610420179769,113.31056067822,110.783921514474,83.0628277410278,75.0754180975653,9.81622389848778,9.8127081400636
82.3820149144779,113.29341496641,110.651094951735,82.9456981795612,74.9753651775876,9.83829676910768,9.83351435344003
82.424005684221,113.282988846,110.492745826881,82.8031560506781,74.8515526233919,9.86836087116635,9.86293712034895
82.5843737753907,113.287368050988,110.078736693533,82.421352077606,74.5140989830009,9.95867446166207,9.95438575800731
83.0376473238505,113.232902340612,108.691700865654,81.0783289770817,73.2967664359836,10.288012390068,10.2937243632506
83.4974820462131,113.292615907194,107.389826764414,79.9938064452421,72.3998859453991,10.5524048595085,10.5313170297967
83.6313729213066,113.191912259972,106.427709358156,79.4926332646322,72.037024955562,10.6303012388959,10.5779518390213
83.8993941238939,113.227307151495,105.384166334078,79.1762647920924,71.8785079147533,10.6830449738348,10.6141293612295
84.0910449407097,113.279369444745,104.728872706913,79.0210805581122,71.8240209161915,10.7098874140771,10.63788067167
84.3501803936726,113.333973765875,103.709041226741,78.7896322320474,71.7488558539239,10.7412256728004,10.6727271845487
84.4876576805688,113.262673335591,102.567012411607,78.4770276514944,71.6068483118608,10.7595522331433,10.6980481575516
84.6474064428647,113.22233860833,101.519906260009,78.1722315472736,71.4655647947865,10.7741959684356,10.7250880995558
84.7871383352741,113.207451317686,100.77379087227,77.9290567104475,71.3419381054535,10.7836604483382,10.745920464076
85.0472213450815,113.206654284803,99.7487424648821,77.4878862155123,71.0624795790592,10.7943959982351,10.7735961060252
85.3441054942731,113.06727489513,98.4686424164585,76.5850121877088,70.3146403139055,10.7902894808487,10.7765297094023
85.6858915377672,112.705676064287,97.0410519645943,74.8389366975598,68.5455116618005,10.759693034227,10.710866328657
85.9327717956759,112.611337475506,96.4024182724097,73.9323219466513,67.5339325198064,10.7561712179954,10.6852820166868
85.9770567696557,112.59901298733,96.290692472157,73.7789115664905,67.3600730023706,10.7564077515269,10.6820178069693
86.4470760424402,111.992347907803,92.9613860727735,70.4237920408361,63.5988911676288,10.7976525083919,10.6967287121767
86.9094637524651,111.394540428676,90.2166376199529,67.7781717021371,60.8381282392414,10.8719835938591,10.8009262556576
87.0120841796285,111.273549225293,89.8264715122397,67.3301710390817,60.3835564072965,10.8848173351609,10.8146930210521
87.1730126913719,111.138578494299,89.3910721284726,66.788397513549,59.8342990378394,10.9017823531739,10.8287843569059
87.1797269661098,111.132947232569,89.3729063537962,66.7657935867696,59.8113828694089,10.9024901692759,10.8293722769664
87.219415911412,111.101836361645,89.2709412047077,66.6378839938338,59.6815976635632,10.9065372371382,10.8324703603641
87.5421153631991,110.679779808202,88.1664938642878,65.2755441736199,58.2998933542673,10.9379807905822,10.8377613273637
87.6235200625853,110.464089634498,87.6662938811988,64.701921278485,57.7193600490999,10.9451234116744,10.8298642477583
87.9413452859299,109.947205817123,86.163999489118,63.0791934541451,56.0727163631172,10.9621350268406,10.8076151638163
87.9649891591715,109.922646605539,86.0711096394855,62.9838245214627,55.9755280031359,10.962805499352,10.8065480427606
88.4095058532332,109.300635857997,83.8662923651152,60.7695655016134,53.6990662836938,10.9539376689672,10.7748585871885
88.4109895288565,109.293899948339,83.8477275960328,60.7512216231947,53.6801041551512,10.9536141465402,10.7744243555105
88.4327546131571,109.207651258749,83.6093055519761,60.5137096547141,53.4326540017076,10.9490819009876,10.7692127287939
88.5632416160337,108.830776843293,82.5608048428954,59.44323655575,52.2923486821436,10.9252170954979,10.751049678267
88.8788509920596,108.277360602996,81.0172292434468,57.7598366180351,50.3993826262065,10.8875697022619,10.7433356842445
89.076590176011,107.829255355254,79.936449672434,56.5123806470571,48.9117468538988,10.861976578784,10.7463121252512
89.1498300849059,107.104493097976,78.3897910226399,54.7262752946258,46.7300618844802,10.82562285898,10.7432568864632
89.1660576768408,107.012206187654,78.155745245875,54.4533798970285,46.3918413849555,10.821487930266,10.7442063682666
89.2245911699834,106.786387676996,77.4509831383676,53.6264733367073,45.3691677423782,10.8101735155584,10.7479690758587
89.3249055809892,106.574764929502,76.4152313005182,52.3910654074118,43.8594004639297,10.7925396208388,10.7521228292626
89.1025709984448,106.152024408138,74.559119888479,50.1104563314504,41.2249156387534,10.7114105250318,10.6964751048502
88.9091383425114,105.78870450687,71.7457274882408,45.8605617755013,36.335347272756,10.479968471707,10.5334148434626
88.774030415429,105.167943557221,68.7345973317977,41.3037092160496,30.9554445845817,10.2042636406491,10.3346843858295
88.7508553636851,105.128231982468,68.5823451583482,41.1059901559267,30.7298446089012,10.1925731551474,10.3253416203919
88.5826065732364,104.858790771996,66.7775777290173,38.910080144412,28.3174793317505,10.0795954809957,10.237941842436
88.5633684174565,104.817349915563,64.690134878209,36.4136153296979,25.6595664163714,9.96975840547656,10.1546068648978
88.43074068545,104.700830228597,63.6311699297141,35.148156400544,24.3231953194461,9.90493710191573,10.0959178947243
88.3862167747744,104.674593056649,63.1330139863775,34.5295793785118,23.6596076220428,9.87198144154167,10.0660418243889
88.3704494700648,104.892372325326,61.3348507241733,32.1067492746663,20.9351762241627,9.72519316257158,9.93267434780738
88.370523406311,104.892651037333,61.3344347100443,32.1060883159695,20.9343565258073,9.72514061940105,9.93262544063627
88.3399632760625,105.305375073072,60.6566612952106,31.0624533726611,19.6278987332582,9.62615901395669,9.83294398168613
88.3192800764686,105.384437373418,60.5911416336441,30.961329565066,19.4929021428843,9.61212053644318,9.8173955305909
88.2143064694696,106.46932438277,60.3314712970384,30.5302329057788,18.839341488743,9.51595703487621,9.70000113321771
88.2190155363538,106.90616458434,60.3523559409615,30.5449230622335,18.829300594051,9.50126997190403,9.67623801089564
88.0639384151501,107.880020810981,60.3529346061611,30.5465829970177,18.8432451703067,9.46476229682811,9.60881548331449
87.9828701800294,108.531162866627,60.4350619746192,30.5496132612969,18.8666640307687,9.44477394177696,9.56869324519993
87.9812092925678,108.775028264126,60.5078473884482,30.5652916282302,18.8785966905582,9.43868918323974,9.55653172684691
87.9845394253517,108.805698758791,60.52323280785,30.5698829474843,18.8805596583335,9.43801584149606,9.55527115226461
88.0262261997106,109.182154444788,60.7141296817381,30.6274377423177,18.9050708505494,9.4297553062017,9.53983679162617
88.1185061118455,109.779276395017,61.3898022587805,30.9188233173169,18.9924589173987,9.40354207265866,9.50221126877561
88.1121338690051,109.907500195643,61.6622014520092,31.0631575752802,19.0424743641291,9.39079046365902,9.48494705708078
88.1249050024085,110.099203136676,62.153002345037,31.3677555361167,19.1822650964212,9.37373274208699,9.46140310620394
88.2258581491433,110.523880452504,63.3685923834485,32.3193367326647,19.7712755447467,9.35602031217401,9.42802578659794
88.2278267104143,110.530815350652,63.3882646537916,32.3359834126176,19.7824411757293,9.3558865785262,9.42762012199031
88.2618998735466,110.650849163875,63.7287653465928,32.6241151817502,19.9757033167444,9.35357182791853,9.42059861010924
88.3540271085322,111.41438633266,65.9877773863492,34.7334317792271,21.5412284871383,9.34331170220764,9.3678317191538
88.3507171308582,111.686764082634,66.7418609663091,35.4734446818829,22.1408320821065,9.33755342012596,9.34641206681509
88.3737273086771,111.872068794581,67.1716742021603,35.8848452696231,22.486377974588,9.33408928121931,9.3358128193676
88.4970074985514,112.380720918967,68.1977744825629,36.8207451067423,23.2934152378239,9.32320344806168,9.31334215834111
88.6863722505009,112.828637139886,68.9649594480826,37.4337553868619,23.8377122855444,9.30833297584917,9.29808529687858
88.9746082630198,113.377951332611,70.6159865484469,38.459554117977,24.7555493306729,9.18886472060579,9.18607047121461
88.9783147752598,113.380388174434,70.6393617062071,38.47920286805,24.7726214342064,9.18793991369761,9.18464841357512
89.067221946443,113.408194729137,72.1771230689419,39.9956993404771,26.0877154550607,9.15661889592991,9.09342013965586
88.6320063426685,113.064970518513,74.1081795258562,42.4422787410048,28.2036488196421,9.18427922949516,8.97071230283714
88.3903826853406,112.982066462282,75.5901021274489,44.297933562506,29.770986027135,9.24316267326757,8.91166821063022
88.1049790865874,112.938410214327,77.3819862435175,46.3034601653222,31.3598989464407,9.3170002097069,8.85172976627514
87.7325949317562,113.071732270211,83.5312476353049,51.2753503334733,34.5781108758717,9.47194289204194,8.7426244994211
87.676323466565,113.070457652218,84.3236096694247,51.9485887562062,35.0344230091467,9.49369618134262,8.73352567666875
87.3876816789521,113.162354202936,87.9366506586241,55.3162857208216,37.4653091410465,9.6572593208262,8.71218754254161
87.3144313807884,113.149165379308,88.3828345148835,55.7183555865456,37.7459534330407,9.68007544755534,8.70843110119391
87.1035669289568,113.183954063346,90.4176356786928,57.4257924925668,38.8918721286089,9.78447645602743,8.70786743044298
87.0731389055407,113.215873932778,90.9975182287716,57.884442133542,39.1889302852239,9.81376028444361,8.71158287228616
87.0556671915963,113.280088634232,91.8297537604815,58.5254270124661,39.5970494245979,9.85473785703913,8.72048809966095
86.7284615255244,113.208541317232,94.2912686960476,60.4355535452425,40.7838943599085,9.95862778864511,8.72718571370824
86.6872249814018,113.201484700811,94.6220322551389,60.7010022188347,40.9517724920796,9.97361236788279,8.72938891640898
86.2827568579753,113.401797689737,98.7927947978204,64.718894505205,43.7673749109652,10.3178867695352,8.82806708340736
86.2009170434698,113.547806697482,99.7843683667346,65.925766484096,44.7373760720313,10.5004484513006,8.88680756896443
86.2407227702236,114.073929157352,104.311677949458,70.2299172681571,48.1917250074942,11.1800891665532,9.10305506060712
86.2865765953442,114.396377268755,106.841965780872,72.5489079959888,49.8926849026771,11.5274086322473,9.20179129050214
86.3165008348134,114.536994207091,107.389074796559,73.1193476850959,50.3094785521,11.625449359389,9.23168429325293
86.410332628082,115.870927380457,111.211137985128,77.2256193819127,53.4281776799225,12.3264774309477,9.44733953900595
86.5150225126936,116.354136924974,112.470505821835,78.3845759735298,54.3152853706396,12.4918078437751,9.49875590147787
86.4966206494775,116.671831799741,113.515509791541,79.3113875412344,55.0194390936424,12.6165999645893,9.52284689015009
86.7215281926035,118.532579987664,118.369670521956,83.7003356259032,58.5589878793772,13.2783852127598,9.54866188618954
86.7240518786943,118.608693075792,118.577441304958,83.8991055949505,58.7291036987575,13.3122703400067,9.54584131444389
86.8144047967026,119.048931504664,119.69321203137,84.938907321038,59.6161609189182,13.4821595375507,9.53606123211057
86.8428756273347,119.149900703854,119.943212176022,85.1673241036491,59.8095770445591,13.5178483224014,9.53447760452689
86.9617806203796,119.491647866879,120.786623139612,85.9187601718834,60.4363856191502,13.6263496814245,9.5303146541222
86.954913511074,119.934548730624,122.438326513337,87.346726943195,61.5886681255328,13.802129177634,9.48463949638138
87.0731725630425,120.445833188169,124.098025800902,88.783831144507,62.7245748839601,13.9461837992055,9.4363793823716
87.1400044327769,120.622201089732,124.595926392039,89.2341319001313,63.0868167445718,13.9883023379924,9.42222240768867
87.1575329414978,120.665978106784,124.716532690453,89.3444276603958,63.17603306484,13.9985316542417,9.41878932617505
87.1409526694389,120.985295750372,126.002602083888,90.5962728396114,64.2191839528701,14.1076692561206,9.34530153619139
87.1838852490393,121.915710256022,129.464188643561,94.0246751013194,67.303608627821,14.3067281940794,9.14050985479292
87.1680791619938,121.984852705908,129.902117047371,94.4042184645338,67.6358282373131,14.306870768134,9.11576421989218
87.1667463714863,122.03143322678,130.189634665562,94.6468005759113,67.844178478421,14.3051605903585,9.10138930447773
87.2821868692082,122.324443460488,131.936692770966,96.0457186741129,68.9902527680032,14.2733824580468,9.03979620758802
87.6929548100556,122.492343351518,136.619822550872,99.9078681586031,71.9535684193314,14.0954892266383,8.94663663006837
88.0071169316542,122.547977694922,138.198294658317,101.44105886276,73.1859656393533,14.0621001556463,8.96065117447568
89.0122176520028,122.783195466277,144.76186257995,107.815435582131,78.368342467419,14.0332667149959,9.10515116298876
89.0252891090827,122.792088252766,144.886150189016,107.928911936803,78.4607074702947,14.0334811505316,9.10802580252053
89.1530606103879,122.903761642779,145.940248615566,108.927527175216,79.3062184970251,14.041015654088,9.1372757327278
89.3674926712059,123.122916644648,147.346406660229,110.400726587122,80.665010806071,14.0649879410094,9.19054909698472
89.419469217696,123.177561370813,147.638601190532,110.73291267508,80.9900732566286,14.0720541458477,9.20408697525182
89.4365782728288,123.19554870733,147.734782500489,110.842257956308,81.0970736589979,14.0743801197017,9.20854322179559
89.4369779410477,123.196652039444,147.899592865842,111.062360481862,81.3321830941683,14.0771133710727,9.21607475200541
89.429267468802,123.18899595943,147.96337895541,111.156449697638,81.4372549374297,14.0778305782665,9.21896125812778
89.3791412627446,123.123912054675,148.387836212967,111.867869550581,82.2825105392265,14.0843567703871,9.24497778278373
89.3782741584447,123.122259069212,148.395515371756,111.88360985654,82.3027155720339,14.0845338227137,9.24567747105269
89.4537376000183,123.07259022738,148.529300486577,112.465850004889,83.2183757200373,14.0909396795176,9.28826383354299
89.5777478037025,123.090325644393,148.485526049732,112.581159454711,83.5001756424745,14.0892215561178,9.30717852581045
89.9724133458339,123.034098041875,148.557945327238,113.170319357371,84.4934950301668,13.9887251244319,9.29103808789078
90.0361339846509,123.192121481008,149.415980707877,114.549295200655,85.8698729252247,13.9458030968716,9.25548276696877
90.5229533224247,123.742844715303,151.030214983348,116.971928010457,88.4393441537884,13.8677359961136,9.21436352674683
90.8398545459554,123.871410120256,151.287065260975,117.232561512012,88.8271248554834,13.8111885608474,9.20649131265569
91.9880740027259,124.167128576566,151.380649475074,116.804002330251,88.7446330582296,13.6478429256714,9.26187389745373
92.5494633001341,124.320517797668,151.41585597103,116.662779384044,88.773786642745,13.5791824755238,9.32014958354458
93.2788329296547,124.274397020786,151.529299808009,117.530707338374,90.4787193877879,13.3782976898615,9.47195563852284
93.6944737124793,124.102039084697,151.529146854973,118.166247865907,92.1180862859815,13.1330683596886,9.4074044064733
94.7208754856824,123.999748327679,151.407664679511,119.08689417438,94.8588276266355,12.6106463808784,9.26123893402366
95.5612186866783,123.884150882434,151.0913569718,119.586501379725,97.0392418279833,12.0846854458369,9.1033297414855
95.6066816608012,123.874608826073,151.06982608728,119.618393859177,97.1648460344511,12.0464991263744,9.09291519094407
96.1213260469225,124.031183470935,151.122817532468,120.135133860507,98.4395916389625,11.7453606394207,8.96881814522171
96.1583539906503,123.987993368939,151.017591688982,120.250096636704,98.919683109089,11.6106818391404,8.85796866307333
96.1723574627038,123.974932621617,150.954440665005,120.332396475279,99.2592943790227,11.5255181665084,8.76724366606526
96.2593728686075,124.059794290784,150.921442032477,120.650538596281,100.221911334614,11.3510791327666,8.51841871369077
96.2722946447979,124.072874567708,150.926866860492,120.690541678939,100.321943603044,11.3365680936554,8.49529246567124
96.306447413798,124.10744626046,150.941204896944,120.796271419275,100.58633287166,11.2982148394735,8.43416887129772
96.131006216835,123.800496589854,150.616253126597,121.137699374967,101.941071088751,10.9922196803848,8.04051769049843
96.1707080235654,123.783645841946,150.61435143106,121.239386445167,102.199190789322,10.9381892870893,7.98033138173889
96.3211102748705,123.656923913347,150.575245932142,121.535148803789,103.030735475162,10.7315135435867,7.75353974086004
96.4367294298365,123.383648698527,150.48625035769,121.794155168785,103.875920217343,10.4865719095468,7.46265988078319
96.6079540080003,122.924687884358,150.608917651001,122.563797001652,105.535931100699,10.1303898927468,6.98363819386915
96.5920436131889,122.83404703416,150.608267141636,122.656188586129,105.739363892403,10.0829158429718,6.92315210865431
96.9551469640085,122.237814783369,151.118956479625,124.166799870306,108.505655696153,9.39835417484862,6.24164558166104
96.9597895774253,122.231190504386,151.13075555515,124.196886574947,108.553753100241,9.38844765028202,6.23230163642972
96.9725334367818,122.213007021911,151.163143726537,124.279473837341,108.685779288526,9.36125448461117,6.20665273716273
96.8759765140068,121.927318100135,151.331998186732,125.012966754072,109.882608135126,9.12168736226972,5.97122422360068
96.4178664292157,121.517113637638,151.183901558301,125.516310505042,110.806485943444,8.90807413899683,5.7509465449664
96.2314009136383,121.472283054171,151.098129726874,125.823407431728,111.353051835022,8.78149217383073,5.6131140605068
96.2096512399575,121.495306846825,151.080135699465,125.901219790395,111.492714496375,8.74807444512243,5.57572778932745
96.1612157943307,121.51639704581,150.71379502668,126.085473888541,112.190225149855,8.50486331307734,5.30070888633334
96.9569799001212,120.996121377505,150.974636201696,127.495489194551,114.638011940591,8.40011713983118,5.00713008490639
96.9602874354063,120.991438604145,150.974833286731,127.501855862213,114.649173709752,8.40021106107259,5.00589929622522
97.1797435420868,120.723204684821,150.955914475114,127.844528301761,115.267008615798,8.41526149340362,4.93014890554658
97.18889948291,120.713244584117,150.954197835653,127.856513322977,115.289227603473,8.41614500699688,4.92715989199717
97.4525282662267,120.489120067085,150.845216558413,128.071281473717,115.7458968017,8.45014057759655,4.84365839657815
97.5606915800173,120.062223884906,150.20558081035,127.727360004344,115.655519401428,8.49887218586109,4.69770139212245
97.7323214518917,119.467188278771,148.148429925645,125.884156491097,114.24918606475,8.81777954405503,4.21526090456367
97.7188589018198,119.34473030244,148.020283658673,125.848839481666,114.285444131235,8.8514452759566,4.16769594324529
97.7156880151298,119.194869289708,147.879176142598,125.833232283726,114.358330966406,8.89070485015042,4.11102996508483
97.7259968535254,119.099645326366,147.804070731458,125.848892926178,114.431057805345,8.91385423664994,4.0764526622549
97.8012922782815,118.783321489495,147.565130038829,125.938374603101,114.70882541705,8.98450454741922,3.96145716718676
97.7349564502654,117.674741918494,146.421747336783,125.624878923769,114.822477755051,9.08115004279279,3.63488275365041
97.7874940445091,117.474363342033,146.11781606314,125.491591716025,114.772123218932,9.11241228845665,3.53802841254786
97.7871858336972,117.151872244492,145.339450258464,124.864035192759,114.282905993862,9.28733344251765,3.15864318235685
97.8591307985472,117.376215147321,145.845909203356,124.988900728794,114.331945566013,9.6355196632481,2.6457484366246
97.9075513344131,117.356097422269,145.94998320433,124.99581354916,114.298467264206,9.7058899935005,2.50732040116275
98.1431378120941,117.128845763888,146.434229295471,124.600675284467,113.276357810117,10.2827659861008,2.11732137364788
98.1550262482375,117.130648458475,146.471455488928,124.613568692309,113.25768357361,10.3148504341889,2.12266097186849
97.9349828793001,116.802676893948,146.476977527757,124.528492966064,112.902133096085,10.6095569290649,2.145103125157
97.8865561958706,116.648182509311,146.508888684845,124.579431152504,112.773687778118,10.8112392709213,2.11182737350523
97.8865906075456,116.645950994251,146.509719572526,124.58106529324,112.771819192669,10.8151396772672,2.11055306625469
97.9043753537309,116.58065252825,146.539865003255,124.645293021066,112.708851400192,10.9545712114216,2.04937808308042
97.9113157242562,116.573258236353,146.544991082451,124.657384405195,112.699287031857,10.9777884693731,2.03543701247336
97.8808020499197,116.494456126295,146.500542740394,124.644334053963,112.607787407959,11.0593444274551,1.96810997805571
97.6609861219855,116.180094107934,146.183711588963,124.42394815751,112.183295420654,11.2476605923341,1.70856381884459
97.648998308526,116.083886494528,146.022410842657,124.344154382831,111.894787488634,11.4131107381291,1.48212094659003
97.5446614573036,115.73340061714,145.580432617131,124.155335208507,111.273229388448,11.7022341473281,1.26777171230435
97.5613245215374,115.688115591117,145.523954400954,124.158317358165,111.182178413289,11.7585517360823,1.25107727720301
97.7080047987905,115.436336808002,145.131206546165,124.113303326312,110.452765249058,12.0670186424414,1.15747614502723
97.943658516841,115.448507734202,145.051623798131,124.114232853622,110.000091481636,12.2162439803177,1.11964734693351
97.9463670238278,115.449356013674,145.052036380297,124.114964945296,109.997408593812,12.2174490444009,1.11967718500263
97.9603142887144,115.363881825172,144.946884042704,124.035673199917,109.738413702633,12.2782710364848,1.12486121208069
97.9507807181877,115.308940020322,144.885397517558,123.988692660791,109.613602737683,12.3063924262051,1.13157905073403
97.9508025797533,115.303884874976,144.879805308948,123.984831689007,109.601453821367,12.3096536712871,1.13273910833863
97.9538547326032,115.22195882035,144.788681005524,123.923170073759,109.401525081617,12.3646517001962,1.15278218496274
97.9879644719092,115.172767423751,144.728052244766,123.897046619314,109.245137432408,12.4233344584717,1.17968371339162
98.2070364522673,115.049637687163,144.493600010724,123.848106614829,108.638816963669,12.6948569463339,1.29605139160085
98.4544573938279,114.698946714765,144.085064117558,123.623660580603,107.478448449915,13.0929101972809,1.47611083884899
98.5887400604911,114.672497278114,144.110425759536,123.453474793568,107.074497146191,13.1497976736163,1.60295519876355
98.8317684553724,114.993298329586,143.506354697262,122.233903260754,105.095203529786,13.2477608242962,1.81499047885696
98.8727776557933,115.027020378897,143.188718620666,121.78215696644,104.228281959334,13.3123482768933,1.88227752498659
98.7492510012885,114.877657040134,142.849122061842,121.351850391001,103.446079728334,13.3575163588448,1.94327854363581
98.740995937896,114.868408492283,142.833141702588,121.332369538828,103.412425684173,13.3590957104934,1.94570572463228
98.6222977488777,114.727431806931,142.608672161554,121.03068511764,102.852297515218,13.3869934069373,2.00055599705235
98.6412163792242,114.760200077207,142.344928963129,120.402688344782,101.628782230653,13.4412654319367,2.18992275010933
98.5792242371701,114.74720835366,142.134477595541,120.060305537175,101.190230006061,13.4354073763107,2.23596982249929
98.5435270143284,114.741414751066,141.955480492117,119.797352748817,100.890065218839,13.4294135551017,2.26617664975443
98.5398274698389,114.720016508368,141.335030937405,119.01063034238,100.106079317779,13.4231756649202,2.36809314472065
98.5591015567533,114.699027836913,141.153272054467,118.810274870757,99.9274053160764,13.4261089953172,2.40039660022098
98.6169741130033,114.566723277332,140.686935593096,118.357447741787,99.5471212317245,13.4443150433986,2.49576164682212
98.534122265219,114.329048534019,140.27848512885,117.988322760522,99.2316449426116,13.4511230323853,2.55897870219221
98.4411556650559,113.815229217617,139.471255975281,117.27363021681,98.6038340278673,13.4762769983351,2.72747924008797
98.4445064605238,113.70711764218,139.307802974595,117.12684140456,98.467293420425,13.4836981823392,2.77342628382197
99.101148068762,113.247435760266,138.308878763696,115.667861736124,96.6875993626052,13.4586179939406,3.36819587756795
99.1813924244563,113.270405030037,138.333559217939,115.635111553928,96.6263775468506,13.4483811838074,3.40062863366876
99.1893789840706,113.272691115341,138.336015613999,115.631851994047,96.6202842624447,13.4473623346475,3.40385660076766
98.8744951466801,111.83637322504,136.676681114621,113.483806966357,94.2377790013177,13.5816749308042,4.34031677025576
98.7785457026156,112.210872197217,135.851211223928,112.00650977162,92.4808583137879,13.8312049173909,5.03914627115968
98.7161789511633,112.232819038715,135.754703220566,111.852968221952,92.3310772128856,13.8621726532246,5.14133792925392
98.612714654467,112.21722937896,135.632762856756,111.685280330578,92.1828500942933,13.8919941151253,5.25145664230298
98.3688188551133,111.981546829661,135.437379537054,111.587109443877,92.3536468316396,13.949628262651,5.62767201085097
98.2713916054286,111.720500850834,135.24391057446,111.442335640912,92.3688230175066,13.9062258250521,5.82886738787941
98.1946560040624,111.613606882919,135.068000936685,111.187924915712,92.1334737461655,13.8605848529295,5.92913152927428
98.1757032150843,112.206295179766,134.728460233273,109.701388643865,90.2908265465727,13.6935244465166,6.49813801638964
NaN,NaN,NaN,NaN,NaN,NaN,NaN
NaN,NaN,NaN,NaN,NaN,NaN,NaN
NaN,NaN,NaN,NaN,NaN,NaN,NaN
NaN,NaN,NaN,NaN,NaN,NaN,NaN
NaN,NaN,NaN,NaN,NaN,NaN,NaN
NaN,NaN,NaN,NaN,NaN,NaN,NaN
NaN,NaN,NaN,NaN,NaN,NaN,NaN
NaN,NaN,NaN,NaN,NaN,NaN,NaN
NaN,NaN,NaN,NaN,NaN,NaN,NaN
NaN,NaN,NaN,NaN,NaN,NaN,NaN
NaN,NaN,NaN,NaN,NaN,NaN,NaN
NaN,NaN,NaN,NaN,NaN,NaN,NaN
NaN,NaN,NaN,NaN,NaN,NaN,NaN
NaN,NaN,NaN,NaN,NaN,NaN,NaN
NaN,NaN,NaN,NaN,NaN,NaN,NaN
NaN,NaN,NaN,NaN,NaN,NaN,NaN
NaN,NaN,NaN,NaN,NaN,NaN,NaN
NaN,NaN,NaN,NaN,NaN,NaN,NaN
NaN,NaN,NaN,NaN,NaN,NaN,NaN
NaN,NaN,NaN,NaN,NaN,NaN,NaN
NaN,NaN,NaN,NaN,NaN,NaN,NaN
NaN,NaN,NaN,NaN,NaN,NaN,NaN
NaN,NaN,NaN,NaN,NaN,NaN,NaN
NaN,NaN,NaN,NaN,NaN,NaN,NaN
NaN,NaN,NaN,NaN,NaN,NaN,NaN
NaN,NaN,NaN,NaN,NaN,NaN,NaN
NaN,NaN,NaN,NaN,NaN,NaN,NaN
NaN,NaN,NaN,NaN,NaN,NaN,NaN
NaN,NaN,NaN,NaN,NaN,NaN,NaN
NaN,NaN,NaN,NaN,NaN,NaN,NaN
NaN,NaN,NaN,NaN,NaN,NaN,NaN
NaN,NaN,NaN,NaN,NaN,NaN,NaN
NaN,NaN,NaN,NaN,NaN,NaN,NaN
NaN,NaN,NaN,NaN,NaN,NaN,NaN
NaN,NaN,NaN,NaN,NaN,NaN,NaN
NaN,NaN,NaN,NaN,NaN,NaN,NaN
NaN,NaN,NaN,NaN,NaN,NaN,NaN
NaN,NaN,NaN,NaN,NaN,NaN,NaN
NaN,NaN,NaN,NaN,NaN,NaN,NaN
NaN,NaN,NaN,NaN,NaN,NaN,NaN
NaN,NaN,NaN,NaN,NaN,NaN,NaN
NaN,NaN,NaN,NaN,NaN,NaN,NaN
NaN,NaN,NaN,NaN,NaN,NaN,NaN
NaN,NaN,NaN,NaN,NaN,NaN,NaN
NaN,NaN,NaN,NaN,NaN,NaN,NaN
NaN,NaN,NaN,NaN,NaN,NaN,NaN
NaN,NaN,NaN,NaN,NaN,NaN,NaN
NaN,NaN,NaN,NaN,NaN,NaN,NaN
NaN,NaN,NaN,NaN,NaN,NaN,NaN
NaN,NaN,NaN,NaN,NaN,NaN,NaN
NaN,NaN,NaN,NaN,NaN,NaN,NaN
NaN,NaN,NaN,NaN,NaN,NaN,NaN
NaN,NaN,NaN,NaN,NaN,NaN,NaN
NaN,NaN,NaN,NaN,NaN,NaN,NaN
NaN,NaN,NaN,NaN,NaN,NaN,NaN
NaN,NaN,NaN,NaN,NaN,NaN,NaN
NaN,NaN,NaN,NaN,NaN,NaN,NaN
NaN,NaN,NaN,NaN,NaN,NaN,NaN
NaN,NaN,NaN,NaN,NaN,NaN,NaN
NaN,NaN,NaN,NaN,NaN,NaN,NaN
NaN,NaN,NaN,NaN,NaN,NaN,NaN
NaN,NaN,NaN,NaN,NaN,NaN,NaN
NaN,NaN,NaN,NaN,NaN,NaN,NaN
NaN,NaN,NaN,NaN,NaN,NaN,NaN
NaN,NaN,NaN,NaN,NaN,NaN,NaN
NaN,NaN,NaN,NaN,NaN,NaN,NaN
NaN,NaN,NaN,NaN,NaN,NaN,NaN
NaN,NaN,NaN,NaN,NaN,NaN,NaN
NaN,NaN,NaN,NaN,NaN,NaN,NaN
NaN,NaN,NaN,NaN,NaN,NaN,NaN
NaN,NaN,NaN,NaN,NaN,NaN,NaN
NaN,NaN,NaN,NaN,NaN,NaN,NaN
NaN,NaN,NaN,NaN,NaN,NaN,NaN
NaN,NaN,NaN,NaN,NaN,NaN,NaN
NaN,NaN,NaN,NaN,NaN,NaN,NaN
NaN,NaN,NaN,NaN,NaN,NaN,NaN
NaN,NaN,NaN,NaN,NaN,NaN,NaN
NaN,NaN,NaN,NaN,NaN,NaN,NaN
NaN,NaN,NaN,NaN,NaN,NaN,NaN
NaN,NaN,NaN,NaN,NaN,NaN,NaN
NaN,NaN,NaN,NaN,NaN,NaN,NaN
NaN,NaN,NaN,NaN,NaN,NaN,NaN
NaN,NaN,NaN,NaN,NaN,NaN,NaN
NaN,NaN,NaN,NaN,NaN,NaN,NaN
NaN,NaN,NaN,NaN,NaN,NaN,NaN
NaN,NaN,NaN,NaN,NaN,NaN,NaN
NaN,NaN,NaN,NaN,NaN,NaN,NaN
NaN,NaN,NaN,NaN,NaN,NaN,NaN
NaN,NaN,NaN,NaN,NaN,NaN,NaN
NaN,NaN,NaN,NaN,NaN,NaN,NaN
NaN,NaN,NaN,NaN,NaN,NaN,NaN
NaN,NaN,NaN,NaN,NaN,NaN,NaN
NaN,NaN,NaN,NaN,NaN,NaN,NaN
NaN,NaN,NaN,NaN,NaN,NaN,NaN
NaN,NaN,NaN,NaN,NaN,NaN,NaN
NaN,NaN,NaN,NaN,NaN,NaN,NaN
NaN,NaN,NaN,NaN,NaN,NaN,NaN
NaN,NaN,NaN,NaN,NaN,NaN,NaN
NaN,NaN,NaN,NaN,NaN,NaN,NaN
NaN,NaN,NaN,NaN,NaN,NaN,NaN
NaN,NaN,NaN,NaN,NaN,NaN,NaN
NaN,NaN,NaN,NaN,NaN,NaN,NaN
NaN,NaN,NaN,NaN,NaN,NaN,NaN
NaN,NaN,NaN,NaN,NaN,NaN,NaN
NaN,NaN,NaN,NaN,NaN,NaN,NaN
NaN,NaN,NaN,NaN,NaN,NaN,NaN
NaN,NaN,NaN,NaN,NaN,NaN,NaN
NaN,NaN,NaN,NaN,NaN,NaN,NaN
NaN,NaN,NaN,NaN,NaN,NaN,NaN
NaN,NaN,NaN,NaN,NaN,NaN,NaN
NaN,NaN,NaN,NaN,NaN,NaN,NaN
NaN,NaN,NaN,NaN,NaN,NaN,NaN
NaN,NaN,NaN,NaN,NaN,NaN,NaN
NaN,NaN,NaN,NaN,NaN,NaN,NaN
NaN,NaN,NaN,NaN,NaN,NaN,NaN
NaN,NaN,NaN,NaN,NaN,NaN,NaN
NaN,NaN,NaN,NaN,NaN,NaN,NaN
NaN,NaN,NaN,NaN,NaN,NaN,NaN
NaN,NaN,NaN,NaN,NaN,NaN,NaN
NaN,NaN,NaN,NaN,NaN,NaN,NaN
NaN,NaN,NaN,NaN,NaN,NaN,NaN
NaN,NaN,NaN,NaN,NaN,NaN,NaN
NaN,NaN,NaN,NaN,NaN,NaN,NaN
NaN,NaN,NaN,NaN,NaN,NaN,NaN
NaN,NaN,NaN,NaN,NaN,NaN,NaN
NaN,NaN,NaN,NaN,NaN,NaN,NaN
NaN,NaN,NaN,NaN,NaN,NaN,NaN
NaN,NaN,NaN,NaN,NaN,NaN,NaN
NaN,NaN,NaN,NaN,NaN,NaN,NaN
NaN,NaN,NaN,NaN,NaN,NaN,NaN
NaN,NaN,NaN,NaN,NaN,NaN,NaN
NaN,NaN,NaN,NaN,NaN,NaN,NaN
NaN,NaN,NaN,NaN,NaN,NaN,NaN
NaN,NaN,NaN,NaN,NaN,NaN,NaN
NaN,NaN,NaN,NaN,NaN,NaN,NaN
NaN,NaN,NaN,NaN,NaN,NaN,NaN
NaN,NaN,NaN,NaN,NaN,NaN,NaN
NaN,NaN,NaN,NaN,NaN,NaN,NaN
NaN,NaN,NaN,NaN,NaN,NaN,NaN
NaN,NaN,NaN,NaN,NaN,NaN,NaN
NaN,NaN,NaN,NaN,NaN,NaN,NaN
NaN,NaN,NaN,NaN,NaN,NaN,NaN
NaN,NaN,NaN,NaN,NaN,NaN,NaN
NaN,NaN,NaN,NaN,NaN,NaN,NaN
NaN,NaN,NaN,NaN,NaN,NaN,NaN
NaN,NaN,NaN,NaN,NaN,NaN,NaN
NaN,NaN,NaN,NaN,NaN,NaN,NaN
NaN,NaN,NaN,NaN,NaN,NaN,NaN
NaN,NaN,NaN,NaN,NaN,NaN,NaN
NaN,NaN,NaN,NaN,NaN,NaN,NaN
NaN,NaN,NaN,NaN,NaN,NaN,NaN
NaN,NaN,NaN,NaN,NaN,NaN,NaN
NaN,NaN,NaN,NaN,NaN,NaN,NaN
NaN,NaN,NaN,NaN,NaN,NaN,NaN
NaN,NaN,NaN,NaN,NaN,NaN,NaN
NaN,NaN,NaN,NaN,NaN,NaN,NaN
NaN,NaN,NaN,NaN,NaN,NaN,NaN
NaN,NaN,NaN,NaN,NaN,NaN,NaN
