151.072606379305,163.229086181291,203.17127357686,192.904400152299,167.436179395525,11.2819597445281,19.9909985646637
163.363546702731,173.936643902883,214.354380218895,204.727178264184,178.293020490386,11.9221017628367,21.509479729025
165.643956373291,175.942530020741,216.434755021926,206.915621463519,180.300741234407,12.0344102039879,21.7919267100439
167.110133145378,177.242202961688,217.775088593707,208.320183530996,181.58851636595,12.1033234605575,21.9739656088541
160.989950493111,172.094167120132,212.256472582887,202.389097541583,176.129637770719,11.7246402568845,21.2265857590351
158.875049262817,170.292662071431,210.342927006168,200.345636880688,174.251404150652,11.6013911671742,20.9674957712678
158.097737157437,169.63053579234,209.639621282159,199.594582086341,173.561077005016,11.5560921205632,20.8722696770231
154.303010210946,166.398129638037,206.206182945039,195.928039591156,170.190998238319,11.3349486292479,20.4073894528012
127.477132043503,143.736145257403,181.947129051715,169.998220616671,146.449266536715,9.74013968350459,17.1365626078734
130.116172457859,146.102109512785,184.358093222187,172.530235328665,148.810772553367,9.86432429324113,17.4633603216602
135.45850436186,150.828241799544,189.2317686372,177.663895948188,153.579974377756,10.1292291198301,18.120050021049
144.424675774479,158.746096264275,197.422412452515,186.276786269614,161.581237625755,10.5743429436928,19.2131241208301
146.777288185954,160.852020060797,199.586760304069,188.530543349887,163.686638010055,10.6823146659488,19.4957608232027
148.220527028818,162.186544136849,200.935213160712,189.906256129853,164.98871134048,10.7352084048704,19.6650608721792
147.857603137021,161.931719297764,200.634470818124,189.548358378005,164.6815689289,10.6964886750025,19.6158904815237
144.577652652467,159.263007007829,197.740801599259,186.373062997819,161.816898313292,10.4592497209762,19.206093067113
142.549572481869,157.579748702019,195.934351766098,184.418421921086,160.040234184135,10.3202163382328,18.9590159088716
139.449569472917,155.00602133545,193.171015376331,181.432694303419,157.325795312694,10.1051348852351,18.584283431398
135.360140338535,151.657041423233,189.531951364616,177.502766522471,153.774650720572,9.77932968679469,18.1096882940668
135.345890697746,151.645692260988,189.519344280009,177.489113801303,153.762476786005,9.77794558830691,18.1081261340785
135.25795750058,151.575657644953,189.441547143018,177.404864139147,153.687352577301,9.76940444632109,18.0984861912692
134.912059060619,151.300165962508,189.135520418345,177.07345543747,153.391840217561,9.73580658130992,18.0605660281622
135.031378897109,151.486629671227,189.261158600322,177.196538216179,153.554529077259,9.67477504700423,18.0970352552145
135.771491985366,152.187838218008,189.938940544635,177.915223115872,154.264807317858,9.6552522916191,18.2062454958272
135.931931172023,152.333652593737,190.084444638466,178.070377169485,154.414819256419,9.65582809341352,18.2283148774943
136.165623804554,152.546043008042,190.296383102129,178.296371578907,154.633323759987,9.65666679522919,18.260460714229
141.180983353894,157.032481428536,194.799781220549,183.122960874646,159.331258019175,9.6843288423021,18.9313663756213
142.981251387248,158.6450717479,196.364721351916,184.826315672219,161.113358501019,9.60989498329296,19.1742900341892
139.603189532197,155.907167076161,193.134862721968,181.458291416004,158.682545059076,8.94039458152337,18.791301775871
137.463479719462,154.219106796825,191.161148745395,179.359210756014,157.092331690901,8.56336402060936,18.5516314057173
137.322181309799,154.129213090168,191.032468586213,179.220747941544,157.01919889861,8.51188785238054,18.5389719823729
137.384320611369,154.252921102188,191.094900892433,179.282427954357,157.177936138761,8.42938660989975,18.5566999541415
137.597947513403,154.498673260667,191.297651271158,179.493971724047,157.454680337128,8.37009330849584,18.5913092295593
137.675955438053,154.578475198949,191.371029804853,179.571191069723,157.540849502007,8.36085786459103,18.602489479848
138.218245867986,155.133008174251,191.881166690112,180.108061349151,158.139548382873,8.29697542090363,18.6801595053549
138.250734393502,155.165153044842,191.91186417424,180.140516075175,158.17388118191,8.29465321161166,18.684567547957
138.65230606089,155.562476994651,192.291297826293,180.541669966814,158.598248835918,8.26594974038283,18.7390527851157
139.306196201905,156.209855822994,192.909323329447,181.195120842786,159.28996128714,8.21877768932454,18.8277568651328
140.113310430054,157.063037101368,193.695899969961,182.031516752237,160.234843053381,8.10491700907929,18.9361073513914
140.219824200105,157.208975506351,193.813558722419,182.157814811653,160.412791326851,8.05792433503809,18.9507110991069
140.283880945927,157.296741992404,193.884317994166,182.23376971106,160.519808356833,8.02966322123944,18.9594937058535
140.255131820399,157.314280181594,193.876142200276,182.226168083095,160.561704535288,7.98902039143864,18.9563918810028
140.251048243442,157.312864058448,193.873362382814,182.223270367976,160.561483464046,7.98690748124131,18.9558936477209
140.159226853033,157.281021779575,193.810856715075,182.158113708989,160.556512560103,7.93939757653603,18.9446906085301
139.143364449189,156.698714567879,193.031322623783,181.330600306419,160.124428088846,7.6567605260351,18.8189904863963
138.786321295937,156.486068283994,192.756902141235,181.036633152922,159.955191897331,7.57470704518754,18.7750998730273
138.321196242624,156.216383812136,192.40605258012,180.657705106496,159.740263649082,7.47339151019375,18.7182676785658
137.584088463821,155.900921841426,191.918010829323,180.116886975525,159.543081536976,7.27305489823949,18.6303637945982
137.540197204296,155.936739724679,191.921926200621,180.11422257708,159.60170075342,7.23987292233251,18.6259200884268
137.667181954441,156.66910974624,192.421275540733,180.583726218522,160.500778883044,7.00990823108215,18.6470462615774
137.715195040959,156.781460940067,192.509948587971,180.670924517821,160.629779969745,6.98732755722142,18.6532006678795
137.723073493833,156.860418454249,192.564108067873,180.722074940691,160.724274463064,6.96245846068395,18.6535402556693
137.285197708807,157.219428554349,192.658091910136,180.773615041537,161.229537624084,6.67806050482897,18.585590544347
137.261141053989,157.220874506206,192.651243017042,180.765375080681,161.235210711159,6.6687682985672,18.5821480352641
137.20043843544,157.219744437715,192.630690760758,180.742107069848,161.243780498929,6.64682471520843,18.5739849557431
137.158578346374,157.218965150614,192.616518072675,180.726061616963,161.249690162926,6.63169257798277,18.5683557548293
136.738860133429,157.248544635489,192.498416785852,180.59161190201,161.352600187803,6.46656302123924,18.5155596278863
135.848240700512,157.305707575916,192.23855970122,180.296837443004,161.532924905846,6.13153266285484,18.4449669607301
135.449079359533,157.670306167413,192.352596650756,180.36936755253,161.949041641252,5.88943266916488,18.4662316448722
135.013737580802,157.649031927717,192.200829082153,180.17433927211,161.935470795157,5.76112842372005,18.4515457686874
134.9242776098,157.65479165053,192.176867230507,180.140513183405,161.943045152573,5.73196016048925,18.4494699674426
134.714388184368,157.679671813074,192.128397071606,180.068312454335,161.973233874098,5.66014922902729,18.4455025780372
134.400742867481,157.82706567571,192.130160420485,180.029987967408,162.140507729642,5.51984133684431,18.4481596171521
133.992801088395,158.025519544597,192.130814743811,179.986105580332,162.38512751401,5.33479616440359,18.4469867499907
133.419545618217,158.026238557611,191.944963411952,179.752572466361,162.435030879011,5.16311999176498,18.4187676578127
133.41621682617,158.027033293405,191.944455908159,179.75174004975,162.436182783492,5.16195023092097,18.4186806758707
132.890679211368,158.378644022421,192.039063043783,179.773131955913,162.848779982409,4.93268660284876,18.4299333289473
132.295658415249,158.351748966418,191.871137506988,179.533518650197,162.83242322049,4.7981048254309,18.408584829134
132.119236819906,158.367775937872,191.842006092216,179.480727550704,162.850815226699,4.75513038282679,18.4057290864675
132.100700706899,158.372706579124,191.841602349033,179.477612729124,162.856034673427,4.75012136821622,18.4058910024978
132.041827461882,158.388366974075,191.840320005137,179.467719627265,162.872612354303,4.73421204869821,18.4064052700857
131.885299453714,158.432876842426,191.839129707407,179.443535927092,162.919725428731,4.69141516949507,18.4081884934524
131.85849298661,158.450124790889,191.846360164451,179.446494501965,162.937969926343,4.68241651728124,18.4098872868469
131.16537156774,158.653729632683,191.834332237198,179.35672464304,163.172021144585,4.49677030193814,18.4313365252223
131.083642710859,158.648215544538,191.808537973357,179.325277762426,163.169908912473,4.48067594207668,18.4311244385925
130.626762494557,158.696823358477,191.720540707773,179.202988683455,163.237657582767,4.37778672562965,18.4438736584383
129.968999145382,158.925105538173,191.730475461232,179.116423472427,163.428274026747,4.2284370261682,18.4880969644284
129.581702210692,159.03927094054,191.747296381677,179.046385985863,163.478581318258,4.17127818708551,18.5056489670861
129.484610859119,159.152684312023,191.825650521506,179.08660786279,163.562159062999,4.15690621298573,18.5204314749402
129.410050721205,159.305652574845,191.943147700281,179.164012929531,163.685004035944,4.14678709417064,18.5399709644074
129.333301502677,159.37441433265,191.989941683043,179.184440470214,163.735596381086,4.14143047559424,18.5483573743598
129.016487602464,159.342119524947,191.916398058756,179.055567790073,163.67237306454,4.13252386291095,18.5421647883796
128.87682629422,159.340515061759,191.89627424769,179.010893261645,163.659193736194,4.13191510508335,18.5418312082994
128.805089022345,159.339690926475,191.885937617425,178.987946113061,163.652424151457,4.13160241557518,18.5416598643158
128.534539590142,159.429886160506,191.932822619821,178.984315051722,163.726900698294,4.14162530060552,18.5590499581411
128.520048022854,159.439981467464,191.940104843185,178.988693436075,163.736379881482,4.1425959507772,18.5609972496507
127.781893981865,159.490743973555,191.891099148724,178.854321924461,163.764806913359,4.15561886530445,18.5947603733301
127.746173118004,159.496017632503,191.889510090956,178.84901837423,163.767931123132,4.15540447395649,18.5966599294959
127.582859966099,159.530438162671,191.889790669503,178.831854159974,163.791874371082,4.15415865120168,18.6066123216278
127.562106037191,159.547382748019,191.899026515333,178.838309310341,163.806694775481,4.1536764419177,18.6094228252856
127.532687466717,159.571401596713,191.912118271724,178.847459447495,163.827702610345,4.15299291313301,18.6134066974618
127.491360345818,159.605143204404,191.93050953243,178.860313533139,163.857214354705,4.15203269391543,18.6190032293265
127.460021906843,159.669319181989,191.971935265756,178.896025907679,163.916742755789,4.15004362262063,18.6276195475888
127.447392175686,159.702004817986,191.993488231579,178.915008587612,163.94730078842,4.14901909253487,18.6318649964364
127.443208823757,159.712831296925,192.00062723082,178.921296229821,163.957422540273,4.14867973694157,18.6332712185011
126.967597180863,159.662511830611,191.830755290815,178.71826938512,163.897785159898,4.12491668154637,18.6201920397234
126.872920194835,159.660161291676,191.800397505865,178.682478527384,163.897707672851,4.11932462741192,18.6188575437287
126.720333676594,159.705841258111,191.786836658552,178.660304414137,163.954273510051,4.10777698515801,18.6259092649376
126.713736419287,159.711602561345,191.789108591709,178.662139809192,163.960941231128,4.10707801033185,18.626993110753
126.639124747617,159.805110000717,191.837601709207,178.704290885768,164.06644184108,4.0975548070047,18.645848594686
126.621816047297,159.852050069463,191.869155325514,178.733121977755,164.117715551956,4.09390449160063,18.656098551397
126.607083971876,159.89200249918,191.896011776121,178.757661187156,164.161356504871,4.09079757306563,18.6648226688947
126.372895376036,159.816868178129,191.790413679809,178.633773728765,164.089752686606,4.07658412246546,18.6690453332637
126.248718327517,159.785569908326,191.743849468317,178.575116028345,164.057382571974,4.06855800135882,18.6751909374288
126.154034034222,159.76778997396,191.71478467126,178.535322150224,164.037018174984,4.06209547445816,18.6824504579502
126.029438959366,159.762920428013,191.694314303185,178.496540087446,164.02306949938,4.05252006522784,18.6982510708166
125.994545117109,159.768165811262,191.694922623918,178.490524203532,164.023746610762,4.04945620753995,18.7049049308908
125.801805211067,160.013300637786,191.893339099816,178.607519706149,164.174316303546,4.01935930112815,18.803548615212
125.374083133902,159.944288795321,191.78031106234,178.418106171928,163.993037722522,3.98772788316882,18.8369673825801
125.363624952553,159.943273003509,191.77809234175,178.414045542171,163.988999811699,3.98692198583392,18.8378885298531
125.291613225223,159.950091321066,191.774805921742,178.398037714003,163.972073358213,3.98062476645863,18.8471626550542
125.283075925251,159.952318863531,191.775648326787,178.397367974948,163.971184254147,3.97980134340758,18.8485633313211
125.260062965954,159.958323378338,191.777919095422,178.395562640983,163.968787604651,3.97758174221973,18.8523389636669
125.231530203193,159.965768113899,191.780734522239,178.393324286277,163.965816103653,3.97482975568475,18.8570202052493
125.149089608098,160.022372171815,191.820117448908,178.41870208912,163.987926120864,3.96493736396812,18.8780163029578
125.145316859242,160.026507894354,191.823295740675,178.421265746283,163.990289616592,3.96439918537123,18.8793061099204
125.08462683841,160.14241827731,191.919385665644,178.508829049329,164.074862036337,3.95300489214474,18.9102039485268
125.07397212468,160.174938639156,191.947337235471,178.535619052135,164.101183402676,3.95032993648719,18.91812992814
125.009495830842,160.170708025229,191.937311803292,178.523165312492,164.091348132271,3.94550908451162,18.9218055716867
124.785643102337,160.08474456757,191.838977690864,178.418031722323,163.997239406393,3.93280183792358,18.9188642272247
124.303734088402,160.003765702307,191.727764629667,178.285631803595,163.914000964665,3.90085551640219,18.9201309987076
124.185365171121,160.079667988386,191.782282749063,178.318830016393,163.978130883691,3.88716336322785,18.9260441466062
124.040837719787,160.093533374211,191.77169036073,178.283586841232,163.973521811005,3.8733842445029,18.9193029041923
123.869410602482,160.023247668978,191.682992179015,178.175913080443,163.889272004623,3.86200012411178,18.9026073579438
123.555158712841,159.944918448009,191.545567117252,178.00609423334,163.771789516138,3.83085176082894,18.8713469689132
123.365790829825,160.017904938412,191.532038615162,177.9948825939,163.805803810535,3.78676725074578,18.8612861483725
123.343656186912,160.092617368124,191.571223202395,178.050346302615,163.871943354207,3.76701428433983,18.8670826337696
123.02247624915,159.989276741083,191.396455191364,177.922469106519,163.772718764896,3.71207286438648,18.8467639581923
122.811377607926,159.94122115441,191.302132058937,177.871084992338,163.738478560773,3.66799920779827,18.8347924492994
122.74410694231,159.944983755714,191.288060420066,177.873946973507,163.747619573656,3.64912925541727,18.831446150145
122.689150846018,159.950285674868,191.278412746836,177.878119995896,163.757070330569,3.63322967978595,18.8286666174076
122.657846117931,159.980311373471,191.295315843388,177.90273755732,163.786489808839,3.61830700450308,18.8265281045383
122.573383733799,160.165706163003,191.427045645048,178.043858391006,163.948746148178,3.55739216638982,18.8155517040192
122.508103409093,160.173091560062,191.422170786654,178.029729000637,163.943248870649,3.54196664031731,18.8031368812918
122.45988761405,160.162404458185,191.405557939509,178.006283073033,163.925079302563,3.5340350184611,18.7941704643549
122.395986431752,160.148240667156,191.383540661292,177.97520980145,163.900998876604,3.52352311020167,18.7822871252391
122.343435604668,160.136592699052,191.365434170319,177.949655874853,163.881195701527,3.51487836446438,18.7725145470704
122.303290391505,160.127910121528,191.351792411549,177.93019176211,163.866155859179,3.50824833322487,18.7649946567642
122.008273611996,160.188554768863,191.359844706068,177.824817055301,163.808890478026,3.44354915290015,18.6815178174608
121.572588767725,160.528906297654,191.586343597357,177.735018482543,163.749603942244,3.30534849121439,18.5167261648776
121.526626957458,160.584847445456,191.629419331006,177.740343434423,163.741547760162,3.28138664219641,18.4990938030989
121.508538897336,160.606862828201,191.64637158888,177.74243904487,163.738377286567,3.27195656615869,18.4921546678022
121.527953319371,160.79729333996,191.814402625807,177.839374264599,163.798503020062,3.22875140250411,18.473459297863
121.569879881266,160.92310657241,191.928230670067,177.912430200982,163.850161769341,3.20700077186434,18.4669949288767
121.571374819053,160.998620104049,191.993373214543,177.939832109734,163.860971026682,3.1871114277816,18.455958077606
121.548080711494,161.001467675807,191.99269509545,177.924640592577,163.841454370473,3.1796189951133,18.4484814390685
121.388190949607,161.07145516592,192.029729755942,177.826329800789,163.706856756619,3.11450858272702,18.3851486686346
121.359746684441,161.106966704935,192.055305325452,177.811587617684,163.682618531346,3.09676360562213,18.3685038976008
121.368177745856,161.355765953005,192.25883337577,177.846878610236,163.685000170203,3.03588609063811,18.3166730518793
121.390794039727,161.454147226615,192.341227673053,177.873436590283,163.701153425285,3.01817092956693,18.3026851078625
121.478674973447,161.706417128201,192.554390454699,177.959071175193,163.761049347361,2.98465828403078,18.2783623870768
121.465801761471,161.797266761887,192.620307067702,177.942889274452,163.729987318092,2.96500173323183,18.2549032489009
121.445718530429,161.806275394087,192.622399824549,177.92178465386,163.705110064861,2.95967120065718,18.246324241783
121.301720819993,162.07969982356,192.791300562045,177.731191716211,163.41607898596,2.90789966430536,18.1455513362475
121.395570919788,162.393028758127,193.043906499882,177.748215914446,163.321112678894,2.90878274169877,18.1180532331376
121.511282990605,162.652179363827,193.260257959866,177.775214325321,163.24048603562,2.92409538216423,18.1093430896402
121.538456019436,162.968702418672,193.477139948801,177.394242177899,162.489298927284,3.02533443593686,18.0915180820935
121.975335440795,163.381258207097,193.750622739131,176.990742965475,161.643496396483,3.25910214828095,18.3389443568455
122.105939247601,163.481583414704,193.806871658362,176.885530839285,161.448683755187,3.32411641339637,18.434306404016
122.224026944953,163.590011032094,193.884650477524,176.855946504959,161.363865362636,3.36392129987262,18.49718318373
122.379457578052,163.743418467015,194.000794151778,176.840400594581,161.283390609073,3.40888433168987,18.5686583118026
122.511440762978,163.87908154356,194.106368419972,176.839010657513,161.230790432073,3.44331363243554,18.6236535509213
122.880294916782,164.361746915743,194.375049045361,176.214545379891,160.249671992569,3.65804355760187,18.8262966226083
123.091506183603,164.561772376507,194.49698998874,176.135463095039,160.091524248024,3.70580916508065,18.8738121939782
123.128837681443,164.541561199764,194.344592045124,175.715536812091,159.586065102185,3.76611316796896,18.9082338466052
123.345534989494,164.586021465597,194.074738013307,174.992251999341,158.734231570905,3.86933402678483,18.9974551110698
123.509663155102,164.670813493405,193.991044377796,174.694374596557,158.377746794203,3.91308979608461,19.0455221170879
123.599933951564,164.719915415779,193.94910011253,174.536304446745,158.187624639478,3.93617170566077,19.0710350517098
123.667656382646,164.762959456616,193.927920534153,174.4322228874,158.059955692005,3.95101182950394,19.0878495690803
123.773054991952,164.829950289205,193.89495807148,174.2702373911,157.861260380861,3.97410799409831,19.1140185461635
123.895121413598,164.896027528803,193.808645370468,173.981408676921,157.515325751179,4.00790824419957,19.1469555099233
123.904073458044,164.894097598245,193.773971153588,173.900622560372,157.421760309314,4.01453920522643,19.1509193840706
124.096166656932,164.927750545312,193.293215366512,172.658112781873,155.952054202963,4.11655818748431,19.2061752973989
124.101236219965,164.929541685969,193.283694843684,172.631227999804,155.919739106032,4.11876617879036,19.2072750739469
124.309132762371,165.0540046853,193.100975875908,171.920291139576,155.01925983517,4.17811008395405,19.2283618639145
124.383703228513,165.105895144164,193.073689851072,171.737802039386,154.773455807525,4.19366825020642,19.231289605606
124.476751816875,165.170643753051,193.039642510021,171.510093215201,154.466742989846,4.21308163840398,19.2349428244416
124.831851286082,165.413781284697,192.969550642637,170.718054329277,153.346040383935,4.27793672035839,19.2311918162111
124.88384887047,165.348258084913,192.746439510033,169.922358889041,152.253642447102,4.31695238523778,19.1796417625004
124.904209862696,165.33629486536,192.707611756629,169.748629759629,152.004457030077,4.32573531032838,19.1675542588591
125.004914305207,165.331516633425,192.653726959492,169.307532026366,151.333307237836,4.35106174886856,19.1408428783223
125.017689072818,165.33226398635,192.650329359746,169.261982573249,151.262136965066,4.35382376857641,19.1382774265223
125.330109098667,165.465332034711,192.759970980206,168.772823179659,150.39735619848,4.39630297373048,19.1439898866151
125.366882260418,165.485833380356,192.778938755813,168.736001587169,150.325609059355,4.40048747259001,19.1475169529066
125.453602251091,165.442320961568,192.726611751641,168.219677584333,149.533093822013,4.43046969924556,19.1650053147279
125.461724118546,165.440638221295,192.721577118619,168.174545573346,149.464965019102,4.43294131901887,19.1687159136957
125.469187408784,165.439091929248,192.716950728484,168.13307317813,149.402360570991,4.43521252275703,19.1721256316214
125.562133889594,165.449474093694,192.686905648079,167.749578274922,148.816468453375,4.4566336014651,19.2104564363955
125.650202378606,165.492220006902,192.689049625937,167.533874007911,148.476470458899,4.46930927313621,19.242186470888
125.975343549472,165.724760046324,192.749993547767,167.066508804228,147.700925945365,4.49462405377908,19.3391635816385
126.359575116101,165.840341073298,192.254235518383,165.179435555766,144.959007016561,4.50840924174333,19.5400703540393
126.378813663525,165.851499617832,192.245902010775,165.129089397738,144.88257967749,4.50859316594374,19.5475913981426
126.572160271552,165.978784246745,192.164894263376,164.608493970971,144.104002338201,4.5116351684171,19.6281879122939
126.560410861795,165.958720666456,192.112053325333,164.485504992116,143.943207803791,4.51115572917612,19.6359025581152
126.557462567242,165.953686086362,192.098793880559,164.454643208934,143.902859423766,4.51103542286866,19.6378384041468
126.535394716157,165.916002482573,191.999547537464,164.223644160764,143.600853628245,4.51013493561074,19.6523281239434
126.55087937687,165.912604692514,191.755817959174,163.560434249663,142.717710249338,4.50575013318527,19.705908201473
126.612712894987,165.980300983395,191.65544246155,163.227907317975,142.264095623338,4.50136096883517,19.7366654668185
126.741431052353,166.13315087624,191.568966561698,162.878032514303,141.777711246766,4.49305378935016,19.7692906123576
126.836160908095,166.248535815142,191.527657165134,162.689402427891,141.514107592698,4.48669258060437,19.7855258883714
126.822609787344,166.256431546821,191.38846792984,162.429206359427,141.20082980789,4.47669830524445,19.7827428415743
126.744282931069,166.271140067601,190.863247461047,161.519773540808,140.16930290606,4.43605411597422,19.7590886177688
126.745558496188,166.279048035902,190.839449946519,161.475318351638,140.121911852882,4.43386219528346,19.7585719311165
126.761174844518,166.343089937676,190.684286945388,161.17639513385,139.807866058458,4.41944965956521,19.7573547847188
126.771425389545,166.367549585964,190.65547809346,161.111761069383,139.744472273584,4.41665193632487,19.7592957275647
126.79468996545,166.423063057955,190.590093694805,160.965067981843,139.600594117214,4.41030224033102,19.763700879881
126.879056359446,166.611988702451,190.459393424241,160.607634106907,139.27409487676,4.39828724807694,19.7896798816089
126.890598649648,166.63744741492,190.444849126465,160.56420640683,139.2355493781,4.39698878047235,19.7935478401134
126.655145950304,166.637564391064,189.956230277549,159.7096917926,138.505185418054,4.37798226026135,19.8214399547494
126.57055652509,166.670678552572,189.785064998285,159.391733719681,138.236491390179,4.37067916603699,19.839220792709
126.46822234788,166.79111074684,189.549848863199,158.921890050518,137.824556395234,4.35711588882051,19.8716125158782
126.430973916795,166.881330842746,189.441817577483,158.695064933381,137.611307895156,4.34855273802058,19.8864536237299
126.395049677323,166.998977567578,189.318172733866,158.434456866551,137.35301945371,4.33728829372324,19.8996532311007
126.393210318352,167.007812162111,189.310056889248,158.417273631994,137.334966338559,4.3364357393469,19.9002268544783
126.251515445668,167.188182302712,188.972455339554,157.811710383593,136.691619639023,4.30680696250124,19.897016010286
125.696231400998,167.338879409148,187.883691484189,156.118205679628,134.785764459799,4.22650233673567,19.7666846144943
125.570440724528,167.451288162431,187.533581815015,155.520434504772,134.083745151843,4.20418971078349,19.7067521665129
125.335886113663,167.845023820599,186.555192982645,153.636156684092,131.885234276966,4.18604507916166,19.5093658122029
124.882339237203,168.180142394065,184.774658770625,149.946964650765,127.856712192218,4.33790123121134,19.1684442688458
124.893780350895,168.285294362784,184.604392822613,149.512662907738,127.382631499037,4.37365487524792,19.1365303049082
124.911630676514,168.389970830387,184.45371841995,149.118861772758,126.951395536587,4.4079782316435,19.1083948654891
124.608056835835,168.482928813469,183.499907148833,147.235330639834,124.919533536457,4.54014734037912,18.9457244548398
124.60771164804,168.483049655149,183.498883052838,147.23333872912,124.91736625911,4.54028547511614,18.9455473070151
124.53194925596,168.527392799329,183.262658647811,146.763589507805,124.401713901605,4.57259964375461,18.9036132980893
124.376583134824,168.757632146648,182.689716632416,145.528081666344,123.014787749546,4.65452049290961,18.7937252760088
124.324974888517,168.950077625182,182.427910728602,144.863343539542,122.252968024602,4.69538858362098,18.7373729485227
124.118217413497,169.066226183369,181.996452946896,143.887515945676,121.161865263624,4.73902090197329,18.6494899806853
123.903777700985,169.115536462965,181.627774964354,143.038912978962,120.225825542987,4.77169998491976,18.5736432509156
123.743589477622,169.217980451225,181.317035678175,142.196354260078,119.293875770984,4.80758937440472,18.5038497246762
123.447908819605,170.198471706938,178.100667902307,134.771778010957,111.873341295114,5.21665229991573,17.9164671416705
123.330839792407,170.100457470551,177.547328581834,134.112589581372,111.348724283104,5.24475048959701,17.8534121476975
123.268322300043,170.025168192946,177.092786230114,133.63715587628,110.975824633485,5.26983218584621,17.8049159924734
123.269014856803,169.996843567605,176.88937352413,133.462509176626,110.827163833353,5.28462222331488,17.7838178065343
123.316191709227,169.97558981132,176.679429200398,133.330108946975,110.67453973561,5.30778621202071,17.7609870819535
123.214954724542,169.767441802872,176.418360087397,133.203380713191,110.426035420494,5.32961103841378,17.7200118633556
123.194985801686,169.722023409027,176.38699432371,133.201232878171,110.37982980905,5.33454372518432,17.7126232782607
123.1947168588,169.528305306051,176.45015400895,133.440847980823,110.164750439681,5.38033241158532,17.6865142694835
123.2490745845,169.540179883453,176.565364663624,133.56908447867,110.141408590243,5.39718085442122,17.6907954597266
123.386581954979,169.601771262911,176.848321415249,133.84700757763,110.094969998164,5.43672050396903,17.7057920663188
123.439016521805,169.633591430011,176.953976866494,133.940710601771,110.080592302699,5.45098393328136,17.7126111276075
123.226856879826,169.542587180105,177.496954717494,133.94395291161,109.092022649048,5.64475718276849,17.729771480182
123.221659277056,169.54822430001,177.512237196373,133.937345540193,109.060720814336,5.65155638723049,17.7315032521337
123.217471383971,169.553775598192,177.521397508355,133.93104885916,109.037439010222,5.65645201503061,17.7331126882795
123.214816970974,169.557294178477,177.52720359048,133.927057832734,109.0226823003,5.65955501164479,17.7341327974698
122.989426273907,169.49931288138,177.517561473261,133.699923788312,108.545180553988,5.72582401921034,17.7409083608653
122.595842124085,169.308447685275,177.352499945758,133.373439573197,107.978273258299,5.76940551524763,17.7359305259378
122.504896610391,169.281659707363,177.331183844361,133.315620291586,107.845932086657,5.77728348832832,17.7403563285797
122.073100600748,169.281641085576,177.379234617135,133.171465152388,107.202093911546,5.80030774919932,17.7981725435586
121.327401402774,169.216861640054,177.523043528281,133.159493666122,106.472357083447,5.74559386748199,17.8495998819677
121.227633092255,169.236604819486,177.605175964476,133.237468694596,106.416310629555,5.72702632819488,17.8517612881501
121.123240300481,169.264694675944,177.711376683289,133.347978604441,106.368529587572,5.70406880861254,17.8513948981848
121.058391069498,169.303165326613,177.834660752356,133.498433582623,106.369576101954,5.67982430080015,17.8437336893983
121.040416264073,169.313828559621,177.868832432111,133.540136451216,106.369866173125,5.67310424716271,17.8416101678828
121.016688783456,169.342597648748,178.024456691767,133.791306047269,106.437911065544,5.63850196313567,17.8106593432516
120.988888035704,169.313494308481,178.031074929196,133.832133023746,106.437447737384,5.62866427503454,17.7959256516683
120.691197844637,168.770180012834,177.757614631452,133.917585368609,106.30742642145,5.553615729171,17.6295074147982
120.687979715398,167.517492459931,176.807975901761,133.694168157675,105.970945328519,5.45614152217749,17.3591485880968
120.752232832184,163.441904331704,172.89073163198,130.877275360823,103.397091142373,5.30577055419886,16.9816539163737
120.569046279678,161.025503420298,170.616127483146,129.111240205686,101.831829055095,5.25812550627315,16.8294417334336
120.519334268441,160.816199000384,170.433992797416,128.982927425327,101.722475259262,5.25445011014489,16.8131368905896
120.507249559372,160.765318278429,170.389716884338,128.951735313363,101.695891969321,5.25355664211133,16.8091732754131
120.223563771072,159.779647257351,169.589943770556,128.474135173161,101.322597525681,5.23660495039545,16.7271825960221
119.369246187742,157.848690863238,168.244126234137,128.080003549062,101.246023169738,5.20009961272501,16.5640066699093
118.985450179214,157.262064566827,167.833602315171,127.960180127035,101.239962155959,5.18668589425165,16.5144645960575
118.650857061863,156.760666037062,167.482186817004,127.869743615552,101.256975520448,5.17553147581335,16.4762310557945
118.046602497655,155.874428075893,166.858415373038,127.734977004185,101.335463945299,5.15674824468555,16.4182779280012
117.372293160633,154.882875023213,166.137702722041,127.60407450114,101.488260601313,5.14036843127212,16.3749668199755
117.036503704932,154.370932654892,165.744906913433,127.533012961796,101.587669613209,5.13620803714487,16.3648976896527
115.231664011297,151.594639207321,163.409059050457,126.828166143801,101.861730047818,5.14758417753564,16.3417562862754
115.006961790265,151.245287542377,163.091588559702,126.697605181429,101.858084247785,5.1538308440478,16.340064476634
114.385841550164,150.251887811111,162.178732216099,126.319170899945,101.8500808846,5.17693452600815,16.3372309639851
114.080410160782,149.746606169624,161.708466826013,126.122460602704,101.847401099325,5.1918291587589,16.3369533515403
111.033776876719,144.711045171269,156.944524028623,123.869302319242,101.438561411899,5.401338757547,16.1581267528646
110.646690661369,144.039802761999,156.281819215839,123.564452281578,101.407935658206,5.43892068032731,16.1191942899824
110.469999479269,143.723010358256,155.968323500524,123.424352995191,101.402540592019,5.45752761161126,16.1011897382446
110.460465032704,143.704547195807,155.949959165729,123.416668513183,101.403379898493,5.45872287940119,16.1001874772409
110.165283544875,143.132937325765,155.381408948264,123.178760962199,101.429364388747,5.49572774614183,16.0691579998337
109.331827501632,141.660273342393,153.986474894279,122.533627876763,101.420749358196,5.56947072262384,15.9696375705568
108.373997981026,139.387297124716,152.144107620747,121.956367175721,102.060542950876,5.69294711511494,15.8320453486663
108.268439045981,139.033286220319,151.903357589715,121.924173159029,102.243906389092,5.71292303548729,15.8128685258618
108.121358726525,138.311125894503,151.493028247455,121.948119986101,102.741252254973,5.75376110862536,15.7766692927776
108.119658160118,138.302776160188,151.488283953333,121.948396863183,102.747002648195,5.75423328502226,15.7762507513986
107.783900562631,137.262923837866,150.900530764578,121.87167127328,103.252380595702,5.79397598409526,15.7068507007404
107.410707486319,135.70436752378,150.063945930727,121.79372599922,104.120303630074,5.86743157877725,15.608386664391
107.358851044034,134.639340652575,149.314371829735,121.602915694697,104.706659024736,5.96275480285596,15.5569154986333
107.396253712846,134.398713051317,149.064699718215,121.493099276554,104.803987353626,5.9983201197525,15.5490855717671
107.399720170818,134.345024868805,149.003840431416,121.461223755063,104.814968159398,6.0060085050673,15.546792216224
107.286329634292,133.656100668853,147.836392750661,120.587616638817,104.370357469399,6.11454059786959,15.492278247118
107.284634827691,133.612743967593,147.733334280764,120.504526266749,104.316058170506,6.12451843880922,15.4882660650651
107.286371301187,133.530718623592,147.517818934682,120.32807912769,104.194904773979,6.14561430345755,15.4800594217948
107.743161843877,133.464964896702,145.816806843352,118.7459977827,102.670930182825,6.33173447287956,15.4123350443693
107.880153632844,133.43594424538,145.304163721101,118.21612019508,102.047446759362,6.38039433344446,15.3664233413896
107.95910571019,133.364333547995,144.90174039601,117.779029430026,101.505725993093,6.4148925038392,15.3178259331111
108.222760912661,133.292856538653,144.446354244121,117.184954523739,100.66890787289,6.47149225914372,15.2397504705798
108.438914924412,133.274519188077,144.30425089229,116.925585084211,100.256143068656,6.50467627961691,15.2035872240553
108.528099984996,133.274392717955,144.290826866711,116.863426384125,100.143458232267,6.51623073295674,15.195571374952
108.986636695863,133.284912716091,144.29457186789,116.616820729278,99.6691200806211,6.57347049854912,15.1703788576904
109.402253767126,133.198995629205,144.336571468024,116.370869931824,99.2303911882557,6.63356250157991,15.1592792628423
109.501207220899,133.13384279376,144.332588030984,116.272623577417,99.0786777358991,6.6522142802642,15.1549158304795
109.866637151629,132.984906453417,144.411086439293,116.048203034503,98.7222181850196,6.71314071053904,15.1695727711054
111.530257137012,132.672507700236,145.161799728211,116.003307350362,98.5583769798558,6.85516831348937,15.4567340406243
112.167321321346,132.480547986217,145.478829688731,116.417575305007,98.9482417294128,6.71853480560387,15.6532963551661
112.332031360601,132.447393827929,145.535425536973,116.521792003791,99.0230645372227,6.66754148007071,15.706897422159
112.341678322768,132.415680108027,145.523024915002,116.521625725644,99.0160739802785,6.65531953460878,15.7152287788563
112.507771196585,132.157365698367,145.430804688366,116.546716955107,98.9626735029637,6.53800257402865,15.8068982273584
112.638817544689,132.105543842392,145.428256569574,116.593415720519,98.9770534263232,6.49699738197303,15.8503869814363
114.115979108546,131.661922414378,145.65178372556,117.963551509107,100.519917697181,6.1803029063182,16.222248335298
114.515087232349,131.580559577175,145.844214857679,118.680976653516,101.431613272404,6.0921305822205,16.3156425777416
114.795297721498,131.335819129037,145.983610201969,119.486558065502,102.476865885796,5.96886976889295,16.4255725938989
114.909115310837,131.128702821977,146.056814390611,119.935264364117,103.000099181626,5.88317163894555,16.5113681068133
114.939042812554,131.10414149545,146.079316831133,120.012203885744,103.080149183489,5.86944797498888,16.5286548707076
114.947835291617,131.096925559042,146.085927882033,120.034808149187,103.103667283062,5.86541606383418,16.5337335943191
115.719402631829,130.93077581365,146.637374931309,120.794498521555,103.566560433328,5.74649332939095,16.8959388671652
115.775122099137,130.943635648688,146.670084201942,120.792441699102,103.556522023596,5.74970822582,16.9186459492165
116.066962603794,131.147297639231,146.784825276849,120.664391751144,103.544533589367,5.79554223817515,17.0159785173942
116.103822715504,131.22647027904,146.501175514914,120.003891688338,103.297499722486,5.88629074880547,17.0949689517327
116.076423210681,131.225649655507,146.380549320363,119.799729756789,103.217580564062,5.91073966854802,17.1074976579006
116.002239941005,131.262342715018,145.731042679582,118.807413270023,102.848451873822,6.03959371821477,17.1693427599015
116.0248707078,131.307120037036,145.2716751918,118.188494852935,102.62220925859,6.13031138340297,17.2132927684707
116.036728766882,131.317551767389,145.170327692662,118.058468464879,102.57437039656,6.15040466225775,17.223232877771
115.968677311136,131.220080343047,144.684527890251,117.504140543831,102.308841615879,6.22083099313044,17.2434074744273
115.917613682132,131.151974176581,144.462866629281,117.26225857195,102.181882238265,6.24881668106578,17.2482105083022
116.121653201578,130.780480280551,142.750151238397,115.569936515319,101.428632461092,6.53274964405926,17.352296145913
116.358828307518,130.763205146017,142.404915267349,115.253860220561,101.381730680913,6.61292820241078,17.3919473273934
116.841202504135,130.437427957711,141.311152648091,114.271619020629,101.292286896416,6.80863632921709,17.4317611278313
117.008741587114,130.415640514604,141.126822940029,114.109304909432,101.329422513636,6.84597046405007,17.4373068179697
118.571609858652,129.89465626792,137.518980520406,109.998648693036,100.041401052471,7.27284376259268,17.318864599503
118.571924393927,129.899316353962,137.513609476231,109.986156985223,100.035052962874,7.27379767134778,17.3188425737778
118.572817027346,129.912541415993,137.498366755012,109.950706221181,100.017037441715,7.27650481073203,17.318780066009
118.585494118173,130.085862444452,137.339821912766,109.552080637724,99.8172989924213,7.30820481706875,17.3195438865756
118.594448217615,130.181046806892,137.336652279209,109.467453537337,99.7816250312585,7.31792291950676,17.3231855695193
118.663722295281,130.835868784084,137.460807650589,109.134210253267,99.6798213427893,7.37122916337595,17.3519750865357
118.556823412166,132.954156047457,138.625199200891,109.426727569484,100.153041513346,7.45197847650147,17.4101462167639
118.509108249015,133.423693357958,138.951101886762,109.634739105508,100.362971420581,7.45642870634215,17.4153447268175
118.492865051898,133.76492338688,139.199988574225,109.813441591999,100.540679666238,7.4568662560259,17.4195694904559
118.485241259412,133.925080707591,139.316804275207,109.897316131211,100.62408755558,7.45707162126075,17.4215523957328
118.491960677798,134.188668921207,139.515702322484,110.050444197646,100.778523009421,7.45470642867108,17.4254987927991
118.499135268558,134.300483392164,139.601565823249,110.118787365972,100.847886574899,7.4530964105979,17.4273261326232
118.53481732432,134.856580641656,140.028598712629,110.458684765673,101.192858810127,7.44508915881325,17.4364142107708
120.390541160778,140.136355720909,143.905128223447,113.028346370454,103.823084149717,7.09931854193784,17.4968722291684
120.605939690122,140.482662837553,144.129637989878,113.108204487699,103.841588546535,7.07037750193938,17.4962418947527
123.037814294507,143.779092249955,146.420821543612,114.159677824482,104.100202340665,6.88563857804177,17.539994488178
126.873982931726,149.357500426065,150.433695146849,116.269566194598,105.429144912616,6.54309498430221,17.6020037232765
129.934253739398,153.91545603636,153.917176491723,118.222033799087,106.623860291167,6.1990788855759,17.6917697134563
131.206205490166,156.18842375771,155.715342006636,119.167689140899,107.001635388726,6.03416274459826,17.7553028713364
132.240973479629,158.365268874963,157.059646176928,119.755029881477,107.020359275904,5.92507040876162,17.8438738533408
132.642896357439,159.375418317936,157.548398950501,119.905267950573,106.874815740712,5.8818941671304,17.8834168274898
132.860012666763,160.251694174784,157.875782037683,119.911146369559,106.558698341555,5.83604164041273,17.9020113279955
132.940420847625,160.572642350614,157.99809851767,119.921399942027,106.446533596947,5.82007025982189,17.9098713561766
133.243399813364,161.66972405732,158.519988106704,120.089965922552,106.186250142526,5.76572548548585,17.9457912492786
133.630250404944,162.789416965939,159.426625827455,120.69121827154,106.353418530371,5.70194136948625,18.0081937093903
133.626948972572,163.419610123461,160.91939739349,121.982659009758,107.281165961311,5.58479403488203,18.0683709937418
133.407060971698,163.680329433213,164.984982459346,127.213146668003,113.40524030623,5.36509561843993,18.5029496683565
133.114413733559,163.584927654254,165.180931670586,128.045741680782,114.655538124476,5.34647106006625,18.5456874955972
132.832629673957,163.51846349574,165.569882756734,129.523903429035,116.731705033583,5.32962122233018,18.6171505357364
132.824914058684,163.522023277778,165.608684253479,129.644912938651,116.893027649643,5.32887480322695,18.6240491622266
132.83282158799,163.558788006532,165.770903223156,130.092352434697,117.468623631973,5.32727947755784,18.6536156616004
132.759883432546,163.530255690863,165.979820236994,130.79177252619,118.368487523314,5.32156712436679,18.6945622775034
132.596230695079,163.399940896115,166.223994856012,131.723413723413,119.55894005009,5.31197298642539,18.7503433159498
132.735895769893,163.518164644427,166.750802502581,132.877018292401,121.011881263465,5.31135801600291,18.8500849695708
132.745851391838,163.527018866053,166.773503466486,132.916965231266,121.062935549803,5.31147137505452,18.8538252898369
132.762144540767,163.541509487776,166.810655357929,132.982341500856,121.146489856645,5.31165689595121,18.8599466145995
132.703971156914,163.482843712579,167.543630403511,134.404996355443,123.171762852351,5.30638519581255,18.9599537675675
132.780909565247,163.559975229003,167.99063418139,135.116490528337,124.169012039286,5.3180422599224,19.0360533832804
132.689733783941,163.565229738459,168.621188331862,136.318384444567,125.750476485639,5.38989113801202,19.3095566143338
132.732338744955,163.635799764864,168.732503807073,136.510940619007,125.956697489072,5.4117300158051,19.3804606474753
132.742246102275,163.65026606851,168.751890258734,136.541274676543,125.988593458817,5.41506383776614,19.3910504616023
132.808567081623,163.743626104381,168.87003510974,136.718487365851,126.173370315148,5.43425872219549,19.4513845148489
132.749302546587,163.737780697902,168.925963756864,136.861892301752,126.332880931436,5.45579802350444,19.5116215445007
132.734823186609,163.730222398145,168.926866767627,136.873084553491,126.346201377615,5.45800317142444,19.5173186915702
132.630957330784,163.690309999311,168.9745955194,137.014454324009,126.515889602557,5.47990546480533,19.5697208262409
132.561055292389,163.722330922242,169.176786344862,137.36946824459,126.936331516743,5.52107617348502,19.6599922735271
132.570514430813,163.758248020726,169.264514361698,137.49914036286,127.085734527675,5.53381353388477,19.6871886008356
132.586181047536,163.807272824851,169.379549029446,137.667423256055,127.278515420217,5.550165286377,19.7222970422879
132.598709031391,163.829492333877,169.422410601363,137.726533567144,127.34393556077,5.55553966221314,19.7342441984256
132.576895860697,163.897271733425,169.684295758544,138.133136732985,127.794635891015,5.59660432838724,19.8207658857825
132.430629405505,163.836787289309,169.819949258205,138.408432498853,128.073300013384,5.62928142108234,19.8947280029912
132.423623630971,163.865405256682,169.93630232214,138.591191831826,128.224832730273,5.6457194888896,19.9533178307229
132.495320975803,163.962545553125,170.101611398277,138.811904682554,128.3842183838,5.65793713504427,20.0304192817555
132.546352291428,164.038239363788,170.277994802713,139.063815379443,128.412634251833,5.60694503171777,20.1802410779465
132.563467042047,164.054433287404,170.300779731211,139.094943357662,128.422741187967,5.59142032887551,20.1924462053856
132.566483430128,164.057283684267,170.30471208958,139.100277977709,128.424594978692,5.58880628732529,20.1944846988434
132.567548834688,164.058290459833,170.306101019793,139.10216219432,128.425249747587,5.58788299373219,20.1952047057419
132.590266029648,164.079760328503,170.335702503275,139.142312703482,128.439253493363,5.56823378861524,20.2105255879403
132.771694220835,164.28066122223,170.631951910206,139.596987141799,128.841122207207,5.44162156429339,20.267361656074
132.696050464889,164.243912610048,170.706276371941,139.818548037496,129.047881284399,5.36582030466164,20.2677486807199
132.821859646164,164.422391970115,171.047117185433,140.369331617596,129.530187812892,5.26559076647574,20.3084050130025
132.840704513838,164.444283838139,171.080065710155,140.415082334206,129.568842412591,5.25921952318724,20.3132022733919
132.886021638643,164.497473018601,171.161916282246,140.529617502903,129.665226853801,5.24288736840225,20.3250996987393
132.873846078106,164.488088468948,171.163498602612,140.539515555605,129.670218469712,5.23817164842038,20.325156165355
132.715629693634,164.375262030198,171.258374217998,140.775783454484,129.811717110752,5.15302687017782,20.3402544975138
132.941547892456,164.729264806001,172.264579517298,142.241340955043,131.378683840238,5.07274013935511,20.5567336538097
132.949353867888,164.738853952995,172.280516722015,142.262574955239,131.399707791182,5.07129923459409,20.5600868646112
132.963565109244,164.756311563967,172.309531348665,142.301232712287,131.437983141105,5.0686759819961,20.5661915838022
132.848735170537,164.719193074521,172.614587368263,142.827372361739,131.902811434974,4.95783103246837,20.6508443488264
132.854025674214,164.730080845842,172.702040067881,142.950269099817,132.002436088616,4.9291668007347,20.6748575407267
133.062485862868,164.916696142119,173.083011053093,143.397904814275,132.412024061554,4.88662023183838,20.7721780621918
133.101117513535,164.950213625556,173.139638424629,143.460998565202,132.472875516632,4.88474858863405,20.7864707023108
133.06503765644,164.905872587194,173.153994378962,143.490716803396,132.507403171419,4.88956895616522,20.8001982486827
133.026281341084,164.853392250485,173.18679932386,143.543587866856,132.569676564759,4.90582695402875,20.8241888812383
133.031371679668,164.840774267636,173.258646745258,143.628273521547,132.668797678767,4.95109084874036,20.8612339433101
133.201343619979,165.111762855229,173.73171292105,144.043704143637,132.968403439329,5.56233866594985,21.139177050739
133.243290610695,165.25379744949,173.904482753167,144.230952075165,133.133735578741,5.78748378892098,21.2385723860888
133.277536429132,165.31367309709,173.974550516941,144.314521801879,133.228919439151,5.84499552267925,21.2685026791548
133.325320628781,165.426263636583,174.128125806991,144.521676992882,133.496096376016,5.98595930455132,21.3400413014621
133.237133559108,165.494545725518,174.498862129411,145.254015238623,134.744583945315,6.42222003869698,21.5654145434681
133.262581276925,165.523044011805,174.544878386654,145.32235661088,134.846976724323,6.44748313926424,21.5840455097083
133.357956115586,165.628669808478,174.739182293711,145.62360942784,135.301654626859,6.57079242048285,21.6756158633436
133.316678716221,165.592784029358,174.73847658835,145.658054478097,135.378479751463,6.60776733645761,21.6962188054747
133.320251823194,165.675550301579,174.934590910046,146.12370863531,136.080582783526,7.01269134915388,21.9829078079008
133.162895002208,165.574760909633,174.995640901177,146.404023035715,136.768082359366,7.41985269819536,22.156162370565
133.264917113396,165.680408593462,175.12927105477,146.500030955892,136.828292295622,7.55092345734318,22.213217213018
133.191194644123,165.643925070704,175.069614300531,146.405784364171,136.674622868843,7.62762413512396,22.2315816424867
133.157101065494,165.621618302685,175.039261381173,146.364984178968,136.620067267063,7.64723711244547,22.2348557270343
133.134253777504,165.607410430487,175.018793845651,146.335981177753,136.580745348076,7.66262892283633,22.2379736999758
133.134126049209,165.607735451338,175.018610075279,146.334911815224,136.579017116409,7.66394278051101,22.2384956363918
133.190487290018,165.684353440475,175.064496273629,146.302073983117,136.500581316738,7.77046737447058,22.2890721307868
133.286807170656,165.663308498429,175.199452852089,146.051043729378,136.150165187003,8.24899512604922,22.3709402233784
133.221014805614,165.580705509103,175.13822813417,145.908101329797,136.011868634554,8.54597133659245,22.3086375774754
133.224121365603,165.587461751826,175.140334534442,145.905906419592,136.001518563087,8.63127458974369,22.2974207060738
133.353337665222,165.698204873063,175.288914961058,146.020398976142,135.999600681456,8.8633918009395,22.3572172623569
133.337771527942,165.681262094311,175.279675016399,146.008667569213,135.978395525393,8.87430435108284,22.3598209005477
133.230714614669,165.536845760646,175.25172110742,145.92587991879,135.745431087036,9.02194679815623,22.4355807614958
133.245518345393,165.529500604587,175.290748833591,145.936141660932,135.691852560082,9.08365832561989,22.4846367246005
133.271559889821,165.544511659403,175.323564460326,145.956018170889,135.685395404275,9.11278968087391,22.5115054490554
133.315049968845,165.571313659119,175.376117974183,145.989537814711,135.680253586827,9.15738127438139,22.5530144538401
133.392078287398,165.631646347501,175.452505638336,146.051321169823,135.713015051066,9.20624157403084,22.6015805478116
133.262388662846,165.47796384034,175.331709263629,145.981602723896,135.656260801992,9.39475958970028,22.7099983839043
133.363673312618,165.462137876879,175.341110563847,146.143960340493,135.959561107324,9.61595343861888,22.83086192202
133.619998702692,165.573189924295,175.562694935792,146.291412747931,136.060154712853,9.71124952935469,22.9427557501018
133.519057837659,165.43298313954,175.459357082845,146.15637396529,135.908920853777,9.739048898852,22.9659754692628
133.677214481496,165.537990244667,175.433259604172,146.139785046652,135.890411033288,9.84482091630013,23.1265229064615
133.653155554888,165.501324225767,175.338967789966,146.077354755629,135.821821107898,9.89257874424406,23.1820254657448
133.56804005216,165.387920608895,175.166279784993,145.947678973581,135.662880008629,9.97349389372624,23.2557645937132
133.578368380514,165.381675002538,175.146838725475,145.933765880108,135.630546403321,10.0078157877369,23.2856864993128
133.7036936736,165.300618858259,175.102300110616,145.746524079941,135.200079888959,10.4393887579385,23.5852038336132
133.789177941694,165.283611868667,175.006781540788,145.537323755503,134.952213126889,10.9807704309691,24.3289253718076
133.954866982489,165.385843436329,175.038965701564,145.603590293606,135.040744278077,11.2066348410844,24.9227477078354
NaN,NaN,NaN,NaN,NaN,NaN,NaN
NaN,NaN,NaN,NaN,NaN,NaN,NaN
NaN,NaN,NaN,NaN,NaN,NaN,NaN
NaN,NaN,NaN,NaN,NaN,NaN,NaN
NaN,NaN,NaN,NaN,NaN,NaN,NaN
NaN,NaN,NaN,NaN,NaN,NaN,NaN
NaN,NaN,NaN,NaN,NaN,NaN,NaN
NaN,NaN,NaN,NaN,NaN,NaN,NaN
NaN,NaN,NaN,NaN,NaN,NaN,NaN
NaN,NaN,NaN,NaN,NaN,NaN,NaN
NaN,NaN,NaN,NaN,NaN,NaN,NaN
NaN,NaN,NaN,NaN,NaN,NaN,NaN
NaN,NaN,NaN,NaN,NaN,NaN,NaN
NaN,NaN,NaN,NaN,NaN,NaN,NaN
NaN,NaN,NaN,NaN,NaN,NaN,NaN
NaN,NaN,NaN,NaN,NaN,NaN,NaN
NaN,NaN,NaN,NaN,NaN,NaN,NaN
NaN,NaN,NaN,NaN,NaN,NaN,NaN
NaN,NaN,NaN,NaN,NaN,NaN,NaN
NaN,NaN,NaN,NaN,NaN,NaN,NaN
NaN,NaN,NaN,NaN,NaN,NaN,NaN
NaN,NaN,NaN,NaN,NaN,NaN,NaN
NaN,NaN,NaN,NaN,NaN,NaN,NaN
NaN,NaN,NaN,NaN,NaN,NaN,NaN
NaN,NaN,NaN,NaN,NaN,NaN,NaN
NaN,NaN,NaN,NaN,NaN,NaN,NaN
NaN,NaN,NaN,NaN,NaN,NaN,NaN
NaN,NaN,NaN,NaN,NaN,NaN,NaN
NaN,NaN,NaN,NaN,NaN,NaN,NaN
NaN,NaN,NaN,NaN,NaN,NaN,NaN
NaN,NaN,NaN,NaN,NaN,NaN,NaN
NaN,NaN,NaN,NaN,NaN,NaN,NaN
NaN,NaN,NaN,NaN,NaN,NaN,NaN
NaN,NaN,NaN,NaN,NaN,NaN,NaN
NaN,NaN,NaN,NaN,NaN,NaN,NaN
NaN,NaN,NaN,NaN,NaN,NaN,NaN
NaN,NaN,NaN,NaN,NaN,NaN,NaN
NaN,NaN,NaN,NaN,NaN,NaN,NaN
NaN,NaN,NaN,NaN,NaN,NaN,NaN
NaN,NaN,NaN,NaN,NaN,NaN,NaN
NaN,NaN,NaN,NaN,NaN,NaN,NaN
NaN,NaN,NaN,NaN,NaN,NaN,NaN
NaN,NaN,NaN,NaN,NaN,NaN,NaN
NaN,NaN,NaN,NaN,NaN,NaN,NaN
NaN,NaN,NaN,NaN,NaN,NaN,NaN
NaN,NaN,NaN,NaN,NaN,NaN,NaN
NaN,NaN,NaN,NaN,NaN,NaN,NaN
NaN,NaN,NaN,NaN,NaN,NaN,NaN
NaN,NaN,NaN,NaN,NaN,NaN,NaN
NaN,NaN,NaN,NaN,NaN,NaN,NaN
NaN,NaN,NaN,NaN,NaN,NaN,NaN
NaN,NaN,NaN,NaN,NaN,NaN,NaN
NaN,NaN,NaN,NaN,NaN,NaN,NaN
NaN,NaN,NaN,NaN,NaN,NaN,NaN
NaN,NaN,NaN,NaN,NaN,NaN,NaN
NaN,NaN,NaN,NaN,NaN,NaN,NaN
NaN,NaN,NaN,NaN,NaN,NaN,NaN
NaN,NaN,NaN,NaN,NaN,NaN,NaN
NaN,NaN,NaN,NaN,NaN,NaN,NaN
NaN,NaN,NaN,NaN,NaN,NaN,NaN
NaN,NaN,NaN,NaN,NaN,NaN,NaN
NaN,NaN,NaN,NaN,NaN,NaN,NaN
NaN,NaN,NaN,NaN,NaN,NaN,NaN
NaN,NaN,NaN,NaN,NaN,NaN,NaN
NaN,NaN,NaN,NaN,NaN,NaN,NaN
NaN,NaN,NaN,NaN,NaN,NaN,NaN
NaN,NaN,NaN,NaN,NaN,NaN,NaN
NaN,NaN,NaN,NaN,NaN,NaN,NaN
NaN,NaN,NaN,NaN,NaN,NaN,NaN
NaN,NaN,NaN,NaN,NaN,NaN,NaN
NaN,NaN,NaN,NaN,NaN,NaN,NaN
NaN,NaN,NaN,NaN,NaN,NaN,NaN
NaN,NaN,NaN,NaN,NaN,NaN,NaN
NaN,NaN,NaN,NaN,NaN,NaN,NaN
NaN,NaN,NaN,NaN,NaN,NaN,NaN
NaN,NaN,NaN,NaN,NaN,NaN,NaN
NaN,NaN,NaN,NaN,NaN,NaN,NaN
NaN,NaN,NaN,NaN,NaN,NaN,NaN
NaN,NaN,NaN,NaN,NaN,NaN,NaN
NaN,NaN,NaN,NaN,NaN,NaN,NaN
NaN,NaN,NaN,NaN,NaN,NaN,NaN
NaN,NaN,NaN,NaN,NaN,NaN,NaN
NaN,NaN,NaN,NaN,NaN,NaN,NaN
NaN,NaN,NaN,NaN,NaN,NaN,NaN
NaN,NaN,NaN,NaN,NaN,NaN,NaN
NaN,NaN,NaN,NaN,NaN,NaN,NaN
NaN,NaN,NaN,NaN,NaN,NaN,NaN
NaN,NaN,NaN,NaN,NaN,NaN,NaN
