82.5175997469001,111.707157173556,130.685634701397,110.046965528399,95.6778990857207,4.55437689153807,21.9964510834762
89.8628568112903,119.143714037753,137.957882251837,116.997094201314,102.069061342791,4.83947887689727,23.7416266290762
93.7001514656988,123.030433747448,141.759417904505,120.629739637942,105.406974676439,4.98881993113288,24.6586169260686
96.2292597766029,125.653851030084,144.350053851973,123.087292314761,107.573194740538,5.10148689936041,25.4515494271676
96.7337578725841,126.177161565401,144.866825275815,123.577516731361,108.005305098605,5.1239613306474,25.6097209595299
91.3902193380022,121.118612499612,140.055104847866,118.87212026942,103.134133277439,4.99824476781364,25.4205919388254
91.0136976395726,120.75000405069,139.699336866464,118.52815277181,102.797903198608,4.98655939138713,25.3698902394309
90.0567108535789,119.813129983951,138.795098788017,117.653907405879,101.943323651567,4.95685924163167,25.2410242097961
84.9755851874029,114.818213674095,133.962705908629,112.984510754096,97.4077549035406,4.79368640246114,24.4868295887663
73.6841126874768,103.787092335517,123.278478092633,102.591361338429,87.2185272375618,4.43048623212666,22.8322621736291
75.0290508451635,105.255300090529,124.715649507464,103.871632221144,88.2732551104601,4.48485158791654,23.2397052805557
78.0686641361904,108.398578399005,127.782506736572,106.723528869162,90.8547949331659,4.59473370713675,23.9244587846809
86.534045543681,117.166654370287,136.359140401606,114.687339809442,98.1126768252559,4.89515256898536,25.8073005193746
87.2358606050286,117.924688881276,137.109195047749,115.360565329414,98.7029305243864,4.92033207361025,25.9938293505146
88.4034676206926,119.209464698391,138.386446098422,116.490071582278,99.6723323808617,4.96271156061885,26.3313521880909
88.3995549564165,119.207555320626,138.385141691472,116.487242005716,99.6677544646782,4.96262295406883,26.3330340506571
88.2369559934985,119.128207126513,138.330934327273,116.369653022345,99.47750956472,4.95894072320947,26.4029273739117
84.8131155141491,115.846943723263,135.186017532061,113.247513273477,96.2911892662318,4.85104312994222,26.0828471797852
81.7121718174583,112.733294471282,132.14999102355,110.353307118362,93.3800545896362,4.75780759051743,25.7664307009916
81.0541063866359,112.026868968062,131.43834593317,109.711369489404,92.7030270655235,4.74270638290558,25.7662864546261
80.8570605725551,111.747462774699,131.121895607231,109.474715605027,92.3983923570073,4.74542842481278,25.8917896742951
81.6690712360503,112.440804921644,131.72646206731,110.147956499806,92.9645412104019,4.78222987397006,26.2316641545321
82.3150263173863,113.026185125627,132.258544345289,110.705284356179,93.4654272907437,4.80774072627773,26.4412374863961
82.8394979315108,113.514457963992,132.70950375682,111.165232707623,93.8932238874618,4.8260710498086,26.5919124038668
83.2660047369845,113.912904776782,133.078239142667,111.540057191479,94.2433527894559,4.84072473920639,26.7123762576064
84.1381687664627,114.727688909921,133.832266360533,112.306536009617,94.9593315970174,4.87069007769076,26.9587128663912
85.3811939081475,115.895537868496,134.912125593503,113.39880340318,96.0024641531681,4.90668937780135,27.3165903668826
85.5639936340035,116.067345123677,135.070979718156,113.559431370641,96.1560841310661,4.91191947945244,27.3692847487258
85.5674415503779,116.0705857032,135.073975979419,113.562461089622,96.1589816673439,4.91201812814045,27.3702786551507
86.1345946486185,116.599451833073,135.561026598229,114.056744436094,96.6477369319493,4.92140231574492,27.5599912351912
86.3181790363532,116.728022779817,135.679323322532,114.196956793706,96.8657066710392,4.88229823250424,27.8086247873469
85.8596384796603,116.265982655845,135.261457891559,113.787976503292,96.5136131744097,4.84339291763912,27.7972682653485
85.8422415433049,116.248618659446,135.246246928342,113.772926561167,96.5001169770877,4.84208648450097,27.7959926224515
85.4058556139327,115.813058998167,134.864694097157,113.395412793981,96.161577449722,4.80931582721367,27.7639943096569
84.2599245598329,114.670955524902,133.89690314627,112.434048861009,95.2853879033739,4.72236056301953,27.6786346151029
84.1173766449036,114.526421111786,133.80213423234,112.337026970871,95.1956379288872,4.70652898796423,27.6835029786688
83.9618492913242,114.368406179007,133.701666477118,112.233752839395,95.1000171376969,4.68863721522296,27.6907573468066
83.9377968358907,114.343969017048,133.686129041745,112.217781395224,95.0852292899924,4.68587023528933,27.6918792418451
83.9777268045963,114.377447870252,133.77213502616,112.297852547212,95.1632918244002,4.6766615612092,27.7350819820026
84.0460075389613,114.440227505262,133.872237890287,112.392998280531,95.2550368893288,4.67168103324545,27.7738060172693
86.2667332502507,116.605815789059,136.161364192129,114.645519878469,97.6620486784394,4.74831875815171,28.3782152881316
86.3728626437564,116.709617667454,136.257042127607,114.750481072603,98.0140044401534,4.78121298442813,28.4457139859449
86.2332572179308,116.55999335647,136.110478950821,114.611336343728,98.0672618077273,4.79831191294829,28.4533813330721
86.1665661771975,116.483111965327,136.038403380077,114.542659190944,98.0910805357206,4.80629262488398,28.4585765031551
86.133136577983,116.443057301681,136.001696249193,114.507614721953,98.1025643572267,4.81024037089739,28.4616108029957
85.9845144153945,116.257183878524,135.83640781327,114.351609937095,98.1552104632729,4.82759040826946,28.4768744917597
85.9065038738797,115.990634589424,135.655296145888,114.219015486882,98.4663444725154,4.86474463759028,28.566940512242
86.3313525995274,116.131416218328,135.849881707047,114.501390701751,99.0169948534018,4.88520156275094,28.7067482542319
86.3488164807144,116.138374477322,135.858147827065,114.513075170575,99.0365132554708,4.8856960052852,28.7115729479579
86.6728666539343,116.258296001864,135.987494882797,114.712141087846,99.3550543185053,4.889035095413,28.7886735024675
86.7992903877141,116.303643852205,136.034198226506,114.787028191204,99.4725035965734,4.88942496636223,28.8168098135145
87.0049650375511,116.338249634877,136.06751812789,114.881674660061,99.6483417860204,4.88633574665704,28.8591140077627
87.4072197723758,116.24237224366,135.952618826009,114.945869926648,99.9237238521656,4.86569704645713,28.929560049031
88.1247912446249,115.424070925687,135.035342780538,114.498745308011,100.092006506159,4.78756489435428,29.0511861817853
88.1286060333573,115.419909193428,135.030666893048,114.496095174416,100.092606612544,4.78723078592402,29.0520571980886
89.5892284114624,114.356553348843,133.696097750434,113.770273648662,100.496341817308,4.69522005757936,29.4331714096778
89.6916700235931,114.378755593195,133.68338297965,113.781225481111,100.549759624929,4.69248166534193,29.4518095653982
89.7454471974932,114.389672695571,133.675299696745,113.785894679039,100.577177570141,4.69097253651208,29.4614050027865
89.8010396072315,114.366953770903,133.602045249399,113.740962348002,100.57677317083,4.68611376654809,29.4626283832197
89.8408422785371,114.35068763142,133.54959703384,113.708792006553,100.576483631791,4.68263501783515,29.4635042907312
89.8444460824393,114.349214866527,133.544848280108,113.705879247227,100.576457416417,4.682320045805,29.4635835969386
89.998419031027,114.316949753706,133.389734846436,113.608134502612,100.571794056328,4.67412617697485,29.4592209362035
90.1016511968612,114.301294683931,133.312344172066,113.556418427261,100.570100991379,4.67172261853412,29.4550504462423
90.6447393204357,114.197464517828,133.066283534105,113.373822762884,100.617757168136,4.67397640351304,29.4351809343088
90.7463776682847,114.174213485977,133.043219156647,113.354975935393,100.6416985214,4.67548298591841,29.4306248079396
91.0661245833161,113.945226731974,132.888105823792,113.210740801568,100.699741032948,4.67703066519418,29.3668104013683
91.0852245354953,113.923127143307,132.874379198981,113.197534838121,100.702274676173,4.67695063349307,29.3603246618162
91.2121048242602,113.833296453812,132.864105169914,113.185354181127,100.780843866484,4.67503578508393,29.3097897938175
91.6773420515624,113.772019978038,133.160465223963,113.461342720817,101.326615305297,4.65909957234747,29.0788230988989
91.7707152590933,113.847273315049,133.317218991557,113.61262354995,101.512247129683,4.65219872650197,29.0132008116286
91.9538276885406,114.00442804162,133.634983663065,113.91957514723,101.884420959333,4.63823893599021,28.8822733821143
92.4575007237568,115.126315595094,135.357236823572,115.612963434882,103.672742625302,4.5435417163247,28.1590747756466
92.5619422249205,115.832216389779,136.29195043993,116.541569095873,104.570544160465,4.48104727783983,27.7289019176897
92.5969703012565,116.093563549168,136.616571540968,116.863906403966,104.875373995148,4.45875886210975,27.5792633979345
92.6486516779316,116.494570661447,137.096578630803,117.340229876191,105.320271245863,4.42517992351553,27.3570307868951
92.8480835825186,117.694320258688,138.41278165412,118.629143772708,106.527215243058,4.3198731023726,26.6770471499629
92.8635792019445,117.950351607331,138.63415283589,118.824211232951,106.737809429451,4.2751196990297,26.3964130075087
92.8139173707393,117.888682893891,138.504087137784,118.664861423658,106.636465120522,4.24675917651258,26.2220472818498
92.8074583291856,117.85950364441,138.46019145905,118.615186703036,106.600407938123,4.24321181415479,26.2006019884662
92.7870032110992,117.767095972336,138.321178374137,118.457871988807,106.486218562239,4.23197768362329,26.1326869572799
92.7973919726602,116.877659299771,137.130813364525,117.16399447967,105.514167483531,4.20766126144552,26.0037813511139
92.7997727881317,116.83176609632,137.069961634975,117.098306667601,105.464873434543,4.20684830727243,26.0000609753093
92.8028575471452,116.802641373567,137.030436456669,117.056127829545,105.433774920531,4.20628774249929,25.9980205397497
92.8297254550251,116.553148153879,136.691593792716,116.694669781107,105.167425355117,4.20147317666436,25.9806315883091
92.7893520920393,115.970607192453,135.918418252966,115.88612492598,104.560315338682,4.18461359957047,25.9119212385188
92.74657847215,115.750272723904,135.630778034405,115.589757724541,104.334632931627,4.17673821812268,25.8784350354389
92.5675045518337,114.858479988198,134.135730346914,114.121821796963,103.295098103902,4.08325897893316,25.5040927541902
92.442372243998,114.583608682882,133.050986129726,113.159559140322,102.692509450317,3.97227563010658,25.0517819188519
92.3953001420153,114.507880864164,132.796167237317,112.929058143371,102.534260977941,3.9551934902931,24.9731769835314
92.3074352948132,114.326238177692,132.154906829492,112.341298499879,102.127709379317,3.92007676641816,24.7981002742141
92.2945403457901,114.283012922082,131.995200790619,112.192384484761,102.023741800711,3.91368223708427,24.7609452713952
92.2823800062168,114.242250156335,131.844593009145,112.05195391867,101.925697127701,3.90765199625342,24.7259069435731
92.2706683015442,114.184196828633,131.62425747228,111.844369881139,101.780147478661,3.90048508506374,24.6778588401104
92.2683149109235,114.114503685414,131.347543046168,111.579325136492,101.593060838005,3.89484858645469,24.6240451422124
92.2882793391404,113.894781466475,130.413026543097,110.671976606811,100.950938479166,3.88407175226521,24.4476747812816
92.1737645529317,113.570322227216,129.402280952147,109.673062742838,100.208235427261,3.88101323970653,24.2467492079236
92.0321976211291,113.272813203837,128.304597197093,108.574411524636,99.3963546104871,3.8861126213169,23.9891230402014
91.9688933150523,113.174505776844,127.535892313761,107.804195208166,98.8580639945,3.89484460150792,23.7581287998009
91.9629754626879,113.170681403569,127.414203337472,107.683023080624,98.7774014330459,3.89658086705564,23.7160921045943
91.9596360360085,113.187987540378,127.117520279704,107.392955963811,98.5964333762023,3.90131482955355,23.6008814385911
91.9082303634006,113.195219702603,126.664189597617,106.9668082433,98.3381374695774,3.90613924056688,23.4102815369733
91.7033055748399,113.082424272477,125.936542515359,106.328996907224,97.9458076030265,3.90720668495125,23.1100443960067
91.6907882967919,113.0728318556,125.87126571186,106.276177621953,97.9158224762518,3.90743402308611,23.0832079306843
91.6293401672494,112.970267302667,125.224672302611,105.777809318564,97.6413870976914,3.91052832096205,22.8244421454977
91.5581073218779,112.593215245381,124.152434403845,104.931437727036,97.0831312298635,3.9022054491581,22.4344537982578
91.5839173682551,112.171396447575,123.151977969375,104.041701256954,96.4637744194452,3.8466154787301,21.9663341856211
91.7580951861787,112.153908107445,122.962056411808,103.845292056592,96.3923731627839,3.79959740814697,21.7401081307559
91.8030248443753,112.158546256712,122.934785566614,103.814649648586,96.3891140086754,3.78840820292575,21.6903390972806
91.836041478998,112.10842485984,122.855630766441,103.72973573486,96.3735669977399,3.75414015812411,21.5455549112536
91.8493942392014,112.086563931816,122.82186204535,103.693540376757,96.3668885982884,3.73950738209832,21.4837851669417
91.889634668841,112.0639419594,122.793171965979,103.664540133491,96.3895336168578,3.71327986342434,21.3730701686634
92.3673132079236,112.100347945689,122.967258856278,103.936379123152,96.9596506822108,3.56271006229923,20.6626069202184
93.2510578058853,111.830312721709,123.064441802595,104.594825186129,98.0337363853019,3.39109056166677,19.17463476555
93.4598952678108,111.664488912666,122.947499181782,104.650734091392,98.1650379517523,3.36869351322299,18.7495678746949
93.4705461908291,111.656110575744,122.941461065778,104.653402504368,98.1714396165535,3.36760744709297,18.7280951287303
93.524914499992,111.621145975368,122.911119723297,104.657438977861,98.1883880344786,3.36472786155118,18.6315206607809
93.9057012215157,111.345781471567,122.645463073248,104.552909664168,98.1307687536142,3.36206903481438,17.9194877392117
93.9046301865357,111.293346233774,122.597456853396,104.503543283506,98.0786748732342,3.36344801349042,17.85250364212
93.9127909864751,111.147637315376,122.545647959493,104.351940876018,97.8702610543273,3.38378017470166,17.6183542344555
93.9572664078626,111.173932577089,122.714637544381,104.401144491173,97.8541036455295,3.4071083314205,17.5511723893004
94.056462740811,111.288182277434,123.049653530327,104.598340068784,97.9714117164254,3.4379265504955,17.5209906376936
94.2914532199439,111.291967730844,123.810944760332,104.901437088253,97.9985297660284,3.54599963800941,17.0404821797066
94.3258399264667,111.271137946522,123.738268724948,104.783555048009,97.8625235565811,3.54908650109612,16.970156698583
94.3234859356254,111.266334492972,123.728650392292,104.771406760197,97.8494321962908,3.54899682733376,16.9658402636069
94.3222479479338,111.263808307964,123.723592013461,104.765017852253,97.8425473169527,3.54894966699137,16.9635702066134
94.2725156306089,111.162326657306,123.520387326603,104.508363283409,97.5659686350151,3.54705514644906,16.8723777048492
94.2262592990324,111.069783405243,123.325339507903,104.262533786162,97.3002714698805,3.54497856552972,16.7886140817014
94.0041673532609,110.698976475108,122.140587610311,102.791471362547,95.6412696359236,3.52880697067989,16.3944029309899
93.9654240125251,110.647184772584,121.865805217577,102.462861862663,95.2324647728931,3.52892082462966,16.3007427952533
93.7440407284092,110.433405690934,121.384871328737,101.953019781035,94.582534073579,3.53168477868201,16.1299970930908
93.7077583945722,110.399654277555,121.3329138416,101.907877769132,94.5176238865949,3.53331663115297,16.1061694295108
93.5881847981105,110.288509153067,121.164379360681,101.763969619297,94.3078050705406,3.53905504707534,16.0270804001758
93.5569444136973,110.257212855222,121.128198319602,101.748377602456,94.270198574562,3.54324888422331,15.9978815035816
93.5544502425175,110.254714220023,121.125309696059,101.747132766332,94.2671961454881,3.54358371197731,15.9955503207957
93.5540526115693,110.254315877402,121.124849179905,101.746934309477,94.2667174859922,3.54363709158429,15.9951786741224
93.5067618544684,110.20268956037,121.068857603877,101.735946525679,94.2186904833047,3.55303200037653,15.9388183973577
93.505486659095,110.196973399863,121.066104968842,101.748482223361,94.2264491524181,3.55638415124297,15.9249295697426
93.5096596779341,110.190570130561,121.06403348659,101.775485722888,94.2486314862788,3.56309718506724,15.8993006834021
93.5608453046153,110.214552000839,121.083863227865,101.828948932762,94.3264740218849,3.57323744717965,15.8751658194564
93.5281966093871,110.170876468819,121.026642969194,101.779229492884,94.3048485104107,3.5757127491305,15.8575739681671
93.4745846400639,110.101540244999,120.936424762935,101.698897223201,94.2669843904871,3.57902650591318,15.8314562558353
93.4715039010268,110.097555933023,120.931240496186,101.694281038377,94.2648085802374,3.57921692644816,15.8299554369518
93.4181843204552,110.000843587016,120.710999408807,101.456317109184,94.1643262245833,3.59039616430527,15.7956581504556
93.413454744281,109.969970713386,120.585616760133,101.310015127311,94.1024852059536,3.59936807974377,15.7830946257617
93.4761288310005,109.958307743245,120.295805239463,100.967248640284,93.9475138633901,3.64127211055872,15.7532169100018
93.4808809973291,109.955357990303,120.26564333243,100.93315674678,93.929519761267,3.64643077431798,15.7489729316543
93.4786057213702,109.952676788316,120.261475271317,100.92900942048,93.9261208157254,3.64682921518917,15.748099426618
93.4312551246445,109.896878495572,120.174734065229,100.842699725004,93.8553856158915,3.65512113816971,15.7299209790554
93.1010034300166,109.484040094399,119.690467083865,100.407581664555,93.3715082356311,3.72533480877158,15.6069592447708
92.8349668711373,109.146829932582,119.581643003135,100.242892916605,92.8205639614818,3.70360845174155,15.6697144771333
92.751235837277,109.068885212588,119.514124638683,100.06488360987,92.4893828163151,3.66293605583539,15.7702211858227
92.8308588543259,109.198956987853,119.494100372811,99.8941819455217,92.2060073840735,3.62840061206008,15.9203178974244
92.6889060623337,109.170617134602,119.266927202698,99.6126439265106,91.8905360041629,3.62851450058423,15.9409220305617
92.6316614180766,109.279397426617,119.113971310462,99.4693082428917,91.7120028102546,3.66296059539245,15.9037638452487
92.4554721198588,109.346584681324,118.755002467884,99.2491467667237,91.3688412588955,3.72700866418056,15.690757122137
92.5722310624055,109.317050310895,118.428638107704,99.1109792839921,91.2510803302287,3.72934829209352,15.6628504755209
92.5095240454869,109.10680033794,118.104872351433,98.919904913575,91.1361687188116,3.72158529094589,15.6771086926828
92.4985628271814,108.981691624976,117.907976327892,98.8180585275764,91.0956517642847,3.71692329799927,15.7016533276929
92.5079511944115,108.941714162966,117.842771907147,98.7906712409077,91.0939281345231,3.71514799866023,15.7166262636207
92.5150196437521,108.912972100912,117.795836205945,98.7711084299838,91.0929663197543,3.71386457638831,15.7275673824384
92.5163152057153,108.907704025759,117.787233455007,98.7675228014387,91.0927900306462,3.71362934048322,15.7295727582559
92.5804166066878,108.77400121855,117.566009082787,98.688727765652,91.1108515169632,3.70597396421201,15.7954291994624
92.6643709384442,108.685756787418,117.421069573259,98.6547695369379,91.1509824922223,3.6977291195174,15.855406911408
92.6862740206106,108.591745349696,117.299211099709,98.6065981633343,91.1500311839416,3.68981797040042,15.8872981774849
92.5726844348495,108.183691130276,116.867358361561,98.3673054198185,91.0259142188058,3.66031190802546,15.9119093970948
92.6195600336803,107.837270399291,116.57632523333,98.3449893147395,91.1729114532227,3.63771849642582,15.8574782963487
92.6290181568879,107.829185166681,116.573681218114,98.3561502814753,91.1936266051661,3.63787570270755,15.8519494138336
92.6547212942696,107.807212959302,116.566495914555,98.3864810199344,91.2499215364753,3.63830292220637,15.8369242736725
92.6431674394178,107.622049546543,116.465154560875,98.4529961475007,91.4349008773696,3.64324402378324,15.7376553040215
92.6397462550719,107.612270997368,116.459300138456,98.4541791939982,91.441103822635,3.64352148515138,15.732749842102
92.6371597198055,107.604878071486,116.454873989929,98.4550736186121,91.4457934666479,3.64373125566977,15.7290411409711
92.6154675730376,107.451155973576,116.439618869571,98.6269239970349,91.7576514006235,3.6633514376697,15.5878916596599
92.6272045782638,107.444719180855,116.471058169002,98.6954680741363,91.8548843852081,3.66960383458165,15.5578405418437
92.6329722915505,107.441556059242,116.486507839643,98.7291515033075,91.9026659075199,3.67267634175426,15.5430730412618
92.7607451061444,107.843660001376,117.393824921925,99.6388963342682,92.7848848118614,3.70153930109154,15.44068714138
92.7777592044616,108.228400612774,118.128505026536,100.187730450506,93.1303141434967,3.68231168554157,15.5148677562262
92.807496936975,108.347909707825,118.339472868104,100.34969485615,93.2363624599185,3.67693114940527,15.545081129356
92.8341247320244,108.440910719059,118.503623381419,100.477444300909,93.3220783676162,3.67313631482275,15.569263347936
92.916448427992,108.735286249808,119.087111319993,100.948196023984,93.6533475459071,3.66358646759873,15.6618997390083
92.9075795312424,108.751919707021,119.145290774831,100.994644086175,93.6839721517325,3.66258030451968,15.6710096378699
92.8855897697584,108.845485897983,119.493832572476,101.284669813577,93.8955713624527,3.6624266351147,15.7285921436847
92.885855420942,108.877907982545,119.62054988473,101.393125065684,93.979792370692,3.66391275494199,15.750337218171
92.8915255590405,108.885783138971,119.654809466726,101.423336812832,94.0056819480422,3.66518830657463,15.7568992098877
92.9313880761786,108.941147497398,119.895663066889,101.635733101517,94.1876922805767,3.67415575991233,15.8030316854509
92.9736330450178,108.977035189814,120.064750667176,101.783890217047,94.3181423789759,3.68204641791212,15.8377542239595
92.9739457647427,108.977245015138,120.065791212272,101.784798435181,94.3189550393004,3.68210087683258,15.8379765431639
93.0337603286197,109.017378749069,120.264818475741,101.958515240752,94.4743943001662,3.69251734985116,15.8805000080929
93.1907644609857,109.050866668843,120.850540945802,102.441857047291,94.8951378932809,3.72312923152474,16.0163401583694
93.1796414851469,109.00173058757,120.978615267451,102.536682820147,94.9688116480535,3.72944774237716,16.0484746305495
93.1794600755571,108.95047559915,121.165051940939,102.677525884874,95.0768411381341,3.73496477149289,16.0916045550856
93.1795542254123,108.949423380817,121.16933212268,102.680776567244,95.0793260706914,3.73506882783236,16.0925723235149
93.180020851374,108.94420837129,121.190545579859,102.696887614725,95.0916419052969,3.73558455235889,16.0973687820251
93.2964265170895,108.832521532035,122.218916806371,103.532504173278,95.7458122249583,3.73804007436342,16.2989107345437
93.3605242839448,108.831217592266,122.562386604855,103.831849304077,95.9878092762547,3.73267064491864,16.3578858171178
93.4407371825512,108.841439404498,122.940101181792,104.171338832808,96.2667140915127,3.72427841517641,16.4200156353878
93.441565326817,108.621251334195,123.908555452826,105.07477100876,96.9923138356255,3.67561190270521,16.577921934356
93.56779461468,108.435559286988,124.780242226653,105.887591865162,97.654932087509,3.61771187613918,16.7763697827785
93.6699691998902,108.368312168768,125.112678343868,106.173496444649,97.8821156683633,3.59248704854177,16.8809059146924
93.7795287495298,108.260715113112,125.430153144976,106.412229046211,98.0564099592713,3.5626591029851,17.0093211600517
93.7756190685756,108.204860184957,125.4702842221,106.42870918614,98.0587332712558,3.55481719023997,17.036389288263
93.7702470016501,107.983281406085,125.632203948219,106.484612688342,98.0593214953165,3.52338671053016,17.147244296804
93.7881113513077,107.80926201482,125.772597484527,106.517419740247,98.0504976940541,3.49777304500507,17.2414492579669
93.8222514522291,107.703734248066,125.892046879287,106.552172225976,98.0618330810776,3.48062046291189,17.3049318737496
93.9539860413521,107.543442599995,126.23690091362,106.725449843964,98.2113782232249,3.44823065189258,17.4187098892797
94.0653670514324,107.505396020456,126.495135709893,106.910699883729,98.4069563193913,3.43439873524547,17.461909814148
94.0341494709471,107.387119886524,126.628650860649,107.024511457098,98.5537643363117,3.42429443423568,17.4592234727275
94.0278018806535,107.248493788477,126.920135799932,107.341812347816,98.9725709515037,3.41725679814797,17.4486794990761
94.1123033104233,107.25359643139,127.15101463139,107.641111729579,99.3903922644605,3.42993459538448,17.4756326322809
94.2556424160966,107.334609261647,127.211092619757,107.722151014501,99.6031791841569,3.46677010582815,17.6150408871146
94.2237047955322,107.300730446248,127.101381947786,107.588045588666,99.4997323427616,3.47997413963555,17.674691451934
94.2067625360004,107.286401340518,127.013801436601,107.465992572462,99.3918702308157,3.48960298249643,17.7235981735778
94.1871844572121,107.275398617407,126.867787415734,107.247306049749,99.1864211677623,3.50473216203329,17.8064411569906
94.170625442334,107.296513934932,126.560882394609,106.716220143114,98.6538999085451,3.53578678669715,17.9951794762243
94.1698885570314,107.307635348861,126.490448453517,106.583354196693,98.5169794073169,3.54295881306027,18.0411206627258
94.1734630789478,107.324867452459,126.442686852907,106.474983044273,98.4007630733311,3.54812466051996,18.0771840508312
94.1974184592325,107.428755120298,126.21069771593,105.908134759276,97.7867559333803,3.57441825747853,18.2648759883102
94.0584235837156,107.564066157671,125.86655631399,104.799241908778,96.5354698671164,3.60465532381581,18.5385410790468
93.9260027213196,107.698062433035,125.912090758902,104.304201513068,95.9195063164206,3.60731963880232,18.6546983884199
93.9282977663596,107.794023520904,126.069001662484,104.293191532748,95.8608640853243,3.60186128654114,18.6886944453888
93.9648038188003,107.880486810621,126.241256682055,104.367027080908,95.8970818738642,3.59323498980699,18.7181946442571
93.8817750936587,107.799893650284,126.328732717954,104.423857943957,95.9083787640073,3.56485078002957,18.7437403703921
93.8690929815047,107.766792250744,126.309206792263,104.419841806955,95.8999537198491,3.55897564568599,18.7487033521228
93.8959737360243,107.153120690225,125.447617219381,103.887697945936,95.2933839455962,3.45023914010245,18.8805735679579
93.8489111820763,106.951675842624,125.116350015017,103.613494318351,95.0010009756433,3.42389414176293,18.8973632080202
93.7861900231515,106.77681103251,124.842833715035,103.381543587616,94.755478878378,3.4032759284997,18.9052080489673
93.7371699641766,106.619378362877,124.594410547211,103.171332520136,94.5296337667526,3.38198472508518,18.9146690702255
93.7260515377486,106.583670458984,124.538064741591,103.123653746649,94.4784089761209,3.3771555860821,18.91681496052
93.6874816960449,106.414010982212,124.28748233295,102.925720913148,94.2593043960273,3.35009568571909,18.9347227401902
93.7999469406848,106.301450177923,124.357764766755,103.163232984397,94.4540591507327,3.30165841819391,19.0322861362747
93.810345647935,106.304846482455,124.380255109514,103.19402969533,94.4835101734908,3.30025255988311,19.0380346428566
93.8147781986794,106.264629517446,124.584490769842,103.486377111971,94.7725367711389,3.28966293824044,19.0814553453973
93.8293262459494,106.219181748422,124.882208964515,103.893473098636,95.1812316637852,3.28060008004953,19.1393875429499
94.1206742397391,106.163949863492,125.793467094776,105.032485571401,96.3261362850647,3.26953189481266,19.3342673510979
94.3515136745702,105.91277719915,125.903782165008,105.126187744976,96.394206951089,3.26322319024918,19.4119620681815
94.3934123191884,105.00596326279,124.604898769122,103.507160052831,94.6573049308485,3.26915227103634,19.2758958800828
94.4050878050644,104.895820432435,124.371823700358,103.217037019425,94.3437528155058,3.27407763856591,19.2424183579976
94.3038172702564,104.152832487973,122.764025002321,101.26983098353,92.2072895572004,3.32023471724978,18.9755450477021
94.3030487288454,104.150315466604,122.758970439879,101.263760573058,92.2004659147248,3.32038268628146,18.9746609220297
94.2433784858208,103.954891674669,122.366529687825,100.792448470731,91.670672205439,3.33187113434026,18.9060166134871
94.2271491460276,103.793808473113,122.038536562692,100.367130089475,91.1718412828179,3.33897888607094,18.8513990164637
94.2497743703189,103.700412191928,121.846274368801,100.08368345677,90.8267046293146,3.33843143559467,18.8229204164013
94.3973349706909,103.54592515522,121.538571926558,99.4752166762551,90.0619546348852,3.30721060925859,18.7915898640909
94.3955108768859,103.532543923372,121.521297469512,99.4433652488889,90.0249769144331,3.30433340200211,18.7896350427909
94.3873077470402,103.472367203269,121.443612531502,99.3001262368659,89.8586844565309,3.2913943170416,18.7808440184994
94.3789100854606,103.376778288634,121.314396789262,99.0570621309244,89.5788997356919,3.26851836888078,18.7653755281481
94.452735670215,103.221152858926,120.96050349595,98.324644783573,88.7843378621314,3.18859362722971,18.6985454642788
94.4658691601319,103.211593134894,120.921426766061,98.2424078106775,88.6980078094067,3.17960344991793,18.689076841092
94.6400169880389,103.298431337486,120.590740750924,97.5682210725153,88.0450249259636,3.11969577755323,18.549972721009
94.7007374119983,103.361111262412,120.494696461078,97.3788350509083,87.8733648065786,3.10709379565711,18.4949023857681
94.7121564206361,103.385620744374,120.424071293577,97.2614971791546,87.7696987100787,3.1014804872301,18.4570044057356
94.6282770791593,103.518364546752,119.930445333834,96.5450809947498,87.167923880772,3.0900349617063,18.1695124568811
94.6276661531191,103.520277988631,119.926667193919,96.5395215019192,87.1634477231445,3.09007074166861,18.1668511566309
94.6065707488813,103.670412449335,119.763726246246,96.2735199225551,86.9540354113005,3.09824892809107,18.0160911980894
94.6557064973135,104.301751322652,119.725366928987,95.854389840362,86.5999543309468,3.14450486046267,17.6519004851344
94.6083299749489,104.543414042718,119.816502476191,95.6741019589311,86.3784836895633,3.16243664572076,17.5111236628346
94.5401810600009,104.678548217231,119.917850599007,95.5292377497795,86.1686415990987,3.17067138462335,17.4228895565175
94.5200661148637,104.732916484776,119.974896330644,95.4806242145137,86.0870043601886,3.17305233215826,17.3940211511669
94.5105850533736,105.165999524037,120.608406757056,95.2877894746169,85.5623920105345,3.18231272700818,17.2638718086417
94.5501706011112,105.555707393256,121.24755279234,95.2355475913035,85.1594752296929,3.19194056970003,17.1810734445522
94.4799854663143,105.644057452282,121.428289598692,95.1643317077505,84.9464651159592,3.19575454487719,17.1320074444077
94.3693545591846,106.003039200363,121.920253996103,95.0941909269673,84.5163572590904,3.2160285280141,16.9972797062812
94.3556004689231,106.134418501209,122.065825651007,95.0929827329526,84.4143250546399,3.22296201060357,16.9588709563155
94.3503811843655,106.36583492618,122.299684073473,95.1043974308788,84.2684146922979,3.23427764612378,16.8994190309556
94.3653723774632,106.574955568296,122.49399632433,95.1218840665615,84.159843603028,3.24258924782381,16.8546816533871
94.3696464657769,106.628558733526,122.543431203855,95.1265233606241,84.1325236443465,3.24467783329347,16.8434110172737
94.357134332604,106.769001863189,122.670734971562,95.117244623831,84.0264740861009,3.24979372614148,16.8055418669696
94.2553042763753,106.914697192889,122.794487201113,95.0272997317529,83.7872901524607,3.25376573695922,16.7350060365362
94.1971887495628,107.048574102525,122.915449630515,94.9675690423475,83.606090756307,3.25641896129376,16.6826409953243
94.2068259198348,108.224794082414,124.195018409837,94.9828632174891,82.8100225066568,3.31522264710972,16.3442920344388
94.177174365188,108.384598608806,124.3640342148,94.9892631413967,82.7063574199345,3.33194176617435,16.2863151678201
94.1508406025525,108.867332512763,124.763162564834,95.0034961733147,82.4530313764202,3.3696077024025,16.1831909945724
93.7954214491579,109.828968820971,125.08004515406,94.4099354035744,81.2629862583982,3.3837630054638,16.0760339536097
93.7127151791611,109.941553298499,125.063395079942,94.2540936145339,81.0258126812872,3.37858371937585,16.0668147005031
93.6791739583063,109.993095087073,125.055358096591,94.184126842891,80.9207759988269,3.37605137914765,16.06319509461
93.6638585064666,110.016629882782,125.051688282902,94.1521789085532,80.8728145886387,3.37489507255479,16.0615423253213
93.5645496307843,110.209097641172,125.028860719548,93.9138200462976,80.516048696906,3.36758474501989,16.0446845725064
93.5079629804846,110.395393820857,125.021889256209,93.7256086322425,80.2320159261104,3.36560373375413,16.0192406654073
93.4975114693269,110.471862194698,125.025400286118,93.6647872043907,80.137812666582,3.36708608990898,16.0044120605946
93.4424848003514,110.537326875074,124.992401846331,93.5526666494973,79.9842064307537,3.37151339715029,15.9670000385963
93.2798534256581,110.55092792828,124.868990301546,93.346133117321,79.7272677155862,3.39061791009514,15.8559952442367
93.2769913205273,110.551397368074,124.866938115939,93.3430931731747,79.7232793343496,3.39137383893904,15.8528330753953
93.2659570768229,110.553207194357,124.859026346427,93.331373308591,79.7079029702616,3.39428816343285,15.8406419992343
93.203259467316,110.597272768677,124.832667448128,93.2947455830454,79.6317980014566,3.43339169038483,15.7070424890147
93.2904008961267,110.918467401605,125.125060713234,93.6317497984425,79.7606507473402,3.55592375579938,15.3883652877308
93.215198273456,111.001076412552,125.21365222613,93.7228810357649,79.7083156592723,3.59624004775389,15.2568902847908
93.1932957775308,111.05745234024,125.271906329967,93.7756946568961,79.6889923812338,3.61197228279095,15.2050360328431
93.1909393737767,111.373737672156,125.589940112693,94.0509087031902,79.6747791749509,3.65864315660064,15.0448061222938
93.294180963472,111.909090693852,126.129988822239,94.5447374066258,79.793908218843,3.70731491453653,14.8622096722795
93.2099792553851,112.16541460013,126.409432582786,94.8630018076659,79.8483488762288,3.74328470576636,14.6800857975298
93.2733018886484,112.570998720869,126.843906752925,95.3958700767564,80.0791449554437,3.80317165190693,14.4894050273974
93.3801233166605,112.972547889894,127.25860726681,95.8908043310262,80.2574273024629,3.869994422303,14.3337716309318
93.3422677428011,113.086680651658,127.378976871399,96.041224422719,80.2359017303138,3.90080737751278,14.2443475784562
93.3501671757296,113.262484078165,127.564241138452,96.2403753865071,80.2282986953341,3.93577794814837,14.1412481799706
93.5363286829269,114.07795283517,128.513596726535,97.1631365520323,80.6019026789709,4.06039050090805,13.6049368438646
93.5588375898255,114.401981297106,128.86686229374,97.4898510736915,80.9026970553438,4.11270126078213,13.4208493843734
93.5994900469761,114.772216551476,129.20920383138,97.7717378628061,81.1851104079773,4.16446992433826,13.3463565290239
93.4490627622495,114.872086778574,129.277520193369,97.8039616201618,81.2136547894335,4.1929644950172,13.3237683785447
93.3713565329289,114.929281901277,129.319215347247,97.8280473593155,81.2257514230282,4.20773575575315,13.3228122272691
93.1212213883022,115.357692721932,129.810251802043,98.3234957031482,81.5183813139749,4.28682630032153,13.3360615338048
92.9437280511528,115.499414140311,130.540785187886,99.4815892976902,82.384689312635,4.33983085675576,13.0777990070099
93.0261865736803,115.716563358836,131.461663619361,100.993652298408,83.7603270613954,4.39303525082626,12.7095967433813
93.0367084500942,115.774933755421,131.644349358327,101.294810543508,84.0495771959097,4.40692030518802,12.6373728588058
93.00620909953,115.775904406719,131.692785958078,101.395335333888,84.1500288312077,4.41315441282332,12.6042374847046
92.9640645236922,115.777245670926,131.759716561969,101.534242378575,84.2888347888273,4.42176881992237,12.558450402
92.951216983065,115.777654547894,131.780119986031,101.576587422144,84.3311490165628,4.42439487423622,12.5444924633198
92.8107049105424,115.869417040776,132.032232740005,102.058603478194,84.8218053838586,4.46825406471103,12.408702934205
92.7560967284132,116.029729424998,132.228017599139,102.373722057612,85.1358108049401,4.50996345185991,12.3450077450327
92.7550681871937,116.184997097973,132.379674527962,102.587526634353,85.3373697684758,4.54236270423863,12.3121166806443
92.7571966007684,116.200290178594,132.39378865104,102.606139913084,85.3541467902137,4.5452477249185,12.3095941478412
92.773565952916,116.317907273833,132.502338537054,102.749292220424,85.483176683695,4.56743604396767,12.2901936759354
92.6296350317811,116.418533311201,132.616020297751,102.985264564827,85.6749638436168,4.61621067034502,12.1941464765412
92.6189662657058,116.432815950154,132.635176285738,103.020018558515,85.7033735925463,4.62158475308479,12.1820720379122
92.589886361101,116.495985328633,132.723729133078,103.171908137673,85.8297423645952,4.64191533704026,12.1346196846343
92.6355375949308,116.792060530594,133.173496838977,103.85255077373,86.424668566875,4.70002652161793,11.9838801040294
92.6741180208197,116.905878209365,133.347141975037,104.100055352134,86.6478772462953,4.71648153659859,11.9421278055345
92.6915820543669,116.98159160721,133.468755874679,104.278184852548,86.8086531897049,4.72852369949104,11.9095884898267
92.6279035134277,117.010900427114,133.568250291698,104.462975725016,86.976491516138,4.74259979332337,11.8560621012493
92.3314967019843,117.569949466596,134.404925755365,105.492698100288,87.671161058041,4.90113714826494,11.4705362991598
92.2435165822354,117.639462144967,134.439685956446,105.405717097112,87.4623956238222,4.92746170130184,11.3911534946623
92.1963563656141,117.77546612506,134.530666192615,105.326362577208,87.2425750924677,4.9518117544406,11.3198045607313
92.1882013799302,117.885817968093,134.620359115435,105.304785678342,87.1416332820238,4.96317116063815,11.2897341525906
92.1812325777785,118.202451382411,134.904179353709,105.293817116368,86.9382310876559,4.98811711510566,11.2317137851938
92.0224524256373,118.465012011507,135.191824255738,105.239487552327,86.7003057358598,5.0040590179494,11.1831383643039
91.9025261935804,118.623514836687,135.405116955413,105.228390057725,86.592312077,5.01013360334788,11.1706592746789
91.6322263056786,119.23383540954,136.337766638057,105.372131167629,86.4728060284623,5.02681020864457,11.203995968545
91.5819384949159,119.503084866996,136.784576238031,105.479465638374,86.4912901061511,5.034557935219,11.2381869462879
91.1591563899034,120.03353414526,137.844178083255,105.437750031297,86.204756265397,5.06062805399615,11.2999279723491
91.077464874773,120.417524704603,138.18930221593,105.376469810544,86.0220643351486,5.08498457602917,11.3119208501503
90.9203119192903,120.653502827091,138.245461657636,105.248277870953,85.8076816197787,5.10279297562021,11.3018038670892
90.5462085208394,120.947291543413,138.182853411238,105.02104257864,85.4262159213014,5.1306592954071,11.2884407100209
90.3303827904396,121.195398777263,138.341817844746,105.036397930103,85.2462426171627,5.1618297725787,11.3209500038004
90.2560330517367,121.177043728653,138.354805219329,105.023759224463,85.1946770245589,5.16619554214634,11.3244652263819
89.1967829410178,120.386383682625,137.622665912076,104.715531719786,84.4542486848502,5.15140596425137,11.3090674015606
88.5211308628144,119.365448447653,134.481512285901,103.085258150518,83.3221243412653,4.97546107081257,11.2054494896365
88.2000003446253,118.463625629226,133.071510786676,102.223758565474,82.8333208510056,4.89917850161229,11.1688268030254
88.0920161630271,117.934865730539,132.43825323288,101.86965171501,82.7078833270834,4.87073031233618,11.158302706795
88.0575563595705,117.711416515576,132.19538131121,101.743690123657,82.6806203488996,4.86181837041667,11.1547558505351
88.0573308546899,117.709954264388,132.193791957871,101.742865831271,82.6804419400282,4.86176005068768,11.1547326399153
87.8897081413141,117.245666283229,131.730318713716,101.477477354003,82.5785276642938,4.84998869948299,11.1344080643444
87.4671667437181,115.231303615309,129.530639578266,100.170564901069,81.9452221354952,4.84231065587485,11.0412860421824
87.3409709981038,114.083552230841,128.143072459019,99.1671356059219,81.2209949598692,4.83320147515539,10.9770191424743
87.4174795295196,111.540346892968,125.74515595568,97.6418874402238,80.2465583707168,4.72809394388527,10.8210855773175
87.4145125844359,110.964262467392,125.796824445901,98.2768492276663,81.0832101768508,4.65006160589056,10.7403312398046
87.7591023992305,111.089035756135,126.703583578355,100.137109810206,83.1741051779781,4.55821301300985,10.6578265972471
87.7916996919091,111.082951346586,126.790641331038,100.42583298516,83.5187672694779,4.54005451778985,10.6337055818408
87.9413510243047,111.072121079327,126.851187226113,100.859653110604,84.0827300968014,4.50974455439656,10.5892524505246
88.1470090303813,111.042018630112,126.783760553594,101.066366220034,84.431972800456,4.49064312976403,10.5542637980566
88.305033628725,111.011226745324,126.691782917369,101.121411311405,84.6076828206388,4.48284838007039,10.5317740518032
87.6091694723816,110.971913071224,126.601305122548,101.828244534296,86.3405621945492,4.46950704258177,10.2998066787806
86.8254773307585,110.276699168258,125.73902003266,101.510131513599,86.7716597288329,4.45387209196342,10.1365697322387
86.6267689488587,109.514541803913,124.87823448462,100.740088616632,86.2066149350351,4.43339494100923,10.0813861532338
86.5780496270955,109.248695232133,124.577179511263,100.46319236124,85.9948498988805,4.42589638421159,10.0643341033758
86.401160063343,105.443856127713,120.103033372441,96.2846126612272,82.6215047525877,4.26295008801696,9.83798477856162
86.3172617787052,104.434856118393,118.860906562591,95.1683607741915,81.6790212503956,4.1971465935331,9.75441251997738
86.33332927314,103.041408980266,117.137452277288,93.6391832852852,80.2981407650145,4.09305829917511,9.60921124978896
86.1918260496221,102.241944529602,116.264908641349,92.7961935176695,79.4693031419434,4.05114389042946,9.52109718148559
86.1306675487746,100.153473634896,114.021189035117,90.3720880820287,77.0683602172901,3.97849372739528,9.3335544332584
85.9940683035983,97.1721305859654,110.59410636267,86.5647521241929,73.4598801599402,3.88672914068895,9.07861998690866
86.0510043598551,95.577972809081,108.524413634573,84.2839863403109,71.3673042939432,3.81549365452685,8.87507903817285
85.8834000585468,95.1119777016739,107.887627970768,83.640008571411,70.8322603458747,3.75897765065234,8.71833171536228
85.880461680854,95.1093363950358,107.881045888604,83.6345330958978,70.8318659778088,3.75607477501764,8.71152652664571
85.9277403506626,95.3011584362871,108.061810194681,83.8451135026366,71.1432506303051,3.70066030369896,8.6085714797502
86.0442685403835,95.631650674928,108.454183754002,84.2697704377845,71.7969859675361,3.60006886986043,8.48850413306248
86.0471705153217,95.635827923258,108.459870588838,84.2751613241118,71.8143291753448,3.59535088635522,8.48367594252792
86.2878446956899,95.7418888848135,108.560371443295,84.3358814568907,72.2301485549778,3.46521039621409,8.36154212340844
86.4742888040425,95.7910665313374,108.576784301579,84.3296948900843,72.3468703608562,3.42782374225834,8.32802022011909
86.4973827926583,95.7877968932187,108.566012113531,84.3160657720173,72.356418762268,3.42110344361575,8.32008671893121
86.5066176224656,95.706798915441,108.453850486989,84.2010906253701,72.3247414520773,3.39786273478679,8.28252856740154
86.5298513891157,95.6679960576565,108.383769498874,84.1367306387597,72.3207489506481,3.38490043196248,8.25507751081738
86.6678178223048,95.6983070481244,108.323191078882,84.1423486612231,72.4689451568001,3.3727016732653,8.20153332364624
86.6942759462324,95.717198016842,108.331322292293,84.1662429043191,72.5100507184736,3.37341058002809,8.19747310364934
86.8063264140475,95.8014330753519,108.379621147952,84.2890285885268,72.7017210111121,3.37795384226226,8.18576230283781
86.8224443856183,95.8141249596742,108.388452608197,84.3096251283357,72.7316819823349,3.37881678488088,8.18482302475851
86.9148570894808,95.8722784306214,108.418587283661,84.4728720625304,72.9944502996425,3.38548269427701,8.16992856675917
87.015309973282,95.8157916146187,108.375871023368,84.8723166584254,73.6717410328727,3.39758189446359,8.13076202673965
87.544512356375,95.7515641077323,108.583981744156,86.0679551912532,75.3318911489528,3.42811050947206,8.12254609753467
87.7516348939596,95.3815526269922,108.629888455264,87.0987358158878,76.7042613383486,3.45901066648272,8.11330334466019
87.795814211586,95.3467083929638,108.666399567053,87.2888078426351,76.9394502952622,3.46604790355465,8.11812424517838
87.8347017152419,95.3160378133586,108.698537365223,87.4561129761709,77.1464682374388,3.47224221793215,8.12236769656237
87.928866574889,95.2560929874528,108.785433251469,87.854768962991,77.6358903372378,3.48737257674372,8.13533044297919
88.2600041339492,95.1169733496133,109.265706268093,89.5435804285382,79.6901425968937,3.55649822688824,8.23735923857449
88.2599206474478,95.1066183705868,109.274247373426,89.5861430219558,79.7442009980526,3.55830020905405,8.24027759427942
88.2971568222108,94.9224703180896,109.54676990449,90.5949835516939,81.0247342557476,3.60004386419027,8.32535851153082
88.765851028251,94.6598571820954,110.735083670323,93.3208680845054,84.4205207709214,3.70222667075788,8.6040302081233
89.0463777715763,94.6110688492351,111.353640981572,94.5022343879402,85.8289432394425,3.74921136898795,8.71091483054164
89.6638820809311,95.0002929776261,112.44359641068,96.2609091690958,87.8307510253725,3.83142698629371,8.8954810544119
89.8470086062523,95.1793358569172,112.855411187725,96.9229338701033,88.5902580240967,3.86824326846141,8.98484578325474
89.9082630530325,95.241428621609,112.975613048558,97.097891866741,88.7875395816854,3.87824762466767,9.01248298186479
90.3025986153896,95.6142033378301,113.688041601079,98.0504448887025,89.8406025678907,3.93227111011598,9.17717645959682
90.7070117627434,95.9079381870002,114.482257746071,99.0095465768777,90.8621694893867,3.98408065512067,9.34762946380231
90.807998233598,95.9537182667631,114.77431787199,99.3589330223512,91.2292874624594,4.00300691090605,9.40662862280538
92.0007944785712,96.998060368083,118.000919146321,102.860321124247,94.6833884111661,4.17036984011404,9.86434292249708
92.0863345040328,97.1369820096599,118.35023226352,103.23068745746,95.0399447995868,4.18753482465975,9.9124807523289
92.1331953154633,97.2227186107222,118.518383899606,103.405471331287,95.2063943127638,4.19527435638537,9.93920627446576
92.6030407431455,98.1096990703344,120.011023497947,104.933316464606,96.6491652457262,4.25828221690396,10.2118676286945
92.7643504439328,98.4153416137185,120.423642155461,105.344143495895,97.0308268036121,4.27151000081397,10.3093785399364
93.2000805338505,99.2331498527648,121.464647419861,106.371873362849,97.9792622594278,4.29760893640822,10.5810791829967
93.8371829307522,101.116874002078,123.86532075564,108.754706040224,100.131114644361,4.28161753862763,11.3222542658785
93.8730641729313,101.231860482741,124.01577065289,108.907290658462,100.271468168164,4.27911530519023,11.3580255290329
94.2100969322082,102.830031880351,126.170207369448,111.128118015269,102.348200110073,4.24182824179251,11.7580082217854
94.2272628503856,103.262577107215,126.767697029171,111.752563800832,102.943543635947,4.23155644947477,11.8308804427041
94.2591760433056,103.745254194548,127.417753793384,112.428487621958,103.59210092812,4.22250405384223,11.9001705674638
94.3320147636238,104.342138411534,128.185751322506,113.217008109928,104.355153641651,4.215749265105,11.9714683336535
94.5514307006802,105.228883978071,129.228300578691,114.247534045342,105.364011933969,4.21555074812712,12.0729483063619
94.9592417126357,106.230001806581,130.047822923238,114.780177330883,105.921724484481,4.23566147443801,12.290585507095
95.2038275312782,106.261379762581,129.696987645177,114.086800602932,105.306737925093,4.2534443738842,12.4397186815276
95.1547108076072,106.544798952945,129.832336324172,114.016643720647,105.434300119475,4.19975917317225,12.5282748962578
95.172141718143,106.703738632497,130.012499209768,114.130956077281,105.663918451594,4.13176640397878,12.6057755568534
96.5044675584612,106.241137500799,129.543291782618,113.026646014277,104.554812177883,3.99955544211759,13.2096817896224
96.6946328651361,106.239009493477,129.537746060171,112.908462462837,104.429908960009,3.99807545859256,13.3083755365572
97.2580981606798,106.885848202448,130.194527580218,113.272244450824,104.835500990288,4.00966386134543,13.6208886693802
97.4442354852653,108.399910239548,131.799343656805,114.640648091893,106.331947351691,4.04268899913622,13.9669406090587
97.786306207575,112.191502693628,135.971090532676,118.584044560877,110.279281887717,4.21310074072063,14.5726609129482
97.8578049518096,113.180433991977,137.1005204739,119.646429771731,111.262109297687,4.28125315349618,14.7562517345324
97.8660078030402,113.241490001167,137.169792289762,119.710991655993,111.321129576079,4.28542958797228,14.7685801026684
98.3183621415754,115.284796019842,139.383113953314,121.727462333083,113.219663533243,4.35690745274349,15.2639709306722
98.3275014140839,115.382262490093,139.485180108013,121.818295959158,113.309513021869,4.35604465466399,15.2918727246764
98.6628695412928,117.360794786617,141.551408200246,123.763790112628,115.275208741939,4.28547721973271,15.7380564532307
98.8761022643559,118.441720663906,142.722548023381,124.903353715287,116.390167093253,4.25199264392029,15.9308428341322
98.9664849792311,119.703267020287,144.149385243541,126.303647595695,117.71683071805,4.21358171095065,16.1357368329266
99.2778776836373,121.974509632844,146.780649544439,128.864306762879,120.037534884796,4.17678551860296,16.4781789539695
99.7487046587508,123.322982634732,148.140248711608,130.000416483136,121.026235193621,4.1457560729616,16.8073866640751
99.8600391300257,123.374362181337,148.089863518945,129.885370881423,120.916807326379,4.14032415861564,16.8735318502662
100.098933179496,123.420668538438,147.899529123079,129.58733786832,120.617354619722,4.1444257339196,16.9983469587027
100.087599274348,123.353178632675,147.722699049953,129.371734855844,120.382944925038,4.15132955799074,17.0425082602368
100.006293952605,123.249317184162,147.45364237741,129.050960720395,120.000102386903,4.17119714776646,17.1112760555257
99.976699495565,123.353215688222,147.387784791685,128.931684001596,119.752419138919,4.20873680086449,17.2138319852699
99.8750035454224,123.761220115163,147.340824770146,128.756425029831,119.470235264326,4.20706605937913,17.3949996601459
99.8873213448952,123.794825396272,147.332146372081,128.740307102754,119.466890530827,4.19973681145914,17.4030529237288
99.9732245739397,123.953284736875,147.319137208781,128.700178311933,119.489319934148,4.1664287118006,17.4323718316982
99.8772562372944,124.028710791051,147.131034527952,128.467782569613,119.36039548574,4.10141145813602,17.4386094677955
99.8697765846496,124.031388535593,147.123264364195,128.457451465512,119.353509901764,4.09866676517563,17.4386180711458
99.8066867029424,124.107825176107,147.094553039404,128.386907745855,119.305498195139,4.07132881340477,17.4469008876338
99.5912443133541,125.098425818518,147.687713745373,128.283909637723,118.841978659151,3.92048576513542,17.5857752107585
99.7552321463494,125.613913869496,147.940408810374,128.150611582935,118.187006915832,3.7667222461489,17.4465829885984
NaN,NaN,NaN,NaN,NaN,NaN,NaN
NaN,NaN,NaN,NaN,NaN,NaN,NaN
NaN,NaN,NaN,NaN,NaN,NaN,NaN
NaN,NaN,NaN,NaN,NaN,NaN,NaN
NaN,NaN,NaN,NaN,NaN,NaN,NaN
NaN,NaN,NaN,NaN,NaN,NaN,NaN
NaN,NaN,NaN,NaN,NaN,NaN,NaN
NaN,NaN,NaN,NaN,NaN,NaN,NaN
NaN,NaN,NaN,NaN,NaN,NaN,NaN
NaN,NaN,NaN,NaN,NaN,NaN,NaN
NaN,NaN,NaN,NaN,NaN,NaN,NaN
NaN,NaN,NaN,NaN,NaN,NaN,NaN
NaN,NaN,NaN,NaN,NaN,NaN,NaN
NaN,NaN,NaN,NaN,NaN,NaN,NaN
NaN,NaN,NaN,NaN,NaN,NaN,NaN
NaN,NaN,NaN,NaN,NaN,NaN,NaN
NaN,NaN,NaN,NaN,NaN,NaN,NaN
NaN,NaN,NaN,NaN,NaN,NaN,NaN
NaN,NaN,NaN,NaN,NaN,NaN,NaN
NaN,NaN,NaN,NaN,NaN,NaN,NaN
NaN,NaN,NaN,NaN,NaN,NaN,NaN
NaN,NaN,NaN,NaN,NaN,NaN,NaN
NaN,NaN,NaN,NaN,NaN,NaN,NaN
NaN,NaN,NaN,NaN,NaN,NaN,NaN
NaN,NaN,NaN,NaN,NaN,NaN,NaN
NaN,NaN,NaN,NaN,NaN,NaN,NaN
NaN,NaN,NaN,NaN,NaN,NaN,NaN
NaN,NaN,NaN,NaN,NaN,NaN,NaN
NaN,NaN,NaN,NaN,NaN,NaN,NaN
NaN,NaN,NaN,NaN,NaN,NaN,NaN
NaN,NaN,NaN,NaN,NaN,NaN,NaN
NaN,NaN,NaN,NaN,NaN,NaN,NaN
NaN,NaN,NaN,NaN,NaN,NaN,NaN
NaN,NaN,NaN,NaN,NaN,NaN,NaN
NaN,NaN,NaN,NaN,NaN,NaN,NaN
NaN,NaN,NaN,NaN,NaN,NaN,NaN
NaN,NaN,NaN,NaN,NaN,NaN,NaN
NaN,NaN,NaN,NaN,NaN,NaN,NaN
NaN,NaN,NaN,NaN,NaN,NaN,NaN
NaN,NaN,NaN,NaN,NaN,NaN,NaN
NaN,NaN,NaN,NaN,NaN,NaN,NaN
NaN,NaN,NaN,NaN,NaN,NaN,NaN
NaN,NaN,NaN,NaN,NaN,NaN,NaN
NaN,NaN,NaN,NaN,NaN,NaN,NaN
NaN,NaN,NaN,NaN,NaN,NaN,NaN
NaN,NaN,NaN,NaN,NaN,NaN,NaN
NaN,NaN,NaN,NaN,NaN,NaN,NaN
NaN,NaN,NaN,NaN,NaN,NaN,NaN
NaN,NaN,NaN,NaN,NaN,NaN,NaN
NaN,NaN,NaN,NaN,NaN,NaN,NaN
NaN,NaN,NaN,NaN,NaN,NaN,NaN
NaN,NaN,NaN,NaN,NaN,NaN,NaN
NaN,NaN,NaN,NaN,NaN,NaN,NaN
NaN,NaN,NaN,NaN,NaN,NaN,NaN
NaN,NaN,NaN,NaN,NaN,NaN,NaN
NaN,NaN,NaN,NaN,NaN,NaN,NaN
NaN,NaN,NaN,NaN,NaN,NaN,NaN
NaN,NaN,NaN,NaN,NaN,NaN,NaN
NaN,NaN,NaN,NaN,NaN,NaN,NaN
NaN,NaN,NaN,NaN,NaN,NaN,NaN
NaN,NaN,NaN,NaN,NaN,NaN,NaN
NaN,NaN,NaN,NaN,NaN,NaN,NaN
NaN,NaN,NaN,NaN,NaN,NaN,NaN
NaN,NaN,NaN,NaN,NaN,NaN,NaN
NaN,NaN,NaN,NaN,NaN,NaN,NaN
NaN,NaN,NaN,NaN,NaN,NaN,NaN
NaN,NaN,NaN,NaN,NaN,NaN,NaN
NaN,NaN,NaN,NaN,NaN,NaN,NaN
NaN,NaN,NaN,NaN,NaN,NaN,NaN
NaN,NaN,NaN,NaN,NaN,NaN,NaN
NaN,NaN,NaN,NaN,NaN,NaN,NaN
NaN,NaN,NaN,NaN,NaN,NaN,NaN
NaN,NaN,NaN,NaN,NaN,NaN,NaN
NaN,NaN,NaN,NaN,NaN,NaN,NaN
NaN,NaN,NaN,NaN,NaN,NaN,NaN
NaN,NaN,NaN,NaN,NaN,NaN,NaN
NaN,NaN,NaN,NaN,NaN,NaN,NaN
NaN,NaN,NaN,NaN,NaN,NaN,NaN
NaN,NaN,NaN,NaN,NaN,NaN,NaN
NaN,NaN,NaN,NaN,NaN,NaN,NaN
NaN,NaN,NaN,NaN,NaN,NaN,NaN
NaN,NaN,NaN,NaN,NaN,NaN,NaN
NaN,NaN,NaN,NaN,NaN,NaN,NaN
NaN,NaN,NaN,NaN,NaN,NaN,NaN
NaN,NaN,NaN,NaN,NaN,NaN,NaN
NaN,NaN,NaN,NaN,NaN,NaN,NaN
NaN,NaN,NaN,NaN,NaN,NaN,NaN
NaN,NaN,NaN,NaN,NaN,NaN,NaN
NaN,NaN,NaN,NaN,NaN,NaN,NaN
NaN,NaN,NaN,NaN,NaN,NaN,NaN
NaN,NaN,NaN,NaN,NaN,NaN,NaN
NaN,NaN,NaN,NaN,NaN,NaN,NaN
NaN,NaN,NaN,NaN,NaN,NaN,NaN
NaN,NaN,NaN,NaN,NaN,NaN,NaN
NaN,NaN,NaN,NaN,NaN,NaN,NaN
NaN,NaN,NaN,NaN,NaN,NaN,NaN
