105.289158771978,145.326367978372,160.480897959442,146.674541298476,122.201997619791,6.55875215153907,9.3373953467023
113.052064530159,153.124318791356,167.674675469849,154.166980524047,128.899839818408,6.85023706961619,10.043198000268
120.346197001942,160.25548816212,174.422661259559,161.133414021313,135.072655310962,7.05472959480309,10.6778594284029
104.286962878436,143.141488496447,159.420562446454,145.238314037703,120.618027475589,6.11821351290412,9.08784940703385
95.9922144099107,134.348302491836,151.647895338046,137.042290573251,113.177412983655,5.65579980591743,8.27815242777566
94.1958903903659,132.434749812216,149.961266732901,135.263984386416,111.559890465453,5.55282051467958,8.10195439315674
92.5625570755329,130.014264931126,148.258956448408,133.384955835038,109.628984659669,5.24425362330638,7.86311525298856
98.6651308833054,135.83069746845,153.860424992912,139.17734132477,114.6524942458,5.37454509490559,8.37508982828534
100.314389876444,137.419584466715,155.383195926691,140.751077773597,116.020927520105,5.4148996278815,8.51468475526301
103.80327261143,140.769166198335,158.62291284472,144.087589921781,118.906873533759,5.49489372405761,8.8059356113634
105.850255537794,142.72843981282,160.533205014029,146.048988360294,120.595526799476,5.53905537387634,8.97472664191374
107.58911660946,144.343203247559,162.181993735389,147.713395768765,121.999272798735,5.55983169080836,9.10827138588603
108.789705923028,145.330747675535,163.380510380244,148.853950703621,122.895647124082,5.53264306083438,9.17693684805358
108.719304547282,145.191136044734,163.347828913972,148.780944736421,122.797227170533,5.50780127595941,9.15805655433824
104.42739116449,140.425124687259,159.629436162477,144.604234206398,118.979487492976,5.2165148674293,8.6977395810824
101.121735894976,136.839559980927,156.757664313084,141.421053557075,116.220917257693,5.02636658326877,8.36735136904413
101.055581547195,136.763211497952,156.704738159733,141.35903709717,116.173160020788,5.02149438196391,8.36040656307376
100.562256583852,136.111817559626,156.386271280563,140.922477679149,115.92266961356,4.96344525494279,8.29986565322943
100.609938693268,136.151848867229,156.438350448097,140.971913341104,115.976403077025,4.96298732069206,8.30327137912668
101.59502296141,137.053016230567,157.44655749557,141.970258833905,116.983176238687,4.97077837505241,8.3795684818869
101.626439532755,137.083224611993,157.477370639939,142.001643588823,117.013238534981,4.97136844632801,8.38211932294535
103.969478809304,139.353167960059,159.766032750342,144.339296349317,119.222658635506,5.0144869680849,8.57003974168401
106.426335299124,141.763011934251,162.173041691045,146.799515329681,121.47676972967,5.04568214493315,8.75550297641015
108.632101148743,143.936865441971,164.459191299057,149.061474465415,123.432838819251,5.0085261967789,8.87923130832966
108.27589048556,143.603057323331,164.424711494494,148.775990590537,122.971615813051,4.87334542449356,8.76684899323121
108.091866532724,143.427033903035,164.305429332131,148.600758446502,122.776466468721,4.8481088469813,8.73799415772122
107.903817346252,143.247160248129,164.183538060655,148.421693375777,122.577048540369,4.82232025915135,8.70850816820832
106.474942508329,141.918775769699,163.178255869999,146.974150048071,121.060434160062,4.69088111577247,8.52762969164941
105.514548333927,141.146254158413,162.628902410845,145.855350738177,119.890075129871,4.62371454568231,8.42609203511917
105.644637466683,141.314883324938,162.794098915064,145.921617964687,119.950684300054,4.6353610204884,8.44438723249523
105.795611576785,141.510584824471,162.985816660336,145.998523970126,120.02102388445,4.64887726225598,8.46561960667176
106.031210928681,141.775290420258,163.229622791499,146.164673230866,120.188596445621,4.66814533379067,8.49612775096337
106.160215553928,141.914427581462,163.355221720858,146.262231154852,120.288598528984,4.67843548913441,8.5124582237465
107.287141585736,143.098078217244,164.408759844522,147.126781217708,121.198671859954,4.76927738325337,8.65612774473359
108.006568363415,143.826676856284,165.042399282153,147.683720816568,121.809921943105,4.82886203689269,8.74996297024132
108.673610412708,144.471273289075,165.570923453316,148.162417386689,122.405052348378,4.89213190366319,8.84934095746733
109.396517034808,145.102094485899,166.015354591986,148.558232885104,123.092422285014,4.98604252725107,8.98983949374452
109.449372556317,145.105848523867,165.963296845574,148.494932011441,123.16401548154,5.01232255112018,9.02423373766891
109.457414948333,144.992249200903,165.722258519212,148.220384407114,123.224648920614,5.07342775133046,9.09857823182828
109.35659412193,144.801928282579,165.446243541091,147.912242131954,123.165302025073,5.11623567872253,9.14479587552529
109.355976699355,144.800901378486,165.444796997288,147.910561947621,123.164802088749,5.11646750242247,9.14502305594702
109.194964339918,144.533103832118,165.06756519528,147.472401027459,123.03442796545,5.17692282488758,9.20426749754917
109.116028810567,144.409684632059,164.89036964677,147.259925985191,122.957881273563,5.20681067896807,9.23251981743523
109.04968413143,144.309260951607,164.744694069031,147.082322990484,122.888231298517,5.23203630542541,9.25593253826783
109.010230290284,144.249541016453,164.658063744222,146.976706075437,122.84681186463,5.24703747615999,9.26985561063095
108.924820919536,144.104265424947,164.42633218652,146.681941531435,122.740782197338,5.29669995900134,9.31584180074324
108.89410976062,143.988122670774,164.166427007112,146.311746363627,122.637269570804,5.38323205529825,9.39568831619391
109.47742418827,144.31189174901,164.04510454386,145.84691931201,122.783183165419,5.67147685285531,9.65286556507986
109.510539260873,144.33370115674,164.048596177988,145.836367676027,122.795328275999,5.68358084556131,9.66344909937407
109.990726099916,144.654084903656,164.161808082294,145.793433654383,122.993252543023,5.81988426982205,9.77618531638652
110.402819325695,144.867697003592,164.163481221464,145.637383500342,123.094332285901,5.94236938399959,9.86874762933885
110.626044743621,144.946398142025,164.110121463075,145.485690546645,123.114845050011,6.00773509580454,9.91414818330091
110.920862625271,144.998440855237,163.965018548486,145.192314175108,123.099482601829,6.08762509858101,9.9651634382447
111.089722456308,144.992630889799,163.829623997623,144.957203096554,123.064172495296,6.12508553711739,9.98697374718937
111.26466831434,144.981704625796,163.681976836833,144.700759956255,123.030992479314,6.15019571859055,10.0025719987053
111.376351507767,144.973349613803,163.585647560062,144.533434197168,123.010767635067,6.16237316731668,10.0105618366801
111.731539939993,145.011324137166,163.372206482744,144.108545192742,123.017025135932,6.17263543659054,10.0276262341725
112.242414673889,145.06502369002,162.924976743469,143.229088688145,122.982336692302,6.12024772949651,10.0360493237698
112.60168927275,145.230754711982,162.77757874082,142.820932122794,123.079725532043,6.09302317138082,10.0450081522293
112.621865009757,145.243303877949,162.774770829231,142.806241426407,123.089394394848,6.09280933108959,10.045568658079
112.632849947974,145.250136431961,162.773242025831,142.798242888752,123.094658730941,6.09269290300636,10.0458738326621
113.215242052107,145.64344080015,162.754983451335,142.482915589728,123.432471844842,6.11196290704228,10.0602241469572
113.459786441566,145.779971264401,162.600218368398,142.164654663177,123.605631017315,6.1664664325428,10.0425197635945
113.601803862314,145.869237550607,162.524120811156,142.027129785258,123.751609169713,6.22579158612274,10.0251087753535
113.617783721108,145.879281829972,162.515558282609,142.011655429238,123.768034691667,6.23246687688736,10.023149683771
114.010966955263,146.169827788576,162.465568604083,141.879179076202,124.258870117955,6.43448161216935,9.97575982124908
114.56031990104,146.53376271865,162.380115312313,141.570108932912,125.07390409166,6.94160537353578,9.85128438747211
114.579667851751,146.540286311969,162.369115023514,141.537107385531,125.102687654101,6.97357704560936,9.84298282687065
114.773240378537,146.624169868916,162.369889976182,141.351998188966,125.30550601019,7.20261914201457,9.79434942401557
114.926132659629,146.701078127319,162.434533310943,141.299687695665,125.420688710571,7.32650141361917,9.77728048004011
115.102788172437,146.792457638648,162.524279809175,141.264084523412,125.544980974279,7.45527841606951,9.76302778665627
115.395507916028,146.950013775927,162.709135751704,141.271140852501,125.73502581034,7.63244406627628,9.75367241651137
115.441275418507,146.965587838718,162.733395012138,141.256910902824,125.758903527601,7.66921355509376,9.75096118883869
115.796630096542,147.02025131919,162.893467842746,141.051423161612,125.918095859121,8.01814556266333,9.73020316727732
115.810644479222,147.024083420983,162.900840374999,141.046761541887,125.926036212959,8.03012681431984,9.72994851970661
115.963914789723,147.086680676079,162.990502261486,141.02495390548,126.041570391716,8.14859468520704,9.73225180453077
116.074868676931,147.139840504181,163.058834239888,141.020231055576,126.136088043713,8.22958905851316,9.73584879085364
116.154424115703,147.177956820391,163.107829193204,141.016844708275,126.203858479392,8.28766312034647,9.73842787872854
116.781493440036,147.638982305945,163.553813415155,141.10566575141,127.025088441023,8.7349878768453,9.78736360902972
116.886335254753,147.741593992111,163.629030579278,141.069101040124,127.278121530463,8.873079243229,9.80118892753009
116.89658510302,147.75772236435,163.634439890488,141.039158068523,127.345368397498,8.91491117139951,9.80426308959229
116.914210200828,147.785455861549,163.643741456391,140.987669715779,127.461002558893,8.98684314603031,9.80954925633479
116.929098074618,147.817912769886,163.655641241257,140.934740971316,127.588286159419,9.06280709803363,9.81548039759083
116.937741272002,147.867116386914,163.676141572158,140.872286814919,127.761722652442,9.15802158499022,9.82385221800631
116.942907771242,147.896528008406,163.688395711372,140.834954640589,127.865394878059,9.21493635305106,9.82885650078328
116.948473854165,147.928214362462,163.701597601445,140.794735147972,127.977085246695,9.27625298233836,9.8342478212145
116.954320527176,148.082578842684,163.808879064305,140.682317818634,128.452670030339,9.52216342130932,9.85749854995291
116.963876215892,148.210773372281,163.951935118372,140.657524647859,128.817128144858,9.71134883706342,9.87491802444572
116.965535146025,148.233028782052,163.976770586106,140.653220391064,128.880400460054,9.74419266404729,9.8779421592825
116.970024351356,148.256855504614,164.013681766589,140.658871190551,128.948060021648,9.7808994412002,9.88102627604838
116.988758227803,148.331896662744,164.147414869186,140.694043983137,129.161015160989,9.89912094412436,9.89047951592428
116.805037976341,147.959903434886,165.084176225927,141.153932144173,129.80046118954,10.6990442243769,9.86705002107692
116.991454684526,147.858156028539,165.598425931933,141.661963840008,130.073694094102,10.9231118904002,9.85698462502942
117.175858198067,147.592853338706,166.238898301598,142.3630520562,130.464952127621,11.2116004992568,9.8267395478857
117.181268407198,147.570257771918,166.273091230427,142.402067571908,130.486097626789,11.2287186181488,9.82418912204027
117.44940133509,147.354161501264,167.227658370866,143.500138818146,131.362991202077,11.5798006713669,9.77813474125083
117.801496519247,147.465075409119,168.352058659796,144.751541879722,132.578354306757,11.897903143699,9.744490725528
117.930090741223,147.570572142261,168.779433468392,145.214371762509,133.059236172095,12.0036694022207,9.73473636645651
117.948250248167,147.585469924047,168.839785447547,145.279730550337,133.127144181012,12.0186052451885,9.73335889903563
118.043737922309,147.682562820003,169.33287910515,145.812404347825,133.691897114653,12.1450795668531,9.71597882828437
118.045681213676,147.688822398452,169.383051707745,145.866409210998,133.750819802004,12.1586016131812,9.71331000792008
118.058862835885,147.731282010909,169.723379619569,146.232731892329,134.150500785405,12.2503235799992,9.69520701914479
118.079198017227,147.813414963445,170.158985145178,146.697923378491,134.654583546115,12.3604957972912,9.67411515971619
118.111157360542,147.956744379201,170.76699647047,147.3434242505,135.350438584488,12.506809441507,9.64682226419559
118.166211825848,148.157145016486,171.395241478338,148.010383041596,136.049671943738,12.646192370486,9.62406273993502
118.200286012842,148.273749935266,171.750933795272,148.388760551054,136.444192227782,12.7245553684138,9.61166688719709
118.214102959713,148.310763757326,171.849875365984,148.495182304916,136.551937200699,12.7455618531466,9.60894338111741
118.228646531136,148.349724113023,171.954020211712,148.607200711924,136.665348414019,12.767673055708,9.60607664756485
118.461772178445,148.8762841356,173.320282958996,150.093955407327,138.143696530691,13.0564722960332,9.57395670205399
118.537458453331,149.112334040785,174.246701650011,151.159805485198,139.151337311432,13.2772512071345,9.54068757532605
118.584888254887,149.177047651412,174.6366814066,151.630289029612,139.571803386721,13.3740573548855,9.52761392781304
118.677490381308,149.257038197449,175.147715406592,152.253925369175,140.117905266337,13.4995999393766,9.51370652587024
118.724163466556,149.278542458991,175.301512648071,152.444160850067,140.279205674591,13.5364956645369,9.51150288444399
118.754110715883,149.292340421533,175.400194882425,152.566223262417,140.382702229768,13.5601693830113,9.51008894322133
118.87298542215,149.347111019206,175.791911046214,153.05074634017,140.793528695388,13.6541414970815,9.50447634602807
119.012858613428,149.388892935578,176.123843362905,153.459239161972,141.134289358188,13.7322541410071,9.50391986945421
119.244389038931,149.455495778699,176.658766010447,154.115543677952,141.682101969925,13.8581495480837,9.50372619422245
120.282721967989,149.420524812408,180.227926616368,158.096895120456,145.693625095247,15.0675576895965,9.46783387800521
120.144345099839,149.378842294571,180.286214442115,158.143945840404,145.926927101576,15.1880597720863,9.45247322981815
120.094620146368,149.363863914964,180.307159846227,158.160853253409,146.010762872428,15.2313615213242,9.44695346682165
119.955815308347,149.353048536799,180.321055992124,158.178567986766,146.257632941715,15.3605926944868,9.43266598237974
119.822421105936,149.362227743185,180.324499272392,158.20345082547,146.552191887675,15.5107243971219,9.41826880568512
119.781338256465,149.375114489697,180.321797002892,158.217086107818,146.675958215658,15.5718015192094,9.41339180588816
119.727959470365,149.39639639083,180.319609805683,158.241712339374,146.859316339161,15.6610787135748,9.40661761358477
119.717906064528,149.445218764083,180.332270715205,158.314585400177,147.11651862165,15.7758511896307,9.40102125198739
119.786998771995,149.568397792761,180.410952531255,158.553540505554,147.697552611848,16.0188787578743,9.39277689991384
119.815667900415,149.571782633165,180.430282466139,158.711573807986,148.049188322586,16.1821476774429,9.38115864079034
120.13622122197,149.540841685555,180.914971864473,159.803560977832,149.64016156404,16.8624192594848,9.32363480672124
120.25696094741,149.611037934472,181.148520518148,160.135411020856,150.049159504211,17.0081073888187,9.31435273545876
120.391575445711,149.761839580071,181.632100138724,160.759709348491,150.859468435439,17.2998990229528,9.28897628040845
120.212197791219,149.833622456033,182.128450464687,161.410871391764,151.905437561875,17.7267590660295,9.22967467546346
120.21628594338,150.012529121145,182.532964024952,161.980099447017,152.798795029408,18.0418760614295,9.20871294443811
120.283381103993,150.075520855238,182.657510875037,162.186183995887,153.088476729212,18.1352263700933,9.20984782703096
120.296374391286,150.087445068783,182.681055456323,162.225293484392,153.143305261654,18.1528611288272,9.21009629382061
120.313896914796,150.103525857847,182.71280727323,162.27803586716,153.217246076408,18.1766430608014,9.21043137185477
120.364245206753,150.045821069006,182.818309508601,162.634006111401,153.751318911212,18.3880572067504,9.20556196353749
120.366191816947,150.024622827353,182.821990950436,162.678043685289,153.819454297216,18.4181036834751,9.20452901857013
120.480201386068,149.905675186203,182.84992406451,162.970126051344,154.210127130212,18.5846900246212,9.209495889936
120.588871911168,149.853993513133,182.876370736045,163.143253800017,154.420453039293,18.6728233797574,9.21743144207861
120.836055366813,149.770035155761,182.942801939759,163.496237302363,154.843013848702,18.8514919484058,9.23727383335342
121.067481460653,149.729846070239,183.01456774039,163.790182344157,155.196939517499,19.0063495006052,9.25822332720877
121.179049441298,149.394499093315,182.846823452786,164.040309208401,155.667760394372,19.3730083903383,9.281802716249
121.138138541063,149.286465855951,182.751854345466,164.052697836285,155.784819559018,19.5043908748276,9.28655675980819
121.100108718573,149.202328434386,182.645700192768,164.163571077231,156.136396185464,19.8152091799602,9.30220892715432
121.102331730926,149.203502820049,182.646577751657,164.169779513402,156.146696300853,19.8222858533964,9.30268105098082
121.10280199904,149.203751255975,182.646763395234,164.17109287973,156.148875243239,19.8237828913538,9.30278092662087
121.167896969328,148.873760096866,182.480260259681,164.625256801855,156.663281087177,20.4286090720245,9.30336282974671
121.315622321578,148.885639387952,182.562649059399,164.812822748475,156.779696039227,20.5322740706624,9.30611706527232
121.558592601215,148.940681011131,182.722396668296,165.104023046368,156.955079514745,20.6828924109327,9.30999489239995
121.657057916903,148.971699560281,182.793119270108,165.21790428393,157.022311834088,20.7392465712214,9.31139260890313
121.754957522443,148.943260289938,182.858005037863,165.361100844498,157.046817738732,20.8679499425079,9.29965963303511
121.850303444652,148.924927594443,182.96698584232,165.539238516607,157.028838353381,21.0845917474438,9.26766804628276
121.907084550402,149.003967695532,183.082009449953,165.652493337983,157.054417232503,21.2014327257172,9.24623290231463
122.036176773409,149.281912531795,183.389325430679,165.935329272091,157.202902117634,21.4269816823444,9.19398174262744
122.070616990588,149.36753115023,183.47495811507,166.015616857492,157.260965272477,21.4764315965143,9.17923586119455
122.078200295201,149.38638329802,183.493813360008,166.033295178555,157.273750052193,21.4873198484762,9.17598900272906
122.092729562089,149.422503156131,183.529939152113,166.067166038023,157.298245108908,21.5081812442346,9.16976816951749
122.106066082161,149.455657837398,183.563099280236,166.098256347028,157.320729300166,21.5273300715919,9.16405802132956
122.074878364633,149.472716103125,183.579410667697,166.115809163439,157.325496616218,21.5593227929252,9.14368445541335
122.055695143665,149.477260927448,183.583542255374,166.120930624335,157.324823178617,21.5741739954994,9.13327351480683
122.025963083112,149.484304947437,183.589945800181,166.128868372941,157.323779418158,21.5971918638198,9.11713760535603
122.008375906535,149.488471642279,183.593733639676,166.133563728182,157.32316201058,21.6108074460251,9.10759285522865
121.963313797586,149.504797480327,183.610099842986,166.156228957398,157.331243252256,21.6492600151857,9.0778573836209
121.956391532819,149.510116259042,183.615927841443,166.165001579899,157.337292182836,21.6569413339465,9.07066279517378
121.928956694386,149.531196041401,183.639025801641,166.199769894755,157.361265757774,21.6873845120463,9.04214866312552
121.898343303902,149.621260933713,183.750892626137,166.363969341563,157.492580448406,21.772428468034,8.94719964611781
121.899511166321,149.641727239228,183.777549544561,166.402750033366,157.525130162114,21.7875297991464,8.9281450935276
121.899667755297,149.644471396223,183.781123749446,166.407949814371,157.529494482997,21.7895546112635,8.92559022676235
122.057253295253,149.853760012396,184.089424071626,166.815196416573,157.886877573559,21.8656530829104,8.78656551781752
122.117947804744,149.916885288811,184.186803617968,166.936417036183,157.994207450193,21.8794989358585,8.75190891638156
122.146884162766,149.946980525001,184.233229718791,166.994209467131,158.045377412068,21.8861000034243,8.73538623854153
122.160428496739,149.977935900433,184.387212025126,167.208624480618,158.216822490451,21.8958506092845,8.61774053388144
122.342481552668,150.400179991351,185.238693062475,168.175268558921,159.033106479616,21.8750471591453,8.31734999415369
122.389013958719,150.507441255634,185.407265408204,168.358582572907,159.194172886754,21.8722375363765,8.28406461684696
122.439625289507,150.625962538574,185.590854399793,168.55901115007,159.370936413221,21.8698773329322,8.24987122951055
122.539792803471,151.12789273334,186.380335429493,169.468185613411,160.17667110186,21.8684990827745,8.11841063566162
122.433183117821,151.392239770696,186.883174458266,170.132185922244,160.759702626599,21.8840252451246,8.01977275039119
122.411616943095,151.456994833455,187.012847386839,170.318417473584,160.925616917361,21.8987665087561,7.99922552740327
122.369896233446,151.594841560848,187.306450610176,170.758303055127,161.319547028198,21.9458981911979,7.9563081719981
122.350962568039,151.675574944272,187.571098514822,171.210362671373,161.728288788175,22.0329039658477,7.92132205344761
122.351105407887,151.675166157545,187.579447976928,171.22750459528,161.743888999056,22.0380490704616,7.92014968639246
122.351617182638,151.666378061738,187.705126512765,171.488061571898,161.980899106128,22.1169943252956,7.90205505355049
122.127303533587,151.319868874521,187.518635856275,171.446899641991,161.928206891225,22.2044843485289,7.86779724282875
121.905588377224,150.775752433548,187.176293673891,171.229377552423,161.711597364432,22.3148028740723,7.83652770444284
121.795821335206,149.727972365004,186.482086656423,170.4838672428,160.987374506718,22.4011322253398,7.82879026976901
121.615034748327,149.227538765915,186.058073016601,169.876025378079,160.377613239163,22.2783098225337,7.83993320176048
121.60095761449,149.147252643829,185.982031517043,169.720191586952,160.21524107608,22.2167972499076,7.85399905562442
121.601337083977,149.109582801769,185.942758703869,169.621633674676,160.110857618249,22.1698024942582,7.86615924764416
121.661186633445,149.113021114722,185.914462256634,169.435350769482,159.906336965205,22.0393877094798,7.91003047597765
121.721519825143,149.158784784108,185.927347343197,169.364308625354,159.82711973229,21.9681881089121,7.94007633113881
121.725849016518,149.162476520428,185.928648213373,169.360407251095,159.822765956527,21.9637399894436,7.9420875461286
121.772212350217,149.198292552781,185.903431928764,169.22071449571,159.67790590664,21.8601032168522,7.98453047482616
121.755872890358,149.181840249378,185.872019159477,169.169153887945,159.627834570194,21.8389799443172,7.99109147868042
121.667590854263,149.088273135199,185.682597479274,168.863406811204,159.338999360806,21.7167679238639,8.03207084428849
121.644697424038,149.060026155982,185.616694887074,168.760977568936,159.248508215694,21.6781896634339,8.04740899151795
121.64344432167,149.058480019986,185.613087620991,168.755370968053,159.243555062446,21.6760780310116,8.04824854541765
121.60069762829,148.869090755831,184.984935746822,167.831844295915,158.582988663095,21.3581956374324,8.20818276529538
121.610678636963,148.856775070899,184.918205870324,167.736092873096,158.528529736719,21.3258393090562,8.22590795965244
121.596748395275,148.8250342216,184.836728444098,167.628750420559,158.459205739104,21.2944600210922,8.23941701689917
121.255947059266,148.403171712948,184.072891613847,166.689210323981,157.77058554252,21.0548413492463,8.29731655164506
121.121414333272,148.210352729745,183.602903740858,166.041343640224,157.243854866481,20.847041144847,8.34464202191124
121.134554122447,148.155599307052,183.363865451113,165.648443302233,156.846776477829,20.6918270779336,8.38122408442043
121.463122406848,147.47455360654,182.355670802553,163.873114886921,154.0796756115,19.9303824254231,8.50446970594116
121.471409495191,147.335027745652,182.22079008663,163.637679735494,153.710043280397,19.8112098736287,8.51481880528571
121.498500381753,147.242385539066,182.130736147754,163.429253542859,153.385507449714,19.6762989824054,8.52863072847075
121.526470912498,147.232642655708,182.114970039658,163.322530599503,153.221949522574,19.5809843405714,8.53982924007461
121.58546831426,147.288513000063,182.143026853421,163.155998669866,152.968720046203,19.3903661586865,8.563612452867
121.631870413055,147.434932985341,182.238818924698,163.051894989082,152.808003437774,19.2105823537899,8.58702043494805
121.405430318534,147.407849917447,182.139725073339,162.743599103051,152.447326377584,19.0032611963465,8.59092353997587
121.139034364198,147.409353333562,182.056821596904,162.444338015373,152.06625477623,18.7688616976408,8.59712550340183
121.055474350803,147.424698418526,182.042708018978,162.355927917209,151.937718703853,18.6785596333446,8.60147840426157
121.021495094402,147.430938419637,182.036968803967,162.319976398391,151.88545016077,18.6418387560772,8.60324848935844
120.979269794717,147.453747997158,182.04113695208,162.273511863549,151.796463743025,18.5639471610302,8.60917331409177
120.778703517915,147.402306596812,181.946439324496,161.998634840273,151.252375080381,18.0958635566197,8.63859650326936
120.746919007583,147.360634218497,181.906958438699,161.951575274712,151.179294822398,18.0460471782002,8.63933194756499
120.726927914236,147.151611174031,181.733533455604,161.756086968525,150.850899098888,17.7572765624148,8.64881034043122
120.924611197445,147.048437676758,181.661247262058,161.634059207687,150.64526482815,17.4868646064369,8.66241968861163
121.058722388507,147.051265541708,181.661906650115,161.583548599076,150.578331787077,17.3793742388606,8.66805113938665
121.094621967289,147.052022519256,181.662083158528,161.570027657543,150.560414803698,17.3506006600972,8.66955859532043
121.004288435627,146.83020880963,181.357302828971,161.028748957089,150.023576649435,17.0886371578738,8.6472102107465
120.946278381419,146.805231749574,181.252356840459,160.750466282923,149.750996076094,16.9652064479689,8.63726544509972
120.916450738032,146.810836778607,181.212724160412,160.618803198276,149.621360609196,16.9074302545751,8.63309605251864
120.915110536027,146.811088621203,181.210943402992,160.612887372885,149.615535887798,16.9048342811271,8.63290871528164
120.901972901359,146.822162466544,181.199857339674,160.560097260636,149.561834984892,16.8806744329526,8.63177131506432
120.872169226141,146.861588580058,181.185297037823,160.448984896105,149.445657865101,16.8280067360528,8.63035301677837
120.855595550727,146.883513245505,181.17720012645,160.387195863349,149.381052347158,16.7987184920064,8.62956430816237
120.813284960521,146.959799498353,181.167254146803,160.232452130984,149.210181003826,16.7191638820553,8.62989352253098
120.800914315106,146.988522199279,181.167734432863,160.188155228719,149.1583450745,16.6943920942919,8.63072992248214
120.77965829197,147.037875355473,181.168559690662,160.112041497561,149.069277311581,16.6518276462668,8.63216707762771
120.698727368736,147.061120227624,181.120899965683,159.960480048309,148.892349945671,16.5852330655494,8.63180143838357
120.586663857901,147.042187600802,181.039135203236,159.793530849864,148.69771400971,16.5226581323666,8.62948290964757
120.445776567445,147.01921592552,180.931818235005,159.575926242492,148.437979525461,16.4375289225368,8.62780326920983
120.247503290357,146.990733075136,180.715919332936,159.157640538726,147.872349181656,16.2340723062307,8.6397252145247
120.234469881402,146.979756149499,180.580833436634,158.918709518947,147.493326072845,16.0833338204988,8.66033808480203
120.236631456804,146.979545809379,180.578053036208,158.914273284552,147.485217818001,16.0798825633314,8.66099849948352
120.298042177317,146.973570011236,180.49906139278,158.788239119734,147.25486093502,15.9818317671051,8.67976099158956
120.353496467908,146.96901868108,180.459408876055,158.729598909864,147.138592182288,15.9310942351615,8.69105067708934
120.707426714422,146.641334803406,179.930884321699,158.126343557706,146.117915223726,15.5717706042327,8.76086940338854
120.821076071196,146.491086428718,179.729865058716,157.903744878502,145.764029271463,15.4618746707366,8.78171814829857
120.841354018006,146.464278282709,179.693998090013,157.864027591004,145.700886982579,15.442266430467,8.78543809667619
120.906332412386,146.401357617431,179.607357963515,157.760565723657,145.532547001643,15.3889807881154,8.79697426366496
121.138013204031,146.219705703847,179.346446056799,157.42230232397,144.973138014788,15.2082835573128,8.83943719466489
121.403667009489,146.093000201239,179.113917149408,157.01661576348,144.282495565174,14.9707905753377,8.90270344018208
121.372137671338,145.943777370998,178.897072352863,156.664435251114,143.766559397271,14.8168570225712,8.93179890171872
121.268307736846,145.791034824507,178.687749275467,156.337094418542,143.308130331246,14.6879339989024,8.95154790786752
121.240145591137,145.758665039838,178.640663377013,156.258626488477,143.195807012636,14.6553672492637,8.95696783616702
121.167981882789,145.675719524099,178.520008755078,156.057557405228,142.907985648141,14.5719170233071,8.97085605793553
121.158664898247,145.665010511139,178.504431156959,156.031597576066,142.870825318314,14.5611428477133,8.97264915242155
121.083025472236,145.334413331533,177.866422847817,154.928287203,141.107919928551,13.9966266806291,9.08035598866464
121.054793018514,145.190003168028,177.662464571542,154.68054845693,140.759480694279,13.9043291210571,9.08239757483451
121.039310634284,145.11081013507,177.550615972364,154.544691103083,140.568400239179,13.8537140985424,9.08351715947394
121.065990865977,144.8545131384,177.168286027941,154.088949598955,139.92668474825,13.6801560198655,9.07840471178399
121.186223177236,144.618298397089,176.773041383273,153.610407117475,139.260004743569,13.4901795662092,9.05798811310648
121.201511607247,144.594177156706,176.731180480718,153.559367637372,139.189160451918,13.4696814687098,9.05536743022957
121.251195890908,144.544454304021,176.628292516044,153.425417890843,139.008360469193,13.4135689469194,9.04427917487193
121.342209468049,144.466925072211,176.455494232191,153.195136282823,138.700537145048,13.3157458603883,9.02275130269561
121.430122606938,144.193736964048,175.809667532046,152.266062492761,137.582968875004,12.951274908591,8.89858213066089
121.334250331362,144.057197053352,175.548059557992,151.89603188872,137.175417549118,12.8269897270503,8.84408202739852
121.300384168163,144.021966139488,175.472423645762,151.782925203379,137.053582409614,12.7874745819204,8.82594776210262
121.135831167997,143.860740887577,175.111650164991,151.23526919212,136.465772420646,12.592560411941,8.73678413319522
120.798273802292,143.564618302285,174.158387327283,149.669497169316,134.796231937716,11.9449546432211,8.47450867704157
120.536737307003,142.67744390678,172.521844628951,147.507763652423,132.488076089098,11.1468065710669,8.26428876645556
120.619705798226,142.545280922099,172.222574391903,147.10038165837,132.061318298049,10.9842728062204,8.2483158046605
120.672431261888,142.501570329929,172.093158545344,146.911492120103,131.872593093659,10.9078171827978,8.24642604797011
120.71611303027,142.367869608612,171.778586636748,146.469450510676,131.440647828563,10.747332706344,8.23993048140995
120.618914098153,142.160082127213,171.403811739811,145.973008051113,130.973364623167,10.6009300525092,8.22883147332656
120.418459117265,141.875629966352,170.792907425067,145.115775305856,130.226969254032,10.3500976524557,8.21875591114881
120.163249370041,141.627326784693,170.075523488163,144.064552897041,129.400852290698,10.0302702566456,8.21624002064364
120.084543528968,141.543828564717,169.783564154293,143.647329281812,129.099040664002,9.89229622741586,8.21806230976681
119.697789242506,141.084227913808,168.911370506078,142.577545025262,128.27406832435,9.58387837620684,8.19998489576639
119.426351750326,140.401615763142,167.755805200936,141.294548885743,127.29870809863,9.13959050376385,8.19038794052848
119.428475227422,140.341895783959,167.657067821149,141.189948000885,127.221041241651,9.09291308714946,8.19189164909609
119.459797174562,140.201695455505,167.42467128832,140.944574523239,127.04028792581,8.96797494871494,8.198597647009
119.509950834865,140.109919889907,167.271870749942,140.784166810183,126.923744595238,8.86890112198514,8.20656281267938
119.391254255872,139.487935085506,166.483463911741,139.927404875942,126.163203436797,8.24913303883145,8.23640274958383
119.532399094515,139.606132210793,166.555762549615,139.94010023778,126.118939918821,8.00089433178011,8.27770296165212
119.52936084972,139.602831178606,166.544667742118,139.923456599814,126.094508960751,7.97538250861837,8.28121837053321
119.431797143801,139.505635307199,166.407982559275,139.767414252051,125.905411645458,7.86935195938813,8.29011347012715
119.40918878608,139.477740231458,166.367737547165,139.722574615317,125.851737528869,7.84219008487136,8.29341235077894
119.401371307773,139.463805643255,166.346978385352,139.700139700757,125.825309955766,7.83072899204963,8.29554117786014
119.380014541699,139.425737390432,166.290265907831,139.638849192058,125.753111802533,7.79941814362084,8.30135697423377
119.467437026654,138.83991436183,165.441557723467,138.729806921725,124.780085264295,7.55897995322533,8.45257193282484
119.323379535879,138.147602820314,164.637557977714,137.827112621364,123.886468112464,7.50097077894496,8.5860740818761
119.315590901643,138.078366173899,164.55849847749,137.727018536828,123.784131300499,7.49779830632637,8.6099598510872
119.421665414482,138.033300989515,164.490495076793,137.483488788991,123.470694119691,7.50801818884378,8.79060617430022
119.562697201136,138.37543556764,164.836517804965,137.693063332925,123.56554164438,7.53168760767636,8.92051566840929
119.548171006371,138.43982227864,164.901455473104,137.728389041102,123.569869243394,7.5351516334239,8.94566283335239
119.529865852414,138.520959057868,164.983286539818,137.772904658393,123.575322658241,7.53951681822608,8.97735198067053
119.564381519867,139.100396983926,165.553512739301,138.199178011265,123.812874331975,7.58419112421665,9.11359576736825
119.90290799433,140.094792254718,166.35853126463,138.685265298118,124.115923329454,7.96406453672477,9.60241006062913
119.857301244609,139.920439513471,166.19106164836,138.520796281978,123.987176264371,7.96448652900772,9.62947166912746
119.808947852158,139.824229692635,166.0990876657,138.431861468029,123.912032511456,7.95964784171019,9.63687499862882
119.79748752339,139.794410920823,166.072434878251,138.407199601529,123.890929090317,7.95594412918459,9.6398647392108
119.79655582963,139.791823259398,166.070154979995,138.405111165761,123.889136699102,7.95558344996168,9.64013657496539
119.741964550296,139.632369196884,165.930456222045,138.277649735585,123.779746175517,7.93252554667938,9.65751808893529
120.025444556803,139.449892207898,165.826268935765,138.225186492104,123.759233337794,7.8595221579864,9.74730270522154
119.993443990859,139.230303087475,165.620239897555,138.042452544482,123.61273548581,7.84256393339014,9.76761873285847
120.203404213488,138.013807778054,164.427398182955,137.203968720023,123.386830773697,7.82036187015361,9.91086964208867
120.19326671604,137.988513947702,164.39574519518,137.229719900092,123.497940205727,7.7766545759436,9.89248998759363
120.20733008954,138.011300848049,164.414752248684,137.265990042224,123.562466907115,7.75724093414582,9.88265651517236
120.232884801157,138.138261664488,164.491721679399,137.442388153551,123.963593455861,7.58998433382208,9.76996991430063
120.23204731518,138.137097978102,164.490056554322,137.441464573555,123.964786054222,7.58899789375254,9.76909043612122
120.356865084431,137.996292267318,164.273403523599,137.422450793847,124.392828669301,7.50195798204429,9.67761392874416
120.503833863917,137.988112965303,164.252036341915,137.502599284123,124.642109067219,7.50967529936657,9.67884282067454
120.497272278708,137.660812232903,163.915474551721,137.450962410254,124.968829786962,7.51402002682624,9.68337904509579
120.80417029679,137.733076584612,164.004490425304,137.80711421737,125.578571208366,7.50747577262043,9.72151979001185
121.039081934796,137.938309690223,164.222450016269,138.088292238657,125.869214773086,7.49130679234788,9.73347115366408
121.051093547763,137.959986688391,164.247480681601,138.121803424651,125.886320942024,7.47915355986401,9.72788112767358
121.414674262712,138.830274322576,165.172809096972,138.794369047558,125.983032902492,7.75501265310145,9.55496585701069
121.328624240921,138.911124570991,165.29975361776,138.913743583084,126.019715253681,7.89564014926484,9.50976027095092
121.261959959267,139.332036213803,165.908096317092,139.568068747277,126.479080247462,8.28507310936193,9.42171768113894
121.265219340857,139.708399720452,166.456339489203,140.15769362353,126.911029270999,8.53242740368822,9.36323690210978
121.168196272623,139.82448914025,166.673940434859,140.396371224553,127.057656198305,8.65003039514609,9.32031120617903
121.12077960855,140.025537554303,167.005753489998,140.742314843347,127.276378299548,8.78167002192248,9.26443585274642
121.323397517075,140.824497345608,168.179989561514,141.920595069745,128.074217394781,9.13885863973229,9.08163443891781
121.440971369143,141.036242865919,168.469535047191,142.209549050394,128.288479903898,9.22145807573599,9.0347372840436
121.545033813544,141.230733393179,168.739701363136,142.479978014867,128.487653748351,9.3019803644604,8.98742434417711
121.634963791781,141.558442570651,169.312972201692,143.089836652623,128.919901746762,9.59258758463495,8.77606384055221
121.704228025498,141.687662841122,169.51883017641,143.319702386157,129.10603712753,9.7071984378686,8.70268715144047
122.022593782739,142.200418943135,170.255542622307,144.162982720148,129.833300236114,10.099576040412,8.48500953528948
122.102677791051,142.394303444761,170.540781487511,144.501284077436,130.120070231649,10.2547060496871,8.39949331084321
122.097061368171,142.405776905559,170.563822094245,144.531084310056,130.143103348519,10.2713948964164,8.38855886229381
122.38036257816,143.817333134019,172.641266827617,146.846720176389,131.9515497887,10.8129926571634,7.99916258554466
122.358720177639,143.945328448859,172.857240632268,147.086258116258,132.140001531599,10.8403087838474,7.96479115336239
122.355236492868,144.482189623498,173.706483208512,148.027580896741,132.948910911962,10.9529876898966,7.87884161525976
122.366267018521,144.592260300391,173.870924413031,148.210291552621,133.117176398613,10.9780760612306,7.87041714702632
122.371473868983,144.64421807401,173.948547256091,148.296538309377,133.196604456203,10.9899187786102,7.86644046017669
122.405771078233,144.887754692561,174.292295741214,148.680556111907,133.570092107318,11.0568801251479,7.86589013147737
122.202554726697,145.66029742748,175.431444036009,149.999320081372,134.914543509339,11.4000661425978,7.92920770538404
122.101887904731,145.765686654015,175.603833184217,150.203960725319,135.124696124166,11.4705154945791,7.94935864010163
121.4307249543,147.190091574356,177.747558297214,152.572769864412,137.377532586218,12.132856711144,8.15391484363879
121.10231055966,147.555757290349,178.374929411649,153.265735977973,137.995284254898,12.3158932109634,8.18153949903126
120.761722064988,148.450657001723,179.714806800207,154.746253406529,139.347244263146,12.6715665655638,8.20823136746839
120.47986803584,149.381834498498,180.993605779168,156.245221502506,140.812746300937,13.0913066901415,8.19556372083752
120.290314069341,149.671877036263,181.442593836558,156.792682168867,141.362215604065,13.2554507330727,8.18334226077677
120.126303279352,150.107414312757,182.132857368273,157.583913480298,142.130031398501,13.4462130809199,8.17573898936754
120.091313642827,150.228118556367,182.325901675334,157.800285180617,142.336860636244,13.4937052261757,8.17443458786946
119.918700230954,150.755293944714,183.225350685801,158.78233174318,143.247354652581,13.6802118217835,8.16442500616535
119.561084426876,151.110201932674,183.971536611008,159.618123553475,144.012266122514,13.8455092213627,8.13560854843371
119.560176613925,151.111310287506,183.973730923888,159.620581890745,144.014533547802,13.8459911007081,8.13553081564988
119.364565512717,151.459882171174,184.579956716001,160.312430444889,144.673896590005,13.9961137809937,8.11726929416538
119.163342883184,152.201338621522,184.880402231585,161.166549946843,146.081510329555,14.8076874418919,8.11761029717563
119.202378217868,152.199072241727,184.523730241117,160.974204410964,146.167857976495,15.056524697038,8.13881174097978
119.377238036964,152.262867934589,184.104478647128,160.762919518361,146.349090020585,15.4160919893451,8.17865653371202
119.494252072453,152.254383470774,183.180318936574,160.316160101005,146.678834755511,16.1079920847818,8.19087465809508
119.534348112422,152.291830945406,183.086325538483,160.292105454231,146.74580632921,16.1859561800685,8.18543408606654
119.640898010915,152.396750994074,182.933544592052,160.259146811772,146.855917704468,16.3026385785177,8.1715015071021
119.727334777618,152.482685314346,182.824304995339,160.237102778534,146.934958671801,16.3835786258522,8.16027851943838
119.999388527016,152.736103635199,182.359272615342,160.018593238306,146.991058169401,16.5724004420069,8.10699793112942
120.286882203648,152.822625581749,180.500793069379,158.504910931399,145.974077211797,16.8178978891278,7.90725224893243
120.436074389464,152.870642127049,179.991312915209,157.967056983002,145.501872254947,16.8610404784318,7.84789213319261
120.632447588843,152.629702345613,178.040877472697,155.492926658752,142.792788326252,16.8332085649588,7.56901047687198
120.699656514504,152.652122687334,177.897360965753,155.32762326693,142.593696404729,16.8223019305797,7.54843211692914
120.819482004905,152.705076760575,177.684387668221,155.099381857272,142.324247928495,16.8071998464248,7.5204941578856
121.073288783572,152.813424281587,177.113379664284,154.578137562674,141.76281614102,16.7709703123246,7.46160049439889
121.085769526128,152.811229187807,177.033952656988,154.509475374274,141.694155016105,16.7659399623432,7.45433806116709
121.351577275125,152.893499235306,176.014537896423,153.620479979221,140.837258773271,16.7049469699189,7.36737263686296
121.543821298054,153.02167007289,175.583269265034,153.198887692567,140.437900165928,16.6796509055998,7.33189538104798
121.562723239511,154.145289532588,175.555968703741,151.061287924937,137.729735474908,16.5709870950802,7.20034326711215
121.266299882017,154.580067833017,176.166303906636,150.748044015164,137.095975631525,16.5706982646049,7.19291882351872
120.66226563132,155.346091437412,177.047500588244,150.316388092816,136.182025065831,16.5999140206636,7.19455500811131
120.02308199798,155.977073240906,177.332526933879,149.746669186986,135.276349461927,16.6267742416561,7.18700276399441
119.925680133172,157.298106331133,175.743057181289,146.866441579249,131.678265163383,16.6689794733918,7.25641881920102
120.07849320592,157.283036305375,174.571259861429,145.347420142063,129.916242530052,16.80669151369,7.3820022216945
120.075941506633,157.260170647481,174.411316366395,145.14590505976,129.685753037697,16.8282154110966,7.39828154443112
120.097044900901,157.201263612301,173.803986604718,144.349946691774,128.762460741891,16.9213987861876,7.46772898513605
120.199900929779,157.234000517053,173.331077441216,143.614991379197,127.866820864976,17.0212505823666,7.54116051389026
120.523330006127,157.466274007126,172.784591951296,142.249300534246,126.063744180768,17.2035850573816,7.67276133733001
120.492495469587,157.472530661844,172.269050740734,140.363356069363,123.55920313017,17.361573187317,7.75606183183529
119.197590513717,157.139620836409,170.118902832484,135.088746765608,117.530766717857,18.0120534695801,8.18991842725261
119.072867214854,157.113297426263,169.860303879644,134.507092037389,116.907648054781,18.0684416567476,8.29405744166129
119.071470952187,157.11337979765,169.856582452389,134.496783594249,116.89625634496,18.0691732539475,8.29618035019917
119.055208826771,157.114339168587,169.813239377912,134.376722233886,116.763578290743,18.0776940901068,8.32090564416584
118.655880004411,156.887631215641,169.204591840143,132.737498205714,114.912849329032,18.0689602116078,8.60282253501305
118.611274331953,156.862167930759,169.14812189509,132.541257639519,114.683008461315,18.0565277612638,8.63697560360791
118.374940072231,156.820380389889,168.874534894648,131.307683843597,113.220349026659,17.9376751362958,8.86312913465925
118.370072812753,156.822237894786,168.8691659948,131.281420765082,113.189540815145,17.9345449247206,8.86803650009206
118.280792511517,156.856310168419,168.770684087709,130.799676249186,112.624424774661,17.8771273504981,8.95805246617113
117.362369987641,156.801721676237,167.692163052477,128.65669391593,110.390710576812,17.6674129030377,9.23940990864872
117.190264603455,156.772582516236,167.479755984894,128.352442006598,110.097365560377,17.6446548545863,9.27079266618945
116.401782074871,156.681965746972,166.397201948909,126.943363865342,108.778229323412,17.5590338991137,9.42316098628477
115.312195871524,156.50051349645,164.378944734351,124.512546736639,106.501855753104,17.4071539416511,9.70903915727712
114.837735322097,156.015713743114,161.969012214479,121.512173743493,103.655964673602,17.0624660049013,10.090281474627
115.051297538943,155.458199079937,158.940741038876,118.250094355707,101.196510776808,16.7029800419024,10.5609460943268
115.058661249047,155.454818557051,158.861658057279,118.172479674433,101.148166179911,16.7009516284376,10.5764092618453
114.899294474464,155.284330155009,157.891459804172,116.973943475003,100.107205042773,16.7219579299682,10.8494366249975
114.922435391467,155.279554363898,157.975897931839,116.638764076466,99.4992978623346,16.7426304436845,11.020608849772
114.985851042192,155.313688692228,158.072915528435,116.598301566719,99.3591875509708,16.7462263191691,11.0720965712822
115.164942339865,155.392131776284,158.290502583589,116.554211387508,99.1212504310002,16.7437859589683,11.1728375280835
115.176830874304,155.323894241791,158.298990934587,116.439321770964,98.913100885187,16.7267188073718,11.2205596597385
115.257525399158,155.235852062646,158.30610673869,116.278599097547,98.6247967753303,16.6954436598382,11.3029732861484
115.491729395055,155.194359289185,158.299314355931,116.154910440491,98.4071331312505,16.6545297423006,11.412261380052
115.908845539176,155.270980327902,158.298114702266,116.172491825796,98.4136386924153,16.6155730561514,11.5298257115453
116.018051252256,155.299733357674,158.30199755844,116.191949499489,98.4362576985119,16.606895201607,11.556880394243
116.029675860755,155.302794028264,158.302410876403,116.194020708335,98.4386654213598,16.6059714709811,11.5597602810691
116.111524304788,155.237506405216,158.200840794523,116.14546834863,98.4036203133591,16.575311062074,11.5986012740096
116.43225523057,155.107373991914,158.053345980899,116.179665079902,98.4569357587846,16.4550616464424,11.7191409419669
117.149068290387,155.146659118913,158.45719754432,116.696331134478,98.9910313557595,16.1773609294248,11.8862645602717
118.054788354127,155.002999189842,158.308870489873,116.760750927607,99.5049720852818,15.9121123721904,12.0211455053493
118.530912896468,154.533116942872,157.531078008558,116.269011616073,99.5849407387743,15.747579909757,12.0847346798104
118.560364040073,154.511365593205,157.494669025236,116.245773654446,99.5963023796907,15.7377106275894,12.0876106965972
118.931255165325,154.095829522338,157.382292326627,116.149624287382,100.105322196218,15.359359748631,12.0735241117656
118.54793053225,153.624642800652,158.478131511353,117.155456391196,100.751210764944,14.7674877656123,11.7427900424078
118.523882666275,153.591827744951,158.496771996003,117.187142438073,100.762490030645,14.7504070303356,11.7259522802406
118.404083594806,153.423993035206,158.746709485474,117.553826269177,100.982116090563,14.6384130432605,11.5874157348173
117.871603022689,153.521268164945,161.236115617983,120.720620322965,104.53965486498,14.4583913386813,10.920123972849
117.921686095093,153.656783717823,161.667880352997,121.330208362853,105.3491989678,14.501516879902,10.844210140201
117.917722896397,153.657491251043,161.689071114683,121.365122841816,105.399033957534,14.5048497977802,10.8388209488573
117.898617940057,153.649798020247,161.737450507781,121.452659070257,105.52863246131,14.5143639942348,10.8239120455118
117.688578865713,153.636437720912,162.787721758338,123.132600371396,107.931715739848,14.7538094161822,10.5976789682899
117.554909414456,154.016354550892,165.017879602008,125.601306388686,110.912466001723,15.1326597106901,10.4282256140758
117.475263851123,154.024347723694,165.287240780767,125.870258215903,111.211287902208,15.1692541795327,10.4081469766832
117.276437486719,154.869437694807,169.50922532863,131.560293314522,117.167894782872,15.7285294169884,9.99463461004582
118.909325190402,155.227675658522,170.056267278903,135.16986877548,121.871948436238,15.9435596263592,9.4028998643165
119.019049957682,155.209908358524,170.105655813039,135.449174846837,122.252313045079,15.9459505155418,9.33508850076565
119.73809385403,155.340409159789,171.247758527128,137.765116880583,124.970472862669,15.9496550923171,8.8319754358197
120.080224478722,155.666235475335,172.638095544528,139.685713434694,126.816730239023,15.9810839595214,8.48956298179322
120.065593152206,155.666745135116,172.739657554712,139.833326686193,126.948714188296,15.9834656345651,8.45940853400865
119.817451845759,156.41391824648,176.885253915874,145.514654416337,133.4016175008,16.1535640165669,7.47546097050607
119.773404365681,156.468863784966,177.153461603261,145.846645823639,133.977005507718,16.151108006421,7.39875921901031
119.441764728683,157.621103731716,177.816573692582,148.940990688144,139.641352546825,16.1071050263575,5.74933600665663
119.762100259176,157.745509137319,177.692104137911,149.772082581441,140.907604704751,16.0356197504487,5.34301776627642
121.346200693599,157.510309606381,175.602372981405,151.5393741812,144.93778285121,15.6876010741818,3.82539522943814
121.594514412244,157.501964696025,175.774661850708,151.848424264937,145.252316498125,15.6599256935031,3.7276831913874
122.29445792606,157.659201641969,176.454993639093,152.812162123447,146.232443893041,15.5971253589514,3.49789565238217
122.212519282761,158.334532854824,177.272140509786,154.018967160984,147.522309175441,15.4440053539436,2.83895827315567
121.868431227774,158.372633925934,177.163217782931,153.809337898413,147.201835226678,15.4287767604823,2.69149681302772
121.7525656535,158.396274120872,177.126493120759,153.723502143492,147.064646950971,15.4262162702842,2.63697153763041
121.427909793672,158.529974073044,176.98029208211,153.390520857407,146.538287460465,15.4335409778979,2.45114306474117
120.83878726475,158.736123748385,176.009475537893,152.209891346838,145.156124175028,15.4887939649613,2.08882106211159
120.732108768044,158.714844881885,175.765516920729,151.968535489549,144.932502170718,15.493492562883,2.04484079181755
120.069204789263,158.742385695247,173.133962969805,149.230958089608,142.652918799801,15.5701714572438,1.65072277113622
119.860311689703,158.675142715178,172.31646717599,148.276581567923,141.847982639925,15.5859610713334,1.52994177416268
119.587714406793,158.566856028919,171.341195312322,147.054229563828,140.758333328428,15.6078815114448,1.36863429289012
118.400833565049,158.679410584718,168.04944381559,141.626657303132,134.449835232842,16.1110727293015,0.527123920920365
118.052432997136,158.702115502937,167.61430036301,140.159625638453,132.485075419621,16.2796886547303,0.329420487185464
117.7125103251,158.568510269236,167.358762756374,139.237746824432,131.247945987373,16.335787637484,0.208740712641973
117.262702473368,158.565917179858,167.232503734308,137.895637319967,129.209983314872,16.4129816440255,0.0042027468379602
116.946815513779,158.829226104254,167.373009086109,137.095939746543,127.515006680983,16.4793438833567,-0.173199175309414
116.920886052494,158.828248487947,167.369326911436,137.065987752906,127.444329128003,16.4805376491496,-0.180525474358079
115.586014758736,159.02920215461,167.441238687736,131.001281610516,116.949312734373,17.0398062315065,-0.110744994403766
115.395189634663,159.218498556691,166.809119377134,129.843846369189,115.765614435811,17.0977886955877,0.000422038488635038
115.283392935835,159.364531374714,166.264577599619,128.962703672918,114.865368367488,17.1488098480311,0.0996762231402372
114.843561970339,157.675494932128,162.338311705204,122.878817165182,108.034485558948,17.6096295050633,0.959455547888006
114.488814175097,154.806292277259,159.63742543327,117.47451951616,101.797137828894,18.1983322016195,1.82825636822076
NaN,NaN,NaN,NaN,NaN,NaN,NaN
NaN,NaN,NaN,NaN,NaN,NaN,NaN
NaN,NaN,NaN,NaN,NaN,NaN,NaN
NaN,NaN,NaN,NaN,NaN,NaN,NaN
NaN,NaN,NaN,NaN,NaN,NaN,NaN
NaN,NaN,NaN,NaN,NaN,NaN,NaN
NaN,NaN,NaN,NaN,NaN,NaN,NaN
NaN,NaN,NaN,NaN,NaN,NaN,NaN
NaN,NaN,NaN,NaN,NaN,NaN,NaN
NaN,NaN,NaN,NaN,NaN,NaN,NaN
NaN,NaN,NaN,NaN,NaN,NaN,NaN
NaN,NaN,NaN,NaN,NaN,NaN,NaN
NaN,NaN,NaN,NaN,NaN,NaN,NaN
NaN,NaN,NaN,NaN,NaN,NaN,NaN
NaN,NaN,NaN,NaN,NaN,NaN,NaN
NaN,NaN,NaN,NaN,NaN,NaN,NaN
NaN,NaN,NaN,NaN,NaN,NaN,NaN
NaN,NaN,NaN,NaN,NaN,NaN,NaN
NaN,NaN,NaN,NaN,NaN,NaN,NaN
NaN,NaN,NaN,NaN,NaN,NaN,NaN
NaN,NaN,NaN,NaN,NaN,NaN,NaN
NaN,NaN,NaN,NaN,NaN,NaN,NaN
NaN,NaN,NaN,NaN,NaN,NaN,NaN
NaN,NaN,NaN,NaN,NaN,NaN,NaN
NaN,NaN,NaN,NaN,NaN,NaN,NaN
NaN,NaN,NaN,NaN,NaN,NaN,NaN
NaN,NaN,NaN,NaN,NaN,NaN,NaN
NaN,NaN,NaN,NaN,NaN,NaN,NaN
NaN,NaN,NaN,NaN,NaN,NaN,NaN
NaN,NaN,NaN,NaN,NaN,NaN,NaN
NaN,NaN,NaN,NaN,NaN,NaN,NaN
NaN,NaN,NaN,NaN,NaN,NaN,NaN
NaN,NaN,NaN,NaN,NaN,NaN,NaN
NaN,NaN,NaN,NaN,NaN,NaN,NaN
NaN,NaN,NaN,NaN,NaN,NaN,NaN
NaN,NaN,NaN,NaN,NaN,NaN,NaN
NaN,NaN,NaN,NaN,NaN,NaN,NaN
NaN,NaN,NaN,NaN,NaN,NaN,NaN
NaN,NaN,NaN,NaN,NaN,NaN,NaN
NaN,NaN,NaN,NaN,NaN,NaN,NaN
NaN,NaN,NaN,NaN,NaN,NaN,NaN
NaN,NaN,NaN,NaN,NaN,NaN,NaN
NaN,NaN,NaN,NaN,NaN,NaN,NaN
NaN,NaN,NaN,NaN,NaN,NaN,NaN
NaN,NaN,NaN,NaN,NaN,NaN,NaN
NaN,NaN,NaN,NaN,NaN,NaN,NaN
NaN,NaN,NaN,NaN,NaN,NaN,NaN
NaN,NaN,NaN,NaN,NaN,NaN,NaN
NaN,NaN,NaN,NaN,NaN,NaN,NaN
NaN,NaN,NaN,NaN,NaN,NaN,NaN
NaN,NaN,NaN,NaN,NaN,NaN,NaN
NaN,NaN,NaN,NaN,NaN,NaN,NaN
NaN,NaN,NaN,NaN,NaN,NaN,NaN
NaN,NaN,NaN,NaN,NaN,NaN,NaN
NaN,NaN,NaN,NaN,NaN,NaN,NaN
NaN,NaN,NaN,NaN,NaN,NaN,NaN
NaN,NaN,NaN,NaN,NaN,NaN,NaN
NaN,NaN,NaN,NaN,NaN,NaN,NaN
NaN,NaN,NaN,NaN,NaN,NaN,NaN
NaN,NaN,NaN,NaN,NaN,NaN,NaN
NaN,NaN,NaN,NaN,NaN,NaN,NaN
NaN,NaN,NaN,NaN,NaN,NaN,NaN
NaN,NaN,NaN,NaN,NaN,NaN,NaN
NaN,NaN,NaN,NaN,NaN,NaN,NaN
NaN,NaN,NaN,NaN,NaN,NaN,NaN
NaN,NaN,NaN,NaN,NaN,NaN,NaN
NaN,NaN,NaN,NaN,NaN,NaN,NaN
NaN,NaN,NaN,NaN,NaN,NaN,NaN
NaN,NaN,NaN,NaN,NaN,NaN,NaN
NaN,NaN,NaN,NaN,NaN,NaN,NaN
NaN,NaN,NaN,NaN,NaN,NaN,NaN
NaN,NaN,NaN,NaN,NaN,NaN,NaN
NaN,NaN,NaN,NaN,NaN,NaN,NaN
NaN,NaN,NaN,NaN,NaN,NaN,NaN
NaN,NaN,NaN,NaN,NaN,NaN,NaN
NaN,NaN,NaN,NaN,NaN,NaN,NaN
NaN,NaN,NaN,NaN,NaN,NaN,NaN
NaN,NaN,NaN,NaN,NaN,NaN,NaN
NaN,NaN,NaN,NaN,NaN,NaN,NaN
NaN,NaN,NaN,NaN,NaN,NaN,NaN
NaN,NaN,NaN,NaN,NaN,NaN,NaN
NaN,NaN,NaN,NaN,NaN,NaN,NaN
NaN,NaN,NaN,NaN,NaN,NaN,NaN
NaN,NaN,NaN,NaN,NaN,NaN,NaN
NaN,NaN,NaN,NaN,NaN,NaN,NaN
NaN,NaN,NaN,NaN,NaN,NaN,NaN
NaN,NaN,NaN,NaN,NaN,NaN,NaN
NaN,NaN,NaN,NaN,NaN,NaN,NaN
NaN,NaN,NaN,NaN,NaN,NaN,NaN
NaN,NaN,NaN,NaN,NaN,NaN,NaN
NaN,NaN,NaN,NaN,NaN,NaN,NaN
NaN,NaN,NaN,NaN,NaN,NaN,NaN
NaN,NaN,NaN,NaN,NaN,NaN,NaN
NaN,NaN,NaN,NaN,NaN,NaN,NaN
NaN,NaN,NaN,NaN,NaN,NaN,NaN
NaN,NaN,NaN,NaN,NaN,NaN,NaN
NaN,NaN,NaN,NaN,NaN,NaN,NaN
NaN,NaN,NaN,NaN,NaN,NaN,NaN
NaN,NaN,NaN,NaN,NaN,NaN,NaN
NaN,NaN,NaN,NaN,NaN,NaN,NaN
NaN,NaN,NaN,NaN,NaN,NaN,NaN
NaN,NaN,NaN,NaN,NaN,NaN,NaN
NaN,NaN,NaN,NaN,NaN,NaN,NaN
NaN,NaN,NaN,NaN,NaN,NaN,NaN
NaN,NaN,NaN,NaN,NaN,NaN,NaN
NaN,NaN,NaN,NaN,NaN,NaN,NaN
