NaN,NaN,NaN,NaN,NaN,NaN,NaN
123.689378118785,107.90518391434,121.680533944022,104.808241838233,97.194035137304,6.45027075390056,9.72991332069225
124.625828199908,108.535549343557,122.27517651381,105.423535856614,97.8184198619945,6.4909596841732,9.80673736893407
123.981514080442,107.768703635277,121.822871766734,105.089460014918,97.5610335341292,6.51555954104821,9.73474896435637
119.974648879901,104.786517787034,119.24945359609,102.545187091626,95.0501644430864,6.387836379713,9.39093755570529
115.598666614125,101.545539824946,116.441747673147,99.7633607064947,92.3009747522287,6.24595762473527,9.01648391981418
108.124951001621,96.0646495181787,111.675166736321,95.0297740102066,87.6130386406168,5.99875370114375,8.38377353626877
103.967721854616,93.0199643539327,109.035707244421,92.4116225975015,85.0203992807722,5.86227890392187,8.03387329889071
107.035487440874,94.7096084841683,111.382913260723,95.0774617944814,87.888144144875,6.12819962413903,8.38986220989684
111.529628662176,97.6379853591083,114.182477513873,97.9396938028167,90.8477282497186,6.33996461206181,8.79888506532305
110.505479596883,96.3756732112964,113.218041726562,97.0292350612487,90.1389623789971,6.37434183396247,8.75303794921957
110.496796144283,96.3684036277137,113.211746666412,97.0230285526914,90.1331960552589,6.37416327040254,8.75238751104306
101.892876964658,89.372790647564,107.024267152222,90.9808854855745,84.5401232737796,6.18985589444988,8.13697475997281
101.888341044805,89.3240552202839,106.983625803578,90.9640721417107,84.5621997101599,6.20137960618173,8.15156541132429
101.889797797524,89.3239736117885,106.983635751206,90.9647111660195,84.5638335258226,6.20173397767011,8.15208117325091
101.96437971106,89.3197954711364,106.984145043663,90.9974275324459,84.6474805970913,6.21987686723856,8.17848682942017
101.988231432658,89.3184592779107,106.984307918297,91.0078904131459,84.6742314078684,6.22567906686655,8.18693150896385
102.163665773285,89.4258422369232,107.083956019254,91.1210495734697,84.8062350442599,6.23814771354764,8.21016981663652
106.297599682009,92.251548108345,109.71019049186,93.9007659446349,87.773362231892,6.45983450381024,8.66305392728661
106.59011774787,92.4542982599836,109.902158342882,94.1010216011242,87.9842630557048,6.47539172406721,8.69468166840524
107.722983601018,93.2049519032869,110.658907486464,94.8950795594978,88.8538119056526,6.55412454730191,8.83806466763193
107.589293686493,93.0880402904582,110.573487296206,94.8108460035187,88.7897559696801,6.5592863515212,8.83771711767806
107.383940561793,92.9139072002266,110.440523774748,94.6787392664206,88.6834155802054,6.56443759100015,8.83403553889681
106.506894147169,92.2357792633266,109.851525416241,94.0817724916087,88.1335699067703,6.55300325021545,8.78042025208963
106.206805874134,92.0050911013666,109.647602719858,93.8750591869843,87.9429964387153,6.54865357463684,8.76168647504086
105.723297471838,91.636488167988,109.313522020159,93.5363342775819,87.6303155285999,6.54063688923888,8.730605519471
104.627962999291,90.8032962558672,108.548279330452,92.7610711225303,86.9190611827046,6.52331899655257,8.66162209300595
104.572898878123,90.7616277554344,108.508813333796,92.7211605879364,86.8829610341402,6.522548128393,8.65832300770103
104.173048707717,90.4590503848139,108.222229526529,92.4313487518481,86.620818458377,6.51695044048984,8.63436657666446
103.935069283666,90.2789649585208,108.051663013261,92.2588610078383,86.464798669425,6.51361885620702,8.62010839176837
103.593218224712,90.0209599594424,107.80060713516,92.0061522443011,86.2426479426264,6.51067091895137,8.6023592925114
102.922629476554,89.5280587690274,107.237642802646,91.45656479216,85.8465928568701,6.53072902481593,8.60633692196851
103.940960585833,90.4290765739702,107.848817584029,92.1604167432884,86.8198244680128,6.64919232746063,8.83167050900946
104.228605373584,90.7481923902342,108.098850129807,92.4507112311908,87.181224791618,6.68801151858387,8.90833343422444
104.242986273522,90.865446420826,108.190423970717,92.5733119457075,87.3470484463723,6.71171638472018,8.95167921706701
104.228267719896,90.9139034311088,108.228201127952,92.6275847181966,87.423052317891,6.72364918928565,8.97302684348319
103.951337176129,90.8376709514039,108.162433330237,92.5886415030864,87.4073117135369,6.73730277517787,8.99034815988297
103.938906847069,90.8338478885036,108.159165854723,92.5864629099387,87.4060179445097,6.73782998343381,8.99096953744782
103.129576629228,90.4923849450059,107.87001374456,92.3389054361139,87.1726404508289,6.75299079281394,8.99363968213317
102.322826116838,90.1210758152532,107.550662702405,92.0447585480938,86.857861565069,6.76159665695328,8.97700942795515
101.827370989596,89.8922725038425,107.34561487536,91.8512261326792,86.641639293355,6.76673905662429,8.96200888700306
101.639671388598,89.8156867200264,107.274060875831,91.7852385167919,86.5648949237902,6.77044018463161,8.95740641431751
101.236464362463,89.686680768646,107.143059597379,91.6713199134777,86.4224495994944,6.784406772589,8.95177779996289
101.203984444861,89.6878484782433,107.140438948217,91.6721606049159,86.4202500876072,6.78741956057726,8.95292478932619
101.123316234637,89.6907486408741,107.133930216265,91.6742485743036,86.4147873062826,6.79490222164107,8.95577349049029
101.040209976541,89.8052532970282,107.208654528892,91.7818485856663,86.5165659489355,6.8197450928157,8.97515906607922
101.05382483852,89.8987690589736,107.280662586651,91.8744414488176,86.6164045928407,6.83229448748509,8.98887749197264
101.056688644953,90.1069686647858,107.447034892046,92.1001299042559,86.8827442206146,6.85834589047781,9.02038876510397
101.047793408933,90.1187587374264,107.456416606683,92.1150405584537,86.9023415847965,6.86009068320798,9.02240857896929
100.846544826392,90.1857305639455,107.513325894852,92.2386139557805,87.0923320041183,6.87405734464117,9.03991279933518
100.672015822946,90.1752070452582,107.509144289586,92.2704536054893,87.1659486947604,6.87739655203483,9.04619569058393
100.411616191037,90.1442443503078,107.491253540287,92.2995489435596,87.2525541090772,6.88004025359327,9.05488644845696
100.390551853226,90.1412976890497,107.489486561477,92.301289292065,87.2587514893757,6.88016296249363,9.05564016325711
100.387965792337,90.1409359285471,107.489269630148,92.3015029540012,87.2595123394413,6.88017802741951,9.05573269654175
100.18724307499,90.1174323740263,107.476180906638,92.3220750384909,87.3231827002195,6.88154596807761,9.06445232931438
99.7458903155435,90.0630153984087,107.431648466634,92.3366402221481,87.4155140635001,6.88339881011545,9.08665986881674
99.3729738431648,90.0311868883467,107.376884057461,92.3200718271369,87.4430280308797,6.88543329444468,9.10672724595085
99.3293179108094,90.0398832618185,107.378715610331,92.3293986080796,87.4589052364688,6.88617749148655,9.11091311616082
99.2671884763355,90.0890007363686,107.41332477618,92.3879612585101,87.5356972364493,6.88810199243471,9.12229454476851
99.2645321617258,90.098920855276,107.422269944597,92.4010864791546,87.5518408119336,6.88830298658446,9.12395902136459
99.2549383442427,90.1242250500807,107.445309143584,92.4356049548678,87.5946345449882,6.88872483717287,9.12826286352043
99.1930231210704,90.0988969963316,107.42787971175,92.4274147209222,87.5927803420374,6.88599713057388,9.12542950022397
99.1739317544575,90.0910871696858,107.42250540062,92.4248892877429,87.592208604321,6.88515605072267,9.12455584145851
98.9536459206837,90.0086256958128,107.386576971284,92.4327888118939,87.6300971029943,6.87252396554787,9.1169676515526
98.9072507444947,89.9963312694648,107.392989176519,92.4536735550734,87.6608661006057,6.86833874261937,9.11746667308667
98.8847075860826,89.9929687144261,107.402579045909,92.4725534657026,87.6860874219521,6.86561090114588,9.11888546218206
98.8097845779941,89.9909327208196,107.453267415553,92.5597452676162,87.7981390856506,6.85433207146272,9.1285107891211
98.7784852042742,89.9997418465026,107.494329498163,92.622004682612,87.8747830818555,6.84728163111478,9.1377211363595
98.7602143652887,90.0118420425588,107.529563395824,92.6722690633693,87.9352152863482,6.84145495056485,9.14748115824509
98.6134348997681,89.9907058113333,107.579408898513,92.7635675447783,88.0538950944589,6.81786821026411,9.17586038849684
98.6125854781839,89.9903526654059,107.579260131888,92.763518464813,88.0539088072147,6.81777949988595,9.17591664155487
98.5478401604325,89.9634348831112,107.567920718561,92.7597774509203,88.0549540322825,6.81101774373488,9.18020440888274
98.4018457288983,89.907532662704,107.542621856166,92.7511332269126,88.0569763500009,6.79442066938197,9.19228757210375
98.2342840773736,89.8497813687741,107.514152298281,92.7413876033296,88.0595913183992,6.77356829325111,9.20916710591883
98.148994237321,89.8288924542779,107.501631627271,92.7393590066203,88.0657141851526,6.760566625579,9.22047117058199
98.1270347733694,89.8235142126892,107.498407946425,92.7388367064696,88.067290631675,6.75721910314983,9.2233816133771
98.0809536626765,89.812228174627,107.491643173195,92.7377406792118,88.0705987455189,6.75019445300603,9.22948906831781
97.7884819132518,89.811444494176,107.478286715911,92.7779448334692,88.1668369967902,6.68454223762581,9.27870839915297
97.3940916897565,89.6895605425036,107.337376837564,92.6717007205871,88.1072885067808,6.62311664093237,9.27548634930557
97.2743115325869,89.6586510444562,107.299499803236,92.6446292947726,88.0957081019826,6.60184223573975,9.27199851581672
97.1215387562208,89.6361748062241,107.267883007129,92.6273705705705,88.0997595617479,6.56847020304897,9.26680143428671
96.9722244703748,89.6416370253635,107.265899539222,92.6390108384337,88.1324642490408,6.52592527324897,9.2627350912436
96.4369917394117,89.6032986202922,107.255465349474,92.630952251894,88.1314100183994,6.38868428521268,9.26467254950803
96.0692237850776,89.5487478985026,107.229409990826,92.6106001539986,88.1148242696589,6.30230489217307,9.29226669637324
96.047961624373,89.5489573931201,107.23092629336,92.6145215871493,88.121712675338,6.29590964092589,9.29602431776831
96.0102359566558,89.5493291015479,107.233616684349,92.6214794258222,88.1339348435062,6.28456248167572,9.30269150357912
95.9805809062538,89.5496212907344,107.235731522474,92.6269487804823,88.1435423345058,6.2756428097429,9.30793238447595
95.8697028349719,89.5624238991866,107.252870567316,92.6690995728383,88.2201857037422,6.23553290779961,9.33535792392351
95.7944654203216,89.5576729932173,107.250382340913,92.683204748273,88.2583937080365,6.21235551126101,9.34954519737557
95.607553670861,89.4818850966711,107.18051933304,92.6387642263466,88.2545201337198,6.17774596894862,9.35914754804728
95.414836377198,89.4022990311192,107.106450109433,92.5969222158072,88.268129738336,6.13722714387638,9.37053952060425
95.2652340047522,89.3394655744685,107.04775655114,92.5680488287785,88.29427563163,6.10093832985108,9.38082899083168
95.2029063859768,89.3127385933505,107.023312169547,92.5594522829834,88.3193247718135,6.08042447017937,9.38665701012619
95.1199285407655,89.2771610162644,106.990843310143,92.5481701140634,88.3533092358558,6.05280516175987,9.39450335777342
95.0693193384533,89.2556514687354,106.974161565025,92.5481117707215,88.4007343814618,6.0229973026195,9.40295731227188
95.020092272229,89.2360399689736,106.962190538745,92.5529204179025,88.4641163561595,5.98405545075962,9.41396557244393
94.9628699859941,89.2075190887123,106.946822906456,92.5457079311011,88.5154473672917,5.93792051560135,9.42344031065356
94.5796548273403,88.9844742528818,106.776191620743,92.3514194975286,88.4062279587331,5.81953723655674,9.41543657490046
94.5073580507136,88.9593253757975,106.761541256499,92.3306280496005,88.4011693318929,5.79242364507096,9.41570918604792
94.4079399869697,88.9384780832455,106.753438273635,92.3184893115223,88.4141972382559,5.75350299256839,9.41748668841312
94.392533197796,88.9377711915235,106.75439536931,92.3196311043361,88.4198880326586,5.74717092672692,9.41801986307164
94.2651737627861,88.9487987179894,106.775509563951,92.3528402331508,88.4987428421425,5.6941723770161,9.42361282365522
94.1004718373587,88.9321789108417,106.764258970762,92.366530826459,88.5587297846084,5.6501544019028,9.42240632333632
93.9398196902006,88.8824731854757,106.718579755075,92.3411061285686,88.5636703801004,5.62228500882049,9.41517517234715
93.8566582761261,88.8575626085327,106.695373875549,92.3303381782723,88.5704197037618,5.60755789840419,9.41115960487414
93.8176843883123,88.8468314616169,106.685004700671,92.3280461972789,88.5784075555685,5.6003100579041,9.40896419995477
93.3681707088495,88.7221031631204,106.566045694175,92.3363555787168,88.7465749868785,5.50033665646994,9.37440918964984
93.3092197989836,88.7017861148251,106.549047635726,92.3509145732513,88.8022567667662,5.47769644295894,9.36478365270922
93.0235579826795,88.1901529782183,106.156566964578,91.9945272703497,88.6234848222247,5.32841307500584,9.24015616213081
93.0281548671509,88.1602934504934,106.13582999826,91.9684795682201,88.6091030250436,5.3193792757795,9.23370688191821
92.5633792483187,87.7711936386046,105.790220290865,91.690719983731,88.5563214827076,5.21336647908382,9.17469662614589
92.548193043822,87.7648086808877,105.783790992334,91.6892031473005,88.5617455755531,5.21089776286988,9.17385324569874
92.5383286728525,87.760661259354,105.779614768723,91.6882178690334,88.565268856437,5.20929418031848,9.17330541838607
92.5064247555302,87.7530193075293,105.773221292024,91.7017783781858,88.6017718860045,5.20121063022689,9.17200201907087
92.481492144599,87.7475285500626,105.768818093574,91.7137724466464,88.6323925715886,5.19465179896005,9.17102248910377
92.4651736116886,87.7439348186772,105.765936175632,91.7216226313481,88.6524339810834,5.1903590073155,9.17038138127719
92.4551739836974,87.7452184962766,105.771326662959,91.7442826034514,88.6926327079599,5.18350090078047,9.17001643182716
92.442814748489,87.7495287128834,105.787057591823,91.7951368540784,88.7774015675098,5.16922458882113,9.16923176910561
92.1875425735438,87.527011074962,105.655607855685,91.7104923277588,88.7300829323422,5.12197312768567,9.13395363040853
92.1629677037284,87.4826893676595,105.651145761207,91.7105718737612,88.7406139583745,5.10951042534545,9.12824929321696
92.1595848806695,87.4388621272435,105.725231917192,91.794047471075,88.8935361679246,5.08028029273359,9.13456683451077
92.1154102864456,87.4145833557083,105.741507785441,91.8156878000102,88.9544888029163,5.0699161546597,9.13930257102658
92.0131417884114,87.3591998430129,105.720233707288,91.7999583483952,88.9763464588775,5.05943898553141,9.13970569701049
91.7381067497945,87.2501325436212,105.701358115898,91.8098692348461,89.1190244367627,5.03128654105389,9.15188276644547
91.6095228402068,87.22880900842,105.727272032449,91.8617020693246,89.2611854011924,5.01608640507284,9.16669742530971
91.4478552726842,87.2342772449381,105.811510039258,91.9960216904786,89.5504046718606,4.99021021168911,9.19747814030023
91.3364401150094,87.2482810464081,105.904337797692,92.1365396080388,89.8228748149127,4.96245671041068,9.22516170881699
91.1908487463901,87.1827321029093,105.887372987538,92.1405322910642,89.8845040860269,4.94233126208975,9.22802931670574
91.1440267326487,87.1611619511548,105.882108799897,92.1421021245386,89.9046779713119,4.93554925994987,9.22890283712702
90.7262108055489,86.9079740339317,105.866648112606,92.2052742102757,90.1774695237235,4.8222686323824,9.23081677525706
89.969036336211,86.4804881712902,105.706021787067,92.03661976318,90.4275206555481,4.7050981130837,9.1923099324485
89.9447789218332,86.4523934359049,105.704701026941,92.0263093966056,90.4428839491873,4.6983786813524,9.19070757172662
89.9385040495927,86.3948188141705,105.726784209529,92.0179426615661,90.5032983329881,4.68036468113378,9.19186475640852
89.941376662729,86.39348081869,105.728857926539,92.0185453607625,90.5066441141915,4.67964610906518,9.19226670438239
90.165596289186,86.3723991705692,105.841916389096,92.068866892051,90.6723149341209,4.65028754079955,9.22785429481567
90.2254728871804,86.3297746082288,105.838744623537,92.0441580302887,90.6892339929809,4.63695280573649,9.2483710332049
90.1854477083227,86.2544173182188,105.783800327067,91.9773564573531,90.643061164099,4.62671730214346,9.25529912077935
90.1747711521304,86.2349511708927,105.769029416829,91.9599623225959,90.6314214702505,4.62404586161474,9.25778270176052
90.0936093751489,85.9811643483348,105.612413827109,91.7740133673695,90.5699695106319,4.5805416877247,9.33323634001844
90.1104970907893,85.9086991735216,105.616887749966,91.7636270288018,90.6067840945924,4.56523848470446,9.35927769926083
90.0922639250067,85.8762123247349,105.604222774311,91.7463954641214,90.5975117170504,4.56114064949321,9.36131021489486
90.0684672237238,85.8338126753589,105.587693300166,91.7239059852113,90.5854100337125,4.55579243067094,9.36396291755616
90.3381752858305,85.6317515368796,105.694631235849,91.7560756269684,90.7252856920559,4.51827120807007,9.4086715318307
90.8665936290591,85.4230443350115,105.734424254515,91.7394208990254,90.8459621199736,4.49530391037806,9.46442339088395
91.1010916071106,85.3218704219344,105.701860228158,91.6977761886856,90.8737058971008,4.48933242040232,9.49091226513579
91.4410126810268,85.2723789242234,105.722703837981,91.715457471074,90.978098376849,4.4869227745036,9.52650004140765
91.6118614925334,85.2434252396509,105.736194447016,91.7260056200549,91.0353478223807,4.48511924541014,9.54311568071159
91.6430489599025,85.1877570462416,105.708795903253,91.6940668390917,91.0258418876211,4.48156928605088,9.5452509276757
91.8154166044556,84.9864493066836,105.637837108497,91.5973217215359,91.0273794830119,4.46678023294751,9.55597933155946
91.8582035185344,84.9625967225454,105.638356954794,91.5915076432569,91.0397465149369,4.46445637206858,9.55873698707655
92.2159223110292,84.8453965367819,105.683977592282,91.5861704667644,91.1691016674343,4.45111641471164,9.58546045906583
92.3395633423855,84.7694659261382,105.672813661853,91.5470502460119,91.192469028586,4.44497565561044,9.59614446394274
92.3490828377094,84.5940129363333,105.560694070081,91.400458486098,91.1096072884091,4.43527968289112,9.59795484446972
92.3907115456055,84.4480560108792,105.4612949347,91.2722177375862,91.0388535116414,4.43043944877197,9.60475862529718
92.4438528083011,84.3762572262424,105.414454017284,91.2112758168118,91.0093222178078,4.43067302817555,9.61181579542963
92.5601582968088,84.3037980429128,105.378765806845,91.1616123206493,90.9957174000955,4.43591198365648,9.62499398117157
92.5521685873221,84.1025939248763,105.245503050834,91.0132743408104,90.8675836848335,4.44213011418932,9.62476811975795
92.5476454261334,83.8966670791739,105.132634448555,90.8890195546438,90.7483402500573,4.45713910645619,9.62753089330081
92.7263930910656,83.7727058099437,105.107217903389,90.8498165223507,90.7481887683929,4.49832969380062,9.66888104740338
92.6994441840782,83.7137093213399,105.059583104403,90.79764274209,90.706778686566,4.50507764759764,9.67341832754475
92.6779145259128,83.6665766404785,105.021527351736,90.7559607675765,90.6736959011768,4.51046863204961,9.67704319034496
92.6597183464166,83.6027649624286,104.96682573907,90.6958285130099,90.6325006439236,4.52104644901002,9.68568705403004
92.6492806751411,83.5518988362727,104.922041033317,90.6465213440254,90.6009975588317,4.53069600081117,9.69396475547542
92.9107202308116,83.4280177667751,104.820497402639,90.5292851453289,90.6587407254061,4.62519160285718,9.76763562725539
92.9181629353256,83.3561096995569,104.77115216729,90.4772767231758,90.6479874552846,4.64898710125726,9.76907637043389
92.9550870108158,83.2235033488714,104.713753090122,90.4184932530715,90.673737688115,4.70331922180651,9.75803437664425
93.2159579467188,83.2258657138071,104.875677741916,90.5946038510295,90.9814102933497,4.79818123469264,9.72947453708433
93.1748275902732,83.1717973347831,104.864159424988,90.586982617971,91.0036230923698,4.81818719553923,9.71234161441892
93.1279388956501,83.120263152335,104.850352615585,90.5775206103414,91.0218399381793,4.83619688016792,9.69677685640866
93.0471504074396,83.0424377845819,104.870293231574,90.6216341560031,91.158558060608,4.89261482573008,9.66605071232737
93.1016663876371,83.0775873440571,105.051523286256,90.8592753252138,91.5495470527704,4.98575485259134,9.64977496525541
93.0424009922784,83.0291586247177,105.071024518349,90.8958169340906,91.6344870217355,5.01752623022738,9.63345197489866
93.0261919145558,83.0107059379654,105.10555548844,90.9417917786345,91.7152674638253,5.04193087715622,9.62223301793308
93.0360607528695,83.0146286205613,105.126415600013,90.9649479719113,91.7484208129094,5.04974951748202,9.61913631571037
93.3102644327067,83.1705579591099,105.577656030566,91.4031586973742,92.336274382037,5.18701036348678,9.54836173023038
93.3718370843593,83.2884683199248,105.845556649534,91.6414326980658,92.6473403109206,5.27253199552834,9.49665859833676
93.4105525607183,83.3389405751812,105.923580180838,91.7207623957705,92.7435724715603,5.29293415566575,9.49180850338163
93.4270629152083,83.3591689457862,105.953703639801,91.7522710795001,92.7813757207578,5.30065597603248,9.49058306248697
93.427728555423,83.395777037754,106.039651348054,91.846188919182,92.9000818114234,5.33496452789936,9.47832622080982
93.3591911980076,83.370598037917,106.05941824376,91.8753436360297,92.9452191367036,5.36302471187598,9.46193807028301
93.5328909850649,83.3091938509154,106.186071975479,92.0198220267133,93.11419473749,5.54348411198262,9.3688343590555
93.5325754605694,83.3076429732937,106.184863152038,92.0182952674886,93.1123952830375,5.54397273896549,9.36825306082814
93.7163602405373,83.2975325481156,106.129946131746,91.7878041920928,92.6988809646095,5.69245206025013,9.16405130413907
93.685427073116,83.3065718669992,106.135258947614,91.7866541822033,92.6829209791208,5.69833843369395,9.15035448848824
93.5874555955734,83.3782190793624,106.194040518991,91.825744787003,92.667143352924,5.71903818795904,9.10199307375564
93.5508244052272,83.4940337775881,106.298924298678,91.9149608761864,92.7113369735535,5.73363071003712,9.0636981460728
93.3683045596671,83.549364422065,106.32668390135,91.862237513287,92.5720537114079,5.73415817819799,8.95429100830467
93.5592239798479,83.5813031496118,106.299263416587,91.7135036982739,92.4054888743036,5.71309287246668,8.87107983508006
94.1987386485823,83.5872938035897,106.139587318529,91.3646256653631,92.0744430146826,5.6472208303806,8.74681089687087
94.2431765041319,83.6004195102792,106.142354588626,91.3610365267079,92.0688429825279,5.64364484404117,8.74198166244454
94.4969052383923,83.6433823569642,106.047093199346,91.1845646996581,91.7710888137994,5.58642943149291,8.64917515416996
94.5045254591205,83.6402543681432,106.026274503918,91.1521788802009,91.7145555832761,5.57891017412636,8.63568305320036
94.5144913518223,83.643055009553,106.017780803319,91.1361079955782,91.6826085671901,5.5745898123399,8.62795087019909
94.5604556619964,83.6616967806615,105.997526668489,91.0894114670356,91.582223541062,5.56064435737356,8.60313226860144
94.6563515003976,83.7161878460903,106.007682695415,91.0683386466446,91.5050510663785,5.54819169294039,8.58170031840144
94.7229166894338,83.7495036291557,105.966435750071,90.9650496508182,91.3205084413175,5.52765854356514,8.54335392611694
94.7937919867915,83.8189789445543,105.973092057791,90.9266977722123,91.2652311074535,5.51371127157705,8.52958451501156
95.0408975986621,84.0873696730056,106.170034889879,91.1018704307658,91.4827263102684,5.49570781812052,8.5424565187949
95.1236812457971,84.4532494399794,106.451611047965,91.3830573968516,91.7519475842908,5.4050134556416,8.48355905809169
95.1283754272611,84.5411779556319,106.52147593591,91.448074615128,91.7362391535956,5.36071021422223,8.41481832808511
95.1275265618529,84.5549596403582,106.530643489779,91.4550142000538,91.7211864269138,5.35125592343259,8.39637128612772
95.2207637874035,84.6592858233008,106.604179557494,91.5183099011604,91.7133930876597,5.32541087621157,8.33591900221086
95.3879432357633,84.8483164116508,106.693941277409,91.5804500946326,91.678957611597,5.28767580390561,8.23059194648714
95.4017597152893,84.9342631530288,106.668090232468,91.5252188434887,91.562569605517,5.24944953442657,8.13664626728972
95.5624893761237,85.0976224491652,106.73541519461,91.5713848614609,91.571281263315,5.21468189637138,8.07374329023789
95.6721425174614,85.1981519441157,106.771469467105,91.5906971473889,91.5591501444658,5.18132511703467,8.0220674890248
95.6879657033558,85.2184020354262,106.748460043861,91.5520855650271,91.4885863934789,5.14713282252822,7.97019107425774
95.7208430666216,85.2425764402352,106.74749751947,91.5415610281549,91.4579533134225,5.12411691097382,7.93780291191552
95.7369207455844,85.2528485112393,106.752449783928,91.5443389522487,91.4561424305002,5.11828901257546,7.9303945044472
95.7761242877735,85.2778957565482,106.764525302358,91.5511125956744,91.4517268040155,5.10407836306177,7.9123299681786
96.0182994033264,85.4321062352736,106.864511334218,91.6277296646611,91.481947363237,5.03904017497805,7.83667026359851
96.0321820487779,85.4411510530453,106.871101736232,91.6332072998951,91.4854499910702,5.03597146647201,7.83343914670531
96.0976931709432,85.483832843348,106.90220132982,91.6590558337536,91.5019786188946,5.02149047014235,7.81819175785126
96.1568127139807,85.5223503935794,106.930266697971,91.6823824607353,91.5168946345529,5.00842230923407,7.80443197734725
96.2701201851084,85.6254101400346,106.915686356384,91.5947679213705,91.3072655177301,4.84996446131788,7.62884396790094
96.4855294553892,85.8130893334887,107.014380970207,91.6497118869787,91.2826753074452,4.76288159280018,7.55472846778358
96.5563455790705,85.877352999762,107.046088647187,91.6660120223014,91.2670447780116,4.73134973033524,7.52916054149054
96.5392541032855,85.8864732139091,107.018222798534,91.6183487509638,91.1710559915765,4.68893720183309,7.49021392766678
96.5365938020597,85.9066905980065,107.00278668582,91.5863754666031,91.0899490886378,4.64701631689357,7.45418211272518
96.5515956241943,85.9456154403231,107.00105183007,91.5695567731841,91.0142949840449,4.59705099151286,7.41414707252283
96.5902123053017,86.0055197970012,107.023233418656,91.5838333920387,90.9709815265728,4.54633599404823,7.37706991174643
96.6407177970198,86.0745825506885,107.062940668768,91.6235958619447,90.9642533211876,4.50172117675987,7.34702573593807
96.6932151410599,86.1475062954098,107.115741520647,91.6841183286026,90.9928908400025,4.46355310258279,7.32329004239542
96.7067694647943,86.1746276937811,107.13424205199,91.7064453688905,91.0006340430432,4.44551911104185,7.31145687353959
96.5871275494677,86.1483414190756,107.096030055248,91.6815564988278,90.9412610304107,4.39451702770832,7.26930891185621
96.482650204339,86.1417409888269,107.082245689049,91.6858550356829,90.9249239838762,4.34397934920531,7.22967813416022
96.4644481674529,86.3148986041872,107.238145024405,91.8868267452383,91.1314999329496,4.19122819882967,7.12711498909353
96.4857197238968,86.3386531875583,107.259956814611,91.9098495192938,91.1571940800131,4.17984193095814,7.12036472177814
96.5489121226218,86.3714613178859,107.274942472429,91.8991224482889,91.1462615651435,4.07492557836534,7.04108352932975
96.644126114618,86.3938580638798,107.286356456524,91.8901788236088,91.1308561607539,4.03693146691057,7.01297778262613
96.7133953593825,86.4102176438917,107.296176360766,91.8880028207794,91.123585622374,4.01989399785922,7.00077190656662
97.65041802398,86.5735009388533,107.371355647527,91.8131994882878,90.9443149063785,3.87126815394807,6.88769778983954
97.8418886105967,86.5337659131535,107.301061390216,91.6889230809747,90.766687647566,3.82845831411516,6.84305720884068
97.9119447434773,86.5226211832012,107.278180647717,91.6467912665619,90.7048487276839,3.81385654421101,6.82736173034166
98.3430936378755,86.5491660981969,107.216564458315,91.4704256898323,90.4074686482117,3.72822266213965,6.73181490099827
98.4869001515094,86.6297144771575,107.242432399794,91.4464791673473,90.3268838767882,3.68598714832291,6.68175186668236
98.4529044176863,86.6199308917152,107.218820787035,91.4101780910214,90.2730936563351,3.67307866091011,6.66329224198133
98.3397002207124,86.6235347446052,107.17382649784,91.3294638110078,90.1347267823274,3.63130000960713,6.60369084324249
98.3032122616056,86.6739543801712,107.191888986408,91.3350082602455,90.1041022321968,3.60780893052088,6.57098473008407
98.3033868543818,86.7013430792789,107.206957287484,91.3474460065478,90.1025107989744,3.59959134144144,6.55979754695718
98.444151284929,86.8843673400166,107.333214136516,91.4788385104259,90.1641612063725,3.56694080294379,6.5175546636265
98.5604676115075,86.8413066448363,107.220485221639,91.3943123517631,89.9349781317443,3.50958997932062,6.42573961959846
98.6232612071795,86.84580386696,107.212072027771,91.3887907639311,89.9117629548356,3.50013675673553,6.41334311660786
98.878766644356,86.8918754803955,107.205600129388,91.3827903613045,89.8592829706184,3.46260570030838,6.37148134543805
98.8348411855449,86.8174667814841,107.10412391254,91.2690848183157,89.7251111243407,3.43432547699441,6.33647330655168
99.0321159539573,86.6168318469011,106.617170120577,90.6679981436658,88.9589011199093,3.18132711805721,6.10854582694631
99.1348479264323,86.5803636289837,106.546177207503,90.5927549272349,88.844454206611,3.15098985736497,6.08259358293168
99.2507792782959,86.5570807138068,106.492804420483,90.5369856559505,88.7540342933977,3.12493718310105,6.06087107557274
99.2964395693326,86.553497731595,106.480023169676,90.5238929178674,88.7303697574114,3.11705856412868,6.0545087816457
99.432081762443,86.5428857173544,106.4420991228,90.4850446584345,88.6601355738817,3.09366309425207,6.0356169725786
99.9258544483053,86.3487473058437,106.148701731294,90.1703507438703,88.2364555519073,2.94902301286839,5.896035981987
100.516425459016,86.3841698296842,106.263330537222,90.2997017419407,88.5738594010523,2.7779862726386,5.78970448632605
100.552622017418,86.3905916429071,106.273097560694,90.3145932518551,88.5998785422928,2.77450942212346,5.7912270869734
100.690341105575,86.3491778186784,106.252450542489,90.3358682543334,88.6920504647888,2.7530109392702,5.79846864633593
100.690099744964,86.1968187756373,106.133374461794,90.2884182795326,88.7351369303033,2.73418569429887,5.80139816040542
100.722839438268,86.1805256030033,106.13657283556,90.3291100079263,88.8184483175081,2.73300359924208,5.80673995336194
100.746509449635,86.1797038879004,106.148042943525,90.3628392194814,88.8768830682415,2.73340957852923,5.81032721821974
100.695261099411,86.1607995290306,106.220425689656,90.546616899154,89.1645286515305,2.74682220448801,5.81760522831629
100.355479541059,86.3074475574079,106.614745933894,91.1779422735988,89.9536965249481,2.83854891404195,5.87449451195844
100.213726484185,86.2751365329086,106.612483017572,91.2011901950683,89.9900660569471,2.85277678002304,5.88274262539685
99.2105136327218,86.0168068011229,106.63480827912,91.4501002033116,90.5617063671486,3.02465331014986,6.05237706750521
99.194097515402,86.0085337730406,106.707704397619,91.5821338522843,90.8399354926675,3.10399657150426,6.12932648075088
99.1083854849942,85.9365946183013,106.646201803882,91.5266788793359,90.801289410576,3.12315827195706,6.14132193328419
99.0445151773951,85.8714472503568,106.583324183065,91.4680258937307,90.7516521048627,3.14738746722248,6.15830752636688
99.0369144430443,85.8078370952508,106.505311930993,91.4019477886418,90.6849195077505,3.21139521585125,6.21106266435356
98.7578762834482,85.5136395110354,106.237448517419,91.2348457261457,90.6423130901759,3.41530182874875,6.36154754094242
98.6760874419457,85.4470705695946,106.171841286222,91.1734787717462,90.6046646662714,3.43044221130748,6.3706048548531
98.6846482085066,85.3237933265737,106.052117768578,91.0762033988915,90.6769949865632,3.5148602968032,6.46867447340454
98.49898782481,85.0985814298947,105.964074746656,91.050358911583,90.765586163857,3.57296980265597,6.53636628765416
98.5151197623459,85.1030668417323,106.004463259617,91.1099062179587,90.8550295458851,3.59510968263191,6.55826845266418
98.0536638317166,84.8341578836339,105.818517357322,90.9595074582131,90.8101881291098,3.76143353856222,6.63972274936851
97.9307008063494,84.7646860903048,105.750250329952,90.8926376904351,90.7671541332141,3.81674717385341,6.66181664876697
97.6339313690421,84.5727919480097,105.593130955158,90.7509736626858,90.6761389653781,3.91036373796325,6.69038758661556
97.5900133864028,84.5477229180765,105.608319628228,90.7908113860909,90.7694223714947,3.9712096105107,6.71706263718866
97.5986596485545,84.5576641567175,105.638286707204,90.8339567216677,90.8401863753665,3.99685503203795,6.72981450741326
NaN,NaN,NaN,NaN,NaN,NaN,NaN
NaN,NaN,NaN,NaN,NaN,NaN,NaN
NaN,NaN,NaN,NaN,NaN,NaN,NaN
NaN,NaN,NaN,NaN,NaN,NaN,NaN
NaN,NaN,NaN,NaN,NaN,NaN,NaN
NaN,NaN,NaN,NaN,NaN,NaN,NaN
NaN,NaN,NaN,NaN,NaN,NaN,NaN
NaN,NaN,NaN,NaN,NaN,NaN,NaN
NaN,NaN,NaN,NaN,NaN,NaN,NaN
NaN,NaN,NaN,NaN,NaN,NaN,NaN
NaN,NaN,NaN,NaN,NaN,NaN,NaN
NaN,NaN,NaN,NaN,NaN,NaN,NaN
NaN,NaN,NaN,NaN,NaN,NaN,NaN
NaN,NaN,NaN,NaN,NaN,NaN,NaN
NaN,NaN,NaN,NaN,NaN,NaN,NaN
NaN,NaN,NaN,NaN,NaN,NaN,NaN
NaN,NaN,NaN,NaN,NaN,NaN,NaN
NaN,NaN,NaN,NaN,NaN,NaN,NaN
NaN,NaN,NaN,NaN,NaN,NaN,NaN
NaN,NaN,NaN,NaN,NaN,NaN,NaN
NaN,NaN,NaN,NaN,NaN,NaN,NaN
NaN,NaN,NaN,NaN,NaN,NaN,NaN
NaN,NaN,NaN,NaN,NaN,NaN,NaN
NaN,NaN,NaN,NaN,NaN,NaN,NaN
NaN,NaN,NaN,NaN,NaN,NaN,NaN
NaN,NaN,NaN,NaN,NaN,NaN,NaN
NaN,NaN,NaN,NaN,NaN,NaN,NaN
NaN,NaN,NaN,NaN,NaN,NaN,NaN
NaN,NaN,NaN,NaN,NaN,NaN,NaN
NaN,NaN,NaN,NaN,NaN,NaN,NaN
NaN,NaN,NaN,NaN,NaN,NaN,NaN
NaN,NaN,NaN,NaN,NaN,NaN,NaN
NaN,NaN,NaN,NaN,NaN,NaN,NaN
NaN,NaN,NaN,NaN,NaN,NaN,NaN
NaN,NaN,NaN,NaN,NaN,NaN,NaN
NaN,NaN,NaN,NaN,NaN,NaN,NaN
NaN,NaN,NaN,NaN,NaN,NaN,NaN
NaN,NaN,NaN,NaN,NaN,NaN,NaN
NaN,NaN,NaN,NaN,NaN,NaN,NaN
NaN,NaN,NaN,NaN,NaN,NaN,NaN
NaN,NaN,NaN,NaN,NaN,NaN,NaN
NaN,NaN,NaN,NaN,NaN,NaN,NaN
NaN,NaN,NaN,NaN,NaN,NaN,NaN
NaN,NaN,NaN,NaN,NaN,NaN,NaN
NaN,NaN,NaN,NaN,NaN,NaN,NaN
NaN,NaN,NaN,NaN,NaN,NaN,NaN
NaN,NaN,NaN,NaN,NaN,NaN,NaN
NaN,NaN,NaN,NaN,NaN,NaN,NaN
NaN,NaN,NaN,NaN,NaN,NaN,NaN
NaN,NaN,NaN,NaN,NaN,NaN,NaN
NaN,NaN,NaN,NaN,NaN,NaN,NaN
NaN,NaN,NaN,NaN,NaN,NaN,NaN
NaN,NaN,NaN,NaN,NaN,NaN,NaN
NaN,NaN,NaN,NaN,NaN,NaN,NaN
NaN,NaN,NaN,NaN,NaN,NaN,NaN
NaN,NaN,NaN,NaN,NaN,NaN,NaN
NaN,NaN,NaN,NaN,NaN,NaN,NaN
NaN,NaN,NaN,NaN,NaN,NaN,NaN
NaN,NaN,NaN,NaN,NaN,NaN,NaN
NaN,NaN,NaN,NaN,NaN,NaN,NaN
NaN,NaN,NaN,NaN,NaN,NaN,NaN
