NaN,NaN,NaN,NaN,NaN,NaN,NaN
103.452615969117,157.664767361044,202.096404622227,206.428698463155,213.206979209864,19.8134157944235,-2.1738426772581
104.230405273594,158.502811648162,202.993496505309,207.454139909064,214.313844119974,19.9140049462368,-2.15398159298886
104.409650787558,158.695943230332,203.200235907265,207.69045812269,214.568926786396,19.9371862295382,-2.14940450477587
98.5586758690423,152.423021109896,196.511024516227,200.013032800505,206.355377257783,19.3094471690496,-2.26473378742615
90.869379225105,144.160013273696,187.686376673046,189.897637978459,195.499078559938,18.4218685170479,-2.43237970992061
80.9687594303636,133.518016120415,176.321882826199,176.869127848359,181.514821120525,17.2718460144708,-2.65123403762944
77.1274750618619,129.390053792061,171.918776097127,171.817964405271,176.096491047847,16.8290737029138,-2.73603288386816
79.4590737874128,131.897881023028,174.649493762337,174.925227285493,179.460199096871,17.1526717981096,-2.6654368069512
86.571982900762,139.54559278367,182.867121366567,184.336396215805,189.58280347583,18.0324696327398,-2.48019164516884
87.8402537739993,140.911727445965,184.335241642498,186.019557406125,191.393031088638,18.1890959193207,-2.4466687776767
88.9773931095569,142.13843165472,185.629745075131,187.526930711287,193.051093249386,18.3492104839927,-2.37517607783089
84.0396673562246,136.787684373526,179.816066761975,180.869986018023,185.950189235015,17.7462222739892,-2.46774898336102
83.2042841629497,135.881433615559,178.827785405076,179.737391543432,184.743948061424,17.6418912860474,-2.48466386897627
81.572845576632,134.083436517363,176.837007109877,177.452754122157,182.332543995813,17.4250240814608,-2.51284151269387
81.6509815826601,134.159714750593,176.912500811761,177.538822006769,182.43019529935,17.4313360786451,-2.50920756850339
82.7600636529978,135.316612914775,178.140371872944,178.946444928976,183.957558262026,17.5540945745896,-2.4719842725975
83.0030812124197,135.572932609027,178.415369418737,179.261958345913,184.297607372672,17.5822557616694,-2.4643747761043
84.7194501040683,137.393483147841,180.384664503375,181.525001729315,186.723565823313,17.7884306087898,-2.4086148691601
85.452775170759,138.17257602693,181.229374353184,182.496148839642,187.763045783826,17.8774130511611,-2.3845438071609
85.7152468055799,138.455064662573,181.538016938171,182.852425971753,188.141399712719,17.9100609338451,-2.37513410101568
85.9330818012,138.689614282916,181.794347385431,183.148356728055,188.455586182251,17.9371790020109,-2.36730240476479
86.1456707444029,138.918515317735,182.044504706291,183.437160676035,188.762206196801,17.9636439941792,-2.35965931681777
86.2422489346378,139.022504017018,182.158150039668,183.568362996384,188.901502275181,17.9756669197824,-2.35618709671729
86.6746042449739,139.48803423912,182.666910488183,184.155721485843,189.525094403485,18.0294904146903,-2.34064287503072
87.7072743120952,140.615975882739,183.901944576246,185.591465634518,191.030255471562,18.1658952881547,-2.29061241819993
87.6614126414854,140.599762093666,183.866664067623,185.571394653816,190.9708372862,18.1773767003187,-2.26049296165129
87.1480359926068,140.071998704535,183.247784367518,184.872312551445,190.202820005981,18.1278838485743,-2.24945886405521
86.8643085139962,139.778348225722,182.903816039832,184.482483781819,189.777036717627,18.0995521350812,-2.24510073672533
84.4221260013,137.237119797445,179.390824953795,180.477962202029,185.557250959635,17.8711600195567,-2.15579742610719
84.6539750601682,137.480179153397,179.480385048892,180.587535714929,185.712058703444,17.916430076719,-2.11612795060907
84.7336667609925,137.562190172703,179.548167032318,180.667097927698,185.80285739239,17.9297765969221,-2.10811548706004
84.8478815562734,137.679729034141,179.645312723534,180.781127139643,185.932990813591,17.9489049384801,-2.09663195898269
85.081017392655,137.919649971714,179.84360701559,181.013884162349,186.198619832305,17.987949809127,-2.07319172152187
85.1665546189903,138.007676642595,179.916360925945,181.099282402454,186.296078763748,18.002275319909,-2.06459152977032
86.813665400379,139.658922956947,181.480194995674,182.944564583969,188.3456751895,18.3053594691847,-1.88010144161402
87.0247116013034,139.863544012449,181.692454080401,183.198160146579,188.622530579662,18.3515782645491,-1.84871590264897
87.3364468002159,140.139200094428,182.009951071704,183.583986558889,189.034932533904,18.4433232188547,-1.77471594555165
87.5180093619795,140.281950977409,182.197527116504,183.816226942305,189.27744234123,18.5124721789349,-1.7131140086805
87.5269684038788,140.273825129284,182.205020620805,183.828070150194,189.285604839078,18.5282182810317,-1.69515632892355
87.5086830805498,140.19735672614,182.178916481066,183.806250793987,189.245611473589,18.5717389524185,-1.64029902459321
87.4782215478448,140.100369468379,182.137150903532,183.766124969247,189.183762305574,18.6186152378422,-1.57969502607237
87.4553338384966,140.060806516016,182.107655732528,183.731837596557,189.142523722633,18.6257602216743,-1.56788694987926
87.4494502958631,140.050636414963,182.100073667699,183.723023642485,189.131922881929,18.6275969199805,-1.56485155133215
87.3062784197488,139.803154151521,181.915569447352,183.508542262968,188.873958871723,18.6722916827675,-1.49098726040864
87.2562770313758,139.716723372616,181.851133138851,183.433636722528,188.783867444478,18.6879008949466,-1.46519087359298
86.91398988982,139.005945242994,181.257235128912,182.695359358762,187.928845002856,18.8145871490963,-1.24937912939137
86.9136826313654,139.0051926799,181.256551971514,182.694482588651,187.927856424937,18.8147245575253,-1.24914274315437
86.8924213477556,138.953117766595,181.209279706205,182.633812954622,187.859450054992,18.8242327729538,-1.23278558600862
86.8542422743932,138.859606388267,181.124392484983,182.524867960944,187.736612136808,18.8413067587513,-1.20341289552913
86.8391537997403,138.613147876333,180.888258485675,182.201353560972,187.382059922894,18.9190865658536,-1.08780148485099
86.8723573946091,138.502252791817,180.776208823564,182.038777708653,187.208126651564,18.9694101358838,-1.01792261678337
87.994510189754,138.712623256057,180.868853021689,181.953943682002,187.237771365167,19.3389273416502,-0.625544251427206
88.1691508204224,138.773058262537,180.913049771121,181.984295360106,187.290243202661,19.3875733955241,-0.579444318754866
89.2816172234339,138.969389895362,180.99415700408,181.905512756437,187.337150776187,19.7613801668214,-0.212807575991159
89.5180792348109,138.952521389258,180.954400619521,181.80517044001,187.251678874438,19.8652360398927,-0.108024612881494
89.6758495294296,138.915287650856,180.908429112692,181.69476647541,187.131297520417,19.9542581114992,-0.0175703613748819
90.0353321040056,138.842184186322,180.825520585129,181.441339282017,186.824197493108,20.1725319156369,0.2024105519323
90.7347721437172,138.929074712333,180.914669985158,181.136929414966,186.285300312563,20.6078680828808,0.626667795020714
91.1984827597058,139.104536250536,181.055625944553,180.968169772525,185.897320517182,20.8954923139339,0.905122984014769
91.8737579269721,139.447083913838,181.302577518134,180.868511424992,185.561704844104,21.2336343514647,1.22905048730221
92.0076297877952,139.511097545163,181.344178046106,180.861571257641,185.526594381004,21.2898322694671,1.28298320628324
92.1763265829925,139.591763447518,181.396600382692,180.852825700636,185.482350410939,21.3606493075323,1.35094578477011
92.2383177915421,139.621405840961,181.415864080002,180.84961196058,185.466092027534,21.3866725273003,1.37592007293974
92.4543350804283,139.70985889917,181.469953076379,180.841465752301,185.427816223382,21.4718101923633,1.45822714929007
93.3633747056121,139.699954863122,181.307565347627,180.472870326531,185.032014539707,21.8590993771559,1.86471178264864
93.5188881666878,139.61557612811,181.212384106764,180.367642161254,184.949637699006,21.9289492894105,1.94304031192846
94.190470312844,139.177827972196,180.851341865164,180.071851347388,184.81208811532,22.2121630618477,2.26058829040174
94.3580443566157,139.063547508014,180.778776587818,180.03129798445,184.816637223506,22.2799078950496,2.33623336274563
94.8040322188712,138.784037882487,180.642495533536,179.990243219795,184.88487303543,22.4556892881559,2.53176918852163
94.8704438287185,138.743261579331,180.624151955932,179.986423683471,184.896959224418,22.4817097751248,2.5606876727902
94.8817372274004,138.736327504862,180.621032601717,179.985774165313,184.89901449986,22.4861345998492,2.56560530651226
95.0571481713972,138.44071187763,180.431209556325,179.840004654794,184.797615610608,22.5870102618745,2.69203929489423
95.4529936569264,137.903778132893,180.107311381835,179.593872152623,184.612930631153,22.7964208318648,2.95566469613277
95.5094999593872,137.866611250482,180.088375482502,179.581134166578,184.602680887076,22.8195738801036,2.98459853961884
96.3476030477191,137.532835208438,179.928396875042,179.490153377523,184.536331554308,23.112897430793,3.35196047259151
96.9630700668716,137.293736938346,179.713085534294,179.294814804636,184.361947697279,23.2851576531776,3.59416423115609
97.3559783490451,136.974202040223,179.41167786524,179.002837468223,184.111592959905,23.3845635864567,3.75710014065006
97.4189836998016,136.924233666624,179.372053379333,178.967003339124,184.086786995886,23.398775091675,3.77965710557686
97.5228334350071,136.842103877118,179.30998332119,178.911997359878,184.051477667676,23.4217082131769,3.81567064544876
97.7100404979984,136.694050763193,179.198091333583,178.812839593119,183.987826512311,23.4630491209134,3.88059126382104
97.717115548015,136.688455444462,179.193862639451,178.809092158871,183.985420966811,23.464611503151,3.88304478568476
97.9726719482353,136.483585860842,179.07285996663,178.709963800162,183.943825274554,23.5220719079456,3.96676301073047
98.3432680012827,136.185264507484,178.9243454707,178.593908788569,183.914963970102,23.6093703101495,4.08753911579007
98.3462188392288,136.182883066016,178.923347037247,178.593167496872,183.914934514142,23.6100989490694,4.08850380568805
98.9253511964303,135.247629608962,178.404360672595,178.091984453843,183.582213779555,23.804077997618,4.36681246067916
99.1939020598026,134.813463699875,178.15164935614,177.823522210856,183.378695499246,23.9168795723829,4.52036822389073
99.8639918578203,134.486640388372,177.865117923485,177.481784108986,183.123228394859,24.1634986217625,4.82979537376552
100.211420591342,134.565324930239,177.796083193553,177.383833544888,183.052014714556,24.27161486964,4.96138748828169
100.238470764332,134.572439932892,177.762927604534,177.343068068164,183.012160627171,24.2819759482596,4.97702899931981
100.335087849827,134.597853109355,177.644503357116,177.19746302707,182.869810862178,24.3189833721741,5.03289693072947
101.022819828762,135.068162940747,177.082797864431,176.522920164241,182.246419620817,24.5003734770523,5.31136994202081
101.263681600999,135.243294299404,176.971889425763,176.399677924007,182.154050577661,24.5441224716106,5.37733088152529
101.378631461759,135.322188619952,176.926206262716,176.350541469023,182.121005150299,24.5637258796003,5.40650407823381
101.406041418489,135.34100108217,176.915313047934,176.338824811899,182.113125421449,24.5684003399364,5.41346046821269
101.576202591184,135.44642838103,176.853508576781,176.273924750127,182.073314755917,24.5969326633454,5.45525223444499
101.775396312451,135.535732645227,176.798636070181,176.221482685755,182.054055209061,24.6288716049267,5.49999022614054
102.153966999744,135.572815998417,176.557359968886,175.974835536121,181.882309685713,24.6925289892024,5.60219293328704
102.549899157089,135.293449517195,176.148880102756,175.55382553418,181.558144859574,24.7681164516478,5.73094682685519
103.098139804316,134.784509142807,175.8240258346,175.229472051828,181.344028226313,24.8873119772294,5.88935418992459
103.497911714985,134.439719272346,175.678028256906,175.085294554806,181.262360303821,24.9805918551175,5.99792326136416
104.542240264904,132.996566095781,174.727305048694,174.056329826261,180.337429911475,25.2948552669819,6.37771529253706
104.605928989691,132.959512136489,174.695033460159,174.024297030055,180.311508488761,25.3121425348133,6.3967037358332
104.747610773676,132.877081987766,174.62324216192,173.953036948655,180.253843754132,25.3505997492537,6.43894538112129
105.319381748399,132.586969212271,174.365759744982,173.718357674659,180.088996192042,25.5037238150045,6.60736696322222
105.519744454404,132.257015048676,174.064167317746,173.426443698356,179.839121036121,25.5763684446838,6.70332185064547
105.67626401647,132.049594940136,173.895156646906,173.275106493642,179.724899741749,25.6269766806341,6.76813994818702
106.240268958571,131.559031942578,173.5849053379,173.052478546967,179.637438477908,25.775787190578,6.9499502742462
106.515446694335,131.398318320258,173.509558378435,173.021597981091,179.668836427159,25.8373493971411,7.02332901101808
106.527076011493,131.392592912057,173.507231277746,173.021121136287,179.670902454905,25.8397900552453,7.02622745199507
106.701948278716,131.306498853463,173.472238219427,173.013950729736,179.701969709416,25.8764906981453,7.0698118635443
106.745216317479,131.28519689905,173.463580008335,173.012176580904,179.709656572483,25.8855714109698,7.08059580337833
106.804479247789,131.24965180119,173.446060886516,173.004097595778,179.714975037879,25.8981248595181,7.09610759930785
107.18233056217,130.693342075815,173.027343731866,172.644346944649,179.46053698999,25.9779107656207,7.23052785890612
107.258587268802,130.604974855059,172.960169796524,172.588526456208,179.423530053448,25.9918292179517,7.25407350447136
107.5677141042,130.361255145886,172.775721327352,172.448452214078,179.348649316142,26.0400502159873,7.33389252168759
108.580175457472,129.812543639381,172.383903515027,172.206172560724,179.296722154422,26.1787241355207,7.56532222683381
108.668713631895,129.680345418153,172.275018938911,172.112313260235,179.224723440297,26.1904285789214,7.59574228396142
108.713459491242,129.619597899459,172.226431934407,172.071489629412,179.194838925042,26.1965457719504,7.61061588457618
108.763489854205,129.562057092881,172.183135217228,172.0371638951,179.172557784817,26.2037311473496,7.62638962655231
109.331759579532,129.047683681118,171.823086616668,171.776632661725,179.045234757623,26.2906536308167,7.79443362683828
109.581405588073,128.90879078724,171.74241829317,171.736113256606,179.060523556159,26.3323931739458,7.8615465290048
109.610106305998,128.892822874145,171.733144206187,171.731454916488,179.06228124296,26.3371917880341,7.86926220803954
109.647874186408,128.87181036032,171.720940239408,171.725324908419,179.064594220115,26.3435063855816,7.87941543291114
109.66819934135,128.862584506831,171.715963318542,171.72338039903,179.067097376816,26.3470248718469,7.8847464476473
109.921870285549,128.761282476445,171.664423415907,171.708115705861,179.106704143122,26.3917370693904,7.95039646770942
110.310133021866,128.329627446173,171.332579206613,171.426861415265,178.936218656203,26.4739115298124,8.09601856059045
110.676180927623,127.917298810857,171.020638684025,171.149961342335,178.764239408495,26.5608383842114,8.23842515887186
111.087097409469,127.593908899073,170.814440315808,170.978905672446,178.696145045092,26.6540956780952,8.3743672879447
111.191652013411,127.523433006672,170.774708237783,170.947873688579,178.690062738875,26.6772096452474,8.40670063454859
111.71345471316,127.226841425367,170.635175651643,170.850903077144,178.713516691647,26.7872244551931,8.55579683481478
111.819781804724,127.030094039795,170.493825146874,170.712863570836,178.6151331532,26.8151200437872,8.60466451949624
112.066902287428,126.629144162807,170.203900041316,170.431555969331,178.424191466606,26.8760026676841,8.70953831106472
112.075723625158,126.617298822176,170.195284556703,170.423295000064,178.419054326164,26.8780114424233,8.71290589578191
113.406576507549,125.793774131993,169.483715613122,169.771824038817,178.180484549797,27.124761186019,9.09470712820922
113.694205263007,125.515913158306,169.158462939542,169.444132370777,177.966460686103,27.1828678658631,9.19869127139083
114.354817877114,124.888554648973,168.564348039516,168.85876197677,177.600595966438,27.348685776702,9.44492903315764
114.440638050488,124.816390084659,168.529382494316,168.828624763821,177.59016775046,27.3734556652286,9.47513876855014
114.624642136506,124.661926152376,168.456450823078,168.766226858366,177.569597413371,27.4267191195867,9.53983264901356
115.114988153493,124.253242542244,168.340280690156,168.684452363396,177.583147525217,27.5739010091225,9.7089357548476
115.228432358571,123.937926624161,168.192771021415,168.540523439838,177.469805033493,27.6323389667964,9.78170126803217
115.280095065853,123.777131011912,168.115831928453,168.464844213867,177.408795934439,27.6608252501595,9.81747352067818
115.309679086746,123.685053360497,168.071773692766,168.421507425688,177.373859815988,27.6771375738164,9.83795806601751
115.376429418215,123.542109004711,168.006609341471,168.358229875982,177.328149005773,27.7077219036874,9.8744621713337
115.459774987262,123.365118825506,167.926032659482,168.280015050242,177.271836345342,27.7457667385951,9.9198180728212
115.972783887409,122.805788423361,167.611635950973,167.969460837866,177.095224637428,27.9192381574376,10.1251449365964
117.688025643897,123.263812133469,166.286527868685,166.403983216447,176.090101934371,28.1915941621379,10.5915666195139
117.692924515393,123.266971048929,166.283616183741,166.400213909882,176.087612913769,28.1920686716681,10.5927825801929
118.296062447133,123.565461995797,165.983097745362,166.008967518484,175.838947239188,28.2544538768497,10.7475715755715
118.396287804321,123.378277022432,165.738623547834,165.727016259828,175.595979822557,28.2677093539587,10.8148458352271
118.406163068836,123.325267192578,165.682064294707,165.662773305465,175.538453221604,28.2693490132,10.8278724248998
118.467000451349,122.806368482857,165.381699581023,165.353294982146,175.277731442406,28.2879899658763,10.9101752043499
118.884396565524,121.240907936908,164.811539199004,164.909900703539,175.09744569562,28.3491511779066,11.0847592899243
118.970610264191,120.615452719409,164.415004476822,164.548088677323,174.871520122987,28.3381237012628,11.1171015477138
118.974961173192,120.556533772713,164.374199093024,164.509802879497,174.845718920367,28.3363590543583,11.1194548171558
118.98144111988,120.468783917818,164.313426341508,164.452782627231,174.807292371472,28.3337309097887,11.1229596159284
119.027383863853,120.279316533314,164.146867576382,164.291829097293,174.702788425018,28.3244128938562,11.129507158927
119.131228263237,119.921718322509,163.81568208419,163.969505961147,174.494291525363,28.3049759484462,11.1416196957638
119.908419541515,119.441156440334,162.879322599352,162.967596703811,173.825969061364,28.2079690358899,11.1567205515142
119.941290589195,119.284165884317,162.611359754818,162.666089033772,173.550238690016,28.1624094827378,11.1409889542741
119.986165613412,119.079162555523,162.314385079648,162.346343590132,173.261778244589,28.1067634802211,11.1190601397365
120.223275420449,118.318878319441,161.59187983441,161.735038161955,172.831077104149,27.9296037650276,11.0318522937858
120.382275042171,117.965595122701,161.327441805394,161.58592093337,172.814520542823,27.8381107217589,10.9825261069664
120.560269588122,116.202247999437,159.648239357896,160.283960780657,172.01326766779,27.1298885200491,10.6002689976336
120.68015507597,116.026120296567,159.423463033099,160.066315070135,171.804911639299,26.9099876312461,10.493995801092
120.926067267933,115.876816890968,159.149127427551,159.64690122905,171.16121542204,26.3366023508504,10.2405387916348
120.915351331483,115.85213778494,159.101921669934,159.542275281032,170.970600109301,26.2197416633246,10.1916014397925
120.899650729738,115.821885287354,159.03905853438,159.387918774857,170.677967066918,26.0398022903252,10.1170686811798
120.896435789903,115.837502265244,159.049455169055,159.352388761268,170.568744794673,25.9707576632507,10.0913505258139
120.893568679615,116.071187137621,159.278217275296,159.169506782971,169.707202416869,25.4039877066348,9.89462393182043
120.910595911671,116.214959229759,159.44462459737,159.181284678462,169.453308690661,25.2184612713789,9.83994813381882
120.952700350298,116.437194304335,159.715440997138,159.269308553459,169.217449511644,25.0173963404591,9.79137756181315
120.95301034866,116.438830533467,159.717434911391,159.269956638505,169.215712973608,25.0159159787381,9.79101995586351
121.030620769077,116.750830469896,160.099665348576,159.442429537844,169.01092997653,24.7934765629546,9.74831676377994
121.081678653287,117.101366204054,160.530352543836,159.641233529255,168.798800270726,24.5516508518822,9.7106164939442
121.03096390193,117.378270404646,160.863132122607,159.758256433029,168.556433821922,24.3221245996443,9.67724631981197
121.080519024646,117.939531313969,161.428471702215,160.05896951179,168.474639149181,24.0252338256946,9.64594047531376
121.116503988688,118.111273295518,161.58469764265,160.154010123943,168.495926467666,23.9541458682742,9.63900173142495
121.402832309092,119.026542077866,162.335029595036,160.640735581793,168.762305641054,23.6544203281979,9.60267684296983
121.699146013998,120.067512078404,163.067993837267,161.036310163747,169.005559445996,23.3234103557845,9.5319570798954
121.80171680285,120.652233970096,163.44962333882,161.163861966279,169.01973782335,23.1119108318351,9.47555908115703
121.852518257162,120.908072304197,163.620868530132,161.222453863917,169.026600476198,23.0233516149613,9.45199244448437
122.522464744467,122.823246749435,165.251743860629,161.974609052708,169.145981749171,22.5348069280334,9.40301507063265
122.827651834893,124.046563754611,166.435500669225,162.488363035266,168.833606865327,22.2273492001667,9.47929567610376
122.850473955079,124.112029119346,166.495420767501,162.524594172423,168.830624456569,22.2157945988156,9.48481781658074
122.979901392994,124.466644457602,166.811502396148,162.725677141251,168.831976998878,22.1561886028926,9.51272288932808
123.526707949229,125.793459661338,167.878757433805,163.526852706157,169.052996570901,21.9597368393291,9.5827412818248
123.580451374672,126.128389612399,168.096956475698,163.666545824095,169.016125621843,21.8718839512438,9.58310566896882
123.786238184994,127.075639276203,168.770471195167,164.134262378632,168.998203593272,21.626488458879,9.58830805054082
123.789382446839,127.085165676383,168.778795187573,164.140567358986,168.999395433252,21.6240600243715,9.58862033932743
124.480136661281,128.234311114917,170.738085231661,165.668255829445,169.325980916152,21.2058117046255,9.82345594379177
124.537944773735,128.119477709052,171.055016200471,165.908804080534,169.327348433954,21.1524266750531,9.89782584445198
124.642434307663,128.037010456798,171.405478844614,166.189479801735,169.382883209719,21.101687463825,9.96479511887737
125.104990647961,128.274456846064,172.57113408347,167.13959690165,169.733934009723,20.8966651482399,10.0650041039467
125.165958638294,128.34741015149,172.727771054299,167.264316911254,169.783284933907,20.8615813535037,10.0677619485795
125.16791722821,128.368330254597,172.759176003119,167.284579526887,169.782811500124,20.8479273218876,10.0643949274857
125.17871980927,128.483714852347,172.932389651661,167.396337759733,169.780200281322,20.7726186612359,10.0458241598113
125.195488297524,128.662986811032,173.192989345096,167.564810664504,169.778465027258,20.6596605812621,10.0172327447833
125.253352566511,129.289255412445,173.80203389094,167.972108494233,169.858892205994,20.4117070942031,9.92859312635997
125.318536717038,130.015499605236,174.430096474537,168.408814687126,170.010298011287,20.1906599326018,9.84479161493053
125.326406978873,130.110489377561,174.513072987063,168.468565938652,170.036651346813,20.1667576835343,9.83677230589997
125.386391051628,130.852131375005,175.170413506862,168.9440285634,170.250093784034,19.983829730078,9.77820038678064
124.782875718099,132.240337814783,177.437098741752,170.519760929888,170.701839043949,19.5684071347442,9.85863448470485
124.739665103383,132.235172632941,177.636586675485,170.672234018288,170.746114889574,19.5569621253367,9.89034721391161
124.656447193303,132.163387915844,178.450692503965,171.315272412246,170.943392692168,19.509161170524,10.0165854875427
124.411641810557,131.798549511262,179.299785785125,171.925199920836,170.841210800809,19.3077322229813,10.0868205677432
124.379668861312,131.749855103079,179.585550907356,172.138296406662,170.813545722329,19.2134425884742,10.0840292830333
124.383741122491,131.760490222326,179.746876323154,172.263700663834,170.814892679587,19.1596545334374,10.0776675856377
124.567705139609,132.43041256698,181.217613072591,173.444640837967,171.082719352959,18.7330704210094,10.0165024809615
124.224057725718,133.220531769718,182.260775771264,174.126781232046,171.143891029258,18.4592318974706,10.0223140254472
124.08207076233,133.809763770682,182.902820156158,174.518929847943,171.307307479932,18.4147258840527,10.0932721933604
123.995982362523,134.553067679012,183.652023259056,174.93572950216,171.533688679774,18.4199144509774,10.202265502273
123.87784372192,134.743554330785,183.819061006824,174.956686154835,171.496108297888,18.4175279297385,10.2320807254381
123.529335219694,136.227664196025,185.060785506838,175.194656674524,171.395830593947,18.4271942844683,10.4114106412527
123.553090327644,136.424424237274,185.225806208783,175.25155426885,171.414749512936,18.4299351343782,10.4300882898435
123.566366540793,136.534389144712,185.318032689829,175.283353096772,171.425322885264,18.4314669357782,10.4405268213939
123.768779189539,137.419101364084,186.074285776242,175.607063288063,171.570527068352,18.4457556416953,10.5255846809111
123.956324125048,139.011457956936,187.366792580641,176.096180796849,171.549256648836,18.4470558221206,10.7311656162637
124.452341653134,140.649944185832,188.71631800312,176.94119073976,171.93708855462,18.5091700618185,11.036830371073
124.438357687566,141.196309425913,189.101445723445,177.101652805314,171.909491286998,18.4998030894327,11.1653007829176
124.439952718114,141.280564696554,189.162559217507,177.128758118652,171.911842613367,18.4972449411475,11.1840290451741
124.44127913675,141.350630916441,189.213380863209,177.151298748218,171.913797963449,18.4951175990965,11.1996033651112
124.55584507946,142.328274510299,189.996799397243,177.542687722288,172.074334683507,18.4427198237425,11.3787987846128
124.621456895027,142.645834142066,190.275939598081,177.695632112615,172.162568265752,18.4190130705139,11.4246680362823
124.740505437821,144.376713576466,191.846730261246,178.472289224645,172.369320701435,18.1370133069999,11.5846637489811
124.886755499242,145.111018404464,192.477668678473,178.874353886275,172.466381032264,18.0308512997861,11.647431427649
125.226764654025,146.439527114053,193.543666970635,179.628925862433,172.576860779903,17.8706427740125,11.7990180659701
125.239452351677,146.754152681421,193.764333355583,179.763555189755,172.488218566894,17.8157783615644,11.8465433746305
125.276685652694,147.028810924161,193.974078917597,179.903006014712,172.42270747996,17.7757609834653,11.9003915480827
125.446333396426,147.773965228165,194.634485224873,180.361227132605,172.306559708837,17.6852142159755,12.0793677203298
125.47866127562,147.849019841396,194.729548264153,180.429812894455,172.313823385951,17.67966040047,12.1051031813296
125.492347049971,147.880793670249,194.769792515776,180.458848181761,172.316898411236,17.6773092327569,12.1159981030147
125.794916412655,148.479169816469,195.955100398264,181.280905588026,172.494576855695,17.6310814075252,12.4392230085757
125.787402518077,148.477095721884,196.023240252657,181.319115043084,172.494270710973,17.6269019454098,12.461131180455
125.778414462578,148.468272618824,196.153117675741,181.396491834804,172.509320656227,17.6209984586944,12.5008041240603
125.778412920133,148.466270448526,196.168398339841,181.406495942413,172.514186371709,17.620712256603,12.5050590582849
125.778405312918,148.456395904967,196.243761351381,181.455835399932,172.53818369078,17.6193007308098,12.5260440531108
125.797215466303,148.405073826551,196.707827900211,181.774258351562,172.723615356618,17.6148841401956,12.6500146959877
125.807348013307,148.399410305375,196.789973104234,181.835891151293,172.770026098678,17.6156447027061,12.670065045294
125.833254631865,148.384929969609,196.999999711182,181.993472204968,172.888687812368,17.6175892880942,12.7213292290406
126.180042947882,148.662914198973,198.337187953146,183.118601130307,173.870696824509,17.6508931542405,13.0137368100992
126.176080589326,148.706476130259,198.459590692642,183.214847466129,173.942882253941,17.6482363810948,13.0462074179265
126.17143232577,148.757578859806,198.603181986866,183.327754546328,174.027563358947,17.6451197066149,13.0842988578842
126.184940375234,148.89524949407,198.826204319272,183.499940721283,174.149372281713,17.6407749943982,13.1408053095029
126.531712347575,150.44193407407,200.198291555791,184.419175284869,174.664457344633,17.6175918562181,13.4369970898866
126.675506197525,151.001993634053,200.596896651151,184.623959429951,174.733685641128,17.60904193845,13.5078638601512
126.805117996692,151.636323036963,201.023080963845,184.800152073589,174.746263981063,17.5926110651692,13.5831214477143
126.861954884555,153.241135426974,201.909719395,184.784660755685,174.236317601608,17.4878006988892,13.7398243343327
127.043019927351,154.602081445744,202.630083208171,184.729722613925,173.805804183787,17.3958269600168,13.8552905395537
127.100421237424,156.283402218858,203.226768425064,184.426328377027,172.941604974929,17.2390139685454,13.98892834895
127.046283243905,156.707437782909,203.313643162066,184.314317502414,172.64682183317,17.1935207762853,14.0211125530081
127.029369006626,156.89078589013,203.361609313143,184.286193931568,172.539284732625,17.1777249200616,14.035437932729
127.006536536772,157.225141487167,203.461915069454,184.259963395985,172.367759949228,17.1537000789365,14.062066826389
126.955690615092,158.508852901785,203.953328824755,184.293737964505,171.845851197639,17.0910719106854,14.1683564013798
126.955585366538,158.512475025692,203.954825752177,184.293972868334,171.844520419367,17.0909259385975,14.1686605143563
125.944663989961,163.153195005256,206.926054991578,184.778048192019,170.227318087267,17.2462812275472,14.7084553177045
125.45809141714,163.728035186229,207.557063194421,184.674611911252,170.156118512168,17.4929624369025,14.9139143959216
125.159500842332,163.656782081182,207.536255244842,184.419067879346,170.164565716761,17.6298370305079,14.9902067500869
125.128722423762,163.639675000347,207.519955928589,184.380234979343,170.17495821511,17.6482336190491,14.998528245742
124.778912771385,163.419538043578,207.198334308367,183.768135302143,170.352950670194,17.9061863428838,15.098862072082
124.39488074861,163.302200788343,206.661148316353,182.869994936786,170.042615197119,18.0605607237904,15.1167928241849
124.228600153251,163.297690070011,206.487805765994,182.523372141714,169.766414708082,18.088376587777,15.1107381559099
124.06991167292,163.306384555659,206.329279264649,182.186802003251,169.482988059295,18.1145488477987,15.1049149341139
123.303308283707,163.87483904197,206.180819155081,180.401051959398,166.969611376386,18.294785813223,15.1586152739141
123.120901599877,163.851262181944,206.119882528066,180.105055861702,166.52549976062,18.3152351547641,15.165989291523
123.088367805574,163.847057047031,206.10901395874,180.052262422588,166.446288650307,18.3188824699685,15.1673045107191
122.85558580262,163.801124424508,206.037345799842,179.671486807218,165.884856219485,18.3500418682796,15.1800670182113
122.243734952021,163.65677428896,205.862461624282,178.610324829004,164.506324985395,18.4571268375785,15.2243816540672
122.07663107826,163.666653749098,205.814498643713,178.261671832378,164.243025974446,18.4975235049385,15.2372628852118
121.466778415609,163.614779900493,205.306806214527,177.359047002329,164.09919979602,18.5039030830739,15.1864012746159
121.247651087303,163.873756679167,205.097935119754,177.109715128816,164.472382213842,18.5091549456665,15.161557087084
121.22024174569,163.9997942833,205.077162338732,177.093960731784,164.625382875852,18.5180821283852,15.1615921311565
121.238709538932,164.260569166017,205.120275202201,177.159902898387,164.892106530883,18.5478820774097,15.1761476573515
121.237271207394,164.268738321908,205.120078143355,177.16063977377,164.89986431168,18.5489515766284,15.1765365998224
121.027353689576,164.316644931782,204.969542801214,177.036225885458,164.873786742872,18.5701203370147,15.1712231927327
120.94592199093,164.418396545148,204.965282158928,177.029657467202,164.840532398165,18.5932124369246,15.1586748266342
120.946022777529,164.421295228522,204.966995806719,177.030820681179,164.840248722063,18.5935576082987,15.1582368926427
120.976161318518,164.51098783166,205.035758812372,177.075666736311,164.848745738251,18.5977163815486,15.1429986423223
120.99502665022,164.54061962146,205.063665014968,177.09340146287,164.857248342205,18.5969401192853,15.1374080190772
121.268011597469,164.986163888021,205.47365845393,177.239432190218,164.979617691768,18.516586087733,14.9852125184882
121.385958686555,165.281039817813,205.714456813937,177.213876458261,165.094615736282,18.4366256420303,14.8568287978744
121.533414809876,165.541292572171,205.952217290749,177.290922453852,165.27245993312,18.4337998443793,14.8271622010803
121.555036404446,165.576265536323,205.98563109758,177.30528283339,165.298455063142,18.4366937788055,14.8269112775827
121.810103225841,165.967710461509,206.41860650515,177.472395521387,165.55372072417,18.6137031353263,14.9552155354729
121.831470120326,165.938539687212,206.447956760664,177.429525853441,165.466597365321,18.7753607704716,15.0986172710801
122.003119485992,165.949590410715,206.480689201167,177.438121325417,165.414496049052,18.9475911490193,15.2663624373145
123.649345004713,166.954369556479,205.910280212604,176.910649909738,165.451855493591,19.0909623405748,15.5080085953137
123.732611880933,167.043189129339,205.890088500479,176.892562266265,165.476817546906,19.0845090145604,15.5059873719179
124.010509638069,167.364083480668,205.849062129553,176.857135732962,165.578026831655,19.0681246467154,15.5024202440782
124.217496325467,167.603095336937,205.818504442792,176.830748975292,165.653410579981,19.0559210720615,15.4997633389535
124.694881186984,168.224242343201,205.819810003035,176.835073979091,165.8552484236,19.0626982586551,15.5216157389719
125.008508609481,168.758723147333,205.655209845563,176.667748593611,165.866533436729,19.0937119713098,15.5593972564491
126.449190990731,170.938657128315,205.542514749155,176.342743040581,165.790354584542,19.6544954162631,16.1245752893058
126.514359636077,170.987659822983,205.489877075059,176.258813684779,165.719886126727,19.6834340332635,16.1587222779098
126.670702615028,171.100110588975,205.370804294773,176.067325304045,165.560985311383,19.7478540418329,16.2361145168644
126.900418148994,171.206274970484,205.279167527283,175.899975641247,165.444917153094,19.7846488994042,16.2974842599902
128.899006859519,171.773090124983,205.127066568226,175.621460060952,165.427920680056,19.6451257283049,16.4539332948326
129.710338641884,171.825222394859,205.025714278139,175.738102966916,165.441356753369,19.529583031064,16.5355137020834
130.260411848064,171.950431016143,205.08852287539,175.957851122957,165.577308403316,19.4754518722571,16.6110350660713
130.416118894034,171.749778878435,204.801438669154,175.773123320597,165.375381549007,19.358312337512,16.6174521034271
130.526106390135,171.703882221627,204.702975509962,175.692137833432,165.315881790438,19.2841899106607,16.6050213099323
130.5265748518,171.703865727082,204.702764544427,175.691925092289,165.315787034328,19.2839164648501,16.604954497021
130.578627153872,171.702032964379,204.679323476411,175.668286730731,165.30525837417,19.2535330098123,16.5975306967364
131.170050424201,172.000641534279,204.793444386867,175.676789459034,165.414565743047,19.011803518182,16.5087996428877
131.908425681554,172.408071547518,205.043995688104,175.811805878293,165.359687862425,18.8371917475445,16.4652510958166
132.007826950939,172.463473853538,205.097953971709,175.867842927136,165.394411732932,18.8432338113681,16.478834633904
132.252913663063,172.575676066755,205.203738302667,175.980169457077,165.450334498126,18.8591961514367,16.5154890361041
132.383362778315,172.510030951013,205.116120555176,175.898985508064,165.33652366571,18.8754867980558,16.5519880322749
132.509484366141,172.488915957574,205.068211349749,175.844078222452,165.296658692402,18.8939094243157,16.5828515396928
132.782297770555,172.571459355966,205.067719436711,175.792995735377,165.367022205991,18.9241228579174,16.6257871648103
132.922429392137,172.645215276412,205.091799983385,175.783403390415,165.436120817227,18.9358857023104,16.6411712514788
132.935796565803,172.652250863287,205.094097029874,175.782488375377,165.442712142768,18.9370077615718,16.6426387415133
132.963960869749,172.674404398374,205.104376495002,175.784553872903,165.463144673573,18.9382128316364,16.6439628775952
133.257434205698,172.919094490749,205.132673707146,175.669850189931,165.66132533026,18.9332836865206,16.6342517453987
133.268969749903,172.933751883236,205.099524019655,175.606762734886,165.662058503887,18.9257686873548,16.624051954739
133.284357220922,172.958244221968,205.083823232981,175.566164786999,165.672402612497,18.9185880287388,16.614227193785
133.297189377516,172.98002367411,205.078547847239,175.544249164744,165.683596584339,18.9133794129921,16.6070704913721
133.424551176948,173.183989144963,205.077450091587,175.419159781868,165.799659672439,18.8714958796116,16.5500141797398
133.694314167805,173.548469348211,205.218977333767,175.434290790104,166.039078170646,18.8166653663094,16.478699125897
134.10117243895,173.961094844868,205.37940493264,175.462605771336,166.202819179344,18.7018234995982,16.3518113918394
134.596045323598,174.205725492199,205.467940957126,175.371852223476,165.975513277143,18.5657870524276,16.2368625184199
135.083136977487,174.470403102891,205.540876437772,175.156095411108,165.603943428551,18.4470609606864,16.149963824036
135.118974786941,174.48973951577,205.530169860974,175.107788222041,165.541534474474,18.4302174138886,16.1356725109245
135.616704042664,174.818831479335,205.659063650504,175.026538952431,165.365815551989,18.3044079407472,16.0262200284804
135.948577318135,174.984997506868,205.839668340204,175.25101830093,165.563190389101,18.2605940915954,15.9878929131744
135.951131518165,174.980779607935,205.838208010712,175.253418928634,165.565075450331,18.258756539062,15.9860875770021
135.991215191957,174.914587108157,205.815290709688,175.291092555062,165.594658168409,18.2299193863538,15.9577560033773
136.714968102792,174.553140349373,206.400915569545,176.607970711038,167.054993429423,18.1470318852317,15.8974845532678
136.937023783808,174.540092350853,206.667626172979,177.020331071886,167.547209916133,18.1503106815108,15.9092810355194
137.445029908385,174.081762904233,207.641266290646,178.486192942923,169.508184927951,18.1095333136092,15.8986701474463
137.586984849806,174.053532538757,207.898547065234,178.814105310302,169.936631840199,18.0997981944195,15.8950508661011
138.047713045504,174.094217392714,208.618724121041,179.721631739112,171.066600271199,18.0669028079053,15.8793124603793
139.741065245274,173.65863878508,209.512912106543,182.908539640787,175.043816033514,17.8041146479592,15.7395733090276
140.202738873171,173.440427721634,209.350774383138,183.6772052376,176.151992700611,17.7904008813633,15.7679714316604
140.437635224119,173.396722651835,209.353298719255,184.033360273513,176.640573952612,17.7998105431221,15.791511472075
140.790120882857,173.386582795454,209.458115549431,184.546473855352,177.295905311499,17.8257193005443,15.8296904782007
141.071865244804,173.397942379681,209.59356608241,184.953718123134,177.784960862984,17.8502179768996,15.8589444366428
141.379609469866,173.287396008497,209.71812849253,185.474628551492,178.406131074183,17.8787082526171,15.8865029008337
141.884648933118,172.915852753122,209.953320815199,186.506792697323,179.600125475058,17.9275640166913,15.9132381713434
142.534854636671,172.842792459498,210.328578200759,187.658846438022,180.988299255785,17.9826546193749,15.9605744329924
143.15951565471,172.620892781791,210.413766819377,188.984075216091,182.818022752725,18.0337060002179,16.0419703906791
143.813541169313,172.612646620112,210.561273005404,190.249609791439,184.437275360606,18.1071014357094,16.1915470916844
144.283646836514,172.68825541199,210.818137896244,191.064707617912,185.260247244102,18.1697278074127,16.3140305366471
144.336589547252,172.600974421143,210.832541827947,191.233504519915,185.368823200574,18.1845884376117,16.3477618779051
145.036826492054,172.396847550892,211.666205661291,192.23803026511,185.59981465042,18.3338178186045,16.5678220701474
145.052889629572,172.344200730908,211.704910335324,192.217953687474,185.550210469267,18.3461137975736,16.5761726608068
145.070245950836,172.203022650056,211.680414655295,191.997179564018,185.627351102188,18.4364585912676,16.6347904419162
145.020463218967,172.157767797907,211.512869537982,191.982045132421,185.842637170792,18.4987116555096,16.7047196896188
144.737902416655,171.834863266608,211.105978117555,191.793788889054,185.750831376403,18.5297872918466,16.756366937465
144.715853564009,171.800289886609,211.065344467612,191.780419086961,185.743552511912,18.533331282216,16.7639437338509
144.609340223695,171.601438449275,210.833836065037,191.712307858884,185.715748381589,18.5538121639019,16.8120878552863
144.589166140338,171.398691896676,210.596066223736,191.674540929988,185.766667913049,18.5747468280105,16.8834761239224
144.230206693434,170.939769175236,209.954037859245,191.236858260722,185.715091916942,18.5153422437814,16.9618847393296
144.256597639684,171.047014960356,210.032407714714,191.311996151656,185.814046958357,18.5091553486462,16.9791853476866
144.27284783216,171.104306894544,210.081897549043,191.357741728058,185.857926790663,18.5076411003649,16.9861310724173
144.187702014079,171.395043489651,210.331453958857,191.570418698585,185.991852888544,18.4796052361412,17.0173986623221
144.066315426722,171.53583056268,210.472955637481,191.682383206003,185.99169915121,18.4585501052704,17.0289001613588
143.93071381594,171.819882357424,210.789898791557,191.950346120217,186.036745489759,18.4243817522007,17.0551104074157
143.925708499231,171.843032970449,210.817882119714,191.975284971108,186.045386039119,18.4208369582526,17.0576276843407
143.909344437868,171.918720099587,210.909369017691,192.056818450411,186.073634896917,18.4092478363133,17.065857508039
143.875874486584,171.993595814665,211.022511989389,192.165388596665,186.142428575836,18.3644122905201,17.0764191918031
143.554894991529,171.566882273503,210.60752896515,191.781343865766,185.902165063506,18.2728396645827,17.0289950882865
143.375048131622,171.225799617309,210.258948452685,191.468536409683,185.766410130058,18.2019581377982,16.9869876200816
143.269049681991,170.97370118372,209.994680471898,191.236210421961,185.687192506076,18.1481574027455,16.9531222111074
142.912606346345,169.962683589901,208.887720948751,190.307555352444,185.344625535209,17.8958249323604,16.770422406888
142.744822293675,169.676433422078,208.574926555742,190.034825176892,185.153922596999,17.8330574743838,16.7161880623377
142.64663667426,169.501985202173,208.377906226616,189.865140707147,185.016345163472,17.7896062303734,16.6774249865377
142.601821779926,169.421873494923,208.286996544214,189.786981763448,184.95172219445,17.7693007905382,16.6592378799772
142.226302772243,168.306519989574,206.847098355419,188.577844628283,183.725295261234,17.3969199126728,16.3143851168761
141.841778607375,167.431531889629,205.745020680624,187.58960407196,182.749261926674,17.1811745321381,16.0972175410117
140.342739643099,165.659810445241,203.872546515254,186.135792776431,181.388533598789,16.5717278475111,15.6408175732188
140.249241131558,165.6178095266,203.837150025613,186.117184716072,181.349421613919,16.5469819515214,15.6285841981354
138.310372459714,164.905367486895,203.061458502066,185.634054408916,180.334629092664,16.0379287057272,15.4159649749181
138.084630806292,164.779687685126,202.967584510157,185.600709055458,180.26833618609,15.9614232037613,15.3737051534932
137.26367918754,164.240545893567,202.620472375442,185.464062889693,180.042867814331,15.717775161067,15.2164359215274
137.203321347942,164.196351577239,202.588237993561,185.44361357737,180.017052925673,15.7033034944479,15.2059960981409
136.214617370057,163.628592545199,202.159934163958,185.222488926212,179.626049713334,15.4361495187475,15.0470380534892
136.014431755862,163.596396056372,202.070482965973,185.162803157169,179.495831201104,15.3677634637794,15.0288919292282
134.744388452616,164.235697792167,200.493756249328,182.868625870137,176.977213652808,15.2306919140065,15.4648743568672
132.974913438582,164.838040109101,200.41434473795,182.344709302499,176.349485810617,15.0054486266789,15.6144721576594
131.951785186941,165.108560736469,200.176920196868,181.866341849754,175.726725684716,14.7905983552603,15.6090010677676
131.254098804722,165.486311446397,200.208241424785,181.758229189834,175.470336925226,14.5796861342912,15.6161845786178
129.110972753971,165.414730047789,200.674236967287,182.540669710112,175.817709179183,13.8530800118961,15.3144430698341
129.012532915743,165.554523013026,200.798526582981,182.744601042057,175.9400027164,13.7699691367466,15.2868699199557
128.640283564117,165.707759371993,200.905673337448,183.025454745276,176.083512616538,13.5999223446393,15.2360131607331
128.118222949578,166.051302318453,201.350689663014,183.622714989587,176.762329240474,13.3573844590613,15.170146164999
127.648617587786,165.973251458093,201.275874096626,183.518416230152,176.722752271738,13.203082800937,15.07257753621
126.570506393035,166.632731149979,201.562096558284,184.131210640468,176.74976238353,12.5122302513249,14.7934002259178
126.23614178733,166.844555031985,201.713785486962,184.380872427107,176.855667866302,12.2429966422186,14.7035011045721
126.215873892076,166.929431812116,201.81263971299,184.449991794361,176.955781577927,12.1696528762831,14.6751094080934
126.601187778193,166.308754804024,201.86560774497,182.433889285696,176.550559406585,11.9975924401292,14.1437332286496
125.035200809245,165.824563889811,201.729411622821,179.694390400588,173.060089981462,11.9100506862251,13.3761050509023
122.144340284582,166.319728674873,200.232000527151,179.120447038038,170.411316244291,12.9321389102772,12.6999836305724
NaN,NaN,NaN,NaN,NaN,NaN,NaN
NaN,NaN,NaN,NaN,NaN,NaN,NaN
NaN,NaN,NaN,NaN,NaN,NaN,NaN
NaN,NaN,NaN,NaN,NaN,NaN,NaN
NaN,NaN,NaN,NaN,NaN,NaN,NaN
NaN,NaN,NaN,NaN,NaN,NaN,NaN
NaN,NaN,NaN,NaN,NaN,NaN,NaN
NaN,NaN,NaN,NaN,NaN,NaN,NaN
NaN,NaN,NaN,NaN,NaN,NaN,NaN
NaN,NaN,NaN,NaN,NaN,NaN,NaN
NaN,NaN,NaN,NaN,NaN,NaN,NaN
NaN,NaN,NaN,NaN,NaN,NaN,NaN
NaN,NaN,NaN,NaN,NaN,NaN,NaN
NaN,NaN,NaN,NaN,NaN,NaN,NaN
NaN,NaN,NaN,NaN,NaN,NaN,NaN
NaN,NaN,NaN,NaN,NaN,NaN,NaN
NaN,NaN,NaN,NaN,NaN,NaN,NaN
NaN,NaN,NaN,NaN,NaN,NaN,NaN
NaN,NaN,NaN,NaN,NaN,NaN,NaN
NaN,NaN,NaN,NaN,NaN,NaN,NaN
NaN,NaN,NaN,NaN,NaN,NaN,NaN
NaN,NaN,NaN,NaN,NaN,NaN,NaN
NaN,NaN,NaN,NaN,NaN,NaN,NaN
NaN,NaN,NaN,NaN,NaN,NaN,NaN
NaN,NaN,NaN,NaN,NaN,NaN,NaN
NaN,NaN,NaN,NaN,NaN,NaN,NaN
NaN,NaN,NaN,NaN,NaN,NaN,NaN
NaN,NaN,NaN,NaN,NaN,NaN,NaN
NaN,NaN,NaN,NaN,NaN,NaN,NaN
NaN,NaN,NaN,NaN,NaN,NaN,NaN
NaN,NaN,NaN,NaN,NaN,NaN,NaN
NaN,NaN,NaN,NaN,NaN,NaN,NaN
NaN,NaN,NaN,NaN,NaN,NaN,NaN
NaN,NaN,NaN,NaN,NaN,NaN,NaN
NaN,NaN,NaN,NaN,NaN,NaN,NaN
NaN,NaN,NaN,NaN,NaN,NaN,NaN
NaN,NaN,NaN,NaN,NaN,NaN,NaN
NaN,NaN,NaN,NaN,NaN,NaN,NaN
NaN,NaN,NaN,NaN,NaN,NaN,NaN
NaN,NaN,NaN,NaN,NaN,NaN,NaN
NaN,NaN,NaN,NaN,NaN,NaN,NaN
NaN,NaN,NaN,NaN,NaN,NaN,NaN
NaN,NaN,NaN,NaN,NaN,NaN,NaN
NaN,NaN,NaN,NaN,NaN,NaN,NaN
NaN,NaN,NaN,NaN,NaN,NaN,NaN
NaN,NaN,NaN,NaN,NaN,NaN,NaN
NaN,NaN,NaN,NaN,NaN,NaN,NaN
NaN,NaN,NaN,NaN,NaN,NaN,NaN
NaN,NaN,NaN,NaN,NaN,NaN,NaN
NaN,NaN,NaN,NaN,NaN,NaN,NaN
NaN,NaN,NaN,NaN,NaN,NaN,NaN
NaN,NaN,NaN,NaN,NaN,NaN,NaN
NaN,NaN,NaN,NaN,NaN,NaN,NaN
NaN,NaN,NaN,NaN,NaN,NaN,NaN
NaN,NaN,NaN,NaN,NaN,NaN,NaN
NaN,NaN,NaN,NaN,NaN,NaN,NaN
NaN,NaN,NaN,NaN,NaN,NaN,NaN
NaN,NaN,NaN,NaN,NaN,NaN,NaN
NaN,NaN,NaN,NaN,NaN,NaN,NaN
NaN,NaN,NaN,NaN,NaN,NaN,NaN
NaN,NaN,NaN,NaN,NaN,NaN,NaN
NaN,NaN,NaN,NaN,NaN,NaN,NaN
NaN,NaN,NaN,NaN,NaN,NaN,NaN
NaN,NaN,NaN,NaN,NaN,NaN,NaN
NaN,NaN,NaN,NaN,NaN,NaN,NaN
NaN,NaN,NaN,NaN,NaN,NaN,NaN
NaN,NaN,NaN,NaN,NaN,NaN,NaN
NaN,NaN,NaN,NaN,NaN,NaN,NaN
NaN,NaN,NaN,NaN,NaN,NaN,NaN
NaN,NaN,NaN,NaN,NaN,NaN,NaN
NaN,NaN,NaN,NaN,NaN,NaN,NaN
NaN,NaN,NaN,NaN,NaN,NaN,NaN
NaN,NaN,NaN,NaN,NaN,NaN,NaN
NaN,NaN,NaN,NaN,NaN,NaN,NaN
NaN,NaN,NaN,NaN,NaN,NaN,NaN
NaN,NaN,NaN,NaN,NaN,NaN,NaN
NaN,NaN,NaN,NaN,NaN,NaN,NaN
NaN,NaN,NaN,NaN,NaN,NaN,NaN
NaN,NaN,NaN,NaN,NaN,NaN,NaN
NaN,NaN,NaN,NaN,NaN,NaN,NaN
NaN,NaN,NaN,NaN,NaN,NaN,NaN
NaN,NaN,NaN,NaN,NaN,NaN,NaN
NaN,NaN,NaN,NaN,NaN,NaN,NaN
NaN,NaN,NaN,NaN,NaN,NaN,NaN
NaN,NaN,NaN,NaN,NaN,NaN,NaN
NaN,NaN,NaN,NaN,NaN,NaN,NaN
NaN,NaN,NaN,NaN,NaN,NaN,NaN
NaN,NaN,NaN,NaN,NaN,NaN,NaN
NaN,NaN,NaN,NaN,NaN,NaN,NaN
NaN,NaN,NaN,NaN,NaN,NaN,NaN
NaN,NaN,NaN,NaN,NaN,NaN,NaN
NaN,NaN,NaN,NaN,NaN,NaN,NaN
NaN,NaN,NaN,NaN,NaN,NaN,NaN
NaN,NaN,NaN,NaN,NaN,NaN,NaN
NaN,NaN,NaN,NaN,NaN,NaN,NaN
NaN,NaN,NaN,NaN,NaN,NaN,NaN
NaN,NaN,NaN,NaN,NaN,NaN,NaN
NaN,NaN,NaN,NaN,NaN,NaN,NaN
