134.61014229845,112.49643686115,144.751849535182,134.895656596458,139.322325428174,11.721570384412,3.10246641747589
150.481624054526,123.189081679415,155.588598959299,146.715019405847,152.26811777002,12.6791181015594,3.83075467942829
157.359244530374,127.758373615843,160.244077892006,151.808031172987,157.856450451681,13.0717454028911,4.14498914055236
154.706866678717,125.911239684675,158.395189896151,149.806071263688,155.6730499243,12.8894190048475,4.02156649376164
145.203682197738,119.40197103574,151.839343950608,142.681797197875,147.886644267851,12.2723883339886,3.5811726365797
143.319285705216,118.114013269797,150.541121940757,141.270347110978,146.343604650257,12.1508331491348,3.49385467462022
139.136046621049,115.263098550347,147.664329873299,138.140605797963,142.921013337153,11.8818150796627,3.2995721227326
132.950484542365,111.047582864203,143.410550549981,133.512802128995,137.860185922985,11.4840305075819,3.01229550255219
121.047316903542,102.951943095411,135.23466972709,124.61223948303,128.127347275488,10.7035279101007,2.454234494683
120.168805220479,102.355858531235,134.631977415824,123.955394499824,127.40945831459,10.6426298961691,2.41203685712713
121.318491601739,103.152496873486,135.427152012887,124.810131314992,128.352134843806,10.6643248815097,2.45029426423844
137.993045703456,114.534726471023,146.881698236964,137.237649171973,141.976871872578,11.5848327330985,3.18495248263543
139.786277690967,115.77024269624,148.111051916412,138.561701104319,143.435901017854,11.6599436703989,3.25836726627747
139.705644539163,115.717370431883,148.055233540402,138.499401042751,143.36895192108,11.6505118430572,3.25357700764285
139.371214784677,115.498080251698,147.823724224852,138.241008634314,143.091277422488,11.6113928996493,3.23370918673725
138.291134708763,114.771457159092,147.079419110017,137.425248757005,142.203505133726,11.5249873454832,3.17920860040888
129.250046497559,108.648856538414,140.850877940431,130.632234372691,134.786512824062,10.8627466534745,2.73494108700092
129.027755407026,108.498060922725,140.697648654272,130.465340797379,134.604134430997,10.8463532174421,2.72391722329774
127.271867534875,107.304624656299,139.481361303098,129.141499266672,133.156633562288,10.6859622225524,2.62463954841872
127.37480389319,107.374046484729,139.550342093682,129.216459179836,133.238433820042,10.6817499792874,2.62509019123075
127.435091793215,107.414705551364,139.590742852699,129.260361799132,133.286342701239,10.6792829471814,2.62535412429817
129.352685232611,108.715396295399,140.90077487546,130.682760952028,134.840649132147,10.7362307782434,2.68676384941838
129.93950437781,109.114059372993,141.303081731107,131.119201365329,135.317678802505,10.759658667309,2.70782838147542
131.798675584742,110.378904517711,142.580163395172,132.502954978022,136.830320992012,10.8389420400349,2.77615305540677
133.569974656453,111.587588235236,143.799940680953,133.820789362497,138.270693103299,10.9088293870566,2.83806190638226
134.38311563029,112.143456241479,144.360744792819,134.425617237437,138.931701899153,10.9393458393741,2.86559847794103
134.918327009219,112.512293670165,144.731863244156,134.823018542599,139.365889262468,10.9526157317678,2.88028988099453
135.076579974188,112.622408636814,144.842307800388,134.940274744276,139.49395394275,10.9541108671325,2.88341063533421
135.59014966058,112.997027848646,145.211511891178,135.317117309188,139.904734721971,10.9181836392634,2.87340682177441
135.226200199847,112.767405951085,144.971916156255,135.04278207172,139.604018269296,10.8593603335827,2.83902307472757
134.828650884439,112.507904445902,144.704623517897,134.745136895011,139.278143059576,10.8157821162047,2.81173285280869
134.381938328084,112.216311488084,144.404275930446,134.410683199279,138.91196824215,10.766814765157,2.7810677646689
134.330859989206,112.182969949545,144.369933363544,134.372440846414,138.87009880923,10.761215703937,2.77756143438688
132.843197455851,111.207950987855,143.364824167526,133.262430913949,137.654984118039,10.6117064577523,2.68300121075815
130.90279208565,109.954051500083,142.05531609816,131.824635182095,136.07883785543,10.3948523745019,2.55244642325841
131.50938782015,110.42667654564,142.482011392154,132.29666367187,136.588427168471,10.3188576446897,2.53327236808035
132.106526034629,110.842921674885,142.891161596759,132.74606302465,137.07755418528,10.3248068877941,2.54750751633791
132.21935218204,110.921008584442,142.968312640735,132.83074086123,137.169732394514,10.3265542896608,2.55043010681397
132.589585047561,111.177246530593,143.221479594889,133.10860657589,137.472210174058,10.3322882938358,2.56002042848608
134.047391944965,112.177178431678,144.209259302916,134.191014823377,138.642464231766,10.3149516350215,2.57850915309124
134.066543693653,112.188555402191,144.219422196507,134.201249241743,138.650758995158,10.2987285733101,2.57118412341237
134.003785771003,112.141810714741,144.170699935031,134.145808197851,138.584656572896,10.2636426148754,2.55346437921495
133.90895291813,112.074455913577,144.10249552278,134.069573717884,138.498304483658,10.2417941154463,2.54144449677339
132.49812280225,111.069799348162,143.093194799125,132.939871330341,137.229531486043,9.97765857177778,2.39276050156592
132.547296601118,111.094866808082,143.118276364865,132.964835903943,137.253866217392,9.95001449187339,2.38087944937786
132.684714179576,111.180174556424,143.203640691022,133.057063463223,137.35336565942,9.92804750295237,2.37307318333783
132.799943932127,111.25434285675,143.277850660205,133.138310213257,137.442321957736,9.91914916030764,2.37089172286958
133.112681066745,111.457832818195,143.481244963157,133.362967532378,137.690717080968,9.90226756630023,2.36807653933913
133.602619223577,111.768410043136,143.786875426596,133.718650900419,138.102981179002,9.82893728062375,2.33987326633779
133.587601394303,111.755530516119,143.772316423621,133.708368950268,138.097970755203,9.80937292191881,2.32970152696286
133.505420935207,111.694737573114,143.705939176336,133.652224109329,138.055237621013,9.74900970187469,2.29750169806347
133.494782526133,111.687206552023,143.69775600167,133.645023653395,138.049389137695,9.74231511911963,2.29388907506688
133.483697169413,111.679663830828,143.689109515222,133.638075475355,138.044780437455,9.73213539757301,2.28845790101403
133.481768388197,111.678805601385,143.687426943339,133.637693454771,138.046192697946,9.72558876850676,2.2850285637633
133.477280724198,111.676808772848,143.683512130607,133.636804613668,138.049478581545,9.71035683274495,2.27704958035366
133.473263179981,111.675021128555,143.680007426766,133.636008885994,138.052420241762,9.69672056776474,2.26990646120269
133.457315338093,111.666129109335,143.669311803431,133.626132275289,138.043919305137,9.68541009974681,2.26389268126883
133.430464110377,111.650949371821,143.651676812131,133.608723808197,138.02726561276,9.67133402995319,2.25635902517722
133.378431260445,111.624254966791,143.618674032608,133.576073604262,137.996258622186,9.63904008108761,2.23925389604786
133.364514087741,111.636510684966,143.617843697794,133.574956094662,137.997429938396,9.5929280400596,2.21584637870555
133.3965131535,111.676126476462,143.647223859555,133.603981319136,138.028454425755,9.56557224361378,2.20247874313958
133.46858007424,111.74436134629,143.704452915567,133.660976300566,138.088538265965,9.54298575305648,2.19182604001002
133.499485563924,111.773209085957,143.728798042433,133.685244419864,138.114150005299,9.53394921453956,2.18756850897282
133.532022695454,111.801272012793,143.753330072889,133.709825549231,138.140251394773,9.52805300267796,2.18481719203759
133.637473293242,111.905206476804,143.837391493143,133.78937556699,138.223168887403,9.49198535161365,2.16664239693489
133.573973958995,111.90165849599,143.805992783718,133.738434944953,138.165027306835,9.43239925942547,2.13234377829862
133.725552780609,112.033585001387,143.911632273246,133.841145990195,138.290189862787,9.36904369368239,2.09440160310403
133.782238775836,112.073575562691,143.94893182531,133.881747154713,138.339331434562,9.36011940839118,2.0887950772936
133.884670958091,112.143971938826,144.015925730876,133.955727834739,138.428892565131,9.34685655362475,2.08031331571013
133.828110352639,112.102676919675,143.967689967227,133.910531605186,138.403591277049,9.30430647829897,2.05084227395938
133.816484804034,112.093971669606,143.953321954373,133.904768393708,138.422479668993,9.26931619125861,2.0258042792399
133.81690032423,112.094290264889,143.953572491004,133.905145796064,138.423159335393,9.26897944585094,2.02555894206177
133.820427778336,112.096994899345,143.955699358669,133.908349658366,138.428929192211,9.26612073047682,2.02347621384344
133.990502981263,112.235273435929,144.080491377223,134.050378372511,138.609822291057,9.23439619962241,1.99894257228313
133.999727253397,112.270447541362,144.100065996351,134.067797514379,138.63876821314,9.2120963294464,1.98059665987217
133.948396861163,112.255668298976,144.073476238629,134.033981079154,138.606602907141,9.19675676914697,1.96780367797607
133.932679863857,112.256144546017,144.067264511994,134.023893236712,138.597804699744,9.189729588107,1.96169931492446
133.920441330308,112.256515390732,144.062427555969,134.016038021383,138.590953699245,9.18425765289965,1.95694596092511
133.98443309044,112.347074921955,144.120933612331,134.061316540808,138.653207317302,9.16202540618676,1.93393885645326
134.013504803771,112.374378665926,144.14240596097,134.081229314392,138.677981602391,9.15910307429654,1.9301946928061
134.048458348404,112.404791358567,144.167259694187,134.105046102272,138.707435932383,9.15662094022424,1.9265975686038
134.150372029485,112.487900172998,144.23061867264,134.164419358154,138.793346038804,9.14575278712748,1.90915065134058
134.103830943417,112.457136558306,144.192500014725,134.120563080738,138.756495611317,9.13713448793202,1.8986037145666
134.093109622107,112.449015879815,144.182364730133,134.109169290679,138.748446632778,9.13464151252599,1.89511860202807
134.061135326243,112.419256950031,144.144843635941,134.068221045715,138.726842959334,9.12443944481481,1.87897973739395
134.088161822785,112.423756019099,144.146567713468,134.073111718394,138.757254787671,9.11926571082897,1.86459710148364
134.202399087214,112.483094736059,144.208395585556,134.146034337564,138.865773040041,9.11963063845959,1.84868920839206
134.204578496745,112.45458824269,144.188754763881,134.13117839588,138.899834390103,9.11342419837328,1.79785452359398
134.201513718843,112.451786557804,144.186099403113,134.128284611761,138.897934569077,9.11316965586619,1.79622327417707
134.202149033378,112.446987685972,144.182004155771,134.123000217893,138.900306167002,9.11303820720825,1.78533582826513
134.203933093988,112.447538939135,144.182617530925,134.123503811295,138.90180901075,9.11314941038944,1.78403251115278
134.205686856001,112.448080830397,144.183220489165,134.123998852199,138.90328633179,9.11325872501346,1.78275132819921
134.209078111972,112.449128687498,144.184386431701,134.124956114594,138.906143032848,9.11347010709878,1.78027390007063
134.310741436124,112.501778376202,144.237980270345,134.17814119771,138.982240079777,9.12071651198105,1.75469526871742
134.44493398342,112.563521515075,144.301053252687,134.237928498307,139.064464418468,9.13387606161176,1.72470937851563
134.421203073083,112.540239840072,144.277633068001,134.210544496026,139.038162403449,9.13396865681896,1.71707247368818
134.415556518735,112.534700177188,144.272060447997,134.204028721666,139.03190407812,9.13399068900662,1.71525534162121
134.397693683084,112.516860369904,144.254168704233,134.183053981148,139.011798993588,9.13415057209856,1.70927364283769
134.462373365402,112.498385426879,144.253403775735,134.16525492739,139.003877324368,9.16095970345387,1.66043979652761
134.586355460789,112.567330881946,144.336702521959,134.249738343425,139.090116538369,9.18148764941054,1.64761928947416
134.600793177415,112.563914791571,144.35093022518,134.25829652745,139.091085131301,9.2031470013684,1.6263672346656
134.54928643881,112.52074723494,144.315745112338,134.217099718809,139.045838752958,9.2162700420805,1.60990650742065
134.54644870798,112.518213928875,144.313724877461,134.214734677463,139.043361581501,9.21733685521645,1.6087303833941
134.540218081774,112.512651708883,144.309289175443,134.209541905679,139.037922612719,9.2196791893839,1.6061480422139
134.538549287225,112.511161938498,144.308101128672,134.208151087331,139.036465853615,9.22030655401148,1.60545639473878
134.546605843216,112.508002216919,144.306882110772,134.207107850658,139.041774027696,9.23428221557392,1.59464651411365
134.785826778497,112.609530771573,144.392795726152,134.316287114106,139.220653387279,9.30314907411939,1.56068580520811
134.714734422158,112.522148209867,144.291616838565,134.215269580972,139.144900509402,9.32393649124797,1.54008388930913
134.704550055269,112.492219121321,144.255794361107,134.181015348708,139.124392854084,9.33942956525329,1.52946920082372
134.781762285754,112.519891984131,144.286484640988,134.218049047721,139.170422194078,9.37421544990199,1.51827133226328
134.797564169801,112.529447048291,144.29760293689,134.230180523099,139.182103689511,9.37888124827405,1.51757265548259
134.998398860079,112.667054936694,144.459254799215,134.40462724589,139.34213663955,9.43170304080154,1.51443299233626
135.012859823658,112.681741975478,144.483403012961,134.429975867867,139.356858192204,9.44727130155292,1.51266482023884
134.968322590899,112.658683916055,144.471360256416,134.415731419028,139.326215720368,9.4629395746819,1.50881858415114
134.910665930387,112.636230404112,144.474030953725,134.426970176916,139.318172197616,9.52934047928051,1.50308418227631
135.080426552394,112.707530209956,144.516718677051,134.523948841756,139.522955123672,9.63497925746733,1.50352673508874
134.974643440058,112.575583793138,144.335646726178,134.367576167853,139.4672032072,9.68551475448831,1.48941219710503
134.959367600376,112.554986076648,144.305773685347,134.341441216103,139.458979940444,9.69476457082126,1.48605987591536
134.917807617534,112.495131041537,144.215598042442,134.263777121938,139.439858766841,9.72831277896322,1.4740776371973
134.927203122848,112.493368191005,144.20030692361,134.255041998069,139.457212113223,9.7543250007728,1.46531704271488
134.973867050184,112.539041799534,144.245146913081,134.303381317441,139.507048273031,9.78440729584022,1.45614840286962
135.144291139666,112.950679536701,144.801191666164,134.819971709868,139.718856765937,9.89953826044817,1.41531919756077
135.288356500488,113.673141754412,145.879245916516,135.828613228413,139.983132944733,10.0126988535131,1.37994442939592
135.42001322935,113.990471893192,146.331454634632,136.278081456303,140.154568947612,10.0576983264298,1.37380297528941
135.512820079703,114.183184659203,146.602003062026,136.554296007256,140.270240956822,10.0857329853776,1.37140432116222
135.493245854781,114.515124247632,147.142680451124,137.123447542872,140.374999254261,10.1564182278719,1.35439346045926
135.482863944534,114.636012322106,147.342462575641,137.348623673481,140.418016514737,10.1883140856013,1.3477135618038
135.4815670856,114.651113086393,147.367418410071,137.376751606582,140.423390026669,10.1922983647075,1.34687914057988
135.486850320389,114.675189205564,147.404408481073,137.420722869293,140.436817485834,10.1989535914378,1.34601116591478
135.56961749859,114.926571553852,147.7796784921,137.871625599467,140.59272299317,10.2681552777816,1.33886967601123
135.751635888229,115.231587989347,148.201737863237,138.383470644707,140.822512966953,10.3481233016354,1.33651785880197
135.771094210862,115.260894979536,148.241454436148,138.431387438726,140.84535288327,10.3555929071168,1.33647183180914
135.776567792945,115.363772738243,148.407174791383,138.63552550438,140.888244496018,10.3947336681576,1.33225858786218
135.771024142055,115.371176087394,148.421585901481,138.653611472016,140.887807748558,10.3987712484237,1.33157251349637
135.734804989084,115.451196380797,148.567092210794,138.830710269866,140.894597464659,10.4361459803429,1.32620625185505
135.725497277537,115.558108296519,148.744580474628,139.037004745508,140.922650249412,10.475747669059,1.32241600024202
135.759595707155,115.70265348435,148.964757947955,139.282577869676,140.98628896719,10.517553772251,1.32124447457328
135.773948783044,115.757606014475,149.047874972687,139.374946314651,141.011248243549,10.533098072332,1.32091676327543
135.774392105025,115.75930332763,149.050442199694,139.377799289326,141.012019158154,10.5335781875324,1.32090664129023
135.796176872311,115.820473631283,149.140609228503,139.477161181682,141.043572760096,10.5496688176392,1.32104002357485
135.981397868388,116.203164618137,149.68540850538,140.072690807416,141.275099198253,10.6413433285808,1.32619664792289
136.031996024012,116.294692825756,149.813400612568,140.212763688101,141.335640146116,10.6625141904333,1.32802735882558
136.005730230104,116.591159680397,150.313232947972,140.773235214705,141.437685117881,10.7709704574913,1.32930295851508
135.992439174115,116.669588973852,150.450061711629,140.93224260804,141.467784034816,10.8038845569718,1.33038708027525
136.079033394752,117.00543386043,150.982806219959,141.5768176337,141.701418573042,10.9323693809523,1.34316337174327
136.231732323372,117.277568634625,151.383584959143,142.073532924474,141.945219129884,11.0274890446907,1.3575874791473
136.211015643927,117.737594691043,152.223875867649,143.180902674259,142.277239072041,11.2984805592668,1.38769732638498
136.270155056983,117.846780775974,152.388373397933,143.384820788568,142.372213411168,11.3416422859044,1.39428999294543
136.399424406483,118.131528575299,152.823552046912,143.925242637603,142.606124557184,11.466800769573,1.41074274792058
136.368892221484,118.1646779501,152.895802217673,144.02225358001,142.616515511126,11.4990007238191,1.4127737149678
136.381938301761,118.343483559648,153.187819733668,144.40213752381,142.744975592379,11.610896075679,1.4238091536323
136.382404367957,118.34485030498,153.1898539209,144.404750631514,142.746110093814,11.6116168817258,1.42389407650932
136.45306288996,118.485137463949,153.386433734774,144.654738984015,142.87207439712,11.6762401112672,1.43265400746317
136.645236638518,118.770548965873,153.760171432281,145.123598842411,143.148196503964,11.7859957087242,1.45055828841542
136.636366797117,118.839966394112,153.868645270602,145.271962206951,143.200600642221,11.8329873289069,1.455782064899
136.621273688359,119.192716288901,154.400912293825,145.990742229178,143.466830792934,12.0454108501888,1.48233193508592
136.763565337939,119.660465342944,155.054176893785,146.840252869811,143.83155780871,12.259464907633,1.51308633293554
136.761235014916,119.671977616718,155.071972667335,146.864731470681,143.83760213748,12.2669171093154,1.51391664464587
136.747842912798,119.74248150519,155.180674769037,147.014108590331,143.874932411174,12.3122656063606,1.51899588222891
136.771124428478,119.812111862887,155.27626312538,147.139397564232,143.924810462382,12.3449895663792,1.52377189850114
136.833501122537,119.951161411694,155.462410934351,147.380035903007,144.030402610344,12.4047907135166,1.53321312377633
136.835543657012,119.954545581833,155.466784917539,147.385576916743,144.033170169328,12.4060629946565,1.53343972300525
136.83792618116,119.958493063346,155.471886971238,147.392040258829,144.036398401798,12.407547053103,1.53370404076416
136.925615691281,120.102013473003,155.657129610495,147.626430136222,144.154204020401,12.4611006416925,1.54330805447456
137.019565529033,120.459641568598,156.168566965207,148.297247195717,144.393514078002,12.6390213872986,1.57112511958903
137.289922932627,121.119610246972,157.153366252706,149.559212070311,144.908338850677,12.9300590524535,1.61350890811256
137.267594915839,121.143028463282,157.207308606957,149.634161905603,144.915835386453,12.951572493822,1.61412118845538
137.264624404871,121.154434333377,157.2296079106,149.663927393578,144.922374757374,12.9591995518581,1.61434883540868
137.341135682905,121.43256076933,157.688561899246,150.244982385094,145.13093874592,13.0869221319079,1.62027798493986
137.436243643962,121.584504585959,157.906754304067,150.506441084915,145.261459242968,13.1343335088068,1.62398244766896
137.566754181676,121.788425230726,158.193942843929,150.845866102227,145.435908104959,13.1930759872311,1.62890006969104
137.47889790252,121.901408188641,158.425020121743,151.140930550995,145.472799017988,13.2647133590214,1.62583086545019
137.473543140491,121.920287838293,158.459152716196,151.183925366773,145.482950563061,13.2740859953176,1.62570786362767
137.476902166773,121.990556558776,158.576005346862,151.329778428619,145.530729411043,13.3026841365739,1.6262388298726
137.506707996051,122.101974879769,158.750718368493,151.546326166228,145.616978010619,13.3414252238834,1.62811956176555
137.587107678108,122.254917543855,158.975559985368,151.822489086722,145.75204899773,13.3840014892436,1.63236950716763
137.743327510102,122.494118656956,159.318632550304,152.241303203072,145.975566809886,13.442323957818,1.64028536262711
137.671950603292,122.561539809006,159.488961278308,152.478404134289,146.010972412271,13.4848597473139,1.63953723688295
137.64844275007,122.616081595432,159.61367203517,152.646984303487,146.049721063164,13.5120465532697,1.6398728216908
138.000077855425,123.679343853062,161.38091303646,154.76536058957,146.834057737956,13.7917840694861,1.66813646288983
138.181290787705,123.984043939076,161.809237945946,155.290694536936,147.098855526402,13.8441675611839,1.67666874986551
138.137206864923,124.100123151373,162.038758561359,155.6160024437,147.179856863507,13.8775246661657,1.67539486963883
138.372517497473,124.614824709397,163.019649394547,156.930452666219,147.724554017114,13.9964250208536,1.68595231285584
138.41672583028,124.666277356208,163.110521118884,157.042620336276,147.780692505681,14.0063067050871,1.6881376501853
138.464883030623,124.919924925843,163.923710310025,158.138045632579,148.018503364935,14.0998378196355,1.69726596796556
138.473705296614,124.936766001356,163.966651113579,158.195620773788,148.033406724729,14.1041441074097,1.69793344537295
138.740649302963,125.344740171707,164.75980599768,159.2521327446,148.367069985754,14.1670879852675,1.71180561969921
138.768558273001,125.394983949606,164.856649370503,159.383136192155,148.404403121991,14.173924210614,1.71317192063359
138.681675620755,125.505895408898,165.20119559948,159.908566815471,148.410726072814,14.1910505980117,1.70922108849356
138.678637308089,125.517282861348,165.228836127607,159.948849087084,148.413737140939,14.1921915701856,1.70897111663175
138.664645727231,125.80387587395,165.848682150027,160.812567079,148.512528785034,14.2161932252761,1.70507043889022
138.872247257815,126.482352962482,167.02459505613,162.202995603385,148.817642171711,14.2572439275441,1.70741844876218
138.829369585797,126.544242625484,167.168618195268,162.356804216596,148.800483722674,14.258574712959,1.70445755843969
138.765325396442,126.636684055017,167.383738204361,162.586540288665,148.774855023459,14.2605624391833,1.70003502774835
138.745761161135,126.696302385513,167.508523269203,162.713515388805,148.772752688791,14.2621672307897,1.6981609399634
138.706844491111,128.019169480929,169.929374239018,165.198958397931,149.055864577769,14.2822187510369,1.67958791535111
138.612897394907,128.17576848005,170.233258047591,165.521062077112,149.036762960111,14.2720383419611,1.67436528425447
138.598827570412,128.202984135605,170.284075440465,165.574763092359,149.034661147526,14.270255175852,1.67362027468888
138.468718910431,128.591142299655,170.948115658996,166.246359918462,149.031479878672,14.245892345621,1.66899091632473
138.460278221275,128.623869036619,171.001925876241,166.299603948353,149.032172116582,14.2438765710051,1.66881553048705
138.445507532076,128.779955965809,171.236033426135,166.507523424964,149.040103549891,14.2349485111116,1.67065935681634
138.434368634637,128.921979616895,171.447013608483,166.692554528487,149.04773836481,14.226886792258,1.67257904110326
138.428785173555,129.153578128405,171.778943431179,166.961142000733,149.058321408664,14.2141221538647,1.67749377002637
138.257704426833,129.734064605552,172.61508918455,167.465319063043,148.898014160003,14.1604627787532,1.69317937744976
138.1545045151,129.90823305327,172.870049995392,167.558358790684,148.786716143214,14.1373331619495,1.69903969373523
138.126759813968,129.967415016263,172.954285689574,167.585860800574,148.753125528949,14.130184229604,1.70138570154877
137.935684277173,130.558000060542,173.774671379801,167.848959082216,148.481922344978,14.0684383652443,1.7279140847196
137.871481540317,131.689575341623,175.284033967026,168.403310368453,148.22838840877,13.9870289963363,1.78861761729066
137.512407755217,132.642670157115,176.592497639073,168.782839751722,147.768388761128,13.8861651361886,1.84495594547755
137.223268803416,133.767831006454,177.977172580053,169.28146116969,147.404088884327,13.7869572192475,1.92473209296767
137.191388117278,134.030266037065,178.255945329503,169.37771648174,147.348175048524,13.7690807497733,1.94755920254626
137.089177150996,134.385447538147,178.607863059242,169.444820351731,147.211318810807,13.7392197659706,1.98287883420291
135.184752083522,137.529424462759,180.774581325065,167.377227049719,144.21018688878,13.4317322231734,2.49760335631048
135.087337597226,137.606373190267,180.829301547688,167.300054205635,144.096252500587,13.416127611443,2.50863979944527
134.816317561416,137.880201722927,181.021237695476,167.071895579578,143.771952764967,13.3647541376708,2.54334709766445
134.646617473545,138.132722819598,181.20447207408,166.916310572398,143.552263616309,13.3240091275926,2.57233419853138
134.519980610226,138.40851278042,181.417130984019,166.793821451924,143.368094036854,13.2855571468265,2.60254443593213
134.403954490199,138.817365465038,181.757364989406,166.679709875343,143.16220027583,13.2370255878424,2.64608462928852
134.371959835863,138.945983141467,181.867348070008,166.648817797472,143.10130736791,13.2223081917515,2.65979161274804
134.210246301936,139.045287453138,181.943718734443,166.508736492794,142.913363570828,13.193191833491,2.67546812569247
133.844631894644,139.331501874184,182.195024044693,166.208850859096,142.473205599026,13.1243523819193,2.71806782322923
133.739938388025,139.449654984868,182.311877695551,166.132822804831,142.339211084206,13.1030188889839,2.73439395577492
133.727335243484,139.469066626805,182.332262932531,166.12507922659,142.322032786734,13.1002319452,2.73694432088473
133.491568072168,139.923513126727,182.822206147033,166.005185405507,141.984949606534,13.044890749066,2.79498520700021
133.088178715599,140.714253730167,183.726160481703,165.874816853892,141.441396469499,12.9685627954527,2.90051671283889
132.925469425526,140.842953739481,183.879237183984,165.788831012765,141.262710507868,12.9493249330936,2.92290117141339
132.068999469287,142.302607780845,185.564109085989,165.554945038305,140.220009379589,12.863218945396,3.15527413013598
131.736689643892,142.542925639586,185.875467670012,165.408693081241,139.856151653207,12.837289748639,3.20752296403858
130.694258424347,144.191432147425,188.247521822673,165.422616954053,138.56588515266,12.6930031212019,3.46365949750226
130.111499759032,145.018227433873,189.582433127386,165.47967902634,137.896438629985,12.5886336758658,3.60732768478297
130.080266033476,145.114820521559,189.728449161485,165.508222262136,137.852439450224,12.5811126595473,3.6248892822265
130.051921280842,145.24966767052,189.927860979338,165.557208312934,137.80400918069,12.5727841988982,3.65017449493973
130.015695061791,145.422010058533,190.182720716096,165.619815294535,137.742112519412,12.5621399486653,3.68249044654852
129.374587006311,145.902915730797,191.098080535859,165.536461229739,136.937975295302,12.4799366787495,3.85636369558029
129.301957126059,146.067325592005,191.374258845671,165.578274081067,136.789423057754,12.4635309254187,3.90186200121438
129.268896554041,146.200335557166,191.589587964337,165.62261982425,136.693084598283,12.4518262736586,3.9350612935166
129.256816875074,146.284363156053,191.721916798572,165.652941443376,136.640399621314,12.4446716346636,3.95441151543571
128.934238317693,146.801762614455,192.609337003638,165.606706774071,135.915640934549,12.3403892501096,4.08940600962027
128.856770719905,146.904586205788,192.779458802646,165.562267829722,135.732761473677,12.3114346715873,4.11512948480865
128.843787365056,146.944055439666,192.836034286116,165.552860193026,135.683526473772,12.3026087689611,4.12323779846215
128.852790976671,147.648651454147,193.691821830199,165.499301416451,135.133003622004,12.18686376221,4.25134572343425
128.68612536694,147.928174683117,193.93418940869,165.205463923322,134.625022510905,12.0995288561928,4.3318637432947
128.671155199375,147.957640706154,193.955737456558,165.175057228879,134.575722664508,12.0907933597182,4.34050121894815
128.649049722456,148.001151274043,193.987556063312,165.130157632446,134.502924774174,12.0778942178174,4.35325561985058
128.632986558964,148.036945447425,194.013987505914,165.096163262877,134.446962945906,12.0677917304742,4.36342023725908
128.622249161958,148.195086054417,194.138021227271,165.029493183856,134.311146410053,12.0376071845593,4.39902245901271
128.67996084673,149.08133783748,194.931305890283,164.999618187348,133.969384798474,11.9101209870378,4.54088922672822
128.668806339346,149.09722486613,194.945589301481,164.991025626382,133.952705205888,11.9055592691855,4.54340722871595
128.652844801757,149.119958403009,194.966028142652,164.978730104927,133.92883754998,11.8990316809678,4.54701036258777
128.465243864875,149.884009247335,195.715934049525,164.95742028949,133.618968260972,11.7544826622535,4.62200252140398
128.563648593325,150.74288203666,196.550643835444,165.229701522653,133.688024223865,11.6643928492662,4.68616344000702
128.572448168694,150.793510992677,196.59896733823,165.248303371303,133.69635016972,11.6598874679819,4.68999438038375
128.598934581608,152.92430214739,198.413114197761,165.967898691225,134.169932077489,11.4511836430229,4.9077297508519
128.589774420721,153.60684537305,199.043710935531,166.341913788365,134.512430226398,11.4055414552272,5.02031970165405
128.57381005181,153.725013028139,199.165244906497,166.409289333806,134.571639155235,11.3985947610427,5.04609813551598
128.558904088839,153.835346402477,199.278721416658,166.47219801445,134.626922649729,11.3921086188805,5.07016751043097
128.66761622265,154.71716373681,200.252524664573,167.013247022325,135.065931788389,11.3988285456337,5.2837968434703
128.644836090496,155.304902016786,200.872013848309,167.214339465653,135.170082732693,11.4337211077701,5.48563613802593
128.64362298536,155.307163411097,200.87427137575,167.214258801264,135.169526756798,11.433884638071,5.48672783821306
128.483413497375,155.99479532483,201.462082189553,167.274035688395,135.108167689085,11.5054042448891,5.77370865028122
128.164618143096,157.421871455026,202.485011091657,167.606855527509,135.352873966466,11.6477378812552,6.27778289639786
128.125474301078,157.489456398735,202.528191874943,167.61951874601,135.371848235446,11.6533926534436,6.30284397368567
128.019976996539,157.671605851138,202.644569215786,167.653647624263,135.422986144493,11.6686329362798,6.37038655423865
127.790780008408,158.433320733431,203.217388805016,167.93499622615,135.865857383132,11.7205727573147,6.59776527800657
127.75252914163,158.680248878628,203.415989791715,168.04000701533,136.042946264561,11.7357613033785,6.663914562285
127.731658007964,158.91548051904,203.609828912316,168.142676236619,136.225101629941,11.7495818062421,6.72417214616093
127.720034691555,159.046483071638,203.717779609542,168.199853621595,136.32654554196,11.7572785648505,6.75773012028078
127.684665570744,159.118464149509,203.770598174262,168.213257645063,136.380574340609,11.7609730984192,6.78100805484803
127.016231298666,160.011135493328,204.303775699718,168.126730679687,137.077928396577,11.8000377614747,7.1181341150329
126.522227154391,160.965913444507,204.728439263697,168.106175873774,137.87888484566,11.8364331009231,7.4478219300813
126.123655032874,161.360182249048,204.799642026753,168.048526485734,138.262902801189,11.8441455198247,7.61556894023119
125.910073085198,162.105198480918,205.19636256,168.327505220135,139.117163896609,11.8773946191721,7.85024250091828
125.732463225872,162.568476439193,205.461255010386,168.498437275423,139.760820153722,11.9086395985221,8.02060326918559
125.719837228285,162.582002327159,205.466806116465,168.499962169526,139.782942099594,11.9097001373354,8.02731580945956
125.610596633517,162.804355477514,205.589636750902,168.551222255464,140.131081893902,11.9343186751987,8.12339540803902
125.604856771035,162.816265927288,205.596252091125,168.553997772189,140.149712532414,11.9356455377451,8.12852575181244
125.551688923868,163.478152717819,205.968393079073,168.697476064692,140.989958330144,12.0305108226476,8.3586154639825
124.833093430442,163.979836063595,205.570453114653,167.818545521412,141.0735643848,12.1725285879149,8.62486382794767
124.18638684975,164.368360828355,205.052958474805,166.727645128752,140.617340258835,12.2715822623688,8.78101461768821
123.717949566384,164.316811596823,204.652832170925,166.053327525066,140.220952469319,12.2903431884712,8.8208785526887
123.622083863207,164.312534375369,204.576878792208,165.911796785261,140.145788030989,12.2946721423459,8.83013954320453
122.939176439821,164.459434919533,204.179441368454,164.978644787292,139.921442338386,12.3442107370325,8.93753657397245
122.936446299354,164.465797120927,204.18261375934,164.98018994647,139.933508504807,12.3450108334344,8.93941272970934
122.335879515199,164.333368321564,204.597689726434,167.872576899166,144.249140523902,12.2833786921262,9.09145655687997
122.283363749274,164.298459143924,204.60554779146,168.052925482031,144.508063220054,12.2731675668306,9.09406859824669
122.07815153131,164.327905316655,204.717728524154,168.673931612012,145.552347973207,12.2423924091457,9.12025916629328
122.03180807163,164.376828470513,204.754029097854,168.76537065508,145.760265953038,12.239896211182,9.1308273247339
121.962619128855,164.466224331706,204.811004412448,168.879188363611,146.054898000561,12.2381896625339,9.14848876788194
121.790098318829,164.434981250166,204.724564292216,168.791342537275,146.109435405665,12.2330684828729,9.154977554862
121.228968948983,164.416834193339,204.443664954121,168.416871913579,146.253495279734,12.2291144403315,9.18907222700094
121.205848486067,164.425475435823,204.433126007127,168.397013438597,146.263491660807,12.2301584583557,9.19210511451569
121.064016278772,164.958244637285,204.211190815823,168.361955858402,147.333732009415,12.3012761414853,9.34058426812809
121.830328831898,165.472995221329,204.455586322633,169.275430032751,148.691557240817,12.339613481763,9.41145896062146
123.00587601192,166.517298081752,204.401951084167,170.62067741996,151.318093813206,12.4142346894678,9.53330872123401
123.007209855315,166.52344255321,204.381316327975,170.625737623889,151.350873467064,12.415845782397,9.53570641303976
123.06664180773,166.617677306433,204.201145538978,170.730982221434,151.734693192371,12.4392189880424,9.56773842996359
123.110632229644,166.66367137978,204.160518122378,170.791486780193,151.881234922034,12.4497256445805,9.58123505386182
123.651548018821,167.107467997318,204.060675403652,171.414779182776,153.040322644235,12.5408114343681,9.69192927993586
123.72824016057,167.156003641287,204.025804318196,171.497015920031,153.207157510609,12.5543839654662,9.70766082902474
124.250847830406,167.316133516608,203.356373734611,171.886398797145,154.537488006702,12.6468820601083,9.79807493074622
124.605284362644,167.539214076562,203.238204799673,172.103569709712,155.208725556978,12.6736939325915,9.81801219634096
124.749992292412,167.649752289006,202.873490755767,172.128140686802,155.890913725752,12.6774926420608,9.80270921364911
125.008789856007,168.045529831401,202.894627328999,172.39825829262,156.63189623404,12.69512219587,9.80686400651673
125.145246691766,168.448839388777,202.958101145835,172.66983767041,157.268104511104,12.7196419711572,9.82072344565737
125.112087836781,168.76510079827,202.959079817304,172.873866796717,157.780741394388,12.7467394863733,9.83849095093844
125.253792450387,169.296848683104,203.190642059883,173.333645267799,158.563966976057,12.7967210858637,9.89043279212667
125.406512802699,169.403575918646,202.840015640249,173.68969778909,159.950694945957,12.8481551689565,10.0230188728569
125.403941361063,168.689244160202,201.746796043618,173.190283990722,160.269413295519,12.8566380965233,10.1185432069979
125.417923535059,168.285920953125,201.137678510772,172.867183044612,160.332802394387,12.8688428625834,10.1739506927514
125.262583809752,167.0169543793,199.451149718396,171.738688887613,160.076686039806,12.8824888788913,10.291675959481
125.223386183235,166.790534324043,199.169276525476,171.507098315736,159.973550129994,12.8796431336419,10.3072722781512
125.031333882842,165.567208424996,197.472313281381,169.965418067902,159.193551229353,12.8145367549908,10.3639314612465
125.023959496436,165.545754865822,197.440356552453,169.935414036769,159.176039908995,12.8122952505418,10.3636027842804
124.910685045578,164.962540340472,196.47136600875,169.056079531208,158.739194845952,12.7241962021362,10.3401071643596
124.916944315132,164.885817803815,196.323426354742,168.929500674057,158.694380794161,12.7062910871463,10.3332942061628
125.018471521922,163.017037773446,193.475977556979,166.597564516695,158.059795702694,12.1239689785526,9.88248624335075
125.532309682726,161.783320450222,191.602112811391,164.647923540232,157.042355947997,11.7748606462512,9.63420148191107
125.556240967584,161.542871644013,191.256378414072,164.292110155034,156.808880499561,11.7315609345895,9.60657111237706
125.560344663709,161.4420413066,191.11369372543,164.14577872798,156.71104985028,11.7141630488686,9.59529244693666
125.56250797337,161.388887457863,191.03847588374,164.068638467036,156.659477320949,11.7049915573347,9.5893467713379
125.70475515825,160.774789607556,190.161306023568,163.183999700102,156.097712374617,11.5992442707148,9.52229867409476
126.023908493903,160.318895720026,189.505858596991,162.548462628669,155.755587370956,11.5171714296499,9.46865199531319
126.102637681105,160.262333466675,189.424291793453,162.47309465133,155.726061137892,11.5062360171892,9.46099137954518
126.315482265729,159.874534047377,188.929640959974,162.00728623455,155.460689674337,11.4500173282087,9.41548778520133
126.475438658424,159.28645549012,188.208413847336,161.302978111039,154.990343267439,11.3763093854936,9.35323287689349
129.099922140411,156.504163336161,185.569224086119,161.933997951452,156.274507951136,11.0195282034813,8.91450670507819
130.038703450355,156.603928287645,186.14756245393,164.118361203692,158.037185293229,11.0114350604348,8.86461792679829
NaN,NaN,NaN,NaN,NaN,NaN,NaN
NaN,NaN,NaN,NaN,NaN,NaN,NaN
NaN,NaN,NaN,NaN,NaN,NaN,NaN
NaN,NaN,NaN,NaN,NaN,NaN,NaN
NaN,NaN,NaN,NaN,NaN,NaN,NaN
NaN,NaN,NaN,NaN,NaN,NaN,NaN
NaN,NaN,NaN,NaN,NaN,NaN,NaN
NaN,NaN,NaN,NaN,NaN,NaN,NaN
NaN,NaN,NaN,NaN,NaN,NaN,NaN
NaN,NaN,NaN,NaN,NaN,NaN,NaN
NaN,NaN,NaN,NaN,NaN,NaN,NaN
NaN,NaN,NaN,NaN,NaN,NaN,NaN
NaN,NaN,NaN,NaN,NaN,NaN,NaN
NaN,NaN,NaN,NaN,NaN,NaN,NaN
NaN,NaN,NaN,NaN,NaN,NaN,NaN
NaN,NaN,NaN,NaN,NaN,NaN,NaN
NaN,NaN,NaN,NaN,NaN,NaN,NaN
NaN,NaN,NaN,NaN,NaN,NaN,NaN
NaN,NaN,NaN,NaN,NaN,NaN,NaN
NaN,NaN,NaN,NaN,NaN,NaN,NaN
NaN,NaN,NaN,NaN,NaN,NaN,NaN
NaN,NaN,NaN,NaN,NaN,NaN,NaN
NaN,NaN,NaN,NaN,NaN,NaN,NaN
NaN,NaN,NaN,NaN,NaN,NaN,NaN
NaN,NaN,NaN,NaN,NaN,NaN,NaN
NaN,NaN,NaN,NaN,NaN,NaN,NaN
NaN,NaN,NaN,NaN,NaN,NaN,NaN
NaN,NaN,NaN,NaN,NaN,NaN,NaN
NaN,NaN,NaN,NaN,NaN,NaN,NaN
NaN,NaN,NaN,NaN,NaN,NaN,NaN
NaN,NaN,NaN,NaN,NaN,NaN,NaN
NaN,NaN,NaN,NaN,NaN,NaN,NaN
NaN,NaN,NaN,NaN,NaN,NaN,NaN
NaN,NaN,NaN,NaN,NaN,NaN,NaN
NaN,NaN,NaN,NaN,NaN,NaN,NaN
NaN,NaN,NaN,NaN,NaN,NaN,NaN
NaN,NaN,NaN,NaN,NaN,NaN,NaN
NaN,NaN,NaN,NaN,NaN,NaN,NaN
NaN,NaN,NaN,NaN,NaN,NaN,NaN
NaN,NaN,NaN,NaN,NaN,NaN,NaN
NaN,NaN,NaN,NaN,NaN,NaN,NaN
NaN,NaN,NaN,NaN,NaN,NaN,NaN
NaN,NaN,NaN,NaN,NaN,NaN,NaN
NaN,NaN,NaN,NaN,NaN,NaN,NaN
NaN,NaN,NaN,NaN,NaN,NaN,NaN
NaN,NaN,NaN,NaN,NaN,NaN,NaN
NaN,NaN,NaN,NaN,NaN,NaN,NaN
NaN,NaN,NaN,NaN,NaN,NaN,NaN
NaN,NaN,NaN,NaN,NaN,NaN,NaN
NaN,NaN,NaN,NaN,NaN,NaN,NaN
NaN,NaN,NaN,NaN,NaN,NaN,NaN
NaN,NaN,NaN,NaN,NaN,NaN,NaN
NaN,NaN,NaN,NaN,NaN,NaN,NaN
NaN,NaN,NaN,NaN,NaN,NaN,NaN
NaN,NaN,NaN,NaN,NaN,NaN,NaN
NaN,NaN,NaN,NaN,NaN,NaN,NaN
NaN,NaN,NaN,NaN,NaN,NaN,NaN
NaN,NaN,NaN,NaN,NaN,NaN,NaN
NaN,NaN,NaN,NaN,NaN,NaN,NaN
NaN,NaN,NaN,NaN,NaN,NaN,NaN
NaN,NaN,NaN,NaN,NaN,NaN,NaN
NaN,NaN,NaN,NaN,NaN,NaN,NaN
NaN,NaN,NaN,NaN,NaN,NaN,NaN
NaN,NaN,NaN,NaN,NaN,NaN,NaN
NaN,NaN,NaN,NaN,NaN,NaN,NaN
NaN,NaN,NaN,NaN,NaN,NaN,NaN
NaN,NaN,NaN,NaN,NaN,NaN,NaN
NaN,NaN,NaN,NaN,NaN,NaN,NaN
NaN,NaN,NaN,NaN,NaN,NaN,NaN
NaN,NaN,NaN,NaN,NaN,NaN,NaN
NaN,NaN,NaN,NaN,NaN,NaN,NaN
NaN,NaN,NaN,NaN,NaN,NaN,NaN
NaN,NaN,NaN,NaN,NaN,NaN,NaN
NaN,NaN,NaN,NaN,NaN,NaN,NaN
NaN,NaN,NaN,NaN,NaN,NaN,NaN
NaN,NaN,NaN,NaN,NaN,NaN,NaN
NaN,NaN,NaN,NaN,NaN,NaN,NaN
NaN,NaN,NaN,NaN,NaN,NaN,NaN
NaN,NaN,NaN,NaN,NaN,NaN,NaN
