99.4112959424309,99.9677891261456,143.717098812391,142.947851122168,130.098840543063,4.11151652371234,5.16308836538744
100.793404489654,101.062498856492,144.993778213541,144.382967019605,131.48371812407,4.15231504565729,5.25562804106179
101.676391480198,101.761875509839,145.809409738704,145.299818789248,132.368474165831,4.1783799767969,5.3147488169906
106.630422857402,105.758681848463,150.447063685883,150.51403614838,137.423618518351,4.3346337431318,5.64662333849372
101.000557822455,101.741693970426,145.619648586958,145.094565797457,132.331124881624,4.22579061569151,5.27274849931936
97.1285940164681,98.8203738549595,142.16564824268,141.214384937108,128.630160260192,4.12931554304937,5.01505949026828
95.3497494003517,97.4755159304223,140.576396593902,139.429023176484,126.925491167821,4.08417667045636,4.89686042430714
91.8901334952559,94.859946350219,137.485513763836,135.956732293151,123.610136779103,3.99638757401363,4.66697898055328
91.5774771416736,94.6235691135776,137.206180976177,135.642930461982,123.31051779178,3.98845379768382,4.64620387258409
81.6117927623896,87.564727457479,128.695139076248,126.092104370014,114.280044288813,3.7700569202523,3.99435491594513
82.5427602407447,88.3469714785822,129.590416025206,127.098164221433,115.254378760092,3.79981626195852,4.0573923761849
92.8051783972587,96.913621706487,139.403998798544,138.115056202825,125.894264590322,4.12266035665195,4.74646015916488
94.1958028328053,98.175477238483,140.810127719789,139.687539780124,127.413508069697,4.17235414234705,4.83843936136659
94.2273397442202,98.3529201855608,140.956171151034,139.84426658023,127.569219459482,4.18197893402857,4.83981959798673
93.9468492017609,98.2350949114059,140.777403624094,139.638295086219,127.374166171241,4.17975987617101,4.82062082117143
93.3545480844047,97.8294339867812,140.28001540281,139.076577476496,126.835576388683,4.16589034142014,4.78106892297177
91.8085270792317,96.7625682004095,138.975611540251,137.603909791399,125.423280517944,4.129219069027,4.67788132220486
90.6399393715808,95.9334571625886,137.973150618796,136.474056829957,124.339442861059,4.09971445311341,4.60034223198588
88.3415437033166,94.2940846950793,135.99627008657,134.247450602833,122.203880542711,4.0408117037696,4.44796236429422
86.0813954732589,92.9957582979408,134.347614755937,132.420432288312,120.493602316774,3.98448383064236,4.2914310288852
87.3122028590561,94.0233007707431,135.537585132839,133.768989496209,121.804534253494,4.0184994113323,4.36762286955444
87.3465685288721,94.0516954127687,135.57052753928,133.806299368013,121.840779729142,4.01944500621245,4.36973692310653
88.1981753857089,94.7553357601252,136.386864871177,134.7308657398,122.738969572565,4.04287755061047,4.42212474241339
89.5244758698196,95.8557040688292,137.665800258404,136.182347445242,124.152579070041,4.07881050082509,4.49855112163065
90.568177015229,96.8100679506107,138.759167996271,137.433320391972,125.388576159699,4.10218730391213,4.54081322532378
89.9068384363071,96.4333125757741,138.286067790804,136.90933402603,124.905365990822,4.07350949653467,4.47801821505466
87.2727555115407,94.7511894289988,136.224314404877,134.578810022193,122.687399725074,3.95828387653507,4.28291119315989
87.144597098667,94.6707590713753,136.12570109864,134.466690503577,122.580192910007,3.95213259154744,4.27381953635127
86.7241419697076,94.4609600933044,135.855412089513,134.149968392857,122.274991522128,3.92206885510584,4.24536484411594
86.545722640697,94.3888234320515,135.757273274933,134.03135636295,122.159828507618,3.90628842504678,4.23350986123195
86.5755481013073,94.4934499555399,135.864374372828,134.137596291077,122.257599051307,3.89240033605974,4.23656400318915
86.8731528133031,94.8495363283246,136.258416432149,134.552712116896,122.645486568897,3.87683044156766,4.25821480048493
88.5581308074811,96.4131108102013,138.044178557078,136.444864601698,124.39387119148,3.87097163687169,4.36541090873323
88.8656345385904,96.7621951236879,138.414980871114,136.756771683082,124.607111297512,3.86907959280979,4.36749283100597
88.6632508502981,96.7221328167617,138.302576933179,136.532965832432,124.305248039261,3.86497473858112,4.33902386603247
88.5624969696434,96.6949495956713,138.239008484631,136.426959261895,124.172135476191,3.86366278969045,4.32871067169303
88.5267153564063,96.6871567020817,138.21708459591,136.390186281332,124.125801461221,3.86327259170408,4.32545238050043
87.9897490655643,96.6939621949975,137.954542313021,135.87728658662,123.434952545664,3.85413999879049,4.28675614619858
87.9306698085077,96.7640936969733,137.96246104728,135.834911741325,123.348533825896,3.85176680793468,4.28613056803634
87.9423631439542,96.8210538753428,137.998374706563,135.855932731854,123.352329291777,3.85057369241469,4.28979240885141
88.0902775918171,97.2969446688807,138.323266018221,136.077503425735,123.44564107596,3.84015630616058,4.32474069884507
88.1180170345185,97.3576398229411,138.369092260594,136.113881639163,123.46842793206,3.83874830104861,4.32996748322463
88.5896937176756,98.4276225474544,139.179480078578,136.755034006092,123.870712393109,3.79866959064507,4.43414289434093
88.6199327746206,98.5309629194895,139.252155940803,136.806010374022,123.894923039573,3.79248547430736,4.44493974833094
88.6203323361885,98.571121851338,139.276656111536,136.81835318332,123.89383072225,3.78897554413646,4.44935188934126
88.6198965072975,98.6903958229845,139.348887900123,136.853944619598,123.889085552124,3.77839269037417,4.46248709204308
88.6198483219846,98.7035827726475,139.356873858393,136.85787961457,123.888560925344,3.77722264834465,4.46393932218559
88.5662558177535,98.9923618647914,139.517613222492,136.915188634397,123.833280508332,3.74897707352973,4.49543018168232
88.5509066578839,99.0325509867677,139.537858845366,136.918829275444,123.819009973396,3.74465220703675,4.49976597809715
88.5321175630545,99.0817469838344,139.562641760606,136.923285828796,123.801541236576,3.73935808492511,4.50507347966017
88.5095276036008,99.1317386251092,139.587879898596,136.927769507575,123.782586358387,3.73451422077431,4.510135758003
88.5072633519392,99.1360405929236,139.590056718414,136.928151227775,123.780844976516,3.73414647115509,4.51054106298714
88.298389521223,99.6347288491551,139.870194590136,137.029484040319,123.650235412131,3.70544424598813,4.5534835407822
88.0267214940225,100.110715601279,140.120513739057,137.132482239713,123.525936844446,3.71196715104099,4.57920045070886
87.9906172332219,100.23240443062,140.186149894542,137.172343052807,123.521814293527,3.71847885635845,4.58686256558941
87.9803731559991,101.265522619849,140.573455230867,137.404088833753,123.583989136262,3.81183726461348,4.71068139709836
87.991319998384,101.423688271207,140.517310689865,137.317117500273,123.532785452197,3.83745000836157,4.75811963241137
87.9920842573544,101.431509413953,140.514527704736,137.312844031127,123.530372005764,3.83871700713043,4.7604999935152
88.0132112674951,101.482283169589,140.502988579187,137.294561631819,123.527471590481,3.84616893392281,4.77733449690873
88.4714794032383,102.142474408777,140.539740693903,137.284847709098,123.699309748973,3.91825906956335,4.99672658251468
88.4882651972137,102.207536236016,140.508248356524,137.239835181014,123.677923997289,3.92439289768182,5.03042876671885
88.4952151156911,102.234474157211,140.495209403599,137.221198386049,123.66906953196,3.92693252169008,5.04438267518882
88.4970589298798,102.24162079087,140.491750167856,137.216254042154,123.666720441267,3.92760628423791,5.04808464874567
88.5220620104794,102.322373442134,140.474014784103,137.184433003087,123.654309963462,3.93269493982479,5.0843830100933
88.5510483634531,102.404419605573,140.474344363018,137.172767433342,123.653845939469,3.93569568054457,5.11650905481579
88.7580684122979,102.878110045445,140.611384478498,137.257866992456,123.741919508865,3.93244736791961,5.26090369767401
88.9664243881536,103.277323366117,140.798819709224,137.412399773285,123.870601892093,3.91296811372231,5.35700041760436
89.0852572515913,103.586612537783,140.899232422269,137.47574233115,123.915674889482,3.87966872324546,5.4352747293269
89.1553251004889,103.86187558902,140.930675951674,137.467672906292,123.911884421632,3.82933693146151,5.51096304238353
89.1625653159833,103.884521376842,140.933737607943,137.468048863413,123.913491645848,3.82502929091729,5.51697263623938
89.2561843354213,104.102576604428,140.970895072163,137.489212741023,123.963095310488,3.78337889189046,5.57322805633951
89.3005342971122,104.193395521932,140.988091809143,137.501959963389,123.991404982314,3.76599307875192,5.596297113875
89.3604991773128,104.302380369079,141.011126904196,137.522688805234,124.035987882912,3.74560590051969,5.62408991349693
89.643115996787,104.725794940541,141.119153208273,137.644729480465,124.289539957959,3.67095513835906,5.7349159464766
89.748395604738,104.868850561855,141.159683263419,137.694803220377,124.392013123076,3.64708317207846,5.77380051462216
89.8313865756828,105.024243364442,141.132235278431,137.681992780142,124.487159757376,3.60424160398653,5.83756552147803
89.8380655688428,105.039721218688,141.125884601272,137.677316184736,124.49581887851,3.5991186503982,5.8450061362416
89.9950321383576,105.310934677059,141.066621239103,137.657460300562,124.693821279935,3.52239273611191,5.98063494778382
90.0093502747057,105.329397400846,141.068298862402,137.66192944699,124.70956849811,3.51853484507168,5.98997096768706
90.0587665423805,105.393117907374,141.074088853501,137.677353838182,124.76391696425,3.50522008317325,6.02219242775284
90.6228965194754,106.017667232466,141.275509011476,137.938699063247,125.253663438939,3.40761212519778,6.32559616312531
90.7987042925438,106.218223168014,141.30004810873,137.949367759811,125.297841520786,3.36479397208913,6.46422800005687
90.8000843704638,106.21990038822,141.299956343749,137.949055523939,125.297781849115,3.36435820425143,6.4655819629424
90.868502750056,106.296322335929,141.309633814739,137.945736238802,125.294791495015,3.34828605537755,6.51728895393948
90.881594218553,106.310497300456,141.312432817728,137.945910774234,125.294217171256,3.34557904019677,6.52615628923027
91.1645123007395,106.607213904759,141.399090732039,137.975058196354,125.296588750508,3.29873390644206,6.6836053745556
91.3754301780743,106.82093313658,141.488341405156,138.02174543661,125.319861872011,3.27600239236549,6.76596300191202
91.4287697315025,106.874636144641,141.51243230277,138.035170129326,125.327636698363,3.27109584987651,6.78442061497513
91.5861494259297,107.033004202119,141.585341254411,138.076777928604,125.354417766768,3.25803337554872,6.83548195614961
91.7672692818077,107.215022334721,141.674452470718,138.130349564607,125.396173565243,3.24702686244497,6.88457172660666
91.8434937604606,107.291624854063,141.711955018255,138.15289524302,125.413746536213,3.24239476002278,6.9052312072701
91.9103532562971,107.362423284586,141.737721914991,138.160057565686,125.417334825646,3.23741731774679,6.92545221729978
92.4070712110334,107.929540953124,141.838870011557,138.041766622167,125.308664349883,3.20442904883671,7.09501090323414
92.5080825143541,108.034570316024,141.874246711037,138.041783146957,125.312689671725,3.20256196909174,7.12550294164647
92.6215726409075,108.145208450689,141.91958132627,138.051559498527,125.32532911278,3.20200975963889,7.16079455944788
92.6771982270729,108.197375622129,141.94336439794,138.059080701814,125.333794610075,3.20217141915171,7.17838109657296
92.9773194389763,108.469042691597,142.07470863488,138.10643394857,125.383328468106,3.20393560724977,7.27679304999415
93.0596931216205,108.538615245266,142.112300234319,138.122882678687,125.398890620345,3.20487437092202,7.30560078353133
93.1661270587909,108.628509014346,142.160871838798,138.144135863583,125.418998269785,3.20608733494771,7.34282287198112
93.24408254095,108.694349969761,142.196447172634,138.159702348484,125.433725729361,3.20697574702733,7.37008547194891
93.2989830883788,108.732818877293,142.197073941273,138.1304722837,125.402770607632,3.20668332854358,7.40804196403463
94.0272400741361,109.158120946195,142.258994220282,137.913889084409,125.180426856861,3.19819449974834,7.8891310896915
94.7792447676945,109.56196553735,142.368481509674,137.897041891917,125.249424655042,3.18259167152442,8.30640920140599
94.8264118432351,109.578726102397,142.346073899902,137.862760010282,125.232442371872,3.17966154795169,8.34604451245082
94.9643944279196,109.627757467166,142.280522667871,137.762471777832,125.182762392802,3.17108976309167,8.46199366978281
95.297771786027,109.791827670243,142.20185575688,137.630513755582,125.162502660286,3.15877297979099,8.67948244159199
95.3437931200708,109.818417936674,142.199162775448,137.621972612581,125.166313696854,3.15802743680228,8.70419319994294
95.4756297330515,109.894590666939,142.191448232655,137.597504930632,125.177231115125,3.15589169118548,8.77498173210661
95.8204311539223,110.115453129234,142.227767859009,137.589598823683,125.226635858076,3.15817278744012,8.92914944462952
96.5864672869274,110.594009660899,142.303672845361,137.431190443759,125.014914253094,3.2072097741685,9.27003036556467
96.6515889800447,110.629702173298,142.305925790583,137.400189125285,124.964316173445,3.21535961703453,9.30087670434502
97.0977225476845,110.866183668244,142.38879432891,137.270644152709,124.693079829687,3.27811397690861,9.46960580645331
97.4625166580987,111.054568506145,142.47799573584,137.203797820394,124.531979928519,3.33029665474307,9.58404690584936
97.7028387160003,111.168868593913,142.519049934573,137.135021005599,124.407805734245,3.36754382213481,9.6588737967539
98.4398604155367,111.447511217315,142.413991032214,136.595315901008,123.723467765095,3.51014987617066,9.91019658713995
98.9068591589669,111.73845027756,142.527889396405,136.566144153894,123.618839147706,3.56264831969598,10.0190581314878
99.0298410212301,111.82179351131,142.569551605379,136.576646256487,123.606513807235,3.57409549104753,10.0458264207027
99.3858345724681,112.054479817461,142.632809525363,136.509447517053,123.427266895931,3.61160763911757,10.1412475300594
99.4574093213185,112.101184890946,142.643075785447,136.490775629168,123.378903014492,3.61877799999852,10.1621278617436
99.4704372752595,112.109942610483,142.646263232739,136.489417914839,123.372125320157,3.61986716323462,10.1657075565517
99.7213949341833,112.27826543796,142.708890957061,136.465520505774,123.244830574936,3.64056762663233,10.2343522533618
100.4922370479,112.738573905489,142.960172740531,136.525629427075,123.104185339406,3.68384864751804,10.4228829132227
101.005245989669,112.911110613012,142.993196721081,136.418722431617,123.002222578585,3.70712270864559,10.5592819102363
101.380304914191,112.868584451251,142.811379117802,136.090688126654,122.835324275951,3.72145424315356,10.6803604758518
101.52835141586,112.845771306151,142.74418156056,135.976236489621,122.819856719648,3.72519375684383,10.7221832553645
101.887655515892,112.801338158642,142.60469165593,135.73403702466,122.835628586821,3.73233757227147,10.8169592920813
102.014846573977,112.78999168538,142.563358809523,135.65969867049,122.855642055975,3.73437528077672,10.8486607471724
102.207459678833,112.782867475201,142.516562801875,135.567882410369,122.905960857737,3.7368688830456,10.8940267957214
102.423803472691,112.711137464728,142.384010857459,135.362656068071,122.917285978264,3.73829967829787,10.9550219374241
102.837192898054,112.500951900854,142.040432470069,134.849339702387,122.863003721939,3.74277524954095,11.0858232061974
103.117558293094,112.480089954619,141.952952718731,134.682226180771,122.875705385047,3.75283907534025,11.1592287014574
103.266538374026,112.493536319501,141.932724341493,134.625928372086,122.886640328112,3.76022404394881,11.1956885913583
103.290078305069,112.495660942471,141.929528111485,134.617032910853,122.888368128259,3.76139092243832,11.2014495178442
103.607757103998,112.550010396032,141.908451243824,134.523364320866,122.90642248608,3.78026327737664,11.2773657083446
103.765726960348,112.584081559408,141.904022527547,134.484024082167,122.913956237067,3.79050521827891,11.3146140796093
103.868934682556,112.584048379611,141.862403561234,134.406374690004,122.873156815987,3.80002670196447,11.3450203830853
104.221345783483,112.537077472097,141.616151333322,133.996201544199,122.588564441208,3.84313929640704,11.4650293901582
104.264267933948,112.535120619777,141.589636022331,133.950190171375,122.555002792636,3.8485385822829,11.4790819666165
105.30629626761,112.672267884871,141.094548484717,132.925602442495,121.7527089079,3.96847526471525,11.7880843464133
105.658520401441,112.47738824711,140.424333966511,131.769641048085,120.770785539872,4.01903432816385,11.9334356346994
105.851369724214,112.435811044041,140.211528550654,131.374169623199,120.446177801012,4.03756627199221,11.9849701940714
105.913331903013,112.426237803197,140.152097539099,131.261619898732,120.354870649445,4.04319299071025,12.0001300195802
106.018336323046,112.416145849396,140.065038607189,131.094256881137,120.221316543,4.05256647337077,12.0240472200582
106.215914477346,112.407056848152,139.923277109526,130.817078354638,120.004217489337,4.06994243754738,12.0661866908574
106.626396889447,112.081065152245,139.044359606475,129.435500517225,118.895988387507,4.13418038189306,12.198327953622
106.858179091635,112.041779430167,138.759786633078,128.962659335283,118.552005973501,4.16348683743673,12.2686611649875
106.862017598561,112.041664573182,138.755793345569,128.955817216707,118.547237649659,4.16393910647902,12.2698339135529
106.899470439004,112.040543897764,138.716830289675,128.889057723968,118.500712457583,4.16835195777811,12.2812765827318
106.971229393572,112.041415058392,138.645451440891,128.765440355819,118.416191369731,4.17654381317685,12.3035113932012
107.212392082373,111.891029111119,137.898542356446,127.627224313637,117.644902447921,4.21275317916015,12.4664071186053
107.241087926552,111.807516954837,137.635561941757,127.260036537301,117.409402667782,4.21611150525852,12.5120842842205
107.322950528994,111.682608756165,137.264264520318,126.758172783645,117.112208457146,4.21991498692787,12.5779588510368
107.503241434799,111.495217599072,136.788836813625,126.146397919921,116.782331778054,4.22858683026387,12.6603710949887
107.497579318584,111.372675968623,136.596224295325,125.921242665468,116.63907756042,4.23016348143393,12.6738775466621
107.490383393378,111.289662686613,136.468445097475,125.772648364941,116.543467207932,4.23110864637344,12.6820610047149
107.55386586408,110.556069467534,135.386730545233,124.537173069325,115.804758457884,4.25314791197718,12.7564271351008
107.800803204295,109.898417844104,134.442809746555,123.448514067277,115.275158059814,4.3017267407959,12.8479833373305
107.776767783847,109.719505879821,134.207904490769,123.179570876379,115.118092790181,4.30878403862823,12.8593385433348
107.822449917602,109.171107770995,133.42203032407,122.272468138624,114.615914006754,4.33181126984089,12.9180082730246
107.889562915424,109.027109221944,133.191042427031,122.006409560438,114.471610439407,4.33913045303077,12.9415306749874
107.922362195436,108.958481242348,133.080611296174,121.879228482108,114.402648063471,4.34264013349535,12.9528529137845
108.199983170081,107.939978551699,131.531275383188,120.13341246673,113.336745223086,4.37784840350897,13.0679317382731
108.200576437619,107.93605153828,131.525544440062,120.127011281146,113.332706658786,4.37795478343056,13.0682768073627
108.288395234045,107.537248705395,130.938083534706,119.464726494486,112.937481359759,4.39209488854163,13.1100273399228
108.429139396185,107.193275033259,130.405614897047,118.799756248723,112.704071727667,4.42924997276136,13.1894612735386
108.347425898211,107.159570810881,130.378066927832,118.75255549998,112.699495188138,4.43239908779879,13.1906236880602
108.004861630723,107.21451103852,130.522641818883,118.844412858589,112.873118339296,4.44415266621915,13.1886244765734
107.913698469892,107.294397309471,130.645659097588,118.963166550677,112.98052793248,4.44768349778393,13.1864941525433
107.863367312143,107.338502499206,130.713576905657,119.028730433667,113.039828741371,4.44963286898664,13.1853180011918
107.582446719513,107.777361418061,131.327218236134,119.657215989421,113.513643435758,4.46932254555064,13.1787449991726
107.513536779682,107.934049088804,131.535778287747,119.876302344701,113.659977620361,4.47724836249018,13.1775988196
107.047871598148,108.166568705951,131.891697129515,120.263042778819,113.694659952258,4.49412735422965,13.1439190813771
106.816656833721,108.370064324186,132.161202736856,120.528636436064,113.603071089673,4.5143981715682,13.1360382178831
106.811219741847,108.379580475501,132.173136120517,120.538437222165,113.597121789695,4.51550783990341,13.136482133184
106.745387796504,108.49480140017,132.317624733021,120.657104485816,113.525088062832,4.52894363000681,13.1418570300036
105.433507934406,108.529097535373,133.10646538361,119.25878187487,109.750805026154,5.1146189608052,13.4073092418478
105.369066545044,108.232533731166,132.794188413001,118.612525244096,109.018408954435,5.28537026587932,13.4205826463807
105.363052342544,108.189212544408,132.74421368827,118.517137012986,108.919472106172,5.31283650482464,13.4210477136079
105.153795408176,107.734440748802,132.198507939619,117.659510707254,108.145264375656,5.54280441762697,13.3867947533049
104.866770804795,107.374561998043,131.767385268209,117.073491427696,107.700334163511,5.6943257312926,13.3377129921088
104.845873956112,107.352225207295,131.739909827307,117.037309037985,107.67881151501,5.70605232606724,13.3343089474554
104.687186277156,107.182602814319,131.531265260306,116.762545147524,107.515371601768,5.79510240893528,13.3084591194106
104.597703366113,107.091393173777,131.416751312777,116.612295346711,107.43791167512,5.84983013174962,13.296038777103
104.182384449257,106.698455224732,130.905015604152,115.953116169336,107.119639625908,6.09407871343437,13.2638881042266
104.119995180382,106.644277706733,130.837506700821,115.871475601649,107.067162669691,6.11371750964853,13.2601773084506
103.990495769331,106.531823164477,130.697380628188,115.702016885048,106.958237929165,6.15448113117083,13.2524749282787
103.513172484711,106.168488382239,130.138328441259,114.989568747271,106.490875618682,6.33954538990972,13.2386423423105
103.349161792042,106.086039394713,129.941394867629,114.718439515905,106.313772807049,6.41989159946501,13.2347717766963
103.271951522195,106.06251405096,129.850033971711,114.586111117479,106.228245072289,6.4624494707573,13.2323209182836
102.712689070309,106.035141725747,129.345762194344,113.821672372421,105.709552460538,6.70945752814105,13.1681697387764
101.994262301687,106.1020826955,128.895451831627,113.111307389946,105.193355166268,6.95637759233687,13.0100970974073
101.56803536412,106.211473745421,128.65064416991,112.676273423074,104.879915718859,7.18705791663521,12.8554936926642
100.592508329012,105.355269944878,127.428001279864,111.065860109307,103.580248743615,7.75114392812796,12.5063063189887
100.515436604578,105.093107721296,127.141381111667,110.703979477688,103.336016234765,7.8851978560318,12.4688569713292
100.501170761025,105.020783882021,127.063232383542,110.605886929248,103.274299814413,7.92290431873259,12.4610563900146
100.406257557121,104.807323300101,126.837724187575,110.340478727145,103.094896379224,7.99981243786107,12.440793101734
100.007099310088,103.923934725417,125.904967453224,109.330102571715,102.438848421877,8.27906889283452,12.3957038209404
99.8254988511437,102.983068078614,124.935618651135,108.468868780449,101.809862615313,8.57793306511766,12.4383038526232
99.7303656623471,102.679872323015,124.635179653395,108.197566283766,101.557982537828,8.64130679215808,12.4487790101883
99.556303179561,101.721609564986,123.676250527503,107.2316280948,100.671955074192,8.87544134303657,12.5228940583893
99.2946406172582,101.090500994478,122.991164586766,106.348722517678,99.9697779290461,9.0518915457981,12.5720817755399
98.6028232682623,100.261326509107,121.966465841771,104.827545383388,98.9553093577465,9.45663144818729,12.6329645817677
97.9466286252811,99.6124343073059,121.252134682544,104.093955930515,98.188834737009,9.7522359020866,12.6341332116095
97.4532981419741,99.1292698012864,120.651803300731,103.600743752146,97.3862988045628,10.1190697793117,12.6935515159
97.3164504379274,99.0286039582716,120.525799929123,103.480568657631,97.2203708128034,10.1676966045853,12.6960108279116
96.6784834780318,98.6304425972146,119.983947777661,102.921023830605,96.5024562024691,10.4058886939673,12.7137601970749
96.2909269511066,98.4192546873067,119.679835903526,102.57637922011,96.1245029321256,10.5760612714782,12.7297938912698
95.5638911224166,97.8919659683371,119.104062670189,101.950617681778,95.5439154976536,10.8547336384763,12.7219996926842
95.0112246904914,97.1995756258028,118.533604963432,101.405000107459,95.0431295914013,11.3061223221963,12.7503774069519
95.0109997838303,97.1942773932729,118.530184590369,101.402093713976,95.0403157840925,11.3127990320008,12.7518619458902
94.9721067926633,97.1202240669818,118.471760264171,101.34488016734,94.9819449320536,11.3708235276503,12.7618145460059
94.864510204266,96.9561095404893,118.334840784768,101.204983695763,94.8378719616704,11.481723048477,12.7795052037013
94.8334977429625,96.8886618856172,118.279110894379,101.143738642048,94.7753668885851,11.5510635689361,12.7973062679996
94.8243524843298,96.8152575616609,118.220114145111,101.073332105483,94.7106747083262,11.6726285327318,12.8371820097865
94.8271912568507,96.801529685266,118.209386696031,101.059471098548,94.6991923579629,11.7038862132751,12.8484299116757
94.6679448476446,96.4898549593474,117.988809701228,100.909636277523,94.7522411597418,12.1515289663022,13.0073994048645
94.2388118741455,96.1016479686056,117.757920958966,100.890889472871,94.9630203459431,12.4080622685421,13.0635614761084
93.754096669052,95.7756910393813,117.562696240171,100.897832574581,95.1530061929293,12.5850769594548,13.0950858865066
93.0719242826691,95.4286891004352,117.361158275079,100.930414112593,95.3879346738976,12.7724502709028,13.1361679814636
92.9762966734946,95.3903727111315,117.346296413238,100.955089493618,95.4467386551051,12.8041848258136,13.1474416380057
92.0548547035642,94.6951086960418,117.013633875845,101.229079395162,96.2261556328729,13.1937897281649,13.3590669806479
92.2142733352884,94.3678822730375,116.795107224391,101.211453474606,96.3572009503888,13.2787273262037,13.4473685636155
92.2551918479058,94.1246821066607,116.597759966007,101.09950229994,96.3016403490914,13.3023856549933,13.4817900247725
92.2860335990344,93.8477393697157,116.364395299774,100.947191295131,96.1959877867006,13.3176259443895,13.5186844558062
92.2998117658397,93.784605087157,116.310992053682,100.912357098613,96.1707819088554,13.3205880835095,13.529019334172
92.3122660595178,93.7275370528355,116.262720050623,100.880869940734,96.147997934069,13.3232656059285,13.5383611872728
92.3814709272647,93.5654969894448,116.126899311614,100.798041308957,96.0871539715664,13.3303464564305,13.5808893783713
92.6456280796382,92.7945547572415,115.447551889284,100.445374644082,95.8439922055976,13.3545390701868,14.0714355753876
92.8630398253691,92.2369165493244,114.702611518962,99.85574707747,95.4652278225983,13.3800473938858,14.5738351551125
92.976371499951,91.3931617483729,113.521643591698,98.6647050868929,94.5090121602264,13.3816693131286,14.9625553263806
93.197962140238,90.5509116002479,112.277537510525,97.3050072171186,93.3857711261005,13.3784979746136,15.3133720296776
93.2550117029354,90.3997600890547,112.045816027715,97.0413402981475,93.1687836827804,13.3780403040362,15.37731215913
93.4351751475285,89.9418715004555,111.340079127172,96.2333296192292,92.5086753429886,13.3768996026796,15.571162865029
93.6877280059755,88.4678050958596,109.170833542677,93.7492508132358,90.5489758131531,13.3582834807898,16.0548561149424
93.7454540479529,87.949175148608,108.424138998118,92.9130286746722,89.9425532080603,13.3516633509145,16.200760487687
94.298895488253,84.8393368302206,104.071668488257,88.6801665252278,87.743810306808,13.2963085272036,16.7370249234835
94.3603233618278,84.4220810050842,103.506535253441,88.2275679752252,87.598378227102,13.2740061892429,16.748405327928
94.4184036459875,84.1430306214336,103.123511643358,87.9415409897047,87.5281052659591,13.2542036615768,16.7468217346438
94.5409238969031,83.6994889301993,102.50086916492,87.5084845824859,87.4501654143326,13.2111669411368,16.7289452800173
94.7213301819751,83.255230082148,101.845423646635,87.1080967250437,87.4218123093561,13.1420764479764,16.6808817071809
94.9255707343045,82.1232901550346,100.018030794438,85.9996530818816,86.7918759565398,12.7056289966741,16.2729222074255
94.9303577833296,82.118337556957,100.007035950981,85.9915676529704,86.7831464851898,12.7016302713932,16.2694214708602
96.2642492652284,80.7913213731721,97.7596142141879,83.5219234753433,83.9177091980499,12.202026362099,15.8419330874555
96.7213602719961,80.0309939123329,96.9211559765831,82.5584225433444,82.5400546333732,12.016818288086,15.6639294496113
97.7895830552291,78.6479417357698,95.7093599948874,81.1674977312078,80.3697858106292,11.6905317714246,15.3319208005418
98.2959525798831,77.9311713381139,95.1034655154255,80.4602896391424,79.3640009817553,11.5340128609251,15.1581662327254
98.7058090113548,77.614882939646,94.8487725169637,80.1309206386339,78.8450283354615,11.437156100081,15.0586187182575
99.0932944197878,77.3204500872815,94.6113787595216,79.7962257982007,78.2678016191486,11.3146927766274,14.9385780455418
99.2143950871493,77.1672022986893,94.4782135984923,79.605636363312,77.936278257802,11.2429034636885,14.8681434012077
99.9729359803104,76.8806400106004,94.0343599666213,78.8011203565385,76.4796446625195,10.9149234635008,14.5890748565126
100.594854555852,77.1446195162816,93.0984257287771,76.9626017995339,74.4688431401088,10.2460774393328,13.8980597387797
100.749349072838,78.2004165471174,93.9302982890016,77.6846165358783,75.1730934468434,10.0715457544697,13.6898005542881
102.787205406429,84.9688489706656,101.25781171218,84.0502675823628,78.1999880554493,9.34654293522878,13.8088253606007
103.291977782853,85.6155073507932,102.010139981879,84.4858415938556,78.2738529218662,9.26977040249761,13.9127184886328
104.010161938802,86.4939579427213,102.998677742229,84.8919637329789,78.2274326743666,9.1141035039064,14.0649745380091
104.525660560946,87.6904217454812,104.097740224866,85.144164057958,78.0319968950581,8.81363759587114,14.1935402835977
NaN,NaN,NaN,NaN,NaN,NaN,NaN
NaN,NaN,NaN,NaN,NaN,NaN,NaN
NaN,NaN,NaN,NaN,NaN,NaN,NaN
NaN,NaN,NaN,NaN,NaN,NaN,NaN
NaN,NaN,NaN,NaN,NaN,NaN,NaN
NaN,NaN,NaN,NaN,NaN,NaN,NaN
NaN,NaN,NaN,NaN,NaN,NaN,NaN
NaN,NaN,NaN,NaN,NaN,NaN,NaN
NaN,NaN,NaN,NaN,NaN,NaN,NaN
NaN,NaN,NaN,NaN,NaN,NaN,NaN
NaN,NaN,NaN,NaN,NaN,NaN,NaN
NaN,NaN,NaN,NaN,NaN,NaN,NaN
NaN,NaN,NaN,NaN,NaN,NaN,NaN
NaN,NaN,NaN,NaN,NaN,NaN,NaN
NaN,NaN,NaN,NaN,NaN,NaN,NaN
NaN,NaN,NaN,NaN,NaN,NaN,NaN
NaN,NaN,NaN,NaN,NaN,NaN,NaN
NaN,NaN,NaN,NaN,NaN,NaN,NaN
NaN,NaN,NaN,NaN,NaN,NaN,NaN
NaN,NaN,NaN,NaN,NaN,NaN,NaN
NaN,NaN,NaN,NaN,NaN,NaN,NaN
NaN,NaN,NaN,NaN,NaN,NaN,NaN
NaN,NaN,NaN,NaN,NaN,NaN,NaN
NaN,NaN,NaN,NaN,NaN,NaN,NaN
NaN,NaN,NaN,NaN,NaN,NaN,NaN
NaN,NaN,NaN,NaN,NaN,NaN,NaN
NaN,NaN,NaN,NaN,NaN,NaN,NaN
NaN,NaN,NaN,NaN,NaN,NaN,NaN
NaN,NaN,NaN,NaN,NaN,NaN,NaN
NaN,NaN,NaN,NaN,NaN,NaN,NaN
NaN,NaN,NaN,NaN,NaN,NaN,NaN
NaN,NaN,NaN,NaN,NaN,NaN,NaN
NaN,NaN,NaN,NaN,NaN,NaN,NaN
NaN,NaN,NaN,NaN,NaN,NaN,NaN
NaN,NaN,NaN,NaN,NaN,NaN,NaN
NaN,NaN,NaN,NaN,NaN,NaN,NaN
NaN,NaN,NaN,NaN,NaN,NaN,NaN
NaN,NaN,NaN,NaN,NaN,NaN,NaN
NaN,NaN,NaN,NaN,NaN,NaN,NaN
NaN,NaN,NaN,NaN,NaN,NaN,NaN
NaN,NaN,NaN,NaN,NaN,NaN,NaN
NaN,NaN,NaN,NaN,NaN,NaN,NaN
NaN,NaN,NaN,NaN,NaN,NaN,NaN
NaN,NaN,NaN,NaN,NaN,NaN,NaN
NaN,NaN,NaN,NaN,NaN,NaN,NaN
NaN,NaN,NaN,NaN,NaN,NaN,NaN
NaN,NaN,NaN,NaN,NaN,NaN,NaN
NaN,NaN,NaN,NaN,NaN,NaN,NaN
NaN,NaN,NaN,NaN,NaN,NaN,NaN
NaN,NaN,NaN,NaN,NaN,NaN,NaN
NaN,NaN,NaN,NaN,NaN,NaN,NaN
NaN,NaN,NaN,NaN,NaN,NaN,NaN
NaN,NaN,NaN,NaN,NaN,NaN,NaN
NaN,NaN,NaN,NaN,NaN,NaN,NaN
NaN,NaN,NaN,NaN,NaN,NaN,NaN
NaN,NaN,NaN,NaN,NaN,NaN,NaN
NaN,NaN,NaN,NaN,NaN,NaN,NaN
NaN,NaN,NaN,NaN,NaN,NaN,NaN
NaN,NaN,NaN,NaN,NaN,NaN,NaN
NaN,NaN,NaN,NaN,NaN,NaN,NaN
NaN,NaN,NaN,NaN,NaN,NaN,NaN
NaN,NaN,NaN,NaN,NaN,NaN,NaN
NaN,NaN,NaN,NaN,NaN,NaN,NaN
NaN,NaN,NaN,NaN,NaN,NaN,NaN
NaN,NaN,NaN,NaN,NaN,NaN,NaN
