NaN,NaN,NaN,NaN,NaN,NaN,NaN
75.3068612753768,103.587008988386,128.814170605929,115.592385088196,108.685020980632,35.4049480870348,24.5771259533691
83.2651715436801,111.579157244044,137.117968083147,124.047310024904,117.150705378124,37.8215886849641,26.4951822232163
85.706281169476,114.040787222541,139.727690129623,126.713321564556,119.858237101959,38.5512398406495,27.0546655989148
85.7832142918178,114.142871962679,140.064799118917,127.112607225901,120.452379617088,38.5211314381804,26.9506107309335
83.9733408433451,112.320305456052,138.23367091239,125.275214558541,118.683223367388,37.955427107833,26.4842367554251
81.1632732912904,109.489645808971,135.385011319529,122.416020404967,115.926688100221,37.0781138089406,25.7627043066903
80.8293698748154,109.153295557765,135.046522243088,122.076279570073,115.599145603007,36.9738679492264,25.676968947925
80.4819784098777,108.803358418062,134.694359880177,121.722814883851,115.258372007044,36.8654110717792,25.5877703042188
75.8466503617202,104.109344085471,129.923927321524,116.951498039229,110.66280931698,35.4239811277524,24.4267162347285
71.838572005742,100.032767782091,125.761341224663,112.806165173116,106.688841040321,34.1806934685313,23.4403852364512
66.8376063488529,94.8765895124906,120.412523611533,107.583040980215,101.809209561142,32.6340678722469,22.2805240171872
67.080723417039,95.0212468198817,120.331710476008,107.777091145273,102.35141294386,32.6981065055232,22.485031683305
67.5666834941289,95.5136813579595,120.794820918878,108.278792329751,102.885812973019,32.8445003388215,22.6219814921321
75.634101658257,103.943486786591,128.637776892971,116.685451097417,111.728344391334,35.2378708223397,24.814221080545
78.1002284259464,107.00045096963,131.041958225149,119.335535100896,114.593809579768,35.8624333560794,25.4257844094935
77.8200580554776,106.915979227893,130.733635991062,119.063016643235,114.374524512295,35.7219712927618,25.3275880425275
77.6651235392544,106.869266263854,130.563133463977,118.912313643025,114.253259634117,35.6442956206648,25.2732853459743
77.2854929384982,106.610048200345,130.157628372661,118.521968425552,113.895939656738,35.4883600180798,25.1536071701225
70.9819044168586,101.985114272565,122.467635229765,111.060571515709,107.309072371577,32.2009084505321,22.5593686671453
71.0300360439703,102.040203947071,122.50325641477,111.099949695902,107.356507620989,32.2033202371582,22.5622734480748
71.4530457360521,102.518722998149,122.836247357969,111.463789961322,107.782921179677,32.23805403898,22.5978156053334
71.7991979033511,102.906910777007,123.120704853241,111.77218895892,108.137577994428,32.2746063548191,22.6329130017051
72.7439551829104,103.96711055228,123.896933551771,112.613887166792,109.105841775679,32.3738163288251,22.7282763784447
73.8969385302941,105.343387713811,124.827563133065,113.638917320586,110.321512511587,32.4311186550979,22.7952303955769
74.0993066068924,105.668708367211,124.947009048354,113.795211242636,110.55759323033,32.3634062508367,22.7465850140494
73.1147578565636,105.546797656959,123.494907603922,112.544178870648,109.748711474433,31.2803026843224,21.8864148827091
72.2420923663808,104.964390588909,122.448594731205,111.571784445647,108.906946157463,30.7522634925267,21.4597923462561
71.1242891076381,104.225657826729,121.020790929582,110.277834165273,107.8040628489,30.0050487097155,20.8622277150746
70.9816294541123,104.158523033782,120.783310746871,110.085063230621,107.663128135021,29.8517051603289,20.7428180699372
70.949077989952,104.143204506417,120.729123543515,110.041077590565,107.630970260146,29.8167158909125,20.7155716923664
70.9333261840399,104.135791799303,120.702902102108,110.019792733403,107.615408913932,29.7997844196232,20.7023870426931
70.8354567559624,104.089735022721,120.539982530336,109.887545243253,107.518722853769,29.694585471589,20.6204679198878
70.7845031651243,104.107919358364,120.375448198064,109.780199026075,107.473371711944,29.5521737140261,20.5127247010389
70.7962247014129,104.133118792675,120.357746880911,109.778067117556,107.487279357462,29.5238580523263,20.4921474160931
71.0108135951042,104.465416678486,120.274269438822,109.857210360626,107.732382176555,29.2666077482415,20.3098195027308
72.7194199032977,106.215960269315,120.999336778086,111.229847309771,109.775585905783,28.6337687790507,19.9294007799044
72.3203103281437,105.817650603404,119.691810626121,110.606137561151,109.950827806902,27.0536216324899,18.7700121657169
72.2791083791839,105.786637264723,119.620504878685,110.557213932015,109.928471386628,26.9847115513595,18.7158404792648
71.9010018221984,105.690965734674,118.882418431501,110.092899329379,109.786481795777,26.1403668839756,18.020686002427
71.9019333501789,105.731816356781,118.858907904762,110.09066285131,109.809707295445,26.0854561633939,17.97190650236
71.9902007578083,106.118787921794,118.823027281487,110.185698440646,110.069908949907,25.8081974666455,17.7096552475636
72.0790524663725,106.445613678844,118.858126647809,110.311881886718,110.324619175307,25.6836868780786,17.5724590213407
72.0591338837079,106.553243789833,118.815427786936,110.321803722066,110.414326080153,25.6142301805033,17.4925810627646
72.0583926404604,106.555265336,118.81421882113,110.321752381306,110.416052707006,25.6127091666914,17.4908187849495
72.0468146154372,106.586841356676,118.795335092475,110.320950452108,110.443022165393,25.5889513300657,17.4632924679033
71.4841354686559,106.438730724873,117.933043542747,109.876289978962,110.608834589054,25.1457820963661,16.9461435932144
71.3264589537745,106.243175771104,117.513485238117,109.679463863,110.692593956982,24.976754561926,16.7469014904284
71.2512331805453,106.089898164325,117.236211519003,109.550851350233,110.734503644959,24.8734255873277,16.6260119256647
71.0722143942612,105.459487993235,115.962852280409,109.054000002678,111.010458488163,24.4210732909281,16.0990428211142
71.0101418827524,105.389601161752,115.745917569554,108.97575904607,111.068026820401,24.3495946721957,16.017976123236
69.7899590426613,104.466957083137,113.808331088599,107.814509455493,110.915915957986,23.8744869052307,15.5135039099496
69.6298782072942,104.356061222207,113.473744775954,107.619863368815,110.956386677823,23.8051826078275,15.4344936091081
69.1108263930328,103.954421169436,112.382760637742,106.888386630583,110.889626445736,23.5604293694482,15.1667112552386
68.8348250255272,103.813234578849,111.766526915035,106.453447570671,110.823983344885,23.4014142949456,14.9933517126721
68.40167007037,103.826840043839,110.942272076908,105.844424724596,110.695938701144,23.1311799758798,14.7083386797674
68.2874993539403,103.865987659444,110.777949533692,105.715376940587,110.653804580077,23.0628331511901,14.640114490352
68.2344314004465,103.884183952761,110.701570394155,105.655393943068,110.634220122282,23.0310647062901,14.6084030478363
68.0759927781614,103.904229221475,110.502411409439,105.489141115255,110.553364598855,22.9475620886727,14.5283464370666
67.9933209887204,103.898982014166,110.411722725317,105.408270827984,110.500919002345,22.9091889724924,14.4932722995094
67.8481605867663,103.889768632827,110.252485748243,105.266273618468,110.408831678221,22.8418110070869,14.4316868912289
67.8342860759481,103.888888012786,110.237265790656,105.252701447317,110.400029921284,22.8353709842064,14.4258005241347
67.7592245681171,103.884123832705,110.154925376599,105.179275605899,110.352412159775,22.8005302727601,14.3939551066263
67.7341952642642,103.88253521406,110.127468917192,105.154791715972,110.336533989244,22.7889126170742,14.3833362334625
66.6535469181298,103.782907576613,108.986391470095,104.16189621865,109.673831598264,22.2363588604645,13.9129422008981
66.3174266790224,103.671952794581,108.535086249813,103.82335553988,109.493318378581,21.9923462548636,13.7186156518278
65.978845907362,103.286845151229,107.78593652852,103.354353512153,109.337530528627,21.5878780716378,13.404413291827
65.8976190380737,103.138106546312,107.578998556118,103.224440808232,109.287054147409,21.4851976537828,13.3251093470058
65.8696514906271,103.08689376381,107.507746917192,103.179710046814,109.269674423199,21.4498433494329,13.2978038893545
65.7995510026816,102.857838385202,107.222235064063,103.024543433178,109.239849274418,21.3032086525654,13.1844560405512
65.7497805082551,102.636143993949,106.956803050812,102.889123230948,109.22673227507,21.1650641504011,13.0776369056112
65.7317669908404,102.549677997057,106.853951285809,102.837673865364,109.223293255594,21.1111287795049,13.0358928630209
65.720738312913,102.170756156755,106.435908087632,102.678639027354,109.289675897691,20.8720569725139,12.8489700260197
65.7190123152617,102.111454560437,106.370483964911,102.653749937412,109.300064838696,20.8346420275802,12.819716440073
65.7199921116977,102.088557410715,106.345026997545,102.647387065569,109.309111825667,20.8177271631074,12.8062893810538
65.7212866212833,102.058924446529,106.312078026396,102.639204613606,109.320901226893,20.7957966298035,12.7888780994164
65.7215059847068,102.053902939896,106.306494599907,102.63781804166,109.322899020839,20.7920803522902,12.7859276397295
65.7261225297162,101.948224376794,106.188990326461,102.608637371083,109.364942974783,20.7138705845097,12.7238346539022
65.6174092057139,101.410381466371,105.500666543205,102.43760695034,109.582071253955,20.1978216376748,12.3116045398744
65.5780292257976,101.371405599983,105.441343230205,102.408830167795,109.57324871824,20.1545497554037,12.2771305384749
65.5691413816669,101.362608962045,105.427954285864,102.402335406793,109.57125752062,20.1447835303907,12.2693499466196
65.2174269365565,101.179955287755,105.026637276689,102.185840662639,109.466553120926,19.8217332976773,12.0152210738825
64.2668338025899,101.516995347543,104.387899952075,101.652003606914,108.98355425072,19.119566214834,11.4966252399718
64.0882013729676,101.692504878327,104.274721327401,101.51982109856,108.84801108431,18.967690070809,11.3911064252508
64.0428664150076,101.737047278699,104.245997829645,101.486274622861,108.813611710333,18.9291455656537,11.3643269035286
63.9731284483211,101.780646297349,104.186555785779,101.415429174015,108.740636676623,18.8722182837175,11.3250570067624
63.6756911302951,101.937854973783,103.915432593137,101.091073887501,108.406255500275,18.6321474485224,11.1597880755488
63.6325134929296,101.969991432035,103.868217425954,101.033811385406,108.348064765348,18.5885868685328,11.1299242520229
63.6051256005949,101.997992024987,103.831844169784,100.98916827705,108.303263901023,18.5538342034747,11.1061800043223
63.5155191063383,102.93911923591,103.107957524966,100.089823895797,107.425115846342,17.6262428208609,10.4385762275444
63.6530133183289,103.222651323964,102.912030525549,99.8388221945536,107.139373750017,17.2798626647162,10.1432605648687
64.0135220932632,103.805063519179,102.898525045396,99.6631757338461,106.802889621818,16.8915979887076,9.71939778836654
64.0317694075725,103.833839923936,102.904377477637,99.6605504324886,106.793110956891,16.8812911820598,9.70522572063006
64.0577232714089,103.874745189604,102.91276650078,99.6568557591901,106.779495357386,16.8672734994098,9.68560509360686
64.1092630135647,103.955412823453,102.930914381362,99.650422754574,106.759179853781,16.8541703251523,9.65896077382705
64.1773426000255,104.061967860858,102.954886177758,99.6419253062817,106.73234481297,16.836862153876,9.62376590873328
64.2628720261465,104.219361294408,102.951618125858,99.5718057634302,106.630619468054,16.8072539383591,9.56030686871401
64.2859386561442,104.290988551009,102.909331376591,99.4791684089752,106.518831639168,16.7895157303675,9.51932571211561
64.2957626542738,104.321494352461,102.89132159598,99.4397144793383,106.471221588545,16.7819610887858,9.50187197891711
64.4088805074806,104.581463766486,102.765086960893,99.1755109913122,106.190364641572,16.7817346588137,9.42747438207869
64.4216141718228,104.606919413364,102.755143370981,99.1554983509463,106.171518845534,16.7844752766767,9.42367465388709
64.6035125520787,104.957457011498,102.639760909107,98.9269312803836,105.971507533843,16.8314756137541,9.38318285913216
64.6475704625518,105.039610280406,102.618436009472,98.8855559357063,105.939676223937,16.8445408233421,9.37610689044683
64.7655258372801,105.256978191304,102.585509309931,98.8221152064554,105.906532722208,16.8816503725899,9.35681340174279
64.6454406050407,105.249718442953,102.379426975995,98.6003096832281,105.681936812758,16.8759272728232,9.24572024130013
64.5945907524463,105.185204007048,102.3706821208,98.6022687825753,105.667226699165,16.8644838791033,9.20649055789739
64.5092908150047,105.039650354583,102.390576345948,98.6462600821379,105.675056670009,16.8401080929883,9.13924201135451
64.3712920533461,104.656346567768,102.522381850945,98.8324478098578,105.776627266953,16.7819739424169,9.01598051497839
64.2284668649443,104.274975755962,102.587040854431,98.9293815433742,105.803875754538,16.7268631795419,8.92367332115575
64.0065925958385,103.724510502091,102.614763056521,98.9873191769121,105.770396672983,16.6516590835177,8.80964046579063
63.8935539060263,103.405482564975,102.647462112731,99.0394605914323,105.768727421515,16.6124162513692,8.74606196105245
63.8661588051738,103.312055232358,102.666633348758,99.0668584913051,105.779079742529,16.6031246776691,8.72710957062812
63.7818094285934,103.014878829128,102.740649560442,99.1719804941533,105.827148012643,16.5760431204816,8.66438968616461
63.768273840933,102.953151395181,102.7746439303,99.2194896076262,105.858757313727,16.5739508493122,8.64788299829441
63.6481931302987,102.926796520886,102.958426077426,99.5164803809811,106.072489859626,16.6167035713102,8.56645515854365
63.6283549975861,102.936383030504,102.958253578522,99.5232987027011,106.074245911977,16.6205852848044,8.5616146241668
63.602341964437,102.970366874726,102.961480545485,99.5366463917514,106.081833173761,16.6290023889482,8.55683042934479
63.4474101490244,103.294086048944,103.005997484687,99.645225537564,106.161772771562,16.6980205157754,8.5370327576903
62.9546973829486,104.23958539662,103.286557636241,100.059261478246,106.515257141869,16.913650084494,8.47286257634169
62.5451472849891,104.162682413511,103.335400268924,100.117102801481,106.51949047851,16.9655958118844,8.39130453609905
62.4661836150079,103.055137648753,103.912109796726,100.749680933311,107.098234061675,17.0690743512113,8.22424576941516
62.4836180510114,102.968121842037,103.935635962832,100.779756194903,107.128872113356,17.0706699286273,8.21695595377231
62.5110549504229,102.831183432581,103.972659532328,100.827086198977,107.177087790763,17.0731809187767,8.20548383396984
62.625474437357,102.543988201515,104.080055911849,100.970162627973,107.332688526954,17.0826263504466,8.18667097936721
62.6530601147479,102.489032825725,104.103583122408,101.001924646285,107.367914446061,17.0848519377352,8.18359614537296
62.95614475444,102.059000723585,104.344657911896,101.333417586731,107.746412867892,17.1092271677701,8.16559867370037
63.079420577647,101.924536521014,104.439552833588,101.46538821927,107.899887547171,17.1190625363869,8.16177802927843
63.0986355767849,101.909582800513,104.454508805283,101.486388987473,107.924808409777,17.1205407207259,8.16157841617286
63.2192894416578,101.815686144064,104.548419597308,101.618255964451,108.081290248147,17.1298224621516,8.16032501550946
63.4821419641303,101.620910208456,104.756740351838,101.91068977777,108.429254872734,17.1495351839809,8.15756592691755
64.0240237564744,100.961908777496,105.260643233917,102.654119394832,109.330916866061,17.1640933622425,8.116797284942
64.069442972396,100.871219943744,105.316831328648,102.736687167441,109.42983721736,17.1626753167189,8.10864088095187
64.472445902224,100.226064691205,105.855073581187,103.457105696673,110.249358383733,17.1579106161873,8.04241207694048
64.7031758083403,99.9972218166696,106.136696641545,103.802101092167,110.619599568242,17.1620973393249,8.01620950474685
64.7297780285403,99.9730209327099,106.168357367496,103.840471528363,110.660465845576,17.1626863836493,8.01341111511858
64.8751411907776,99.7005630375381,106.346080060923,104.056555308199,110.880790668399,17.1561344882809,7.98270813543918
64.9620602931553,99.5209431675399,106.445421665107,104.176817491503,111.001757026425,17.1512405162257,7.96322797613873
65.8278372796811,98.7363084828737,107.15593841582,105.033416923269,111.993240792943,17.1770998309786,7.89795629941227
66.0190706155544,98.1945256634999,107.289205130776,105.222073480157,112.380425005534,17.1766637836928,7.84068315666592
66.0199802101995,98.1857783555089,107.290082023177,105.223583304755,112.385542834621,17.1766707732778,7.83965463151226
66.0224991848459,98.1352226611128,107.296888885654,105.233534581504,112.420967834921,17.1785578065845,7.83302999974945
66.0233240914208,98.0706941245333,107.307094985286,105.24730575213,112.471287287972,17.1825784476217,7.82398062630266
66.0240623044162,98.0129472163047,107.316228474593,105.259629641195,112.516318416702,17.1861765392771,7.81588229701054
66.0317317090448,97.855120294046,107.381731955402,105.328019765114,112.71673379315,17.2252287306983,7.78722887521458
66.0388821042088,97.8310169233761,107.405391808964,105.350506801052,112.770993204714,17.2410579259784,7.78126029722784
66.0430432953584,97.8169899038328,107.419160722568,105.363593190374,112.802569611053,17.2502697675332,7.77778686767259
65.8620612578762,97.5363385984535,107.316583862008,105.223359771495,112.737263831513,17.3204220594117,7.74216397062249
65.8475048032522,97.5116646064015,107.307419215741,105.210850147124,112.731464808828,17.3290996800999,7.73965351430853
65.8334541287904,97.3972497818232,107.276455330328,105.178721954294,112.748586272782,17.3924219389327,7.73745206525357
65.8629793420485,97.3278287737996,107.265566792454,105.180726590018,112.794317966204,17.434131647585,7.74062458314712
65.8969505192974,97.2844414702814,107.261156084354,105.192234660408,112.838965899595,17.4523908220588,7.74270248737739
65.8971643974158,97.2841802705144,107.261130976127,105.192310130135,112.839244384458,17.4524960331034,7.74271505415707
65.9224243183012,97.0775060270437,107.178187712831,105.15494602624,112.891712752884,17.4765762909016,7.73743217311567
65.894610764046,96.8526972641542,107.062623723039,105.078594036087,112.885772330297,17.4675526408973,7.72244262948541
65.8944122944282,96.8473723457278,107.06004513578,105.077156294815,112.886224463334,17.4670484803045,7.72200591863714
65.8939540245406,96.8350770140947,107.054091131803,105.073836524572,112.887268446584,17.4658843645025,7.72099754549835
65.9283613959896,96.3923643605079,106.859235613341,104.990534653165,112.978187680569,17.3958896523988,7.67320085229026
65.997371868155,96.2292221618081,106.80904572115,104.996142355465,113.061738091612,17.3404110581727,7.64151211367171
66.1750971188122,95.9847783714925,106.761445490784,105.046244106664,113.238920525323,17.217729966972,7.57268480766756
66.2281823040388,95.8681840660418,106.725526728345,105.043156277676,113.274322770897,17.1515703611587,7.53463573088653
66.2884201916014,95.6194294801305,106.62642345266,104.993454520149,113.275452957026,17.0040867710155,7.44845608714077
66.3631936698384,95.4732542591132,106.57890219062,104.977912439068,113.286254991466,16.8795378344465,7.37622242317535
66.3707549461974,95.4584726645022,106.574096724782,104.97634078595,113.287347319515,16.866943142427,7.36891797902554
66.5392179499718,95.3203033839685,106.555937152621,104.996915358807,113.331702790177,16.655608561549,7.24745029162061
66.7098291960903,95.2716739029659,106.580157824325,105.044767924226,113.393013961127,16.472732378003,7.14318865389445
66.8904528794687,95.2458006024847,106.615228731955,105.096838264368,113.463009467782,16.2696437984577,7.02758991323039
66.897499029964,95.1790989294398,106.576669915135,105.05655637435,113.426167198763,16.1779181163417,6.97390572455912
66.9032072674796,95.1250624746861,106.545432591311,105.023923152003,113.396320487099,16.1036091755739,6.93041501286181
66.905265209901,95.1090594561138,106.536103592975,105.014177741283,113.388160460996,16.0812420511559,6.91732853642092
67.0482106740817,94.8061967912595,106.374053814879,104.852387084169,113.334406625269,15.6402047581406,6.65779536141965
67.2264521612815,94.6902227824622,106.339523138481,104.827883013224,113.388557717308,15.4724459080875,6.55651238822224
67.5812180731478,94.2207345589395,106.108166150083,104.600519385226,113.282487365733,15.1170343605905,6.33359801641465
67.6908384029722,94.1544437644327,106.08535193074,104.580687509685,113.278664249134,15.0541950970228,6.29550231123258
68.0045905776218,94.0117956685211,106.050996012345,104.556446799337,113.290962091562,14.8962454570175,6.20226185872635
69.2148254337979,93.4214836537937,105.952742083056,104.490238116618,113.294705842117,14.2829940415868,5.88532976095307
69.3156967223272,93.3429260009111,105.934236195959,104.472745086763,113.281433842653,14.2232283650093,5.85720971340956
69.951252254997,92.8509174829166,105.895513758086,104.437915250928,113.297818296568,13.9292675765419,5.73490822061375
70.0175008360816,92.7992200327914,105.894132008327,104.436714325184,113.302922184226,13.9021623538974,5.72423576268953
70.1516061147207,92.6925804367352,105.897963229991,104.439502754423,113.320826814486,13.8597405981831,5.70883555682911
70.1550879966214,92.6898081858646,105.898074303072,104.439584287082,113.321304939965,13.8586609511268,5.70844656618486
70.4485826941179,92.4251337852241,105.894788302357,104.430983677065,113.34586486681,13.7641350530953,5.67383662097661
70.6278908746427,92.0867293953003,105.8206728461,104.337518679091,113.271125180417,13.6863163484024,5.64230977760223
70.8228546505946,91.7721722064767,105.763030381875,104.258370622774,113.210835041992,13.6274066475118,5.61840669218189
71.6692698580957,90.960829052871,105.686567508393,104.098344176972,113.112852737312,13.5193854822508,5.56976134225343
71.8437070816158,90.9010843855601,105.693729142012,104.090953324084,113.114109828709,13.5121120325075,5.56461785875543
72.0641490088638,90.8255831287813,105.702779528652,104.081613265686,113.115698455522,13.502920340237,5.55811787330401
72.928295838879,90.4794301336303,105.441691145789,103.674677743547,112.696893960938,13.4143653453653,5.49118381305609
73.3358398603592,90.4328822583282,105.361192210686,103.53858546174,112.568442503993,13.3816643029192,5.47063776701102
73.3962896032158,90.4266462441024,105.349949954613,103.5193297466,112.550705507557,13.3769808041726,5.46779859697959
73.4914539754497,90.4124712589365,105.334382932661,103.491890798994,112.527742623559,13.3705182363304,5.46407538116054
73.8787932760248,90.3264471507588,105.259302141989,103.36600731545,112.422590826939,13.3434295663765,5.44828754026304
74.7375907386508,89.5235562733292,104.845489605207,102.780353167493,111.908621328937,13.2750789918032,5.38605432768019
75.2047846892977,89.1372487977004,104.767223546079,102.645774157632,111.839230952386,13.273937826681,5.36304888911344
75.8841985634213,88.4701136400209,104.684126944813,102.499597461541,111.808682744509,13.2796523446128,5.31342094712753
75.9486799830709,88.3764195978421,104.66464030271,102.472581912775,111.793849233182,13.278811058464,5.3056420654478
76.8656032641318,87.4230713728733,104.590192386024,102.371133911681,111.877894129675,13.2655469086955,5.22512493880189
76.9310030667214,87.3677403313074,104.588816267831,102.370386582551,111.891296957151,13.2629228511941,5.2208064018583
77.3173815163249,86.9985648804463,104.540731762814,102.327876628267,111.942777573379,13.2264322605126,5.19372917923126
77.3789477759953,86.8624034588486,104.488705217783,102.273245637539,111.909521993485,13.2076059003854,5.18324925394897
77.7005126744188,86.2040358283694,104.213972911064,101.987805680891,111.748668900354,13.0856819970455,5.12847264169188
77.7878178895526,86.0546501001289,104.144409129947,101.916364134022,111.714958557221,13.0445573802059,5.1127268653967
77.9017646398021,85.8782036702068,104.059846218986,101.829734560148,111.678449915645,12.9873427685407,5.09070531424548
78.0741392821242,85.6549305767411,103.946831995626,101.714470836548,111.640923942292,12.8923677191923,5.05375355379279
78.255550188118,85.4802124535283,103.852900997785,101.618849773009,111.626974924095,12.7792673446515,5.00657539791345
78.3153218316504,85.3215932067507,103.745467210129,101.50273058306,111.556031221163,12.6855677202179,4.96245914620224
78.3285716182128,85.2611598841098,103.702524288296,101.455829518802,111.523712394684,12.6506835082511,4.94553437937004
78.3903625340192,85.045195236583,103.552821022034,101.291129812127,111.413649614643,12.5094963922185,4.87534836791345
78.4320395832084,84.9303399569174,103.475498851251,101.205312338257,111.35843116128,12.4243228021909,4.8320985900732
78.4801845947728,84.8351024914131,103.417900764967,101.140214700191,111.318988314302,12.3457489884156,4.79160829960371
78.6302455939559,84.6082874425906,103.299673942614,101.002831602217,111.241467301131,12.1437841196466,4.68681429649609
78.6327785908776,84.6052160565495,103.298383023324,101.001260618733,111.240647420037,12.1409644255533,4.68535558988124
78.7283278905225,84.4893577297416,103.249687174915,100.942000234178,111.209719998186,12.0346003816333,4.63033049520306
78.9180911811592,84.2803585996878,103.174862346433,100.845744565331,111.157170796703,11.8536978348867,4.53916227298321
78.9324506472332,84.264817955431,103.169484974653,100.838739668064,111.153309784865,11.8404034551552,4.53249911367238
78.999261439745,84.0321047443703,103.046100457997,100.686974648984,111.018119136122,11.7039337360788,4.46422007902114
78.9999367195025,84.0278902002957,103.043711283001,100.684057026713,111.015391639299,11.7016880643706,4.46309714646294
79.0479766367525,83.7449735514442,102.877724036437,100.480562233022,110.825594035732,11.5518950214517,4.38996612960101
79.1751501276772,83.1437379036806,102.44383892282,99.943628707821,110.339404058346,11.2200562214638,4.24500571580703
79.1896837641088,83.0906515466208,102.384629359988,99.8703927510501,110.277546444571,11.1824217026934,4.23089214713211
79.1989398461341,83.0568422740631,102.346920382415,99.8237507405484,110.238150994596,11.1584532902207,4.2219035949594
79.2281085740868,82.738183461074,101.819246709272,99.1798104769378,109.70891353192,10.8732187376721,4.120645890805
79.2034525604777,82.7042420877685,101.750355659692,99.0978604785956,109.637758216639,10.8460565571312,4.11062321713515
79.1956954407721,82.6935636666791,101.728681591585,99.0720778862799,109.615371779518,10.8375109629706,4.10746994667303
79.1681213630371,82.6556052975446,101.651637216672,98.9804290228223,109.53579516077,10.8071341109149,4.0962610794463
79.1220680111042,82.5967730580877,101.524704953133,98.8296704278978,109.406216404419,10.7571401036335,4.07789817654153
78.8623144125739,82.3771298338148,100.821355549036,98.0037869446883,108.750809836637,10.4726479556322,3.97614857525687
78.8020748820385,82.2902628884139,100.590538729049,97.7371487688272,108.56429186893,10.3650365674431,3.93832911568677
78.7984999809741,82.2851077895475,100.576840958032,97.7213251876965,108.553223003098,10.3586503943976,3.93608472856968
78.7347249938992,82.0343686346278,100.209345037707,97.3021286898102,108.272098810136,10.1733469935055,3.8709331345336
78.6987626574022,81.9393533750553,100.121261460565,97.20259263853,108.192419138279,10.1364926268933,3.85668457716077
78.6097738751656,81.6967140384421,99.8996752620976,96.9523032073049,107.992324206071,10.0434860684931,3.82083297954533
78.6081677211949,81.6894238978266,99.8942741160678,96.9462431469672,107.987580132126,10.0411070147929,3.81995627735989
78.532016331625,81.3437818559229,99.6381935764929,96.6589219909499,107.762652865053,9.92831070233181,3.77838984544854
78.5074009084477,81.1700674266618,99.5194388247975,96.5260436126611,107.660898184841,9.87484044886801,3.75967659036793
78.4713374629913,80.7358326133281,99.2317039663506,96.2045797780519,107.420456873817,9.74402004183681,3.7163567621449
78.4643935299993,80.4772937098553,99.0564678958481,96.0088516694986,107.278352118638,9.66469754223643,3.69195614983276
78.4647666316563,80.4417853176184,99.0269496019794,95.9758123259191,107.255179694822,9.65200451099014,3.68841782670361
78.4649967049974,80.4198890481122,99.0087471299101,95.9554385966187,107.240890406995,9.64417734632535,3.68623591780954
78.2262625239509,79.7669659891224,98.2774319140966,95.133204381425,106.57642190247,9.40466684071847,3.61110019389496
77.9728347035894,79.5747715147422,97.7196719584648,94.5072437894509,106.069675354347,9.25009698361555,3.56206181173
77.8990059866363,79.5745502210414,97.5411992605776,94.3079608134097,105.917868735055,9.19764926961058,3.54610903519337
77.8605572295986,79.5744349749951,97.4482536740617,94.204177583201,105.838810394849,9.17033538016239,3.53780109684029
77.818341564796,79.5870442262081,97.3299186268491,94.0723708978463,105.742477475932,9.13152606094079,3.52629622278607
77.8139146015055,79.5885944397478,97.3172179404841,94.0582293639068,105.732204937544,9.12729845950179,3.52504710975321
77.8135995058358,79.5887047784928,97.3163139503188,94.0572228192811,105.731473774407,9.12699755370712,3.52495820228282
77.3243877301847,79.3779442050618,96.4118021213313,93.0425544661225,104.888796505397,8.83846052571453,3.42812457485695
77.2285352631753,79.2966760268709,96.2090939457833,92.8127368552633,104.700233844696,8.75781995490633,3.40400224346117
77.1436792269311,79.2045715854432,95.9923824323368,92.5647415449779,104.503640227122,8.66027919892219,3.37796525926571
76.8441793217378,78.8870521736218,95.3517187617722,91.823613019133,103.894895167488,8.37938895573764,3.31062318332202
76.6477339020781,78.7427464230915,95.0250423644602,91.4493017347099,103.575806095852,8.25807393172023,3.28420895974681
76.4362554754637,78.6366555312677,94.6272820224255,91.006047724318,103.22324308922,8.11194654935382,3.25880396364733
76.2781067356407,78.5710779300327,94.2556175922376,90.6107268601731,102.936028707439,7.9746068044856,3.23872926768373
76.0395416056806,78.379065049672,93.8764435571119,90.2135670402,102.60067039266,7.86486295538573,3.21293222440832
75.9559771905296,78.2898166536412,93.7331499557094,90.067546171087,102.479106233017,7.82163604696244,3.20205345464941
75.8922029951141,78.2207517266517,93.6231316595427,89.9556044615788,102.386054873826,7.78833630403244,3.19366086573294
75.8083967705781,78.108625876438,93.4628897841351,89.7947828875158,102.255374359338,7.73578594271147,3.18024522940193
75.7500761844654,78.0146690492727,93.339699199501,89.6726409918403,102.158171342913,7.69266283476634,3.16912995911207
75.7025536078789,77.9140332087297,93.2209532762215,89.5556504109928,102.067607787165,7.6461951623664,3.15704789324559
75.6859777338046,77.8655077986132,93.1692954153182,89.5051070862943,102.029686512494,7.62367060405108,3.15114712930016
75.6388065047263,77.6463634851088,92.9588966442435,89.29765591184,101.878493622112,7.51838114246654,3.1233071310871
75.6329180297378,77.5902722064194,92.9101579638386,89.2492057275329,101.844276905483,7.49063482710268,3.11591508663214
75.4693275556863,77.2169599606525,92.6061318926046,88.9159696801494,101.536159275669,7.35548899516979,3.06939259370564
75.3842144463487,76.9781022067631,92.4249846702072,88.7044077265871,101.335558477695,7.26155433931908,3.03652647359331
75.3729969109238,76.9240632227186,92.3861590622757,88.6552221504136,101.288668524958,7.23676929808795,3.02805543043301
75.3642902072633,76.88211983655,92.3560238275837,88.617045829155,101.25227399553,7.2175319165209,3.02148046902682
75.3611573618143,76.606933161919,92.1655608102141,88.3524711499458,101.000073423098,7.06943007611806,2.97299473620838
75.3680070445007,76.5900653394323,92.1546142042092,88.3343792464395,100.982851529373,7.05780427904425,2.9694996361185
75.3443082331712,76.3604057201904,91.9825855646491,88.0834058686762,100.72264375004,6.94613890297779,2.93213575254215
75.3064308344013,76.2457399539385,91.8915414071754,87.9568962647649,100.585906184795,6.90252752088371,2.91668025712152
75.2807211769983,76.1338413439312,91.8048303198576,87.8335098981557,100.452486185399,6.85944795819618,2.9026950900763
75.2672441744344,76.0651486159298,91.7521309617786,87.7580481693125,100.371107495544,6.83274265013325,2.89438578805468
75.2670705316783,75.8710399940219,91.6119807174941,87.5496261931466,100.150588138501,6.75244283731503,2.87565671587159
75.2888612228583,75.7524201212564,91.5314955941232,87.4255240814943,100.023697341457,6.6988380014153,2.86760659383367
75.2860390894533,75.4732291696961,91.3316393129343,87.1339703918927,99.7318987046538,6.57945649608224,2.85822834936272
75.1719382476779,75.178151941462,91.0960974272561,86.8169263301567,99.40854851936,6.47421897254584,2.85118067232162
75.1518268467207,75.1231172470161,91.0519724837642,86.7570574224212,99.348601799381,6.45336034243175,2.85049781103941
75.0993755128801,74.9398795991259,90.9013370552413,86.5475053753472,99.1499407736201,6.36966676766982,2.85333951048375
75.0787858197376,74.8025318290168,90.7817831393874,86.3763010539383,98.9999091038136,6.28908752446946,2.86011298919908
75.0799983962796,74.7783334817201,90.7585231531085,86.3423702422281,98.9728349596744,6.27040297092754,2.86213080515304
75.0834733158584,74.7089874999361,90.69186626266,86.245133624292,98.8952477144266,6.21685804516563,2.86791332520167
74.9936500650682,74.5599000035687,90.5421862831044,86.0536537519988,98.7125277740994,6.14951291397171,2.86696778384607
74.9910696288298,74.555907128545,90.5381660900996,86.0485570835869,98.7076055626472,6.14779508862336,2.86691842868276
74.8090549555914,74.1359432033874,90.0873582183333,85.4862658645264,98.1902860142867,5.91810490534583,2.86037663037195
74.8361273721047,74.0010227003077,89.9337287768607,85.3006590302116,98.0397146267551,5.79786990493301,2.85638232300571
74.841601581409,73.9869839528114,89.9178043197579,85.2815839182774,98.0248664264853,5.78379567882166,2.85588647739593
74.8013762792295,73.9087982646349,89.8402000815603,85.1918737161399,97.9364741001337,5.74351456552689,2.85031331505187
74.7555556643071,73.8269724288345,89.7595662327232,85.0988567019174,97.8436664396141,5.70336385994695,2.84433266529052
74.6386041199165,73.6005471968334,89.5489853077547,84.8554103086253,97.6030948002356,5.57773080411025,2.82734595694918
74.6261820704438,73.5741512420779,89.527310473049,84.8298407279142,97.5786884190573,5.55931880602982,2.82542309724095
74.5868158539024,73.4905008852661,89.4586216275889,84.7488091997948,97.5013431397158,5.50097008467024,2.81932944000513
74.5084345357902,73.3406480178926,89.3580917594127,84.6220572372058,97.3899785639324,5.36361572373044,2.81017123204647
74.4705692424149,73.2875627929696,89.3339091829606,84.5856457900841,97.3637995317255,5.2979659822028,2.80809526920078
74.3394647056309,73.1825655179703,89.2607633923204,84.4924414696341,97.2669439646743,5.23710555232236,2.80182265264648
74.0261403319265,72.9680049398487,89.1185148432574,84.3049138170037,97.0718370244559,5.11099794272733,2.79037042448871
73.7381350597987,72.831901324979,89.0491847189282,84.1958157396911,96.9659160050794,5.00449408246963,2.78691031782602
73.6091820584247,72.7870076206481,89.0335003086571,84.1628995392468,96.9375754271099,4.95791073450012,2.7872119507794
73.1322864261163,72.6158379655028,88.9356575307724,84.0119081796488,96.7857795526613,4.83065268751435,2.78372442619172
72.8328131603129,72.4966470974075,88.8493367382515,83.8980712430435,96.6606368184302,4.76839633407383,2.77783808055834
72.7823787397794,72.4770608367373,88.8352288816414,83.8794380215983,96.6401416309277,4.75787954651908,2.77687086178626
72.4622103564378,72.3814696693415,88.7726657490672,83.7940821730274,96.545882324407,4.68339329614146,2.77237355188756
72.1169186091707,72.3287671010019,88.7522975387486,83.7591208811943,96.5057585108965,4.58460917104648,2.77080942322793
72.0768715568345,72.3253841938197,88.7524495079176,83.758121468935,96.504357297162,4.57206847493055,2.77081915322992
71.9398629057212,72.2837536377881,88.7199194731925,83.719603807852,96.4565984244029,4.54097262875257,2.76776473847958
71.8227113334805,72.2435881283223,88.6870805941021,83.6813337351799,96.4092307950032,4.51617843101328,2.76468368515397
71.6032938081728,72.1752116462513,88.632073064263,83.6176280595282,96.3286295321833,4.46786931992981,2.75958170239502
71.4798760992896,72.1413941601598,88.6055358588111,83.5871973375444,96.2887926922539,4.43942841988083,2.75716507221252
70.8439017998519,72.0500583581384,88.5494176685352,83.5257290552203,96.1848561705787,4.26708137670062,2.7568872727443
70.773521627091,72.0527924771436,88.5556246390241,83.5334056178521,96.1891159553773,4.24384682095349,2.75933395821127
70.0411238695349,71.8785713629352,88.4140341519492,83.3787955965522,95.9716047909453,4.08273643355092,2.76611026327239
69.5189443192266,71.8106097253,88.3596587504302,83.3205983816195,95.8786632264731,3.97081430024606,2.78690833319428
69.2795629382186,71.8189085917018,88.3679828230863,83.3298709566922,95.8780358602119,3.91467449318671,2.80425902444622
69.1749487747216,71.7926971831355,88.3429217850319,83.3012052486116,95.8403705786045,3.89801572206237,2.8066873516233
69.0996804141224,71.7729124762367,88.3240042983424,83.2795719819972,95.8121175708136,3.88627016530936,2.80827392650226
68.6328813330552,71.6676974955884,88.2207572447458,83.1606657288433,95.6532275367517,3.81150120953028,2.82078895674383
68.6209543668736,71.6653220638757,88.2183710734206,83.1579006328874,95.6494599881055,3.80955637213453,2.82115659286075
68.3498317340364,71.6318533392414,88.1809820435906,83.1134163807,95.5829738376821,3.76114231014869,2.83295648177151
67.9849015981553,71.6408065819024,88.174068497982,83.1007930053635,95.5413450386683,3.6803892319394,2.8590996614123
67.958816104113,71.6447664608591,88.1761561503884,83.1026948621889,95.5411454203689,3.67348976638116,2.86165400590788
67.8932713649574,71.654716405947,88.1814017720434,83.1074736372942,95.5406438416239,3.65615355378747,2.86807227973489
67.862060414415,71.6513594028842,88.1766987037252,83.1017795338982,95.5315640026805,3.64972230387619,2.86974451013833
67.7663988351344,71.62669786086,88.1494987921153,83.0701772374695,95.4880373733641,3.63324874406689,2.87241263176555
67.6340836741772,71.5925870305045,88.1118769933769,83.0264662411632,95.4278331303729,3.61046319385858,2.87610306783419
67.5186238753517,71.565628454978,88.0806931752992,82.9902211983324,95.3771731764609,3.58986609676682,2.87994203871514
67.428930112699,71.5478966753853,88.0583504480533,82.9642352825372,95.3399632125001,3.57304857221727,2.88363194687426
67.0143853307578,71.4973521239672,87.9753606233937,82.8667044243048,95.1925857815091,3.48840864068479,2.90718518504151
66.4942772384956,71.5035873293638,87.9140656633871,82.7896725205539,95.06139982445,3.36837526854701,2.95251137151723
66.486591261256,71.5018290420146,87.911736585988,82.7869497523679,95.0577669239399,3.36706403209992,2.9528391430355
66.095096104053,71.4205286087537,87.800389495947,82.6561515291614,94.8813082964352,3.29751827122404,2.9722926926516
65.8155590969655,71.3770434274888,87.7344514532124,82.5772703832401,94.7701841009492,3.24073745834432,2.9921727292993
65.8088027411547,71.3761591212008,87.7330194479451,82.5755353287383,94.7676660467254,3.23926326963035,2.99273187440622
65.7851957785579,71.3730693216032,87.7280159674107,82.569472982723,94.7588678700837,3.23411239853864,2.99468554854573
65.6751785472621,71.3606170948143,87.7068085797261,82.5433601129012,94.7196218608752,3.20791432037831,3.00524910310635
65.5502009223577,71.3521037267457,87.6888218049861,82.5198853206746,94.6801199265327,3.1718109892184,3.02146790970646
65.3861252136192,71.3435153060028,87.6718030310292,82.4942029046529,94.6275349774908,3.10457816050434,3.05437793392409
65.3125012050752,71.3018111533794,87.6337674838425,82.4494629704538,94.5677573227066,3.08426785612283,3.06066008645427
65.1714551368611,70.9446628434594,87.3323845816166,82.0669685016736,94.0490238247452,2.8220100282533,3.17754439638035
65.1669632670538,70.9234873102683,87.3124640592039,82.0419995376107,94.0176877260531,2.81209920519915,3.18136545888063
65.178062292605,70.8853177975709,87.2741693637091,81.9911480095263,93.9523440615716,2.78690589737244,3.19332835155044
65.270636713782,70.8361167472981,87.21831166031,81.9058581704278,93.8342378928849,2.72441132617537,3.22945357079053
65.3115339395622,70.8432618636219,87.222923878234,81.9059312934863,93.8289805832748,2.71324483779177,3.23813080612286
65.3562588709228,70.8510757148319,87.2279677687703,81.9060112603719,93.8232312248044,2.70103324111335,3.24762017238754
65.5987081274932,70.9133218531252,87.2798098700631,81.9384924341629,93.8288548819208,2.65177574221739,3.29003535925536
65.7729734961903,70.8701116897161,87.2415789244116,81.8625768076088,93.6846486719758,2.59508896718009,3.32480163132437
66.1593181340014,70.912544340865,87.2871910691628,81.8703584843801,93.6281138313231,2.53737487052748,3.36651979531869
66.3499133094182,70.950914292556,87.3245538349802,81.8937151342266,93.6313739149519,2.5159274192487,3.38301984435397
66.5178001687914,70.9916063475061,87.3622542515844,81.9199288579533,93.6444915774098,2.49862277991559,3.39631628319625
67.7408125585062,71.1747269793966,87.4787186811232,81.8548771383589,93.4118052323098,2.28955261830503,3.50888375527266
67.8150646401944,71.2033040401925,87.498486503837,81.8622234185378,93.4101946225726,2.27488975424059,3.51877879056133
67.9162187487929,71.3208595115001,87.4573250994541,81.6347390893509,92.9907553092323,2.10963199342676,3.59574671168057
67.8936925870541,71.3121014411053,87.4325879928355,81.5922785433606,92.9295699735833,2.09780168380678,3.5971827181385
67.8698176738397,71.3033316763919,87.3994845280305,81.532732687617,92.8430194236205,2.08049134128693,3.59946577635164
67.8644943165424,71.3027461953261,87.3737063997233,81.4805974517125,92.765735022615,2.06388187102362,3.6020083828759
67.9918464476608,71.3586825496104,87.3670191025073,81.4043136498334,92.6310594975546,2.0241108264882,3.61661572920484
68.1432756467377,71.3733844768192,87.3693526043913,81.3529142385478,92.5280157590331,2.00313244806701,3.63529473750335
68.1427561467124,71.3661143668739,87.3628891612012,81.3427225003805,92.5132445241308,2.00196305881408,3.63590123945253
68.1511326681021,71.3444802348758,87.346744398473,81.3140229909355,92.4690682752105,1.99922063417986,3.63943226820265
68.171731206142,71.317687302421,87.3292885357941,81.2789333392552,92.4124622941577,1.99625673447569,3.64557738023616
68.2082720571315,71.3130275626642,87.331777127305,81.2692370739198,92.389621430364,1.99578413804316,3.6523306923194
68.226888897468,71.310653517487,87.3330450154238,81.2642970186468,92.3779844623438,1.99554335951474,3.65577137115943
68.2465345207782,71.3166027047705,87.3398204352891,81.2672749601579,92.3781021794804,1.99567919128013,3.65852707775165
68.2484521912414,71.3172275635808,87.3405101938559,81.2676084110324,92.3781783982551,1.99569448597274,3.65879150196305
68.3432158348168,71.3515182617658,87.3762400159891,81.2863357386807,92.3855227207936,1.99635362095576,3.67146416082313
68.3738765689689,71.368092327976,87.3904410903339,81.2960067449304,92.3936435933322,1.99641167510781,3.67493157826442
68.4785420646412,71.4134925839789,87.3900520277653,81.218500254875,92.2654558455678,1.98439820093338,3.6926297888684
68.5976628109203,71.5103392938835,87.4282584224486,81.196196251692,92.2107612866995,1.97148072821694,3.70409973887942
68.6278496415379,71.5347395143509,87.4423797216741,81.2004695359807,92.210212532749,1.96943336007724,3.7067475899217
68.6592068528867,71.5600857615223,87.4570485211233,81.2049085007827,92.2096425029297,1.9673066129444,3.7094981014214
68.8128530004869,71.676518078701,87.5354358408428,81.237623460956,92.2149114739873,1.9592906843641,3.72529194713019
68.8115994358495,71.6740526268855,87.5307128910801,81.2243312870488,92.1929081736961,1.95776386904207,3.72653137702128
68.8136685594532,71.6637451181448,87.5134071011285,81.164329354337,92.0883548346223,1.95131280220589,3.73488865032997
68.8156624261018,71.6629812307956,87.5127388742499,81.1587671565865,92.077443423844,1.95081764677261,3.73630753670434
68.8299084900501,71.6614303867312,87.5129999396597,81.1369896055596,92.0315465263149,1.94913838347855,3.74381626327896
68.8453174868673,71.6638329746809,87.5185407157196,81.132193505262,92.0153867899457,1.94926290142435,3.74919242965844
68.846905329021,71.6640805527984,87.519111672927,81.1316992842354,92.0137215867593,1.94927573255448,3.74974642442553
68.8513489595112,71.6647734086147,87.5207095161696,81.1303161898153,92.0090614587771,1.9493116409103,3.75129679769952
68.8670803162517,71.6672262592827,87.5263662065987,81.1254197539448,91.9925636568325,1.94943876380152,3.75678543477402
69.0442874176231,71.7271936082329,87.6027743696738,81.1588964680416,91.9913799808539,1.95851874650333,3.79825247572576
69.0486203735805,71.7287911978183,87.6046033432689,81.1599128454371,91.9919011736515,1.958752668885,3.79918311528221
69.0376834775234,71.7039187270004,87.5807019503561,81.1244865534117,91.9463422512071,1.95947054724407,3.8040760374914
69.0181051959794,71.6647652946636,87.5428860550675,81.0695387376787,91.87618951262,1.96041843450377,3.81096844249455
69.0358295566297,71.6102713623577,87.4575250842341,80.9410105836212,91.7284310226255,1.96396457286452,3.83066645796708
69.0387440679,71.6096233580856,87.4546744236711,80.9364569311558,91.7236040860848,1.96413694688698,3.83150156496589
69.2118992466,71.6651197535841,87.4242686418435,80.8677858459602,91.6610799907545,1.97043320012483,3.8519658257154
69.2616952342252,71.6616943666249,87.37293617024,80.7941208300215,91.5780618434587,1.97292849448467,3.85407117612922
69.260168013065,71.6515471529389,87.3533777343277,80.7689306379945,91.5483832373499,1.97319300433173,3.85334969320025
69.5439617769868,71.6869131128189,87.2991407525186,80.6580639686431,91.3500682573513,2.00424702514363,3.84511148391684
69.6345626075355,71.6565368537579,87.2864134910694,80.6156288379869,91.2348007295085,2.0301361002962,3.8367841820987
69.6741894411704,71.6322322323891,87.2813079188533,80.5901741806322,91.1661187827718,2.04854440785543,3.83295787185165
69.8242535732783,71.665499664432,87.3386228902212,80.6129876887535,91.1386712402759,2.08900865035401,3.83734602019964
69.8803701370554,71.6632423226384,87.3429521039663,80.5885466518134,91.0867118187286,2.11741471282326,3.84126236489308
69.8587533457426,71.616723820816,87.299813624624,80.5218297750729,90.9968483565423,2.1352281723972,3.84079207129938
69.8564897283085,71.6055430117939,87.2889234542388,80.5042562732272,90.9735279680446,2.14086834016874,3.84107039944148
69.8564357905584,71.6052765941236,87.2886639619411,80.5038375296987,90.9729722870056,2.14100273476887,3.84107703147812
69.8669085026426,71.5796888160174,87.2627984354628,80.4582390690571,90.9121835605619,2.1600349177848,3.84328786594832
69.9601823746448,71.5742176836904,87.2539927421468,80.4207658554309,90.8585490121138,2.19822488294189,3.85231971585098
70.1171327510469,71.6073290726143,87.2849098676573,80.4340020213937,90.8656539948718,2.23487846759739,3.86449251342818
70.2934956807011,71.4889753644383,87.1891661384805,80.289160020763,90.6600222721705,2.31645364857426,3.87517827308216
70.68452559604,71.5736503312344,87.2759118427289,80.3596390150928,90.7062172723787,2.3970186658157,3.90142285633403
70.8146143047926,71.5202994783025,87.2172706357258,80.2723030775527,90.5628706501142,2.47232194858042,3.91655398643403
70.9396775714075,71.552380680013,87.2425914094868,80.2895919386197,90.5649786915678,2.51392677150765,3.93115514275058
71.1255193928272,71.6249919079258,87.311239422923,80.3531389783644,90.6218652787769,2.56139999934204,3.95093117688843
71.1350979655432,71.6274351826484,87.313866468923,80.3551699720619,90.623069725979,2.56449389904236,3.95201308149645
71.1880344755646,71.553638682078,87.2644135910987,80.2805797417323,90.5120558165414,2.62233868595584,3.96048722978854
71.1957776955816,71.5490219549663,87.2622336066551,80.2763796850302,90.5053039249482,2.62734887434684,3.96124950957454
71.2388049342713,71.5477313523671,87.2688262098867,80.2777714070773,90.5027635702382,2.64217435424482,3.96356808905707
71.5148445436925,71.6044458399553,87.3564116051774,80.3456317481219,90.5702045658812,2.70465658995366,3.97258827997875
71.5250192787574,71.6078155213317,87.3604689717454,80.3491966835938,90.5742089919893,2.70633903539125,3.9727881677663
71.7433208767867,71.5843867623805,87.3724474029976,80.3201477286301,90.5321803822678,2.76636745968468,3.95673697122741
71.8422934105361,71.5995099451871,87.3948129844098,80.3307890049522,90.5418439474659,2.78431623120037,3.95018575377386
72.2325619645896,71.71379400393,87.5343438251883,80.4431207015601,90.6449876322121,2.84822490887907,3.93383513686445
72.2340981991873,71.7123578515839,87.533707154605,80.4418675751135,90.6427451064766,2.84917387581523,3.93333117725884
72.2529164823855,71.703469758523,87.5329307128171,80.436252900803,90.6279807408104,2.85879244506888,3.92920866907913
72.3099418795596,71.7028589318921,87.5510946987755,80.4474732648232,90.6209481390679,2.88178191037467,3.92271904732839
72.4576591950146,71.7706121486119,87.6460702096902,80.5406017715466,90.6954543579055,2.92469484839366,3.91993626925612
72.5588103117609,71.8389701493394,87.7231880264046,80.6196067793447,90.7724285024921,2.94880035051064,3.92162092202238
72.5211204865857,71.80433980108,87.7092251822581,80.5935740361575,90.7210365697719,2.98561180293945,3.90945302502343
72.5656753069844,71.8254618898658,87.7383283814965,80.6150438729782,90.7377192404278,3.0172778648455,3.90382179182356
72.8205624326337,71.9533449555952,87.8669874079829,80.73348813013,90.8721261608223,3.06911185078394,3.90743405767577
72.8810432313508,71.9240737634068,87.8532132942525,80.6959668230971,90.819977810441,3.10962758671772,3.90211465394907
72.8820860360682,71.9239834292043,87.8533025815448,80.6957898486631,90.8196557644952,3.11013071474815,3.90208736940243
72.9120844362839,71.9340924812518,87.8660190852783,80.7038332640026,90.8257556402524,3.12134948320277,3.90284018592097
73.0093903644599,71.9974089695834,87.9316740119301,80.7583920271745,90.8771814733087,3.15589815619478,3.9081262027041
73.0116383889144,72.0940508546997,88.0155242790424,80.8316719714728,90.941233541618,3.19845244687372,3.91381041150521
72.6554024986306,72.1333148996757,88.0187223761308,80.8255264660317,90.9054804852657,3.24567157912246,3.90641678409184
72.1230804759132,72.3143308067774,88.108279225578,80.9314038624874,91.0033597824206,3.31054849616122,3.89976738561199
71.660537682892,72.3424011069783,88.0828010200695,80.9126087496528,90.9789730065491,3.35241096808198,3.88170470834672
71.6542920090498,72.3444306734306,88.083687116349,80.9136020986382,90.9802798181517,3.35330607559226,3.88141826800179
71.4734403304551,72.4573547080683,88.1456033611672,80.9704528536439,91.0572621903094,3.3904682173927,3.86964373101453
71.4555577368799,72.4540345225864,88.1406654176566,80.9641344972731,91.0503640716358,3.39161731362463,3.86829103066005
71.4519790376895,72.4533700806503,88.139677226857,80.9628700555838,91.0489836067938,3.39184727298358,3.86802032565056
70.972840923925,72.4481204338344,88.06154969904,80.8417498447952,90.9198472277126,3.4273894026993,3.83555157802568
70.682071728885,72.570239515197,88.0941558919333,80.8459822142243,90.9218890324064,3.45795568108954,3.82688415892935
70.3857888236758,72.5585985490603,88.0365342194931,80.7680329746515,90.825523670321,3.47235993882471,3.81614713216959
70.0251328713497,72.60629439574,88.0125129741384,80.7183716816246,90.7590823160721,3.49586251390166,3.80668179932605
69.9720660494684,72.6196423844682,88.0136796361829,80.7153443056382,90.7540764445527,3.50000088324991,3.8055490169136
69.9008224521658,72.6570551228385,88.0297140460065,80.7228571533452,90.7596785993551,3.50797462863109,3.80446940791835
69.7568334384916,72.8139393188924,88.1228332489937,80.7826003408694,90.8160613079029,3.53506797319785,3.80351147388625
69.7482557041142,72.8300233731166,88.1334227262166,80.7897733124361,90.8230190835293,3.53761161322802,3.80354254319561
69.6084905855157,72.8602338224306,88.1420072679113,80.7614754413432,90.7761089714504,3.55252965372165,3.79551571900303
69.5722074580037,72.8699007327157,88.1463483788068,80.7538435566727,90.7623562116873,3.55706998070363,3.79319368733733
69.5358483392049,72.8950059358219,88.1649829970485,80.7499787179426,90.7475737196698,3.56527035416216,3.79017865938845
69.5159511523024,72.908744522865,88.1751806171851,80.7478637211798,90.7394841394964,3.56975793166032,3.78852871360877
69.505938661278,73.0269049688459,88.2797883402016,80.7713471529391,90.7212103962002,3.59892965037859,3.78431468511458
69.7070970903715,73.3174544677439,88.5472627785223,80.8301301533041,90.6251058298992,3.66913273530177,3.79199586839303
69.758092119268,73.4770140744069,88.6472304601588,80.7439900635811,90.3445900121067,3.72107838373531,3.79834327406948
69.8227239868832,73.5907819279676,88.6978302316068,80.7102366100244,90.215986084552,3.74164659704977,3.80472269443182
69.8618318850456,73.6491447979916,88.7171822254249,80.6906158291818,90.1525170510154,3.74956619677351,3.80774969999313
69.9032972334055,73.7408733911938,88.7119379358657,80.5977855385585,89.9593561162759,3.7621754268548,3.81002936602279
69.8992067048208,73.7415120509612,88.7061156353174,80.5861209520957,89.9407436862269,3.76257473176499,3.80962511286842
69.9784987817692,73.7839861833519,88.3410131643616,79.8706042290419,88.8575099858278,3.77334304605922,3.79195643202653
70.044317133609,73.7864644558026,88.2926327877933,79.7718849202142,88.7110738084044,3.77461949658847,3.79140559489147
71.0150599725674,73.3287897130854,87.43929619622,78.2621530566371,86.4970548059546,3.77384515688042,3.7834685556737
71.849121118548,72.9746440609806,86.9750429677841,77.4781736218055,85.2780934385725,3.74397648352546,3.79206669884664
72.3825974800952,72.6516727315964,86.5861743610299,76.9001109800902,84.3939509476598,3.70684876672262,3.7964884843527
72.4811189840589,72.6000166379547,86.5218959376722,76.8052706010303,84.2482413846573,3.70039093888912,3.79798706910896
72.6941638054105,72.5025566812387,86.3946463455429,76.6174957479547,83.9607766971653,3.68862918923387,3.80274163945217
73.0647586936516,72.3475087633537,86.1841032467103,76.3058635703237,83.487293290786,3.67188787162033,3.81293981992932
73.3398094847233,72.2111645193145,86.0010685998,76.0403851118885,83.0950636204312,3.66125091041339,3.82112450677425
73.7019397933878,71.827770484892,85.5333205699438,75.3985459541625,82.2004041803778,3.64606044574085,3.82940533041653
73.9270384987939,71.6337862213329,85.2938318590946,75.0619964255907,81.7350611915717,3.64245408710067,3.83636526885191
74.3453618536666,71.3481616152493,84.9405011153814,74.5510988334043,81.0302990500489,3.64116514962149,3.85020999578693
74.4970366685972,71.2590979630844,84.8309323424293,74.3894666621601,80.8071582272249,3.64123803023101,3.85513645907301
75.8414086538047,70.2355492115954,83.742454204604,72.8361977865527,78.6870812240904,3.62088894297975,3.87294378280131
75.8508691950828,70.2306613926639,83.7376113137347,72.8290880726012,78.6769919364499,3.62076028855593,3.87307137221564
75.9096211900925,70.2003069863959,83.7075359203907,72.7849352206321,78.6143352913718,3.61996131692798,3.87386372990572
78.1303354182388,68.9269098753525,82.4196766232189,70.8983272855355,75.8955768155454,3.60209883686372,3.88316100379857
78.2810623610017,68.8746363373448,82.3597269194347,70.8012524566328,75.749526759291,3.60016663484243,3.88288719956953
78.4973882504155,68.7470090804105,82.2202498375561,70.5924864491696,75.446120465363,3.59285874634911,3.87745629394749
78.6221612127191,68.6446527625254,82.1106036637524,70.4341295895866,75.2198714919979,3.58616583424355,3.87157104953657
78.9081511584317,68.4486364038437,81.8949612067212,70.1167453406257,74.7603509780781,3.56828098489965,3.85802246921665
79.3095219604491,68.2347303694731,81.6492282132523,69.7445286321863,74.2105873907662,3.54068411234746,3.84017199244291
80.4767554204415,67.607272141732,80.9026340502836,68.6121712319081,72.536880958188,3.44113047629102,3.78469096764121
80.5773432845521,67.5093331902521,80.7922203087021,68.4525986418807,72.3109199093279,3.42885263588753,3.77780797048623
80.782397964178,67.3255573020868,80.5845474883193,68.1476397606805,71.8834952040657,3.40695229963798,3.7673565081639
81.4303521005473,66.8165606221386,80.0110306510271,67.2813700009091,70.7116690424262,3.35428133094993,3.74890387907494
81.5192104413678,66.5958482890266,79.7803523841561,66.9595293245725,70.3029147832894,3.33695325273038,3.73665099742568
81.8439560991464,66.0868971350894,79.23527794189,66.1906331117826,69.3334576057302,3.29509715458197,3.70133740282406
81.9758959849178,65.9535321068243,79.0857218897427,65.9768684333488,69.0612622110009,3.28362190389474,3.6895031240158
82.7837331209,65.2298213331004,78.223625088363,64.7636022869008,67.4567882705119,3.22733755634343,3.60418902953854
82.9835441834149,65.0145081351488,77.9583457539143,64.3981358065597,66.9535036247753,3.21401453513381,3.57664461335972
83.0014891852249,64.995562996563,77.9349130291749,64.3657889394748,66.9088516949761,3.21285597518682,3.57422973720063
83.7275058066134,64.4522749883475,77.2109842234998,63.32129900447,65.4087570310403,3.1901166346899,3.51618658430455
83.9570064626149,64.2307598358141,76.9225169786895,62.903344884731,64.8135044897273,3.18508878807954,3.50022480930874
84.2532830306241,63.4504805104618,75.9854260203253,61.5982451039079,63.0553895591009,3.17664694026209,3.45650052615469
84.3784173477914,63.1711360534059,75.6490555275608,61.1335503532537,62.4652818582339,3.17977730738719,3.44200905742888
84.6294601120887,61.9530779841503,74.2326821399643,59.3086584092019,60.3172079372171,3.20259351652906,3.3416436921699
84.7440305772059,61.64598824381,73.8713756882875,58.8530493114481,59.7949050024779,3.21085600417071,3.30996873937886
84.9907429880892,61.2644002405221,73.4165690114946,58.2709620501486,59.1184137799336,3.22187779019399,3.26987973258815
85.3545086779193,60.4825951819067,72.5361387697591,57.15234965404,57.7863019320447,3.22901132556688,3.19282508160273
85.7184373108782,59.8951435461223,71.8928821374194,56.3262683031708,56.7834748198217,3.22850685852366,3.13820930106458
86.1464441254832,59.4343719050859,71.392110111692,55.6789687354134,55.9944464882207,3.22652902219456,3.09504271143896
86.5415307467128,58.9658029956607,70.8905086822716,55.0451224636916,55.2296117359512,3.22203694437314,3.04880837204312
88.1194682357068,57.1588246201693,68.8733852854033,52.5373431872069,52.2455766281123,3.20339093826368,2.85078374240795
89.4697817745784,55.6956694384186,67.0945649715559,50.1371030897375,49.2654568532503,3.20174026562573,2.71345353263935
89.7494727884924,55.4292951644336,66.7749603202234,49.6791115637199,48.6792259106152,3.20473346467303,2.69219434032151
91.4208835892391,53.1186219086388,64.2559622965942,46.2208009080321,44.2368578344588,3.21882700217844,2.54009288067558
91.5154888510987,52.9675017416568,64.0966574404046,46.0116004294254,43.9716172704351,3.21877934169721,2.53239668614186
91.7107829237874,52.6970079444642,63.8112015167456,45.6370918190322,43.499095839492,3.21899886772384,2.51942483661118
91.8454508285454,52.5323863010378,63.6378694770097,45.4100658542226,43.2147743301633,3.21936750541052,2.51156862000262
92.7496359124823,51.3490467958507,62.4325885924165,43.8742229047542,41.3460104664861,3.21928230600887,2.44342904542577
95.3790014650826,48.1710492453711,59.2274603329808,40.0447108677188,36.8785917515206,3.22351073351029,2.18808351202626
95.4163987625935,48.1307125873311,59.1841086174594,39.9958840968034,36.8237644055362,3.22403370316202,2.18489583216065
95.4470685484036,48.0976322113489,59.1485555717039,39.955840919744,36.7788001148042,3.22446259423896,2.1822815935601
96.4329613463989,46.5148794372972,57.5031999650902,38.1879883447395,34.9149650977999,3.25266691957025,2.04572395637421
97.0453210773372,45.6521090738985,56.6785212375698,37.3045860450837,34.0402368343994,3.28079052330096,1.95673441398261
98.5967977318622,42.2991087490135,53.9864104488776,34.6492421595241,31.6339552213156,3.47386724834716,1.42845724764608
98.4056927014867,41.8202227785959,53.5285421904814,34.2051709476869,31.3515633131318,3.54357241789838,1.3126524471955
98.370826955441,41.666625564725,53.3863779799232,34.0529940480794,31.2545416231729,3.57067362783632,1.26933802788657
98.391418697571,41.4594034147325,53.210712350704,33.8530201070897,31.1321707476131,3.61158631275603,1.20340200308386
98.4352770535897,41.1623094424503,53.0175051043812,33.6326983146687,30.9935247969422,3.65533768845326,1.10710906479002
98.4236806796637,41.1281687091433,52.9960149822779,33.6098657766018,30.9766727986695,3.65832682286167,1.09747611760178
98.4018134670951,41.0085385975091,52.9320142927906,33.547306639576,30.9370874842269,3.66815324264702,1.05981754710585
98.3997876375785,40.8630522178598,52.8610836392705,33.4843099993188,30.9065535180833,3.68065554652353,1.00887912162207
98.4000980579106,40.8589991482091,52.8592032210303,33.4827411482284,30.905958360353,3.68101341105553,1.00738325189768
98.4003383713947,40.8558614436587,52.8577474856549,33.481526614152,30.9054976159593,3.68129045370894,1.00622521671802
98.4409159705284,40.7238952648921,52.7941731604952,33.4323203905548,30.8952613299113,3.69530860725139,0.950868961073867
98.4764812260523,40.6663882298646,52.7585088977398,33.403289680865,30.8885305393013,3.70374813093772,0.922249256827697
98.3288753299743,40.4096926244619,52.5247442511677,33.1812117297256,30.7305403756027,3.72692199238171,0.823071368182306
98.2430376029078,40.3165620368663,52.4129648974749,33.0659747515413,30.6418853769183,3.73714222206276,0.784531299521358
97.941985276775,40.0258033497035,51.8856533675443,32.4499738192879,30.1550372102456,3.78795756923537,0.629439410510104
97.8591647541147,39.9709648649521,51.7983442380711,32.3450937826405,30.0640739682218,3.79178361196203,0.606941117900369
97.8528420016228,39.966562088645,51.7911940022724,32.3363320044627,30.0564790134785,3.79208615303786,0.605023925037626
97.7202475696449,39.859003024605,51.6150596660388,32.114687885863,29.8643958204378,3.79979002171352,0.554958301492353
97.6503995769531,39.5914400060594,51.2479064801184,31.6088288862192,29.415714829766,3.81914116748994,0.436084965548092
97.5506900053582,39.4295932827195,51.0779732620408,31.3884427204688,29.2145971550867,3.82497482339136,0.392952134356507
97.5049604951307,39.2994228812781,50.9412883643188,31.2104639148998,29.0629373496038,3.83318564211742,0.363670236839913
97.5195854289061,39.0810986940031,50.7059117235534,30.9176821597462,28.8565167547813,3.85862032694161,0.340477285975171
97.26377766544,38.562497221963,50.200433979958,30.4492588224492,28.5738842434376,3.90731992787828,0.403796016307962
97.3273257696897,38.1298181612322,49.8403216506093,30.1093425508082,28.2860720970251,3.96213862841298,0.50261556828476
97.3518626562754,38.1003145819064,49.8184977053628,30.0854781024007,28.2698438205681,3.96736563862195,0.512127308618611
97.4234969386579,38.0265166015164,49.7665052201735,30.0284916710824,28.2433961875159,3.98163850802868,0.539586850537588
97.3484110441812,37.8143571871792,49.6147634521354,29.8793317111121,28.1775223334447,4.00093339259758,0.587125653192636
97.3329134062602,37.7892413350106,49.5973467068285,29.8637771501809,28.1749801912461,4.00268766935545,0.592824474508506
97.2204030539295,37.2471045997182,49.2458997749782,29.598627403368,28.2931319275935,4.05480558795327,0.757805316583967
97.2073247760951,37.2225958694983,49.2292153277157,29.5864101399375,28.2922500688341,4.0561097440936,0.762821350930366
97.142250075929,37.0620211484508,49.120586503995,29.5068448853816,28.2837857027072,4.06513264131876,0.797721801540441
97.176801162247,36.894932651103,49.0113905629118,29.4254017967,28.2606375317022,4.07709000392688,0.845818277580911
97.643468563206,36.5951276292344,48.8451019551012,29.2361219052931,27.9752788050859,4.09773627719316,1.02990913443235
97.6671576768214,36.5836718234364,48.8411055211258,29.2265273441682,27.9521254694765,4.09810582838843,1.04306708534797
97.7323258510296,36.5566945065576,48.8331897935022,29.2035776215176,27.8939906666167,4.09928433207932,1.07780544089562
97.8820750309202,36.5272140045505,48.8371942314202,29.1787219275606,27.8131501980024,4.10637557859121,1.14656739335241
97.920525067843,36.3204253514694,48.7632416902846,29.0439027005064,27.5753311435605,4.16914027618853,1.37791735317475
97.9803378078473,36.3175051828835,48.7872476718761,29.0516083931071,27.5718270527226,4.22044574672144,1.47550052746948
97.9478491616826,36.3067768109945,48.7851614478204,29.0462460395896,27.5617733030008,4.23586240132297,1.50217353498492
97.7525948035336,36.2580721175943,48.7699341845497,29.0211381193033,27.515153981436,4.29482567349627,1.59695410995022
97.6832181160441,36.2541366927005,48.7891648318967,29.0324771248511,27.5117879261541,4.34581065244483,1.66909894519806
97.6954146569588,36.2638266983255,48.8447057801765,29.0805853033316,27.5451536761168,4.43712538854864,1.78228341093373
97.4914019139401,36.090010199171,48.8220153836113,29.0878195046608,27.543111418831,4.62025975152301,1.97145535615143
97.4892145477395,36.0838637428259,48.8212550176765,29.0889788771973,27.5449767009075,4.62675185057234,1.97747971376913
97.483817647937,36.0686985596817,48.819378962921,29.09183940298,27.549578920905,4.64276983972654,1.99234364209926
97.4777740391766,36.0260092893461,48.8157202405405,29.1034528119528,27.5681407163896,4.69129899293948,2.03683718522126
97.5245723934912,35.8925007878961,48.8142890750949,29.1771175846709,27.693286695665,4.87509328963627,2.19695279839387
97.4039074204677,35.7204059821825,48.8005985375955,29.284347407996,27.901063952583,5.10899169061897,2.38481850076762
97.4143619482692,35.6827738399705,48.9228074607748,29.5078661184501,28.2656071872922,5.37079506674584,2.57661280765732
97.4571355057915,35.7183009924003,49.0256114480683,29.65178387258,28.4895447794335,5.51280945518131,2.67297296933701
97.42628595941,35.8098844666611,49.1622969019346,29.8585750697349,28.8197490001007,5.75035162369482,2.83790163315925
97.4069763120102,35.8148331727825,49.1683455321463,29.8715023016646,28.8424706931681,5.7715698132097,2.852775056714
97.3923173682489,35.8283635832444,49.1800973217957,29.8935181001743,28.8793194957096,5.80724393676511,2.87876271521135
97.3861549432907,35.8671240323996,49.2120012252991,29.9480235024513,28.967435993402,5.89567698881851,2.944805553652
97.2305529795344,35.8584795039257,49.231670395341,30.0085779990419,29.0730652793239,6.13510512845508,3.1290740684644
97.2186322771858,35.8566686388508,49.2371979309894,30.0150479515482,29.0799843720961,6.15482535977856,3.14466825731139
97.2181966584719,35.8566024643343,49.2373999239509,30.0152843832875,29.0802372167865,6.15554599699905,3.14523811639277
97.2252528963805,35.916279206697,49.3664060477346,30.1437325960632,29.2060127008047,6.31801251915374,3.2814255621517
96.9948001830486,35.9493676755677,49.4855606971138,30.2746581690134,29.3167223072123,6.43630261427424,3.39111542779062
97.0048206179637,36.0100161706492,49.5943178417056,30.3938246508381,29.4333934044935,6.5127961929202,3.46981502401837
96.8216503165508,35.9645254124126,49.6530419076215,30.4804269154004,29.5341293067848,6.63636843555513,3.60174456445669
96.6037016007442,35.8976040024677,49.6914802833747,30.521660881541,29.6663279106375,6.82196145002253,3.8223134020286
96.5311499180677,35.8848920343375,49.6903005722452,30.5170668456389,29.6685521251802,6.84356817151715,3.8528681904443
96.4301641005983,35.8827062749331,49.7267266810523,30.536113763215,29.6850292608867,6.91467094988082,3.96111534993882
96.4328798210702,35.8867770053384,49.742178625497,30.5466354369143,29.6896564247476,6.93293839921576,3.98985142645379
96.3763537164833,35.8523268209129,49.7645141216092,30.5564271888319,29.6606244764849,6.99239636509508,4.08666873658017
96.2229127054598,35.748870326418,49.7463593673387,30.530320181186,29.5807826275205,7.06314819929135,4.20391128220224
96.1973920628807,35.7162768217221,49.7503696847534,30.5305969281622,29.5679531657521,7.1077984888611,4.27473966581039
96.1964119219822,35.710111711033,49.7569239765683,30.535625551254,29.5731113346098,7.13072311262908,4.31041686286158
96.2041796709004,35.7147075457645,49.7686919579282,30.5461956695586,29.5910408343452,7.15559015316587,4.34862008932907
95.8781107199471,35.6895549230299,49.7442926306775,30.5325587435382,29.6401572565489,7.23844983507526,4.49003984689706
95.843149376789,35.7022255716528,49.7500722072586,30.5406366534313,29.6622333189911,7.25050279742874,4.51299574170356
95.8179446191116,35.7113602501093,49.7542388900586,30.5464602786987,29.6781486630274,7.25919216597049,4.52954538521272
95.6909382242576,35.6021655138896,49.8364339414216,30.6553744231149,29.7287054784372,7.40464895353582,4.99593143119307
95.6481910777106,35.5467505608027,49.8146077284126,30.6377946647357,29.7079827770936,7.4049891971542,5.01877646553687
95.6164180413241,35.4320656640903,49.7987765895574,30.6659672930803,29.7723260426255,7.42211463258342,5.12327368888625
95.6099254356871,35.4120719516056,49.8055799190346,30.7004496562193,29.8261402192809,7.43523789456502,5.16666734459279
95.5413554877321,35.3806677653936,49.7914560093562,30.7055459501997,29.8378264542319,7.44128537649698,5.18898943764654
95.4965133921428,35.3593146470045,49.7823837858379,30.7111691062833,29.8472958351019,7.44710591191477,5.20684998171296
95.4488983984337,35.3349077863113,49.7730994998174,30.7220051864618,29.8612317506498,7.45724951467448,5.23274569913153
95.4250621587549,35.3203652098434,49.7680626899484,30.730073376466,29.8699982472053,7.46557477654028,5.25115205240831
95.4072329356118,35.299588565418,49.7625859876433,30.7471692815263,29.8840059740232,7.48557496474029,5.28793654273722
95.4351456828424,35.2401115423868,49.7126393962523,30.7008895749851,29.7826040369934,7.56943077390648,5.35899764319921
95.3771484064033,35.2029883949483,49.6644516434907,30.6294078054312,29.6829955298367,7.59769958093053,5.35271438049438
95.374976368426,35.2016601135534,49.6593381206722,30.6189482370851,29.6685419150962,7.60314942435638,5.34999971663837
95.4000066196816,35.2226361238949,49.6376663390667,30.5475479773924,29.5673563297955,7.65692495211574,5.32011917876935
95.3640124099992,35.2730353956934,49.6407529986563,30.5187320076109,29.5187631659384,7.71240912581311,5.27797091393147
95.3105996669704,35.2832849662162,49.6369123777088,30.5108521413563,29.5023731867872,7.73042929791599,5.26273967147483
95.3406169953268,35.4140401333354,49.6891006411868,30.549933701212,29.49161639563,7.83568894097743,5.21691756109871
95.2016435398846,35.3802494571416,49.6349005456385,30.4825538746609,29.3837533548426,7.87408445727762,5.18857460479143
95.1223170043696,35.4891865854967,49.7596652941758,30.6293890909042,29.5638800253908,8.05226455687652,5.09981589833704
95.1470924013787,35.5552148974035,49.8555999751258,30.7650444644504,29.7555833807334,8.10952323318203,5.08423672881761
95.174934516347,35.5862441977786,49.8995325263703,30.8261337850035,29.843277793159,8.13470673419559,5.0788570929007
95.264876568584,35.5701817766168,50.0706294041528,31.1805815723233,30.6455074532973,8.42314387904302,4.97811692353878
95.2190508442292,35.6384990674224,50.1902459525342,31.3694887236409,30.9911058007637,8.4937144634034,4.91723511142812
95.1338942088767,35.7373376940779,50.3325206848921,31.5480514815255,31.2624065050531,8.52476366278722,4.81288412063947
95.1333179722363,35.7375004593415,50.332840465559,31.5484382001719,31.2630108413823,8.52478892252631,4.81244450720358
95.1013268330023,35.7465367577025,50.3505938451985,31.5699077999729,31.2965620012633,8.52619127665188,4.78803832812813
95.0708220801823,35.7666745729974,50.3854149404724,31.6093939977521,31.3574237010323,8.5273676932748,4.74298205198364
95.0699797375383,35.7677575221029,50.3871947028082,31.6113538683559,31.3604245072836,8.52739282571589,4.74074170232413
95.0833215683222,35.8632306074234,50.5765161439703,31.8274434814309,31.7148350884472,8.50133499809928,4.45538948375834
95.0479436449732,35.8543614796338,50.612233947615,31.8791403965046,31.8204124034257,8.47358631258527,4.34434344807041
95.0889513112723,35.8591953760054,50.6600252047425,31.9402620571045,31.9376254442992,8.44167291782509,4.2385667303425
95.1412433551626,35.8670654167658,50.6906565117718,31.9763535575345,32.0047746723167,8.42212745376685,4.1817792283897
95.2694741065442,35.8662734093272,50.7475174146639,32.0398448114547,32.1398342033202,8.35726448114736,4.03215632667072
95.2647440185963,35.8602026807435,50.7463293812349,32.0390473983001,32.1432326292785,8.35084002391919,4.01986360667312
95.2546805149208,35.8054010722619,50.7360155629784,32.0289127196965,32.1745179634638,8.27976122018997,3.89194067414411
95.4132093178303,35.7255135014969,50.7261421871755,32.0780063460667,32.3895679944927,7.98695935163466,3.42144882434858
95.4750805408057,35.7266866421511,50.744850593304,32.1100716908998,32.4414946344286,7.93921314819216,3.35597289353714
95.4798495394926,35.7035226428243,50.7488033434869,32.1192205145387,32.4543312216168,7.8898926464012,3.29711112906847
95.2816519555248,35.6627922616877,50.8845538203337,32.2687156189059,32.5280993472537,7.60112538942471,3.01528015965123
95.3397007470836,35.7090333854214,50.9367312488839,32.3593702216294,32.6437612576501,7.56377649888473,2.97787459785975
95.3546062850971,35.7152993017318,50.9430669542222,32.3705904239264,32.6591157996765,7.55986031955026,2.97437428872211
95.3641024586722,35.7192912561878,50.9471033705903,32.3777387058912,32.6688980293495,7.55736535971201,2.97214427574927
95.2585848612167,35.6704662901076,50.907619989507,32.3687865161016,32.6756263850509,7.52280203801784,2.9454169035069
95.2700632123114,35.6373758689371,50.8726199176662,32.3804826778773,32.7339008328932,7.46282484015426,2.927364331897
95.2805748377437,35.6419737758362,50.8761538761256,32.3858416464849,32.7419749156659,7.46122111853755,2.92765024267777
95.1702928683075,35.6978498872742,50.9172072766928,32.4981522109,32.9060611656238,7.41345988073659,2.9160942443237
95.225359342953,35.8001086096269,51.0077449385713,32.642350252316,33.0846594366308,7.40470387320686,2.92212707790061
95.1709139137797,36.1025850439011,51.3479512146242,33.2452203218704,33.8944844772086,7.41847671980883,2.9912917817219
95.2826044389223,36.3658981283782,51.5948765432995,33.6338249023537,34.4465322543761,7.46435520438676,3.02905758778143
95.4124415067236,36.3788838356302,51.6019590321393,33.704236259321,34.5727159553638,7.53922025458314,3.07864809902619
95.4289855782527,36.4910190366028,51.7026040797689,33.863806365175,34.8764095831779,7.67683215975728,3.15361903258037
95.4626939714925,36.5483110196987,51.7574138508844,33.9388016664278,34.9879474177393,7.71099403359951,3.17520372035317
95.3782720256658,36.5954329755695,51.8102940721332,34.0372714905822,35.1445979594557,7.77127199394114,3.21164251456266
95.3915666760044,36.6240661638205,51.8401026109405,34.0867771703157,35.2229101267559,7.80638235589099,3.23381588246095
95.4442213610286,36.6565329714988,51.8720015798309,34.1354468285596,35.3033536742456,7.84704348319985,3.25911918779548
95.457934409238,36.6636439737808,51.8788760292076,34.1456679282574,35.3204926264096,7.85600414007699,3.26467056449869
95.5254662409021,36.5882826007741,51.9042377685594,34.2549996344605,35.7441100432725,8.25123702307649,3.46840259708567
95.5701724720031,36.4866322250229,51.8572435518115,34.2581953547324,35.8149895710337,8.33679426788601,3.53063200617266
95.5710592489252,36.4130061700199,51.8106078963369,34.2344783157368,35.8264454611668,8.37160498931387,3.55028187401638
95.6004686291703,36.4080800323132,51.8126317333583,34.2428631968054,35.8464368042718,8.38285267629195,3.55618525531079
95.7626731742939,36.4345249304555,51.8643223006985,34.3188061367494,35.9651759732637,8.42593464844972,3.57847814119177
95.7885558634672,36.5124440785248,52.0388893806148,34.5639644172201,36.258494669167,8.48404845818261,3.59086098529948
95.8899837409253,36.5505501701248,52.1084734858663,34.6342256066907,36.3283208416145,8.48756216071043,3.58625365796509
96.0066490162269,36.6001900848587,52.066146278064,34.5636600509009,36.2012260291145,8.44139116200515,3.59550826797471
96.1809477556041,36.8421192816179,52.1758292671139,34.685511488158,36.313042128103,8.46651077374658,3.6712286716593
96.1723863389436,36.8684427796707,52.1968391482136,34.7403190714616,36.3999595069433,8.64095707163098,3.91248479819947
96.1825396469677,36.8756875735927,52.2035211531352,34.7496332255801,36.4122013936614,8.65165356199102,3.92955036803712
96.2010883028316,37.0414703905488,52.2945585107287,34.9283696908882,36.6909592084705,8.92034377559138,4.436452592545
96.0507662436267,37.1159076808485,52.2851654251233,34.9721506067646,36.7716877591689,9.14043579607426,4.76397733144739
96.0487277464627,37.1831304829619,52.3164253993329,35.0089115333494,36.805050757304,9.25886198207115,4.91755216677646
NaN,NaN,NaN,NaN,NaN,NaN,NaN
NaN,NaN,NaN,NaN,NaN,NaN,NaN
NaN,NaN,NaN,NaN,NaN,NaN,NaN
NaN,NaN,NaN,NaN,NaN,NaN,NaN
NaN,NaN,NaN,NaN,NaN,NaN,NaN
NaN,NaN,NaN,NaN,NaN,NaN,NaN
NaN,NaN,NaN,NaN,NaN,NaN,NaN
NaN,NaN,NaN,NaN,NaN,NaN,NaN
NaN,NaN,NaN,NaN,NaN,NaN,NaN
NaN,NaN,NaN,NaN,NaN,NaN,NaN
NaN,NaN,NaN,NaN,NaN,NaN,NaN
NaN,NaN,NaN,NaN,NaN,NaN,NaN
NaN,NaN,NaN,NaN,NaN,NaN,NaN
NaN,NaN,NaN,NaN,NaN,NaN,NaN
NaN,NaN,NaN,NaN,NaN,NaN,NaN
NaN,NaN,NaN,NaN,NaN,NaN,NaN
NaN,NaN,NaN,NaN,NaN,NaN,NaN
NaN,NaN,NaN,NaN,NaN,NaN,NaN
NaN,NaN,NaN,NaN,NaN,NaN,NaN
NaN,NaN,NaN,NaN,NaN,NaN,NaN
NaN,NaN,NaN,NaN,NaN,NaN,NaN
NaN,NaN,NaN,NaN,NaN,NaN,NaN
NaN,NaN,NaN,NaN,NaN,NaN,NaN
NaN,NaN,NaN,NaN,NaN,NaN,NaN
NaN,NaN,NaN,NaN,NaN,NaN,NaN
NaN,NaN,NaN,NaN,NaN,NaN,NaN
NaN,NaN,NaN,NaN,NaN,NaN,NaN
NaN,NaN,NaN,NaN,NaN,NaN,NaN
NaN,NaN,NaN,NaN,NaN,NaN,NaN
NaN,NaN,NaN,NaN,NaN,NaN,NaN
NaN,NaN,NaN,NaN,NaN,NaN,NaN
NaN,NaN,NaN,NaN,NaN,NaN,NaN
NaN,NaN,NaN,NaN,NaN,NaN,NaN
NaN,NaN,NaN,NaN,NaN,NaN,NaN
NaN,NaN,NaN,NaN,NaN,NaN,NaN
NaN,NaN,NaN,NaN,NaN,NaN,NaN
NaN,NaN,NaN,NaN,NaN,NaN,NaN
NaN,NaN,NaN,NaN,NaN,NaN,NaN
NaN,NaN,NaN,NaN,NaN,NaN,NaN
NaN,NaN,NaN,NaN,NaN,NaN,NaN
NaN,NaN,NaN,NaN,NaN,NaN,NaN
NaN,NaN,NaN,NaN,NaN,NaN,NaN
NaN,NaN,NaN,NaN,NaN,NaN,NaN
NaN,NaN,NaN,NaN,NaN,NaN,NaN
NaN,NaN,NaN,NaN,NaN,NaN,NaN
NaN,NaN,NaN,NaN,NaN,NaN,NaN
NaN,NaN,NaN,NaN,NaN,NaN,NaN
NaN,NaN,NaN,NaN,NaN,NaN,NaN
NaN,NaN,NaN,NaN,NaN,NaN,NaN
NaN,NaN,NaN,NaN,NaN,NaN,NaN
NaN,NaN,NaN,NaN,NaN,NaN,NaN
NaN,NaN,NaN,NaN,NaN,NaN,NaN
NaN,NaN,NaN,NaN,NaN,NaN,NaN
NaN,NaN,NaN,NaN,NaN,NaN,NaN
NaN,NaN,NaN,NaN,NaN,NaN,NaN
NaN,NaN,NaN,NaN,NaN,NaN,NaN
NaN,NaN,NaN,NaN,NaN,NaN,NaN
NaN,NaN,NaN,NaN,NaN,NaN,NaN
NaN,NaN,NaN,NaN,NaN,NaN,NaN
NaN,NaN,NaN,NaN,NaN,NaN,NaN
NaN,NaN,NaN,NaN,NaN,NaN,NaN
NaN,NaN,NaN,NaN,NaN,NaN,NaN
NaN,NaN,NaN,NaN,NaN,NaN,NaN
NaN,NaN,NaN,NaN,NaN,NaN,NaN
NaN,NaN,NaN,NaN,NaN,NaN,NaN
NaN,NaN,NaN,NaN,NaN,NaN,NaN
NaN,NaN,NaN,NaN,NaN,NaN,NaN
NaN,NaN,NaN,NaN,NaN,NaN,NaN
NaN,NaN,NaN,NaN,NaN,NaN,NaN
NaN,NaN,NaN,NaN,NaN,NaN,NaN
NaN,NaN,NaN,NaN,NaN,NaN,NaN
NaN,NaN,NaN,NaN,NaN,NaN,NaN
NaN,NaN,NaN,NaN,NaN,NaN,NaN
NaN,NaN,NaN,NaN,NaN,NaN,NaN
NaN,NaN,NaN,NaN,NaN,NaN,NaN
NaN,NaN,NaN,NaN,NaN,NaN,NaN
NaN,NaN,NaN,NaN,NaN,NaN,NaN
NaN,NaN,NaN,NaN,NaN,NaN,NaN
NaN,NaN,NaN,NaN,NaN,NaN,NaN
NaN,NaN,NaN,NaN,NaN,NaN,NaN
NaN,NaN,NaN,NaN,NaN,NaN,NaN
NaN,NaN,NaN,NaN,NaN,NaN,NaN
NaN,NaN,NaN,NaN,NaN,NaN,NaN
NaN,NaN,NaN,NaN,NaN,NaN,NaN
NaN,NaN,NaN,NaN,NaN,NaN,NaN
NaN,NaN,NaN,NaN,NaN,NaN,NaN
NaN,NaN,NaN,NaN,NaN,NaN,NaN
NaN,NaN,NaN,NaN,NaN,NaN,NaN
NaN,NaN,NaN,NaN,NaN,NaN,NaN
NaN,NaN,NaN,NaN,NaN,NaN,NaN
NaN,NaN,NaN,NaN,NaN,NaN,NaN
NaN,NaN,NaN,NaN,NaN,NaN,NaN
NaN,NaN,NaN,NaN,NaN,NaN,NaN
NaN,NaN,NaN,NaN,NaN,NaN,NaN
NaN,NaN,NaN,NaN,NaN,NaN,NaN
NaN,NaN,NaN,NaN,NaN,NaN,NaN
NaN,NaN,NaN,NaN,NaN,NaN,NaN
NaN,NaN,NaN,NaN,NaN,NaN,NaN
NaN,NaN,NaN,NaN,NaN,NaN,NaN
NaN,NaN,NaN,NaN,NaN,NaN,NaN
NaN,NaN,NaN,NaN,NaN,NaN,NaN
NaN,NaN,NaN,NaN,NaN,NaN,NaN
NaN,NaN,NaN,NaN,NaN,NaN,NaN
NaN,NaN,NaN,NaN,NaN,NaN,NaN
NaN,NaN,NaN,NaN,NaN,NaN,NaN
NaN,NaN,NaN,NaN,NaN,NaN,NaN
NaN,NaN,NaN,NaN,NaN,NaN,NaN
NaN,NaN,NaN,NaN,NaN,NaN,NaN
NaN,NaN,NaN,NaN,NaN,NaN,NaN
NaN,NaN,NaN,NaN,NaN,NaN,NaN
NaN,NaN,NaN,NaN,NaN,NaN,NaN
NaN,NaN,NaN,NaN,NaN,NaN,NaN
NaN,NaN,NaN,NaN,NaN,NaN,NaN
NaN,NaN,NaN,NaN,NaN,NaN,NaN
NaN,NaN,NaN,NaN,NaN,NaN,NaN
NaN,NaN,NaN,NaN,NaN,NaN,NaN
NaN,NaN,NaN,NaN,NaN,NaN,NaN
NaN,NaN,NaN,NaN,NaN,NaN,NaN
NaN,NaN,NaN,NaN,NaN,NaN,NaN
NaN,NaN,NaN,NaN,NaN,NaN,NaN
NaN,NaN,NaN,NaN,NaN,NaN,NaN
NaN,NaN,NaN,NaN,NaN,NaN,NaN
NaN,NaN,NaN,NaN,NaN,NaN,NaN
NaN,NaN,NaN,NaN,NaN,NaN,NaN
NaN,NaN,NaN,NaN,NaN,NaN,NaN
NaN,NaN,NaN,NaN,NaN,NaN,NaN
NaN,NaN,NaN,NaN,NaN,NaN,NaN
NaN,NaN,NaN,NaN,NaN,NaN,NaN
NaN,NaN,NaN,NaN,NaN,NaN,NaN
NaN,NaN,NaN,NaN,NaN,NaN,NaN
NaN,NaN,NaN,NaN,NaN,NaN,NaN
NaN,NaN,NaN,NaN,NaN,NaN,NaN
NaN,NaN,NaN,NaN,NaN,NaN,NaN
NaN,NaN,NaN,NaN,NaN,NaN,NaN
NaN,NaN,NaN,NaN,NaN,NaN,NaN
NaN,NaN,NaN,NaN,NaN,NaN,NaN
NaN,NaN,NaN,NaN,NaN,NaN,NaN
NaN,NaN,NaN,NaN,NaN,NaN,NaN
NaN,NaN,NaN,NaN,NaN,NaN,NaN
NaN,NaN,NaN,NaN,NaN,NaN,NaN
NaN,NaN,NaN,NaN,NaN,NaN,NaN
NaN,NaN,NaN,NaN,NaN,NaN,NaN
NaN,NaN,NaN,NaN,NaN,NaN,NaN
NaN,NaN,NaN,NaN,NaN,NaN,NaN
NaN,NaN,NaN,NaN,NaN,NaN,NaN
NaN,NaN,NaN,NaN,NaN,NaN,NaN
NaN,NaN,NaN,NaN,NaN,NaN,NaN
NaN,NaN,NaN,NaN,NaN,NaN,NaN
NaN,NaN,NaN,NaN,NaN,NaN,NaN
