116.859037116253,176.134088235704,162.345414403417,151.968032141277,162.096176535208,18.6445849821109,6.58940764031218
120.330575717556,179.98684490781,165.286410624184,155.145537180392,165.680201577383,19.0192079541871,6.84110438328973
124.016304025365,184.101273909256,168.37386365499,158.494637043614,169.524950553081,19.4281242286488,7.12648836281337
124.350826576646,184.509848341969,168.573819742534,158.734710246807,169.92674776584,19.4835898273351,7.18696623602105
123.792023077944,183.896967602461,168.080488741212,158.206805711894,169.36020036803,19.4273149118463,7.15452233508688
118.337696626356,177.868830300449,163.318535430302,153.08750638301,163.752026130211,18.8576264865091,6.8073760571138
108.94769476152,167.43793191257,155.127030828517,144.259509710336,153.997558828443,17.8572773159773,6.19090485299979
105.460915620396,163.553715153001,152.077230444712,140.969256777599,150.35333744376,17.4824596921527,5.96090326887754
99.9250480721981,157.348769429108,147.17714735539,135.675996104702,144.485323957864,16.8775081876163,5.59855717629712
95.6651200019275,151.991481875237,142.515642426354,130.523228610943,138.755147297875,16.2685439937832,5.41518573011475
99.6406577921024,156.153696496532,145.608345235539,133.802696550884,142.381040581926,16.6303982129927,5.72911930534068
101.520565592712,158.134587151702,147.099849687604,135.386976543196,144.13074949202,16.8041679461362,5.87549989753428
110.265833570948,167.233446862962,153.965459358716,142.661381981843,152.143437999683,17.5758433485076,6.56504899629524
110.672939660992,167.631157600204,154.265543606459,142.974454502929,152.4838690812,17.6037722267151,6.59934495663694
112.024848428293,168.838516213282,155.170367345044,143.89510901696,153.466372186258,17.6610998901253,6.7218575716221
112.000900189752,168.770931821888,155.116970272312,143.830305028944,153.388652152471,17.6456495185025,6.72320185143627
108.859421200423,164.656506944673,151.954467404918,140.31517861499,149.40778169552,17.0957759836314,6.52570009862993
103.840233850699,158.340256191837,147.126141596681,134.983334676173,143.452821882823,16.257890163575,6.13227687626698
103.480950187999,157.814199512076,146.728956015323,134.530217462852,142.949333554837,16.1634172573112,6.09428708225971
103.21596048315,157.389518313155,146.411047921825,134.160716685174,142.538535677801,16.0769969747335,6.06226490789168
103.573076210931,157.608193553493,146.598843649048,134.318367581327,142.711877256509,16.0320815556894,6.06683536438743
103.600623829912,157.62506198502,146.613330059859,134.330528644201,142.72524868597,16.0286168165197,6.06718792571228
103.65161090186,157.656283265253,146.64014252851,134.353037195238,142.74999746867,16.0222040334238,6.06784047102479
104.043356290921,157.945409458121,146.880287697208,134.573279851354,142.991898116119,15.9954233110084,6.07864559123684
107.340861921851,161.116158991518,149.416477156757,137.130845896813,145.786125817853,16.1066807993628,6.25996367396452
111.905870245942,165.432710147258,152.852942600856,140.469784499863,149.284254456643,16.2328604004169,6.54202101445876
111.97123093014,165.27963892167,152.711176640285,140.198600447663,148.880374596263,16.1507038850526,6.55166645763812
111.77705670066,164.879642225781,152.364247326041,139.730789058595,148.272727480641,16.0643891723212,6.54530361999626
111.636825023863,164.656224106373,152.17247133208,139.490428218905,147.972282340047,16.0273742696062,6.53900321452254
111.580103230928,164.565854536555,152.094900568699,139.393205550747,147.850756394966,16.0124022483393,6.53645478678605
111.483970640135,164.412695399194,151.963432960435,139.228431722376,147.644793160294,15.9870275357407,6.53213568916795
110.537873601711,162.964221988151,150.691992583402,137.667091587335,145.709411628784,15.7745832368383,6.49148697263451
110.182846963597,161.460289922134,149.044835012116,135.271168281586,142.375929411456,15.5132529912135,6.55210099633924
110.272889675578,161.536476318347,149.1058786036,135.313746429821,142.397506885931,15.5194689649518,6.56213770249406
110.578784040207,161.803250614691,149.324576926044,135.474103187384,142.49190626768,15.5421291038611,6.59586286665459
111.57763123892,162.706997543786,150.111599749467,136.074873227966,142.880102957119,15.6236994475664,6.70880962500571
113.207611294916,164.348326017915,151.9398012836,137.523869334621,143.860739976168,15.8079324786333,6.93429435247028
113.408960982828,164.590051256385,152.496864360566,137.918479060858,144.023942453207,15.8582262795127,7.00542777236451
113.457265783869,164.649448370323,152.643424155335,138.021492850713,144.064549693478,15.8713622724739,7.02422115681603
113.225494729355,164.498621647005,153.552192865594,138.566392708859,144.024902718683,15.9463575088683,7.16323871931113
112.790880135134,164.085006007104,154.006263804781,138.802081524922,143.857129002975,15.985716561405,7.25485151900909
112.030698396789,163.20440083446,154.972227923702,139.450740107344,143.774301782731,16.107722045289,7.48584646416432
112.142986820257,163.065528986235,156.00585534275,140.38026574302,144.345290066777,16.2652290040562,7.71226079689634
112.282135187624,163.118095196247,156.346029748557,140.702879175491,144.595620281337,16.3160326416025,7.78151897013571
113.043841431402,163.520803599234,157.722699122385,142.021203186181,145.717748581126,16.5093575064801,8.04942381362972
113.302789631415,163.629861406592,158.227715029024,142.489542697517,146.115369462403,16.5744373362031,8.1504550644558
113.473567103873,163.66939824088,158.62201583348,142.844300533406,146.407802138237,16.6227713078194,8.2327365742126
113.564953543539,163.651315612722,158.93855399247,143.11170207314,146.610708238884,16.6559764266499,8.30211344557562
113.652997799533,163.578763902502,159.405330611447,143.487996472162,146.875590598918,16.6986365502754,8.40752749680539
113.653292953008,163.530244746885,159.56486825604,143.604838182631,146.942272857989,16.7085505296582,8.44522323380423
113.653513332666,163.494017374369,159.683988830328,143.692079358138,146.992061915711,16.7159529137198,8.47336917923916
113.647045358095,163.418141333259,159.953395642046,143.88492282389,147.094080736522,16.7294875933387,8.53680740514635
113.631608056332,163.362882794338,160.180427243433,144.041034556424,147.164877839791,16.7362963041817,8.58995555132549
113.648035094515,163.337390189148,160.895350244053,144.541690634472,147.395423486785,16.7481265388499,8.74901108990124
113.639959223145,163.355095503466,161.114409353362,144.685147521753,147.435973263047,16.7416250632253,8.7990095924439
113.635774923499,163.362991060365,161.207411470671,144.74563901175,147.452016663274,16.7385187188616,8.82031747463071
113.65031932098,163.445150784728,161.544661156223,144.970299011431,147.517683594099,16.7235254748573,8.89517079308395
113.652030394521,163.450591786107,161.558877274726,144.979965028052,147.520728370296,16.7227556937762,8.89823688133426
113.672519744244,163.515745373835,161.729109013236,145.095711306727,147.55718822009,16.7135379054128,8.9349519335604
113.689764105786,163.565164752808,161.845326734078,145.175344188327,147.583378570381,16.7069436293966,8.95970261705897
113.834449483813,163.882954982832,162.339982834117,145.527576546513,147.723681238556,16.6723110629989,9.05802097425375
114.293942267888,164.824558105954,163.519570246629,146.356974904469,148.088250568694,16.5588228697992,9.26895983048577
114.305274357389,164.957114420315,163.727015517687,146.459677261246,148.069941911432,16.5143347016814,9.30944334673326
114.41041054749,165.389955431448,164.399861706411,146.81578412211,148.105172152624,16.4097359571135,9.42679268395441
114.678486599169,165.965461948232,165.277849209397,147.356848156411,148.314926842267,16.3479820197093,9.57593513210728
114.821652350582,166.199153400012,165.627080908246,147.600102406094,148.44460934191,16.343337095077,9.63737965882148
115.008915804976,166.583569504871,166.373755906779,148.097151713466,148.629140899081,16.3305085310208,9.79356763096822
115.171132751789,166.850243497522,166.888316703579,148.505523545354,148.849000378475,16.3424396017994,9.90670143914182
115.605602171025,167.429006438532,167.932784884777,149.498839443551,149.57299828983,16.3950508597941,10.1243205560606
115.773287242503,167.634817295495,168.314134753391,149.892906558303,149.893718857131,16.4154280525326,10.1989197359859
115.848409388026,167.72479101599,168.484495615634,150.073120470059,150.044803591214,16.4243368879493,10.2313706519754
115.977587175149,167.879507125762,168.777443042041,150.383010904733,150.304604366089,16.4396562539893,10.2871722733018
116.222724035957,168.19391835628,170.139860352583,151.880766591419,151.550652526027,16.4519257440558,10.5493756759824
116.438739136166,168.412246993376,171.005031589809,152.790357728868,152.3267135234,16.4539639363514,10.6935747018876
116.503480257826,168.473125491438,171.221308441289,153.010341793292,152.511897873619,16.4552454386908,10.7286693105332
116.697020238784,168.645475869804,171.778993640566,153.560381393259,152.961966185212,16.4620631281117,10.8199328787126
117.000105729773,168.839909131899,172.812233413001,154.504895466989,153.618841647278,16.4673831829516,11.00940545704
117.155645639679,168.91249334578,173.25185699808,154.874967007088,153.811467447445,16.4760300760934,11.1043449326655
117.210267679751,168.938322890469,173.402397699903,155.001393928463,153.876612563764,16.47923601319,11.1370210123532
117.259971066601,168.964801834115,173.51297609442,155.094289015178,153.921315537966,16.4835585921703,11.1624824638757
117.641746819949,169.182174279873,174.244378069107,155.71312502489,154.203653896204,16.5236738464161,11.3401144850464
117.885975488397,169.329123669288,174.652860465076,156.066488836697,154.358525609742,16.5535946399792,11.4461132680371
118.379311879296,169.628509907686,175.422457284675,156.75706352441,154.647075564129,16.6225629895448,11.6651822082829
118.523778461175,169.636259146017,175.741817418622,157.038320604117,154.648837182954,16.6532295769927,11.7993951235203
118.966757957583,169.745521301946,176.63690870627,157.881325610738,154.743218375512,16.7552103520194,12.2049982494175
119.358675120012,169.972267270372,177.354961426978,158.545782347072,154.944712747104,16.8467077075431,12.5153469499798
119.438890728423,169.946499305965,177.709046237748,158.803865188088,154.880864278498,16.8974807965163,12.7278510942117
119.462000357217,169.945617559101,177.802528329806,158.861236962619,154.862622489919,16.9114123836341,12.7813647550402
119.478505605936,169.944987802066,177.86929466318,158.90221275745,154.849593926792,16.9213625352562,12.8195850263267
119.500735765607,169.944139611308,177.95921916397,158.957401169161,154.832046354895,16.9347639364143,12.8710621502278
119.544322840058,169.964668368079,178.069177725803,159.027768392054,154.833180189547,16.9506875482665,12.9231053270621
119.703704279414,170.053962827926,178.422058288103,159.260510492591,154.864494371396,17.0010618225062,13.0772064126939
119.852302421209,170.150578534965,178.698359628062,159.45414179132,154.923488653921,17.0394659264811,13.1821361591958
120.011175281871,170.256985690372,178.965228408267,159.652192208087,154.999889359319,17.0758406914226,13.2748002035294
120.305159008342,170.388323688982,179.518011024005,160.04109715228,155.060156954087,17.1532665360663,13.4900318549555
120.320542719882,170.387456563863,179.555567669549,160.064608287048,155.053120654956,17.1587852340386,13.5075927777273
120.372508284268,170.391661759296,179.6636444236,160.13584163515,155.036641780398,17.1746351865076,13.5567771791761
120.545237541534,170.432299889205,179.952672872773,160.342023694409,155.009107563889,17.2168856582886,13.6823857069617
120.809817941222,170.534655865303,180.304452061711,160.614502829911,154.997272541252,17.2689458693265,13.8272292176377
120.897539916605,170.571704259468,180.414861244674,160.701670998278,154.99520684168,17.2853925825592,13.8719779116479
121.025268198025,170.635499652635,180.557462273259,160.818902453911,154.99716472052,17.3070743660317,13.9275385014901
121.143468604822,170.694536236704,180.689425996572,160.927389044282,154.998976551641,17.3271387996721,13.9789545563236
121.242604667538,170.744050909788,180.800105513717,161.018378015626,155.000496155579,17.3439670746809,14.0220778024672
121.761861497201,171.024735526049,181.344601981726,161.470816856634,154.998990447218,17.4295844154243,14.2300217757998
121.897719685504,171.04105174296,181.495834497747,161.571318854292,154.864835441752,17.4592035774975,14.317136319691
121.926449743497,171.044502148591,181.527815779184,161.592572105621,154.836465557425,17.4654671693699,14.3355585136659
122.146303174824,171.09568699053,181.789071186474,161.77790729125,154.674746443251,17.5136831963262,14.4649051255154
122.438742241801,171.199473864953,182.196564017389,162.097471268629,154.584901615943,17.5808427070986,14.6236306840625
122.545518584472,171.242606919508,182.357558986782,162.22871365865,154.574793640496,17.6060572218232,14.6799382874866
123.151243707884,171.548850358585,183.760259698706,163.543364622356,155.220741840753,17.784163524082,15.0074623263007
123.153849063137,171.535127726224,183.845552573933,163.630264309753,155.277826700464,17.79325437217,15.0238799731604
123.159315809853,171.506333896542,184.024520315533,163.81260358203,155.397606323261,17.8123294537312,15.0583286791402
123.206071921288,171.323333620144,185.553827269285,165.444283274923,156.687065948476,17.9653917485693,15.3076177444423
123.245831134585,171.2734042898,186.359027338241,166.342246983439,157.50556200803,18.0422161622176,15.4168426939856
123.265024859741,171.266265181548,186.621487858921,166.6389781313,157.787078440426,18.0674823833741,15.4506290402795
123.347447882427,171.253316976232,187.616771912661,167.770457062418,158.877385833359,18.1636426535472,15.5759431595431
123.45921299735,171.278053469987,188.591035011968,168.887127301077,159.980709799411,18.2615800234605,15.6958876831393
123.481691547074,171.029533084942,191.070718273123,171.784008374172,162.863505840965,18.5307674984347,16.0066100946145
123.530379533124,170.999781126358,191.756975631587,172.57725314056,163.641387024765,18.6178662878953,16.0981386353057
123.811274713518,171.075839816726,193.500914434729,174.544285372112,165.494196877701,18.8718348544638,16.3509748784994
123.992522192452,171.174375481155,194.155298015708,175.2529883845,166.106128336134,18.9850410952205,16.4586190070164
124.382499013343,171.130280130216,196.199700173523,177.358144067508,167.424599580617,19.4780379751584,16.8990695014435
124.419620493437,171.145270053024,196.306008111995,177.463634410156,167.480470850882,19.5052079774627,16.9232466563784
124.736932960697,171.295563077324,197.179881303586,178.334216204036,167.964958073437,19.7201268202631,17.1160660724543
124.804050023335,171.257666232059,197.667779790778,178.823220856575,168.202433017057,19.8481839865715,17.2293664390921
124.804143126697,171.238402042969,197.749475691533,178.905239559402,168.237930249805,19.8707653167308,17.2491363217135
124.808210097746,171.206613387046,197.941221604473,179.09877220394,168.335760188752,19.9199007108045,17.2919703593675
124.823703623835,171.157139874383,198.37265715597,179.535804284707,168.579366828095,20.0241964405711,17.3825639250209
124.968612926734,171.27740581156,200.033591767428,181.206820464319,169.742942787999,20.365233651864,17.674086929867
124.990645564722,171.310439569193,200.249602581444,181.422265388487,169.902994195968,20.4076283040046,17.710099477009
124.619634973421,171.091694009511,201.38686111951,182.547904926343,170.639039824865,20.6922703043161,17.9400411509791
124.525303761887,171.072217337616,201.961942591622,183.13462696604,171.056467184849,20.8498387046024,18.0758819818127
124.519049565283,171.076907517775,202.077459244253,183.254627052595,171.14505005972,20.8822347700936,18.1049144989298
124.451232943957,170.824716016575,203.985781078085,185.326244039505,172.652932801138,21.5300275867548,18.7330209883521
124.813823694062,170.876858774256,205.134720720409,186.485370486864,173.522931119222,21.8675461023183,19.0736943505971
124.883470617783,170.823610978732,205.515123980258,186.832936446359,173.749337390925,21.9793538887974,19.1806536487863
124.897941633128,170.693471713806,205.974268837385,187.224073244333,173.97515021646,22.1131608638852,19.2998922750202
124.991675920299,170.641171942176,206.919097261443,188.044205165362,174.531171473611,22.3359756958216,19.4789162806599
125.029036249068,170.659894520814,207.203967649752,188.303983999357,174.727753740486,22.3962341709464,19.5244939583621
125.058619439932,170.681905037741,207.416746845176,188.506303274855,174.889478405217,22.4402397362596,19.5574205322651
125.0712951511,170.693670957671,207.503761286923,188.591893218134,174.960744236347,22.4578897823594,19.5705008385093
124.954690631357,170.581066634713,208.428831308101,189.574085203851,175.802471739384,22.6730572750556,19.7182651100215
124.799225213251,170.44771364553,209.081478817861,190.44807995704,176.688233699428,22.8502124361581,19.841518077726
124.794257201876,170.441272606737,209.537810935938,191.145850848167,177.465001464852,22.985372304794,19.9452938099853
124.852250168407,170.480187754157,209.759797782946,191.524049269463,177.91592945779,23.0616744102483,20.0090111674701
124.810968963284,170.406442105963,209.821606241893,191.734308632116,178.209379182484,23.1196374000325,20.0556486023224
124.727543103069,170.280969830485,209.779988441156,191.826517398836,178.39006305033,23.1644298709562,20.0910359272321
124.697250598825,170.219844174173,209.731760917761,191.848436435407,178.468693510151,23.1890434777152,20.1115477787194
124.742852059844,169.936936681613,208.828680885171,190.938670144899,177.814267485042,23.3574511001813,20.2698592832617
124.694606692987,169.807871255131,208.418754520976,190.297229948754,177.054583218448,23.3839384603147,20.2985967256903
124.712824493649,169.81128414691,208.366390092517,190.19187539509,176.905433207137,23.3913589783921,20.307590550146
124.797041155258,169.848293619817,208.229443683861,189.889306765428,176.448151033432,23.4160829011553,20.3385034203632
124.711167039517,169.599556346652,207.514428594574,188.78966735624,174.820635353238,23.4239067530936,20.3673210943797
124.718190641923,169.576470488651,207.404890884627,188.62761769261,174.567542472792,23.4237696580094,20.3719604745805
124.785494751764,169.575221053758,207.202383383364,188.312374270209,174.051576053357,23.4278276828346,20.3877608953312
124.81949671698,169.586753915944,207.147322052609,188.22109600559,173.896042209233,23.4304695133698,20.394397198351
124.839010592925,169.596251251831,207.127016354517,188.184669090397,173.83153153882,23.4322096469086,20.397955241001
124.767791567768,169.338007912341,206.366177573211,187.128583911544,172.308872185354,23.4244792764094,20.4131905504246
124.768840052239,169.329885973796,206.334024963774,187.080595226393,172.238841831701,23.4251040010662,20.4148012281982
124.772918230157,169.298294938036,206.208964397412,186.893938769917,171.966452254501,23.4275339257527,20.4210661092799
124.787129429887,169.278953023821,206.102800293419,186.729663623177,171.721893644015,23.4310042076419,20.4281359422923
124.904203075469,169.306786275912,205.910620437851,186.384045660364,171.167982151199,23.4485276434583,20.4549952486389
124.88652889407,169.106487354212,205.328969275865,185.53322356131,169.965637629145,23.4447614983126,20.4602845781421
124.882175860773,169.088007420377,205.282213751404,185.467346660557,169.875628393609,23.4433530605642,20.4593210416211
124.905835862988,168.991551642626,204.939906266648,184.964306070998,169.178967108918,23.4326903680977,20.4524763462274
124.907727264217,168.988723866198,204.927333168507,184.945447308077,169.152684645134,23.432292256754,20.4522287960501
125.125279738991,168.942507637111,204.297080299387,183.934646046717,167.781335101052,23.3951620564405,20.4197415628057
125.063807246558,168.778224858256,203.894450287818,183.367756300188,167.098006884621,23.354162024167,20.3758701857881
125.058456004973,168.759040958971,203.84196292845,183.292122821382,167.00682144414,23.3485034834328,20.3698105505718
125.048371454654,168.722888414828,203.743049170182,183.149589614729,166.834980171765,23.3378398200846,20.3583910145123
125.120777382959,168.6571018236,203.311317250435,182.458564851266,165.972091258612,23.282240115504,20.3002605429822
125.133593725341,168.657872362266,203.278845213157,182.402388014018,165.899612384959,23.2775446305824,20.2954639659858
125.233761464522,168.689424576212,203.11675866489,182.1022818815,165.497697766421,23.2516607294631,20.2697626197731
125.23941919845,168.570305132384,202.648642560186,181.386036277053,164.580526883344,23.1801682848097,20.1967185601098
125.233239594372,168.556605931611,202.613975479989,181.336558653446,164.518355079325,23.1749898104216,20.1913773247528
125.210253611077,168.462590694504,202.312354063753,180.89118513083,163.935279403623,23.1268737587382,20.1429734664347
125.248531386286,168.4172930885,202.00353850062,180.400787597595,163.251768223815,23.0728823481981,20.0906695183383
125.258587856913,168.420402756365,201.982209560446,180.362190609544,163.193532241493,23.068639601953,20.086763788181
125.335013531381,168.444035149158,201.820117043197,180.068866942251,162.750959057266,23.0363962080804,20.0570815992059
125.401627707519,168.405696137089,201.347146000236,179.260603863961,161.571016199542,22.9485362502428,19.9738049756555
125.307306307949,168.221279241357,200.630497545363,178.076316139274,159.914940744698,22.8151621877089,19.8428751176795
125.314385077327,168.224426570152,200.60338755393,178.021206186805,159.832339169037,22.8083996132466,19.8365144130663
125.359940538846,168.244681222928,200.428921046337,177.666545767063,159.3007562483,22.7648790259505,19.7955800615214
125.431208100257,168.29292025432,200.305507541852,177.386147807702,158.863492367241,22.7276656190001,19.7615449052773
125.337929587798,168.055761606564,199.247976655061,175.641643914385,156.39498923009,22.4781132789485,19.5226307670365
125.34801706711,168.042022970645,199.120531679463,175.42857755149,156.082624412313,22.4443907884046,19.4910680016874
125.578807430835,168.102117587125,198.487555341421,174.32323758669,154.387100490646,22.2579531948389,19.3210744767124
125.540954097401,168.028187493912,198.282574864513,174.033042891052,153.993009606796,22.2140356337701,19.278712768195
125.697989237835,167.860289111606,196.844469827182,171.638734977809,150.611738909539,21.8764325022565,18.965908855166
125.657873754382,167.795801958147,196.670883856762,171.364217174845,150.256941045199,21.8444011882224,18.9360747030013
125.584809928165,167.665608911009,196.276671691917,170.719629488008,149.416405294372,21.7709167815716,18.8692664211347
125.830751434279,167.502958232873,193.639661598039,166.124345289691,143.366625208149,21.3174081514683,18.576556690516
125.680149655059,167.274899126605,192.507460117279,164.356881312873,141.364337474299,21.1706953172958,18.4978916738676
125.798950019121,167.341501768077,192.169936139382,163.672320095392,140.570138056426,21.1230195786289,18.4834048384527
125.761023784168,167.206625822831,191.499602954565,162.525158564308,139.277303829138,21.0241485764345,18.4212206308382
125.751330625241,167.182494818282,191.405310899784,162.370498843464,139.103828306495,21.009001405258,18.4102378099697
125.88187063507,167.161783887988,190.673689138868,161.084066661781,137.628523341916,20.8583635832517,18.3003821343304
125.974033993024,167.219976317413,190.577388629262,160.884659538214,137.388236280423,20.8250162890531,18.2758154084752
126.138158768011,167.216175547083,189.873080928842,159.76670025281,136.087130369737,20.6078171369646,18.092388810012
126.593912126277,167.216483394569,189.389213334614,158.973257583256,134.897857782422,20.3070056780216,17.8539908729691
126.692923182218,167.005474474169,189.216453460364,158.843758983828,134.639781009243,20.2232553368315,17.8022043744437
126.933424042864,167.004777293954,189.238801516015,158.959393182628,134.72553516537,20.1882998918256,17.795195030559
126.94175213355,167.006061711122,189.240453476043,158.964147090844,134.730001870633,20.1873923418898,17.7951349648846
126.94299877796,166.845477303732,189.067403255216,158.875965707085,134.671835573186,20.13919866502,17.7636092060262
127.260169381867,166.834962965853,188.964875052347,158.934458664524,134.894373541155,19.9939681367192,17.6640183507137
127.380484522065,166.90014756466,189.037033958072,158.999961161578,134.981939215623,19.9479369717958,17.6289862815837
127.300958508033,166.754733630095,188.965296069103,158.888746100049,134.871085752716,19.8538246236119,17.5452256657827
127.31789751878,166.722949920003,189.033065445666,158.939601925579,134.894809567319,19.8054201615202,17.5054276253841
127.523659096321,166.812057402256,189.337046551728,159.337592186685,135.254713116774,19.7615156229581,17.4841229604293
127.494653234309,166.764135773865,189.317406279828,159.35217632953,135.275035525623,19.7503743286663,17.4759226636004
127.428050736974,166.535298400027,189.311932108223,159.789908617259,135.84680994741,19.659535349951,17.4228905145381
127.345260670507,166.181493715665,189.92329994038,161.295278261851,137.951773075055,19.1868570892904,17.0721807833875
127.235110240878,165.864380495984,190.197728271012,161.777590245443,138.711392288166,18.9879653296541,16.9145892226056
127.299346680018,165.634446223703,190.618560136795,162.488281097728,139.808346721725,18.8184058680715,16.7965719489404
127.340909790884,165.627701445885,190.708350439426,162.6283732229,140.013271351497,18.7970598212788,16.7841713661471
127.459463007748,165.648242317103,190.915386821995,162.941853731443,140.460705229056,18.7586222998063,16.7646726011822
127.471169012558,165.584447393002,190.996247564761,163.109565470229,140.738277404317,18.7197806248165,16.7389367489055
127.523058749788,165.254316378747,191.391495269796,163.958621917484,142.107479713805,18.5137397649806,16.5873325395307
127.80416620675,165.099813826079,192.020810962788,165.065117364421,143.63708712443,18.3088316714585,16.4068349185852
128.152324682134,164.89125717344,192.776185473969,166.41486054451,145.528415156203,18.064729136884,16.1637182604753
128.251487335554,164.561160392007,193.30095447491,167.438730920013,147.183943049453,17.8437433472684,15.9569306352467
128.607408720243,164.438604008757,194.15837235514,168.825738748283,149.136413100654,17.6724059003418,15.8300319168825
128.617658878225,164.422312408654,194.188053661894,168.883223764468,149.214237960906,17.6641189314461,15.8238250295773
128.6362914167,164.392697853806,194.242007765929,168.987718912518,149.355706483206,17.6490550400338,15.8125422701568
128.640049907762,164.386724108475,194.252891200737,169.0087973115,149.384243023055,17.6460164040844,15.8102663510436
128.706127655413,164.324445322408,194.403860281989,169.292629990659,149.760588074719,17.6079965944134,15.7825526237559
128.779775735913,164.30561829894,194.524347408805,169.506321943945,150.031699807182,17.5838487515898,15.7662191312551
129.320380108886,164.320454503977,195.245331601615,170.781543262333,151.616345728168,17.4370120574533,15.674577784816
129.325254997233,164.277328629898,195.27342932018,170.870013527281,151.739956527632,17.4155902243087,15.6587286483134
129.530788263659,164.189668297054,195.887574891417,171.977476493377,153.153396669999,17.2675305286375,15.5673544778614
129.660741059258,164.23498051068,196.235895798006,172.496836329206,153.793245886486,17.2294709171958,15.5511759490895
129.778852184801,163.89167544463,197.392957014016,174.501339122082,156.676988829382,17.0665343173174,15.4864980955242
129.971973754037,163.90878035078,197.623505624718,174.946599323964,157.440669989982,17.0480091872862,15.4978370388548
129.9273253271,163.720285710787,197.575802578639,175.116527198554,157.932661779673,17.0115437905234,15.4830028595702
129.927425258287,163.714354597205,197.576603046066,175.128651027676,157.959542449763,17.0100292972834,15.4824260701099
129.928966948376,163.622852242235,197.588952270813,175.315691606241,158.374244441596,16.9866644272428,15.4735276409675
129.966970492585,163.583208642182,197.679099914812,175.584665626838,158.842050023029,16.9673472593573,15.4665153978076
130.07506636221,163.583698899561,197.947850819579,176.151634437529,159.690823871266,16.9400843056206,15.4561855742822
130.203357129115,163.631175878966,198.290352774784,176.759990333746,160.510105064008,16.9183256625794,15.4466266923996
130.29306213343,163.673406966142,198.538354315741,177.176505643954,161.048942515256,16.904926067079,15.4401398078765
130.280502794447,163.613372953474,198.790283892877,177.659699270826,161.692445692917,16.8742492877535,15.4149697213395
130.239280030472,163.51136353686,199.143410027215,178.33676076437,162.597614703598,16.8265212274206,15.3744797902933
130.161043535851,163.136009664811,198.644443542086,178.347090198702,163.965803863494,16.5665115372331,15.191246268827
129.960887555513,162.888159236344,197.479712864572,176.981265657784,163.082846853159,16.4697682810095,15.1220125860537
129.864324954549,162.764100123601,196.674722536127,176.036029579391,162.504636198427,16.3927433107966,15.0642924701452
129.850231440738,162.741845181864,196.490138926453,175.831200472453,162.416742974941,16.3642833445353,15.0412740565362
129.506742910048,162.397389142115,195.78195564917,175.181931386749,162.278610539135,16.1928956203096,14.8843783096559
129.403558832336,162.176567057016,196.444349489398,176.40257178354,164.023078158353,15.8856779915709,14.6000298576926
129.58164518192,161.446584183872,196.344793771725,176.356677305459,164.273222005414,15.5301114149598,14.2546776348362
129.589273949862,161.433930774722,196.32875928883,176.331959023595,164.24989294984,15.5265281445294,14.2506006881083
129.599600343138,161.41680296586,196.307054817336,176.298500055966,164.21831445585,15.5216777859974,14.2450820833224
129.936377065195,160.89011002105,195.591668016994,175.188057160839,163.142280947037,15.3834705002881,14.0802452670975
129.834036896534,159.595227148705,193.818582118479,172.818610763683,160.752639600491,15.1118481463439,13.7470474551702
129.904987465821,159.316784972127,193.173545573163,172.022982426811,159.957168526859,14.9691133525136,13.6084546297411
129.859715053846,158.314287609401,190.018970547069,168.742732966554,157.00751217508,14.3204822024464,13.1062376208798
NaN,NaN,NaN,NaN,NaN,NaN,NaN
NaN,NaN,NaN,NaN,NaN,NaN,NaN
NaN,NaN,NaN,NaN,NaN,NaN,NaN
NaN,NaN,NaN,NaN,NaN,NaN,NaN
NaN,NaN,NaN,NaN,NaN,NaN,NaN
NaN,NaN,NaN,NaN,NaN,NaN,NaN
NaN,NaN,NaN,NaN,NaN,NaN,NaN
NaN,NaN,NaN,NaN,NaN,NaN,NaN
NaN,NaN,NaN,NaN,NaN,NaN,NaN
NaN,NaN,NaN,NaN,NaN,NaN,NaN
NaN,NaN,NaN,NaN,NaN,NaN,NaN
NaN,NaN,NaN,NaN,NaN,NaN,NaN
NaN,NaN,NaN,NaN,NaN,NaN,NaN
NaN,NaN,NaN,NaN,NaN,NaN,NaN
NaN,NaN,NaN,NaN,NaN,NaN,NaN
NaN,NaN,NaN,NaN,NaN,NaN,NaN
NaN,NaN,NaN,NaN,NaN,NaN,NaN
NaN,NaN,NaN,NaN,NaN,NaN,NaN
NaN,NaN,NaN,NaN,NaN,NaN,NaN
NaN,NaN,NaN,NaN,NaN,NaN,NaN
NaN,NaN,NaN,NaN,NaN,NaN,NaN
NaN,NaN,NaN,NaN,NaN,NaN,NaN
NaN,NaN,NaN,NaN,NaN,NaN,NaN
NaN,NaN,NaN,NaN,NaN,NaN,NaN
NaN,NaN,NaN,NaN,NaN,NaN,NaN
NaN,NaN,NaN,NaN,NaN,NaN,NaN
NaN,NaN,NaN,NaN,NaN,NaN,NaN
NaN,NaN,NaN,NaN,NaN,NaN,NaN
NaN,NaN,NaN,NaN,NaN,NaN,NaN
NaN,NaN,NaN,NaN,NaN,NaN,NaN
NaN,NaN,NaN,NaN,NaN,NaN,NaN
NaN,NaN,NaN,NaN,NaN,NaN,NaN
NaN,NaN,NaN,NaN,NaN,NaN,NaN
NaN,NaN,NaN,NaN,NaN,NaN,NaN
NaN,NaN,NaN,NaN,NaN,NaN,NaN
NaN,NaN,NaN,NaN,NaN,NaN,NaN
NaN,NaN,NaN,NaN,NaN,NaN,NaN
NaN,NaN,NaN,NaN,NaN,NaN,NaN
NaN,NaN,NaN,NaN,NaN,NaN,NaN
NaN,NaN,NaN,NaN,NaN,NaN,NaN
NaN,NaN,NaN,NaN,NaN,NaN,NaN
NaN,NaN,NaN,NaN,NaN,NaN,NaN
NaN,NaN,NaN,NaN,NaN,NaN,NaN
NaN,NaN,NaN,NaN,NaN,NaN,NaN
NaN,NaN,NaN,NaN,NaN,NaN,NaN
NaN,NaN,NaN,NaN,NaN,NaN,NaN
NaN,NaN,NaN,NaN,NaN,NaN,NaN
NaN,NaN,NaN,NaN,NaN,NaN,NaN
NaN,NaN,NaN,NaN,NaN,NaN,NaN
NaN,NaN,NaN,NaN,NaN,NaN,NaN
NaN,NaN,NaN,NaN,NaN,NaN,NaN
