NaN,NaN,NaN,NaN,NaN,NaN,NaN
142.296958758945,147.76932558751,192.969889559464,182.146959235641,157.53783310014,12.4050157671481,9.57287520738776
140.83497784822,146.525847147822,191.648832508,180.564357800213,156.067367965939,12.195983234933,9.385955611751
137.229865787585,143.48521186526,188.279704392842,176.99948555289,152.812603235979,11.9389193121,9.09498377696266
136.568877712714,142.927719163784,187.661983370756,176.345875344861,152.215850448041,11.8917872993874,9.04163483532548
135.083481935663,141.674901849841,186.273818844819,174.877059371089,150.874806479404,11.7858705736419,8.92174720704488
130.668806730142,137.960228177007,182.153236463422,170.523518317202,146.902121905172,11.4748190358256,8.56701498607305
118.1221316226,127.440576741074,170.472808494779,158.187887419815,135.646008511093,10.5939327388678,7.55769541473892
117.870367647783,127.230342657071,170.23919065098,157.941092302976,135.420744713579,10.5762189941093,7.53734884164673
116.126487009273,125.774124987668,168.621001889432,156.231629198708,133.860421496855,10.4535221049207,7.3964152751933
114.594287231083,124.494670224087,167.199236886276,154.72966918416,132.489498032384,10.3457187712245,7.27258892235066
112.63817973702,123.155137037972,165.669147603449,153.01824398208,130.89393062231,10.175626607555,7.06925841664208
122.396969236114,131.736499648866,175.158567021249,162.901922309891,139.845682907697,10.8320761558303,7.80552575082798
129.445526618214,138.014214773475,182.114451699846,170.181966344212,146.402621320375,11.3494005265385,8.36528383110105
128.630532511322,137.441162063532,181.47862858818,169.542293355736,145.806285981095,11.3247828314487,8.31515468386947
128.234204883962,137.117636475326,181.119308378598,169.172156345476,145.471342861209,11.3017629801276,8.28578049478206
122.139506845655,132.094182936846,175.53277362605,163.423100131724,140.301365451409,10.9298833948123,7.82243349566287
121.402369731858,131.481315482159,174.848436353168,162.724555641943,139.682113092897,10.8807951426728,7.76322985670161
119.117964819825,129.58202510903,172.727659365552,160.559750161578,137.763035755595,10.728669517451,7.57975641448588
118.681671320573,129.225562672747,172.323744685404,160.15861286393,137.421916663214,10.6958883082273,7.54039216838858
118.578099774118,129.14097035734,172.227864593809,160.063442273253,137.341052477138,10.6880896707576,7.53102811286292
117.636658018381,128.387093888849,171.362178235516,159.222713314578,136.651972157552,10.6112828936909,7.43847989940815
117.684273071067,128.435078041615,171.409787771592,159.281182026239,136.71692168241,10.6112910818562,7.43829390126971
117.743183683613,128.494445314619,171.46869155884,159.353521075015,136.797278966043,10.6113012124725,7.43806377941434
117.811316740468,128.563106522033,171.536816721898,159.437184787037,136.890216165946,10.6113129290348,7.43779763202971
117.891194543904,128.643603518391,171.616685270809,159.535270413194,136.999173839774,10.611326665293,7.43748560627517
123.084453923364,133.258373643287,176.607605304623,164.76313204189,141.90418847415,10.8967520176884,7.76343705617919
124.861230335088,134.891850694332,178.360970642738,166.497388843613,143.518010604506,11.0019754623178,7.87664777578392
125.01597362135,135.130794155607,178.581337713602,166.575529227237,143.638289418497,11.016773427913,7.87816760096119
124.562393813484,134.791098026658,178.184714130829,166.060953125548,143.219010246354,10.9954553577506,7.84181332484281
122.24561185493,132.899622766538,176.031103390387,163.455847361615,141.138785242582,10.8858740210434,7.66796188251301
121.149971793509,131.956640801496,174.95322939905,162.138515032431,140.1971623304,10.8401238123386,7.58763713521189
121.112277130601,131.921961945496,174.912090181723,162.083384462778,140.16815806806,10.8393219461978,7.5848734429132
120.804692263488,131.586573385849,174.469339626513,161.360879533627,140.021441197287,10.8537943541637,7.56133195067443
120.826243876452,131.598201421942,174.476112574815,161.349747859941,140.052096591862,10.8575404564807,7.5627571908684
120.827445710101,131.598849863665,174.476490270776,161.34912709805,140.053806101252,10.8577493592586,7.56283666991369
121.026100961435,131.742274091529,174.609531282267,161.42491162874,140.276951782926,10.878317217565,7.57630983822045
121.356049612158,131.995457036523,174.85966366436,161.624461723202,140.623033413365,10.9067119117062,7.59882625984441
121.414954622443,132.040657233421,174.904319250941,161.660086964708,140.684818609201,10.9117811542891,7.60284606730366
122.209476434037,132.666663615288,175.52850520022,162.194327232052,141.49983577006,10.9751256834532,7.6560019052207
122.934937297055,133.24648118609,176.101570774477,162.693493084179,142.240560424607,11.030101784232,7.70269042014347
123.764615911241,133.929528433529,176.615451706688,162.91708079481,143.232542715238,11.0991370763459,7.72806381655169
123.743928489917,133.914248444018,176.59128821783,162.880956321718,143.221570666469,11.0985782690297,7.72514350230372
123.258685206286,133.547835455774,176.117161398763,162.254219732316,142.882268555333,11.0830261828819,7.67347737123691
122.339430940517,132.881644307277,175.365525952548,161.255542349363,142.424478477307,11.1217556891546,7.59534515473228
122.346137380033,132.890241055193,175.377113997186,161.26519858805,142.449234398962,11.1276915731033,7.59656659874643
122.34667190204,132.890926240072,175.378037596789,161.265968217311,142.451207515233,11.128164679674,7.59666395125431
122.573636854264,133.113620974164,175.641164330299,161.54089587702,142.880149399649,11.2098248513372,7.62512535518768
122.590829864619,133.129757245222,175.659710095656,161.561164852274,142.908249328372,11.2147296913318,7.62714301177195
122.727654013597,133.257323967776,175.800328238839,161.723073439166,143.120403154255,11.2503632386016,7.64294057932247
123.119465587704,133.635774994489,176.186537878882,162.231167316782,143.79959141158,11.3716618050799,7.6932631660893
123.165842636533,133.686094627846,176.230260120446,162.306496653939,143.911046056312,11.3944668270859,7.70099707776
123.166459915009,133.687539864185,176.230613649412,162.309229175245,143.916024896306,11.3956991881468,7.70126040529503
123.189690216821,133.741929054175,176.243918154413,162.412063304503,144.103395686201,11.4420771528305,7.71117032172139
123.191948752783,133.747216972624,176.245211667655,162.422061219336,144.121612568213,11.4465861902908,7.71213380049196
123.191190359801,133.757740303127,176.241459301582,162.444878489676,144.168183887334,11.4588878978616,7.71398083627609
123.161760011765,133.760855874932,176.205174053972,162.467872420648,144.239340348509,11.481035230236,7.71413651701796
123.07751159315,133.771354272237,176.102973752304,162.518755981843,144.408268726133,11.5323996919445,7.70933082916694
123.073745854929,133.771870692272,176.098455496471,162.52058433141,144.414781483543,11.5343362516724,7.70895923854842
122.927794974875,133.940175776568,175.914016985701,162.685810861704,144.885817612147,11.6357532900303,7.65735193908576
122.92767118951,133.940582279746,175.913852046485,162.686053331007,144.886610380318,11.6358941788383,7.65723623173881
122.948631699182,134.063828849847,175.925685492366,162.753464284383,145.081346279106,11.6693363480295,7.63536135391781
122.958912253077,134.096314064005,175.933832748804,162.77073620133,145.128965172621,11.6773969850403,7.6306693669784
123.003073118375,134.173449691967,175.973057653296,162.806614569647,145.226877815574,11.6950598700603,7.62480466995027
123.003993123382,134.174997017933,175.973878867806,162.807325407261,145.228815717661,11.6954116305546,7.62469614779002
123.209828970524,134.47495062294,176.159181971974,162.928542023422,145.580307434985,11.7638131166173,7.61210589363163
123.218045754971,134.512537569872,176.163908910715,162.892008469951,145.620188109329,11.7805301522428,7.60597492836354
123.194671701925,134.52446468594,176.138341560954,162.813286457225,145.629623947469,11.796636391498,7.59717191198975
123.185110552567,134.529343469176,176.127883244235,162.781085241627,145.633483674219,11.8032246438148,7.59357104079317
123.201233605635,134.627858213182,176.132511007392,162.575866767734,145.699945382112,11.8563626656408,7.57527336854586
123.212216395173,134.645854260302,176.14197081098,162.558764875536,145.712648612598,11.8625171334763,7.57390174619064
123.287297785525,134.758207950405,176.208624791248,162.472802305238,145.793836233873,11.8974815784433,7.56670962621489
123.354926638423,134.842166750972,176.271868428631,162.445378032548,145.857828388552,11.9174894445138,7.56376106879917
123.402504135664,134.90123251109,176.316360887902,162.426084813717,145.902847436374,11.9315651555746,7.56168673253144
123.519694241351,135.033727883855,176.429907398118,162.423691076928,146.009797775188,11.9570241276722,7.55873388959581
123.611027014215,135.201564106309,176.535500546123,162.198152875329,146.094445413022,12.0063758485154,7.52724738227053
123.644987225312,135.270503094434,176.582294337629,162.099161650092,146.129224682868,12.0287749173052,7.5109013077489
123.840225309469,135.512095720697,176.802755014668,162.070085273124,146.333525856222,12.1015402507841,7.49846906433192
123.903123931228,135.583607179048,176.871543288207,162.085799988972,146.400998051423,12.1244435962084,7.49958760851295
124.022792856548,135.854844324098,177.088802038847,161.922694540881,146.657033683211,12.3248655262808,7.51872359122243
124.183735373136,136.161320770684,177.367026075714,161.919297184703,146.967304162471,12.469798328413,7.5447381744935
124.360051573207,136.429966638706,177.628886324432,161.98973819684,147.244688543148,12.5534886912159,7.55880435437571
124.377320010181,136.455652949529,177.654140895953,161.997239388667,147.271282400087,12.5609745913899,7.56001320158018
124.401132374376,136.491073166717,177.688965764905,162.007583180171,147.30795408078,12.5712972964231,7.56168014514503
124.401559515048,136.491708526366,177.689590445335,162.007768724706,147.308611888892,12.5714824627143,7.56171004639247
124.40432135028,136.531980855307,177.724257805287,161.976026297932,147.348980656073,12.5894632951196,7.55900845196958
124.400136563299,136.554018455447,177.742073704316,161.948464158517,147.370760256542,12.6007655653623,7.55645311002877
124.403338205239,136.670152346087,177.84214065651,161.838267970032,147.486742108649,12.6503578449447,7.54337705046525
124.406147298796,136.682023461362,177.852976802409,161.83044832715,147.498716352885,12.6544475052645,7.54207876161527
124.429747622574,136.76636363993,177.930522109595,161.779147011767,147.583686566141,12.6828457288134,7.53317470020874
124.5441234297,136.9621588133,178.118593538323,161.727862752913,147.777720927461,12.7398948835245,7.51846018320803
124.798265178634,137.307278588871,178.361915195335,161.427408214993,147.934913347645,12.9551840046323,7.51112008847696
124.797522076242,137.308221004732,178.358767964168,161.417090592286,147.927600970546,12.9597869650393,7.51155347338361
124.792077018115,137.315126525693,178.335706732184,161.341488554136,147.874019769909,12.9935150047407,7.51472908691161
124.790292260757,137.317389987176,178.328147822346,161.316708048463,147.856457158121,13.0045702341975,7.51576997563593
124.89097940558,137.504811561666,178.359829890249,161.191567683994,147.674934763927,13.1705240002115,7.55892355032527
124.898931900388,137.518424558431,178.36492242703,161.189676740254,147.667351765886,13.1794439319694,7.56168423878895
124.957960216193,137.618869800541,178.410317984455,161.193256276399,147.627891525962,13.2364915141488,7.58041966730314
125.043463561012,137.763403926957,178.488279424201,161.226747166503,147.59776950349,13.3044039511843,7.60473633038281
125.03101652818,138.208919339145,178.565231746529,161.093674336941,147.154653991202,13.5719867124067,7.68403890917334
125.031800467115,138.212532387356,178.566869224348,161.094166291786,147.153556325703,13.5734948004628,7.6845418701832
125.049541794094,138.294299304233,178.603926995228,161.105299725006,147.128715050858,13.6076243507856,7.69592438397417
125.054713803978,138.318136264274,178.614730198252,161.108545380008,147.121473240864,13.6175739093397,7.69924265176223
125.187384902386,138.692024542824,178.82657245576,161.218809957922,147.125555242888,13.7596418397494,7.75093827516413
125.257232072366,139.004256541844,178.986822484852,161.268576826815,147.15716230282,13.9071272505644,7.80383485471823
125.204766998721,139.045000743182,178.971586853897,161.211683980997,147.112785736987,13.9520867849931,7.81656271547441
125.158241228753,139.101518526518,178.972181821245,161.163865669254,147.093069824129,14.0020650673986,7.83187712694202
125.152825556585,139.108097284621,178.972251076372,161.158299543208,147.090774861131,14.0078826173974,7.83365974831528
125.118181350615,139.160392072218,178.979164453808,161.124217110355,147.081216972654,14.0493794465829,7.84661902820512
125.11592482722,139.167387193977,178.981889095345,161.122532948474,147.082395193039,14.053587373306,7.84800998876759
125.096515049946,139.227556636761,179.005325451233,161.108046412652,147.092529807771,14.0897823982013,7.85997451560005
125.088080470623,139.253703456007,179.015509792865,161.101751243275,147.09693383625,14.105511059291,7.86517373809517
125.086970950085,139.25714292013,179.016849484601,161.100923149846,147.097513160939,14.1075800744553,7.86585766599745
125.069642265992,139.372081518114,179.07613002467,161.097943573563,147.131544746399,14.1641636162141,7.88510753103792
125.080763064079,139.754938842374,179.323478021672,161.175534747115,147.288698776239,14.3071237445457,7.93576677938832
125.047279291144,139.865798461516,179.383585412473,161.173992533871,147.310518754075,14.3509744574069,7.94916160172407
124.979190964734,139.916783686465,179.391744894161,161.13402054565,147.287681178467,14.3793376133351,7.95533443210452
124.911272446889,139.967641757051,179.399884026548,161.094148245382,147.264900558523,14.407630033103,7.96149186778344
124.867034752526,140.016287824861,179.415106868466,161.072473975415,147.254459704247,14.4308180384125,7.96724438479951
124.754656300169,140.643689686623,179.735170756979,161.108695815376,147.402467958824,14.7540939415101,8.08746764938143
124.773719150053,140.640319003503,179.684129674856,161.07271571854,147.438927801664,14.8943577455445,8.15345788464137
124.752072447464,140.09913398511,179.174535852673,160.780531691839,147.352304254227,15.1904726417244,8.30294054549049
124.878449416687,139.766209433547,178.937516174477,160.723416289431,147.397383273349,15.3653280411732,8.39880397997109
125.087542965139,139.311774625208,178.671013203075,160.709161769747,147.4824666999,15.6062034490769,8.5308187632625
125.087068965374,139.305248291942,178.666425029101,160.706897177652,147.480986309681,15.6083888189994,8.53191807443796
125.068182562634,138.849946932761,178.362353235399,160.568060444313,147.388347905076,15.77171618617,8.61460987934304
125.070702637387,138.767448000074,178.313967544386,160.550927629447,147.376020068282,15.8058642199711,8.63210728540089
125.072058297047,138.723068175687,178.287938741344,160.541711130636,147.369388379675,15.8242339575414,8.64151991393799
125.147422739186,138.362297809243,178.138094424029,160.54239536289,147.363502473717,16.0240398038659,8.74729357104053
125.377077618414,138.123177009495,178.194181797791,160.736838574875,147.491724783204,16.2968322175324,8.90265596916195
125.390658203161,138.113658237029,178.200061194552,160.749192928831,147.500059579472,16.3111513640928,8.91099859591987
125.302181140689,137.82455990034,178.04908260504,160.657939317767,147.376184336962,16.4461952100161,8.98616988881127
125.265619656502,137.338478296123,177.837736554048,160.608004226883,147.251068436212,16.7334667287141,9.15858510811836
125.305575001749,137.214959909645,177.803026798372,160.64315603569,147.256966112316,16.8293835150123,9.21808549937094
125.350990363421,137.131810636667,177.788124917867,160.687130964863,147.276109271794,16.9022169164658,9.26323875476426
125.416458136488,137.036136704059,177.777016674531,160.752220634619,147.308960740133,16.9919174193481,9.31883126855276
125.419893530536,137.031116254405,177.776433774102,160.755636187854,147.310684607213,16.9966244157721,9.32174846249476
125.366228783916,136.871040442199,177.670507619833,160.710299024852,147.244990301212,17.0525910533984,9.35314489720438
125.305740748228,136.692565586835,177.552055777384,160.65913170761,147.171260796734,17.1146126970519,9.38790269271974
125.233472003985,136.197402863547,177.296394183214,160.648027552186,147.072878306379,17.3236784518062,9.50676405188152
125.2321273762,136.135589955042,177.270699185121,160.656645745863,147.068999989015,17.3529821078248,9.52363286392041
125.347307873343,135.819654742228,177.248501523493,160.846380305571,147.179595662072,17.5574900390861,9.64690866381891
125.309446089148,135.554703053303,177.155823309169,160.851981129305,147.154073272083,17.6638258242718,9.71017814765731
125.303720710264,135.538947782558,177.147996344087,160.848354851323,147.149328730258,17.6684833344521,9.71287577485343
125.149836881926,135.020971082219,176.935240905976,160.761847243602,147.020066484541,17.8457185475961,9.81956495976673
125.13125204172,134.912601062022,176.907220408742,160.757380165222,147.001849430779,17.8931925548826,9.84916091910402
125.122948934072,134.864184829571,176.894701753629,160.755384418568,146.993710638261,17.9144024113354,9.86238343991077
125.118443223612,134.678639205491,176.877925208139,160.777528660347,146.97520475685,18.0191960572148,9.9282883259927
124.776049788298,133.762060151351,176.531502302061,160.564250106491,146.504899222921,18.4162351008071,10.1660751624556
124.717967118638,133.53203976666,176.44259996365,160.547484461924,146.411091114159,18.5172662574384,10.2303434342719
124.704835629358,133.43376010943,176.409922256472,160.553621814357,146.382862027909,18.563186489968,10.2605547471324
124.707479299247,133.381198151741,176.396365731319,160.568391790136,146.379301601952,18.5886159018861,10.2784099172202
124.27309235105,132.226616395658,175.740894862523,160.404224957578,145.979871324265,18.8506697181279,10.4772658889646
124.248463756767,132.16061646501,175.705467940292,160.404145990989,145.960504898495,18.8638066549699,10.4884980241831
124.210580141094,132.058129126967,175.651249452571,160.405844199179,145.930700570525,18.8844415671495,10.5061690728674
124.117554582933,131.753663832341,175.538770975818,160.520935247381,145.853710884519,18.9603167677546,10.5722770941169
124.096354239848,131.673674979601,175.525270572477,160.585756887788,145.831166450442,18.9852752396499,10.5936064645385
123.907220154679,131.400267969638,175.391640440751,160.626190143396,145.635335795925,19.0266136713191,10.6270756971863
123.728506081346,131.194279725216,175.280164245452,160.630754279684,145.440233039875,19.0482652864962,10.6424681007734
123.723581152117,131.188908239181,175.277783572512,160.631805921208,145.434402417982,19.0489142720413,10.6428871521047
123.644178557845,131.102305994468,175.239400968671,160.648761101944,145.340397715976,19.0593775972034,10.6496433431658
123.551939569014,131.00163700216,175.201315204426,160.679165775152,145.225770070263,19.0729121325219,10.6580616809495
123.36242302515,130.77355676384,175.227137309246,160.926624998454,144.893991433943,19.1283652665766,10.6882809817892
123.337024910105,130.695351436448,175.302199931876,161.109258213495,144.766183115764,19.1636075566329,10.7071234732501
123.239586113499,130.500906447606,175.311610453766,161.248068798216,144.521905589164,19.2027137205976,10.7246442380108
123.136297073366,130.328416253763,175.255214294832,161.261492135514,144.329660286703,19.2201545796889,10.7302103469696
123.068375200506,130.163205658348,175.210886817931,161.284774172329,144.162412112717,19.2398411028241,10.7379224911885
123.028129127556,129.958814200747,175.169852658163,161.331300730388,143.975774086433,19.2688679032723,10.7509965035452
123.039206623866,129.804167693373,175.152614620282,161.384550288792,143.84922050645,19.2952937217654,10.7639282140927
122.797258442493,128.892596610594,174.785404397981,161.045353456962,142.750239859912,19.2987388912037,10.7226097015971
122.784475743524,128.842071602421,174.820336611978,161.011387818738,142.616100190017,19.285813536536,10.7076354321878
122.784828733973,128.840621111611,174.823622857917,161.010790737348,142.61084263752,19.2852740547402,10.7070223667795
122.789039440102,128.823318687245,174.862823397111,161.003668351242,142.548127035429,19.2788387551102,10.6997093126118
122.7917809088,128.812053580317,174.888345731802,160.999031172119,142.507294724961,19.2746489180731,10.6949479950402
122.718139190679,128.713632768679,174.875324711221,160.905715716246,142.339958535583,19.2571499714762,10.6780283884702
122.501573576096,128.409900529623,174.817874264863,160.6159551588,141.873758481875,19.2101927670149,10.6345473810494
122.475701069892,128.367481637095,174.81483425687,160.576872013903,141.809361802972,19.203963355369,10.6288517814624
122.447131348379,128.274058047543,174.830586585291,160.499848014692,141.674082461083,19.193557301974,10.6193388485873
122.442958278561,128.049825049096,174.907100626662,160.335674546694,141.366009389577,19.1779080265655,10.6043015938295
122.446441042689,128.030981020864,174.915701319774,160.323111791895,141.341128513904,19.1771680044099,10.6035120685021
122.521717773296,127.834423557463,174.99298504552,160.205451664373,141.106119479645,19.1811689318128,10.6041406340546
122.497992139968,127.772076196816,174.964901116142,160.150930391516,141.036100172066,19.1790604182529,10.6017473443068
122.379436815697,127.443903488306,174.817913480448,159.869119083206,140.666548526773,19.1699242629221,10.5902405915379
122.280686768537,127.097761612997,174.676019225782,159.606634622291,140.271780356006,19.1696903293909,10.5830534784535
122.227014969897,126.847499286806,174.611222090422,159.48577699146,139.986231533016,19.1803443575537,10.5830288608624
121.53029545549,125.548661592109,174.144139341845,159.471507222383,138.940017006846,19.2330468551733,10.5676007611179
121.499665825082,125.321746796403,174.056146555138,159.559318326023,138.859519609438,19.2572903508281,10.5740954802253
121.369572699688,125.026399433489,173.849244402292,159.49765588848,138.679776068722,19.2651368097523,10.5690470618657
121.345746425972,124.944489062055,173.791541126214,159.484349726011,138.633556612321,19.2689773885525,10.5685829955204
121.302182276952,124.794723485201,173.686035995704,159.460020632356,138.54904858936,19.2759995334824,10.5677344929111
121.299813922773,124.786581516683,173.680300235397,159.458697987201,138.544454331608,19.2763812906535,10.5676883642767
121.252508097879,124.281899154117,173.35136811142,159.43179458508,138.269565418865,19.316269413322,10.5743027112944
121.253700273056,124.265892993078,173.342076743256,159.432766936922,138.260782128443,19.3180007205477,10.5747971244294
121.258541738107,124.200891413831,173.304344172493,159.436715691723,138.225112879142,19.3250316196845,10.5768049534458
121.285041751282,124.072766877637,173.243142610501,159.46010996832,138.147257447483,19.341770733786,10.5829194807777
121.131618302302,123.48577536927,172.848612704,159.288438365102,137.621685234633,19.3597114552953,10.5789460408022
121.125127579009,123.461522784332,172.832292053079,159.280421669827,137.597118278727,19.359989723145,10.5786776263608
121.118375820406,123.436294841067,172.815315039845,159.272082569723,137.571563321539,19.3602791820025,10.5783984171829
121.11609769435,122.594679692132,172.295911396191,159.146529435841,136.707470475679,19.3858725545653,10.5901659427317
121.164250735265,122.500021002437,172.240411134401,159.165505779849,136.618846536556,19.3923716810558,10.5964035405848
121.269297488046,122.306432148609,172.125819191899,159.208622317118,136.440340703172,19.4060536108465,10.6098604041125
121.22616962605,121.592148157411,171.498793329398,159.028394899692,135.819490551706,19.3962376146907,10.614940824433
121.125019065029,120.785925030628,170.749781577721,159.123474586174,135.550369678668,19.3825303437465,10.6397771775107
120.924998805974,120.569350204136,170.549023794052,159.178260489467,135.61997445487,19.3674677843112,10.6408853327693
120.105495471947,120.019841507085,170.040638978306,159.095253737482,135.756803260937,19.3018888435167,10.6129537361014
119.97835415545,119.9503042422,169.982913861287,159.092961094581,135.802898941838,19.2930267201216,10.6092144405939
119.44868429867,119.687456789021,169.78381458439,159.106680684839,136.051124937692,19.2597124151559,10.5955710808293
118.998049889739,119.476245877403,169.649523012419,159.14332431817,136.332428654184,19.2378065853594,10.5879097310133
118.849559236999,119.405533381444,169.606074085471,159.156460549585,136.429740074061,19.2312438871214,10.5857984955232
117.820172604411,118.806054726901,169.195768908156,159.085399072529,136.946939507601,19.1900468231478,10.5678936462011
117.818477757799,118.804926770562,169.194890620469,159.084985027631,136.947386548554,19.1899647321479,10.5678454897957
117.012569147479,118.225594892039,168.752037172648,158.882586377765,137.18091585382,19.1594342399258,10.5500608482189
114.751269507175,116.364036322817,167.347645721545,158.204323535311,137.453851935922,19.178870912975,10.5585614440607
113.472014965079,115.363203473949,166.583420684001,157.736033651801,137.196961393902,19.2424231701716,10.601311629682
113.34247619097,115.257442233267,166.509648478054,157.697741273763,137.186983618927,19.2572863056165,10.6130175383174
112.867423114563,114.859670273571,166.209193920887,157.511170459018,137.105840869214,19.3014871944109,10.6484080639975
112.829359500467,114.82672493,166.181055284609,157.489710939517,137.092620825431,19.3033246703224,10.6499497454479
111.946422329079,114.061245342041,165.528475867733,156.995224439995,136.819596032245,19.3560145530375,10.6951119598539
111.306698905248,113.574926404646,165.114756179094,156.680642206709,136.714908082952,19.4138805247251,10.7454440650269
110.713904940778,113.297960264943,164.874336712241,156.47637615008,136.700426759016,19.4731246226939,10.7961760282916
110.671219851501,113.283975850822,164.861866714088,156.464468954004,136.701310008091,19.4773243748519,10.7997399692072
109.964320671982,113.062111525114,164.607384554431,156.161505640955,136.525761160552,19.4888248678028,10.8102631293403
109.861097162935,113.05105733335,164.587253056445,156.126458801842,136.503161759444,19.4888332425927,10.810339153672
109.805102549264,113.045752327012,164.576914374443,156.107804641935,136.491104509458,19.4888146654967,10.8103589695864
109.292496222369,113.005798687017,164.489570222437,155.941948343755,136.384017580603,19.4885918339025,10.8104864417804
109.256803634613,113.009830383025,164.489266086977,155.934288306177,136.379165872067,19.4885345674825,10.810452643098
109.091422848084,113.028511153983,164.487856882301,155.898795697795,136.356685591874,19.4882692248393,10.8102960376785
109.076957208083,113.030145136463,164.48773362102,155.895691205996,136.354719271316,19.4882460156671,10.8102823396083
108.104844163966,113.250661962092,164.569482892407,155.75652875639,136.280601753037,19.4904496089883,10.8127540043846
107.112514543555,113.453401922299,164.59067323182,155.583459890887,136.186613445147,19.4854736390269,10.8109446688264
106.675535244725,113.472131961624,164.522955573483,155.455504475175,136.106980098682,19.4776184305206,10.8059104436775
106.145673676664,113.500239557637,164.435751091103,155.308604854133,136.033935546538,19.4718997862616,10.8031703873211
105.859967609426,113.520179537771,164.383010052055,155.237073341393,136.017933746549,19.4729878173771,10.8051119881602
105.764538621958,113.526839711749,164.365393961493,155.213181024723,136.012588968311,19.4733512318075,10.805760504322
105.696379264949,113.531596685368,164.352811815989,155.196116137158,136.008771505109,19.4736107975281,10.8062237015723
105.014654112856,113.59158770596,164.209811148456,155.041154192554,136.029102276494,19.4879337621884,10.8195845294124
104.940684459035,113.599851023279,164.191459108489,155.025522091872,136.039032928288,19.4912481114563,10.8222325666514
104.777155246347,113.618119241468,164.150887137526,154.990963256117,136.06098722421,19.4985753449683,10.8280867436346
104.697076579327,113.627065010468,164.131019437439,154.974040129934,136.071738029671,19.5021634200464,10.8309534772391
103.369704245162,113.428187385967,163.4894322609,154.357924189876,135.904663739625,19.5113277062318,10.8329007521161
103.293944614725,113.42084159795,163.451788023816,154.31732879136,135.900597366476,19.5139599460084,10.8341726945631
103.279062082617,113.419398561264,163.444393035695,154.309354064999,135.899798551479,19.5144770339716,10.8344225601471
102.971318493851,113.389559197561,163.291478184475,154.144451285582,135.883280515965,19.5251694688566,10.8395893241752
102.797732768924,113.386284687566,163.211053898643,154.045601204614,135.890079582865,19.5368536267927,10.8462464153267
102.630441911216,113.387271749883,163.13532734093,153.94855263447,135.901557098846,19.549841588139,10.8538058478818
102.460107790222,113.404876209386,163.067342080014,153.84305187553,135.935821725518,19.5708584611094,10.8668551888369
101.379815847283,113.224544295699,162.496309652331,153.031391762229,135.860402411789,19.6354452430111,10.8990758058236
101.241200193865,113.217101399208,162.439292362916,152.944270904429,135.875029568472,19.6465408347525,10.9051323940831
101.128216879681,113.21492606334,162.396066152895,152.878263157946,135.890473270198,19.6560887548371,10.9104371198814
101.059643589221,113.219987763733,162.375157149087,152.846406269758,135.905621882696,19.6627104497506,10.914260451074
99.7171584749322,113.16368571692,161.85506997551,152.202670079638,135.862575965542,19.7423923956191,10.9552297336054
98.5149898780259,112.965011640907,161.26063784934,151.501070313711,135.382386245232,19.7944909675026,10.9825060072236
98.4985179822092,112.962324112058,161.252374424024,151.491007468385,135.37468522696,19.7953976129552,10.9830426230616
98.0657505314241,112.888093367599,161.027940247373,151.199469290091,135.122613969357,19.8290591140193,11.0054303645548
97.917360653835,112.862248135313,160.950190452391,151.096561001341,135.030789885506,19.841668024099,11.0140054184924
96.6398223521021,112.529392801708,160.21670763501,150.063988363773,134.019273939917,19.9652732082142,11.1025642899016
95.1223110962518,112.109282619175,159.457322478418,148.863570534671,132.791503153038,20.1315099693944,11.2215193992621
94.9594290932964,112.104498946414,159.425719916058,148.784555975259,132.712593431325,20.1568553796527,11.2388147530097
94.7205921996703,112.097484558564,159.379380494344,148.668695465325,132.596886646851,20.1940198235073,11.2641752501076
92.0947796530626,111.9713887089,158.83232115152,147.774930580349,131.868774994757,20.414334217895,11.3689996997846
91.9904378461338,111.942048201608,158.778348982956,147.707469443357,131.805838053097,20.4222006639929,11.3718999685004
91.9511433425333,111.930998741153,158.758023385437,147.682063980595,131.782136375376,20.4251631207838,11.3729921924406
91.6233271044852,111.838818099414,158.588456135466,147.470117716733,131.584404018072,20.4498775554149,11.3821041218553
89.5337379396399,110.429817332255,156.69067685341,145.168093945055,129.268079118564,20.5855848814441,11.4355959802895
89.2979375319166,110.212281829498,156.424805231304,144.848150296689,128.937760370874,20.6001558928826,11.44189921574
89.2812104445252,110.19685040849,156.405944967656,144.825454299603,128.914328390357,20.6011895237574,11.442346351397
88.7306545535292,109.626139676553,155.741786810789,144.029058228765,128.078242373926,20.6463210813186,11.4653838521647
88.6658879110011,109.557925460851,155.662912305846,143.934524776451,127.978774721772,20.6518207645458,11.4682365895997
88.4613784303899,109.338834741022,155.413772739607,143.637660053,127.664976397943,20.6708753186199,11.4784127540572
87.7795911186382,108.589189426907,154.598447958936,142.686730754146,126.647486937012,20.7504178342323,11.5231902345399
86.9683915817538,107.818037125047,153.786274800245,141.806066955446,125.714461642837,20.8290923265533,11.5635598673026
86.9154735696496,107.772696509867,153.738376063109,141.756294282182,125.662858988106,20.8323979629714,11.5648805973359
86.4609122336862,107.431678202757,153.368509596144,141.390866084149,125.287752351672,20.8641313496068,11.578019761897
86.3055416723984,107.326896414638,153.252196279067,141.281062009185,125.176108743237,20.8757894712697,11.5829469523376
85.9682163025767,107.13427935691,153.016930828086,141.06798598284,124.963729782146,20.904923271352,11.5962633708993
85.6442771009904,106.984145561073,152.808246640017,140.888659704492,124.78975903636,20.9367199016834,11.6116676823952
85.5213560669569,106.945423040665,152.72636282147,140.816673586626,124.722735360501,20.9522189144856,11.6202122134227
84.9824036327792,106.812314679268,152.32222422815,140.43663212692,124.372396357558,21.0319333796929,11.6675861047636
84.8499322558644,106.78718689812,152.204161640448,140.316523177764,124.261718456983,21.0551093914895,11.682342324021
84.6580909871221,106.719790592385,152.002063289763,140.098056924494,124.057903856351,21.0774031089936,11.6964094319005
84.2109716096619,106.520704112592,151.487296236277,139.526501057022,123.52185523655,21.114528904409,11.7196395582431
83.1112790574847,105.762672321045,149.471766030023,137.14904393288,121.246923549079,21.270307511917,11.8360022109595
82.8985022306823,105.53572629065,148.914026167622,136.493108317044,120.618632758058,21.315982659414,11.8718344339292
82.5848365866998,105.150772426669,148.082249781893,135.545039030437,119.719771410417,21.3736097635802,11.9170627977563
82.5251310440442,105.080092496011,147.954019720061,135.404816083467,119.588769272345,21.3781389307305,11.920535267424
81.1996533493513,103.259084790576,144.909513246386,132.362262523983,116.887999421117,21.5108440455845,12.0230119430576
81.1641314310078,103.199706696974,144.814651471603,132.275309103507,116.817323869555,21.5169173311788,12.0280048633834
80.9768645207045,102.888163180705,144.317593225273,131.81926143572,116.446488667581,21.5483268033819,12.0538552441626
80.4412192717092,102.145195712044,143.197157329089,130.73860679171,115.55066667171,21.5747517341242,12.079234304671
80.2652120654021,101.879464811698,142.783144576452,130.330314618874,115.213573445688,21.5870495778492,12.0914765513112
79.7080257240689,100.912745050225,141.202545455652,128.730038836199,113.892071782006,21.6461454363986,12.1508590750905
79.4836204689896,100.420599241149,140.344452151371,127.83654580916,113.151148883614,21.6860138634559,12.1908587009287
79.3620440698005,100.099856379791,139.76271643369,127.223296766226,112.638908730698,21.7158375230289,12.2205934138363
79.1013944378039,99.5840958928747,138.879519154776,126.291814829355,111.842831719437,21.7392063150544,12.2473065134185
78.9578025761687,99.3206034251887,138.436672181581,125.824686490037,111.440493107542,21.7471989564426,12.2575682354847
78.6899861890126,98.7870183555043,137.52055826096,124.860209817404,110.590772580167,21.7679605811312,12.2826500996441
78.147438376884,97.5763430954611,135.377847474606,122.6090670755,108.465134194656,21.8524021667223,12.3731990130648
77.7592344765809,96.8889813632551,134.232774714741,121.408665908457,107.252358219222,21.8903688321333,12.4173800881037
77.1882512282518,95.9507666163464,132.743117105239,119.867990270173,105.702475906988,21.9236780668125,12.4652167363977
76.979154428734,95.5658331381033,132.127556962552,119.241728287082,105.091290443542,21.9398783650562,12.4885834753207
76.9100561926047,95.4206519964261,131.892574923551,119.00700845484,104.87391305592,21.9463743017227,12.4982068778503
76.8111626284421,95.2128683921846,131.556268055925,118.671076858169,104.562802008308,21.9556713021313,12.5119799150338
76.4866791506888,94.4975986617673,130.399054946095,117.540599981773,103.606671862377,21.9779582163958,12.5524909665728
74.9139113965834,92.0514362227289,126.562665555684,113.79163004502,100.967035894908,21.9677699535317,12.6047929986767
74.5070230523948,91.5773194253644,125.870362531695,113.050824228236,100.35702908656,21.9694133050201,12.6102327660877
73.6132863176262,89.1440680420619,122.595204110202,109.4003168662,96.6698589243468,22.128494145174,12.7263652401819
73.9706246603896,87.7090365223364,120.912006717016,107.569677854143,94.6040105082409,22.1826748111855,12.7535939177645
75.1580348841375,86.3791280239747,119.330831724455,105.607261975017,92.2269566001282,22.2582911797951,12.7955372257082
75.6807164859012,85.8921849359227,118.662656755099,104.46864759795,90.7648221684072,22.278252717469,12.8052018564829
75.9183736095016,85.8653342269882,118.566000156381,104.128279540537,90.2665915486936,22.2937952995354,12.81569378921
76.0672230078666,85.9120915752642,118.57654732124,103.988062734832,90.0289588071218,22.305172199233,12.823710283596
76.6107644903589,86.2553892028588,118.812497448821,103.676300644885,89.3537107021783,22.3412954954709,12.8479301765183
76.6704652790332,86.3073850743652,118.848013982167,103.620613890205,89.2372762388963,22.3406950334249,12.8466061755011
77.0927169464567,86.7023006038974,119.193339023443,103.523283576147,88.8075731594733,22.3400853066832,12.8396115135824
77.383301994438,86.9674210027243,119.45710508102,103.591332824381,88.6976977707287,22.3423027416282,12.8363883995113
77.5790244783633,87.1320566049883,119.630330514902,103.669478107317,88.6705017858798,22.3451726856654,12.8348636957865
78.6378493172431,87.9295777717823,120.500614889617,104.030884656776,88.3677486179749,22.3349081051506,12.7986066304774
78.7657966511164,88.013829482734,120.598699847607,104.054836828414,88.2825587775021,22.3277924269205,12.7880645306928
79.8577401581389,88.8521730559678,121.555192998774,104.386395088271,87.7506573180562,22.2998679566831,12.728311723255
80.1688853660971,89.1380729268094,121.863479019884,104.405722126879,87.4542046571862,22.2684804447497,12.6895868772892
80.3300823358323,89.2981934337125,122.028998878841,104.417852701116,87.3196718281155,22.2510720726898,12.6687985486011
80.4849141689156,89.4519170831267,122.186621322287,104.438018874145,87.2123211157999,22.2368278171268,12.6511523424396
80.5728794835559,89.5386281311841,122.274219778204,104.458078158821,87.1737780966009,22.2313667453858,12.6435677645021
80.8315194926108,89.791425281578,122.528501696706,104.521789916064,87.0751236943377,22.2174327821763,12.6231348047727
81.7490088719327,90.6474594167262,123.358978102471,104.725305067943,86.8152380880025,22.1834192469564,12.562378116259
81.7559446681348,90.6537985050211,123.364591314069,104.723897071837,86.8093699449579,22.1825796718956,12.5613510501728
82.8491986070616,91.6836115777098,124.338775727162,104.684821223932,86.1440325836565,22.1035632707059,12.4548786830478
83.1024830731303,91.9497261002852,124.612080509908,104.734527046227,86.0486352423393,22.0946440658155,12.4403334602361
83.3129955843466,92.192606263388,124.862937406267,104.743136171842,85.9011838684759,22.0757965228614,12.4179753797898
83.3158469859142,92.1966366570995,124.867112708937,104.741928001226,85.896563555208,22.075105429642,12.417279050061
83.5067348593913,92.4762442983459,125.161673731465,104.688004135348,85.6136330133143,22.031594436277,12.3728709569818
83.616364315028,92.6459085002799,125.344797414556,104.682037687476,85.4756071823225,22.0091602005085,12.3494145947534
83.8117189073102,92.9577854952124,125.687820513048,104.743080022255,85.3122314291393,21.9803357153894,12.3157991094748
84.1217003753773,93.4476443588963,126.225778054399,104.926002525576,85.1596982367474,21.9525810484155,12.2748012901919
84.177345846571,93.5338828944746,126.319421126265,104.965480735134,85.1407876181023,21.9494035471415,12.2686363829101
84.2401853391697,93.6312706189732,126.425170668775,105.010062811701,85.1194321752443,21.9458152485162,12.2616744570392
84.316219904173,93.7491078732647,126.553125560381,105.064006258068,85.0935925043461,21.9414734769041,12.2532506620133
84.3822275609333,93.9167021896266,126.726653013973,105.079013460566,84.9329042272364,21.9153016583819,12.2214014817023
84.5718842319289,94.3363033829224,127.141263239159,105.116502477196,84.5360518585438,21.8548026322943,12.1478954454713
84.9253210006442,94.8840145319212,127.65965643376,105.225288451901,84.1892306174475,21.8034340113459,12.0869874255975
85.247213511827,95.3073206078299,128.063430551857,105.346675494856,84.0318023753368,21.7729335558319,12.0538356151123
85.5584276928194,95.7151754755387,128.446383310531,105.404512204602,83.8249285468133,21.7166183314098,12.003024286152
85.7371987968516,95.9337923289618,128.655839605572,105.435522302151,83.7341563282833,21.6793642428283,11.9707341113002
85.7754269832248,95.9770305034355,128.698594279899,105.446596796958,83.7258080827886,21.6727777246525,11.9649926096669
86.1424988577319,96.3700214242065,129.097408426421,105.584767745228,83.7143452942781,21.6188333493547,11.9162690401878
86.2974205175391,96.5229908467309,129.258916359344,105.661577469724,83.7494221948985,21.6014698481656,11.8994279978656
87.3804112470831,97.453446204222,130.305653807382,106.367394642934,84.3181515580619,21.5323833391099,11.8073863753414
88.7740328116018,98.1934138968898,131.273913855437,107.317763842977,85.2528767871987,21.4605156507264,11.6339156809543
89.2981736538597,98.3454645355554,131.503167343999,107.653260023373,85.5522845082018,21.4631334322751,11.5748237755792
93.0669640404434,102.345562486044,135.977631336637,113.06469163113,91.6269354742312,21.5209333102895,11.1058268759015
93.4841691796128,103.218388111571,136.850339731166,114.144633716881,92.8777178904517,21.5555447822236,11.0820850885112
93.7673713561724,104.207663096868,137.785364671631,115.414135949562,94.0969207991077,21.6037814295193,11.0401928204985
93.768377942952,104.483030906419,138.049244596279,115.794791377592,94.3149722358802,21.62520126501,11.0256899195857
93.2760786818002,105.5673425957,139.896387953235,117.74113536014,94.5853528592526,21.7302459909481,10.964952702767
92.8029475252645,106.402009106854,141.756882548989,119.438353350677,95.4521005368934,21.7403497729426,10.8929911902458
92.7424213412872,106.647337314662,142.229928921553,119.877203788629,95.7599653441667,21.7472690866689,10.8814797834668
92.263453295453,108.221566222627,144.961888639037,122.456270384644,97.7753214995296,21.7888983275384,10.8125285018241
91.5454827764499,111.157144557408,149.044079197709,126.308136663212,100.700198708607,21.9425003871036,10.7732745060858
91.3194898573114,111.947466455583,150.203470157967,127.38218002183,101.462411359274,21.9745463508552,10.7553962061989
91.2028294118708,112.467959789327,150.98166696829,128.109045458801,101.983567493544,21.9978762968481,10.7463880007427
91.1876814076577,112.557730582683,151.118083566519,128.238258906111,102.077297983803,22.0023907352998,10.7453459412397
90.4692899847795,115.087133100489,155.124094860086,132.140612204605,104.899825169964,22.112880186089,10.6907417097962
90.0919029675499,116.195832673874,156.848266576799,133.906886375491,106.17867098437,22.1690331043447,10.6696738267591
89.7771426057552,117.270332419142,158.417688564783,135.508174103848,107.318709344249,22.2246197097952,10.6529009093
89.2374622396118,118.550506948745,160.248985537756,137.298569409838,108.501914196412,22.2616335583179,10.6107047648712
88.9709850799879,119.839438718109,162.012755714942,138.946815846773,109.535535058035,22.3278762594456,10.6044546874699
88.7224732235838,120.579542894954,163.05275111518,139.892943847833,110.080399958908,22.3638055088228,10.5972106470044
88.6748278413117,120.674844437535,163.19052883975,140.016649160468,110.147565484648,22.3673586236007,10.5950224176703
87.9497290464314,122.647627103142,166.023034497336,142.539498070588,111.613939839961,22.5019736499206,10.5972704651477
87.9494138049888,122.648968335896,166.024925067232,142.541179626048,111.615034417099,22.502091189567,10.5972903973273
87.7727215310764,123.362709359072,167.032691680631,143.436484568053,112.197211371989,22.5639304398111,10.6070336558412
87.5236457345659,123.769661098766,167.635410806935,143.954597007401,112.524077536842,22.5874060116731,10.5982512766615
87.2410795593525,124.30892530403,168.408501383267,144.619001742371,112.952098428462,22.6193164763237,10.5897791952551
87.1874743338116,124.416330472863,168.561037131404,144.750083579406,113.037059095495,22.6257172402942,10.5882700186045
86.9031964885649,125.136654008415,169.540233785846,145.599430693337,113.583932418213,22.6701656109752,10.5843276229749
86.8688510864745,125.245911325343,169.683004603829,145.725298200401,113.66264648124,22.6771236195651,10.5845848346915
86.7091724140246,125.794316812663,170.391127505667,146.352917797268,114.051208060342,22.7123717675262,10.5871495728375
86.5567963368383,126.415202569744,171.168666815924,147.057278151899,114.467095516688,22.7531613262284,10.5936964555469
85.9760879861494,127.69207504842,172.738486919164,148.514468877638,115.181419159749,22.8116162012535,10.5885134406448
84.953152205674,130.265140749525,175.847367706442,151.687423212378,116.619932357915,22.9547828608753,10.6039808996442
84.4789075171222,130.773211991761,176.557215330156,152.477856342747,116.966486721416,22.9750337092572,10.5847511848902
84.0070957098753,131.233820232957,177.291298582808,153.306699852921,117.396379279641,23.0112233623036,10.5668353706927
83.0592527317578,131.341052678843,177.90838032481,154.052504090716,117.702094734023,23.0872378538853,10.5318945480498
82.5270768842057,131.109805131509,177.839321137438,154.044552515046,117.427378245153,23.1248103067184,10.5151334068604
82.2714886452676,131.044113909193,177.84266539746,154.112718854714,117.249680029559,23.1552483478798,10.5105328302306
82.2212923650321,131.02332346054,177.829154576555,154.111624689269,117.210943555588,23.1571254557784,10.508013798193
81.8581704254474,130.831894143836,177.66574261196,154.03192759532,116.918926284506,23.152517088249,10.4828766918444
81.7982131422916,130.804043558778,177.642793419067,154.029528608264,116.873470401796,23.1523762212868,10.4786070172457
81.1706645868582,130.556431454715,177.464274573222,154.151015588006,116.465821671562,23.1634407421215,10.4356554810761
80.9332143235473,130.506160951462,177.464146963334,154.353917961309,116.398191927712,23.1831157634835,10.4233532820428
80.2189300211926,130.144383129566,177.202368025299,154.574980081928,116.148165703374,23.1975697013302,10.3818145440756
79.5041456278783,129.842079971283,177.028460284079,154.961278689217,115.979997057367,23.253289574543,10.367548642014
78.4593397282611,129.323860901951,176.620449770398,155.127246702057,115.539679358569,23.2795361607501,10.3211086227152
76.974993014081,128.63346078433,176.279436179525,155.940413378879,115.562215878884,23.3595285379476,10.2632910022509
76.6844985504186,128.604135088856,176.335555699332,156.238172304666,115.679517144598,23.3776989085554,10.2590003688039
76.4849735187043,128.539427699422,176.300415702893,156.314417618127,115.678525055833,23.3751875157327,10.2500095306575
76.3320658327459,128.47667221277,176.253547349646,156.340064905437,115.65694299632,23.3697397107346,10.2415857589856
76.2179132837759,128.429849991002,176.218587786498,156.359301085845,115.640897450271,23.3656824573005,10.2353011715006
75.2997239131978,128.090614897261,175.999578336769,156.842226352722,115.774676553402,23.3757205851096,10.2013347232525
75.2471978063337,128.069525518843,175.988648678687,156.899489359374,115.807416435715,23.380600277201,10.2010692686962
74.8226893887447,127.798373579787,175.777688287065,157.266748119596,116.025572575374,23.4150400172041,10.1972831751471
74.3847060265787,127.464145299729,175.470263379094,157.498947113132,116.138270717341,23.4330180055641,10.1893711195503
73.9671910409583,127.256471083448,175.27428305503,157.893248973847,116.333828230678,23.4570014606447,10.1948093982315
73.6347723765393,127.232594451199,175.238642990799,158.294989737858,116.517428961382,23.4679907413427,10.2044047515467
73.1669807834077,127.234468990122,175.184905213637,158.598134929492,116.581966018184,23.4417734614898,10.2000366225196
72.9744600916369,127.218300929777,175.141229287457,158.656092016855,116.564290318429,23.4240528617172,10.1939430523763
72.4745168740077,127.296911769042,175.121495724332,158.804843874793,116.524899562868,23.3603333430099,10.1749927354969
71.2927552706839,128.003796207415,175.368439559658,159.018409081389,116.720435509388,23.0839289382411,10.0923492029758
71.0032506793325,128.070694114753,175.235789078055,158.866924909365,116.797038739455,22.9801124076735,10.0510469541504
70.8981055910097,128.15531350747,175.127361129802,158.856635332404,116.976579312064,22.91015358816,10.0277393332815
70.90940786622,128.323287116655,175.055967165025,159.055894539804,117.251831146625,22.853248331484,10.0194078626911
70.6228037099843,128.519442832927,174.665934658548,159.279132979977,117.08629321991,22.6560591182754,9.970772098028
70.622913568724,128.520326796101,174.666103281436,159.279641969589,117.08630810867,22.6557944240807,9.97072886783639
70.6265988622414,128.549980001298,174.671759862199,159.296716406462,117.08680756325,22.6469150595288,9.96927867875536
71.4047518425591,129.552949377034,174.297494751212,159.026091951326,118.507128609615,22.1033946402884,9.81569800231004
71.7945303843515,129.580202477317,173.866159255871,159.016104572486,119.5088391421,21.9702385892712,9.77540090201273
71.8305679859653,129.561776956796,173.785925304955,159.008003130222,119.628459047901,21.9509918871536,9.76873443042972
72.2789738912975,129.406611779801,173.147879047973,159.291397841601,120.775262788734,21.7980568952995,9.72666772521599
72.8265420718035,129.219127807069,172.839798357948,159.823178997057,121.443408643681,21.6779320511258,9.70925921984768
72.8499511115842,129.174012864208,172.79952608807,159.833425377316,121.44414288723,21.664893084319,9.70562726713649
72.9737717883478,128.988995369944,172.669611133227,159.869581439611,121.420022125096,21.6160605098859,9.69451064240981
73.560820310835,128.495447887905,172.512632704447,159.937760007976,121.371392646229,21.5332080114068,9.70453006711032
74.2767960881522,127.82922930617,172.180765456509,159.785941288121,121.615941973447,21.5197986230311,9.76868933309062
74.283812773064,127.816957893795,172.171938085949,159.780111263993,121.618358046888,21.5194612410289,9.76944043781066
74.2946702355719,127.797969382632,172.158278808654,159.771090014046,121.62209662531,21.5189391836065,9.77060268058483
74.4544455471764,127.571468690087,171.980558831788,159.68093517689,121.747952410081,21.5231101103967,9.79285876311723
75.4387444311435,126.588358402107,171.158134030605,159.468751533244,122.864021677973,21.6033639172806,9.94795529728731
75.9886954699517,125.975721692337,170.610723600829,159.323229247388,123.615154986627,21.6515386401815,10.0416551019255
76.2445428525087,125.613499129962,170.299524091987,159.193325545356,123.968803441052,21.6675218454713,10.0850635614155
77.4722762518855,124.694084567805,169.738853670241,159.050225235578,125.540380063856,21.7650240469406,10.2663730972739
78.0050622001441,123.972429540654,169.243616381823,158.750324032779,126.434281213508,21.8013333996092,10.3536738829232
78.086421514261,123.89679748289,169.196017751215,158.733637985597,126.577122597493,21.8098928979531,10.3669000620659
78.1040843146931,123.880378048225,169.185684267921,158.730015507647,126.608132923552,21.8117511327807,10.3697714157052
78.1512146044975,123.836565476308,169.158111060363,158.720349518597,126.690878899183,21.8167095280414,10.3774331525668
78.2451048669616,123.749284581291,169.103181296399,158.701093489137,126.85572068993,21.8265873589301,10.3926964256731
78.3569697051875,123.661813454743,169.049782971694,158.690729993984,127.049517144383,21.839249846523,10.4105209989131
79.366576503567,122.724740443222,168.365234389443,158.474694821415,128.782338830397,21.9447242433073,10.5680340743491
79.6248842814394,122.409853381918,168.098200846976,158.343951304238,129.166088068377,21.9641249907655,10.6060437966387
79.6366077412917,122.398637488822,168.088685143744,158.339780203848,129.181084799438,21.9650328437859,10.6076793902611
80.1082753372715,122.015344803863,167.762937675469,158.212546787147,129.73774578041,22.0026415475111,10.6721674095375
81.0603187028122,121.089986842669,166.931302595124,157.847438431613,130.765143185065,22.0693943598334,10.8087818072864
82.990462998052,118.936775303074,165.5170006379,157.381965676593,134.285774433622,22.2693206028701,11.1330488915505
83.0169349720185,118.911351160775,165.502055052177,157.372247293102,134.335090099349,22.2720390348659,11.1372535859432
83.2593008853628,118.760503206707,165.411235971405,157.30243423199,134.705126835794,22.2968860032236,11.1726949989233
83.8284590322379,118.514782990176,165.246129532577,157.16696847492,135.442319444869,22.3549229758077,11.2517243395479
84.1023623349785,118.160999213882,164.906897036867,156.871600859684,135.76890514499,22.37160312212,11.292361961732
84.7574461846915,117.466989345908,164.298267930864,156.580161005818,136.608585994102,22.4346974820882,11.3932400481075
85.2609038680725,116.991315433405,163.972331470144,156.669256477638,137.419758969701,22.5005292634826,11.4753320532173
86.63219406307,115.093721046999,162.528888019843,156.79600644655,140.204685653349,22.7003532786918,11.7419223023077
87.1877254893215,115.033917988863,162.175980688857,156.387817151895,140.499153798629,22.7564140066086,11.8299908886198
87.4560507022628,115.072920044583,161.940455437061,155.947237872264,140.390826460419,22.7707827711185,11.8697081594177
88.1494003422903,115.48635978557,161.668460767649,154.950637681463,139.896865590911,22.8023193488094,11.9566111381425
88.8025174354201,115.954564896781,161.639709972409,154.253000262723,139.47670576436,22.8313494200799,12.0282200355495
88.8777935451454,116.007341664087,161.640995896711,154.180574828745,139.433215535685,22.8347239319743,12.0362487417897
89.1074885029011,116.082531552801,161.520303111774,153.739580518756,139.149407862852,22.8280561350947,12.0578479725768
89.1438027461014,116.093356121502,161.49967919462,153.667136916782,139.102667974253,22.8267919611091,12.0612268699867
89.2814779533476,116.117091300246,161.442639844431,153.464935750918,138.995450433731,22.8242285535716,12.0734700922162
89.8567377769621,116.173842329107,161.27343877999,152.925675069053,138.846874052221,22.8260138942683,12.1222280660297
90.0644442693598,116.191859746434,161.227377922771,152.82763207414,138.887836290407,22.83135823444,12.1387354220821
90.1182620745815,116.19652815061,161.215443321143,152.802228637094,138.898449813994,22.8327429800736,12.1430125617251
95.0489873610036,117.263570712182,155.352082349856,144.203491383253,134.258602588348,22.4970904086214,12.1449376326009
95.29817514225,117.357035076659,154.860163489712,143.556142849666,133.811390351781,22.4775156328955,12.1370812111385
95.5909873894609,117.495500529154,154.3492995723,142.85669147244,133.32691072297,22.4591057943258,12.1301724215345
96.0242895894957,117.734212803251,153.681138023629,141.891158391443,132.657801500227,22.4362657307095,12.1220645104741
96.8370265716977,118.122892484468,151.880743727308,139.079500169307,130.659770217647,22.3174185976852,12.0545624504018
97.3606924460826,118.397065356789,151.049338311301,137.53937738372,129.622230610229,22.2452686014904,12.011699549515
97.8661059891926,118.666582819864,150.447467173842,136.359541271268,128.862504096758,22.1948570473397,11.9831768713793
98.2338590650269,118.730724864954,149.526519592295,134.829721263944,127.809458537223,22.1089591755912,11.9305090444696
98.6201687161501,118.835689608568,148.713832456655,133.531099705815,126.867184159566,22.0480305156536,11.896682331646
98.8840991924489,118.936907911387,148.245390516648,132.797804099248,126.291469747888,22.0215493153969,11.8849779629141
98.8991404852496,118.943165214278,148.21997610569,132.75824711893,126.259471536877,22.0202690468261,11.8844873984582
99.6128247698468,119.214064909153,146.730462569113,130.517601438583,124.247406557032,21.9466093132925,11.8589928537655
99.7101944480758,119.226674549605,146.37543590418,130.004746110347,123.743031831498,21.9256886039328,11.8503188732466
99.9642885222953,119.28794802552,145.57381126702,128.827635466061,122.534627763057,21.8820354313002,11.8343804176123
100.033044661976,119.310713688051,145.388373936753,128.550563657299,122.241672548754,21.872788795057,11.8314300969903
101.160445023439,119.599027126641,142.113068895752,123.792404373281,117.284877538549,21.7245665224099,11.7656718577343
102.039959251487,119.630503451178,138.70863725779,119.275181924161,112.912897202823,21.6624719545342,11.7040023598002
102.271850339337,119.263521059893,135.538563647089,115.129315106626,108.661736304853,21.6509062735552,11.666926201984
102.472315118001,119.26985172533,134.565852621633,113.75023664414,107.150179478481,21.6688419475991,11.6790996505955
102.708505301989,119.108466684049,132.338156938792,110.641825473831,103.890943006645,21.6646083457425,11.6944743095974
102.91573460228,119.14494536634,131.266575839096,109.184610402833,102.531231453184,21.6700256947215,11.71531263258
103.331526867726,119.395704993764,129.516745897661,106.906148064233,100.649639016668,21.6885356111009,11.7579228999327
103.397165555823,119.68072715708,126.468192381342,103.264736373992,97.8698866938239,21.643105720042,11.7568054850993
103.423954265201,119.882290150216,125.705695986877,102.354650397964,97.127218369901,21.6258043168016,11.749604323498
103.43077329698,119.933845848258,125.526944530171,102.140742502468,96.949821488779,21.6214418329724,11.7476154361793
103.179671112666,121.027366616552,122.183429568774,97.975745862953,92.6180671752512,21.3833968404276,11.5803407713804
103.152144818769,121.162607774681,121.88068165045,97.5760163753957,92.1270780768051,21.349636955505,11.5551608702382
103.13180134762,121.390287737699,121.44407047887,96.9870270604817,91.3818409025045,21.297600551692,11.5159300693974
103.123558807208,121.603525397495,121.065538654409,96.4703117875017,90.7177030953488,21.250860405052,11.4805017325497
103.135505538368,121.84777179446,120.673174314727,95.927908706071,90.0156648413373,21.2010315593828,11.4422697476655
102.870355598119,123.168570973331,117.372844456942,91.625254551648,84.7804567044973,20.7748428914538,11.1058804785828
102.889281506839,123.517661914993,116.638405665482,90.6842577457105,83.6895636383662,20.6876862278361,11.0354402119823
102.813683064587,124.057589846888,115.16727969371,88.8289232214132,81.5573243427732,20.5058907987739,10.8895042689861
102.802444067287,124.078169099163,115.086392811469,88.7284932734856,81.4424193499104,20.4955082062627,10.8812090723725
102.714327651657,124.350346146075,114.237894672312,87.6545862428531,80.1844745500805,20.3826262860248,10.7914292737594
102.679132578212,125.214401372169,112.44062042002,85.2668990870879,77.2769778514833,20.1276189415019,10.5909394797521
102.710044543997,125.544308985536,111.912484442625,84.5364852664445,76.3704789338705,20.049629550306,10.5302358163671
102.325208208601,127.58776622197,107.067104955674,78.3052196378805,68.9431962060711,19.3459088820988,9.97599396055546
102.272831523899,127.67462412217,106.758048404225,77.9283835920765,68.5044220522945,19.3015851333232,9.94074053310164
102.077505107894,128.87826544073,104.188304229211,74.6226937179943,64.5413922200575,18.9169795421135,9.63510129655165
102.079540549649,129.550346473253,103.182897991343,73.2317811678539,62.8444239479214,18.7592390195531,9.51079469014346
101.980371177522,129.802628783488,102.597501856595,72.4537123848718,61.9128005518871,18.6672708244321,9.43824257721958
101.77438978051,130.938257630218,100.390765287218,69.5840461147667,58.5022010890817,18.3438833031635,9.18102828179037
101.409551049941,132.666823709543,96.5383406282627,64.8895846562212,53.0070374008087,17.7990069850628,8.75288708117272
101.41797019578,133.475647457189,95.4741350249024,63.3758437882279,51.1695701974225,17.608452888836,8.61102705101002
101.418630886985,133.486734175422,95.461826150895,63.3572210837662,51.146745333727,17.6060855730443,8.60928868195742
101.241927019727,134.579268165753,93.8722013122926,61.0094551051675,48.2955870950513,17.2975508335376,8.38161149368677
101.223043385208,134.667568570124,93.7389429063198,60.8136409186433,48.0580963817802,17.2718055223388,8.36257519909062
101.093134556771,135.511770310374,92.4686641698732,59.0337384538116,45.9168691191134,17.0445694552264,8.19321567992804
101.081623816735,135.658343719325,92.2300894878875,58.7348270010827,45.5662012248655,17.0085670358293,8.16586696825073
100.745812670103,136.27042606158,89.5428765465787,56.2147451946037,42.9542432751798,16.7267365807116,7.93986933126218
100.624682489112,136.191832325737,88.1274845249092,55.2703708438111,42.3430715126946,16.649992078092,7.87207631807497
100.487910682099,136.243271424243,86.716856593601,53.8013384131453,41.4429499767677,16.5554896879638,7.79955682975243
100.248020231951,136.530213018354,86.3497799064601,52.4855289498839,40.2903015186298,16.4880691837015,7.75612772993852
100.177761499511,136.661098007514,86.3756902256227,52.1380421443544,39.9281024343644,16.476097973332,7.75010307286332
100.034894051722,136.912033634006,86.4957352304178,51.5356069164058,39.2600590154706,16.4583956885676,7.74308333057479
98.5841606163876,137.405258728414,87.4301363238195,49.3063381508609,36.4408737520904,16.3218369612412,7.69958900208489
97.9392877841892,137.830862343764,88.3549667281333,48.9663319633901,36.0307715078932,16.1346622504277,7.65715221511735
97.8874850232001,137.847046293972,88.4069424308318,48.9541270797255,36.0274211373794,16.1153710063497,7.6508644327427
97.7710353418268,137.929683092799,88.5947488101293,48.9723205282092,36.0993722771286,16.0500503465612,7.63008518554388
97.6426460537513,138.085824604123,88.9048077455803,49.0555150988168,36.2863126245113,15.94838638043,7.59825997937978
97.5309554106624,139.155598868859,91.2668665835436,50.4479038635343,38.3578785505663,15.427215984094,7.43213075606576
97.2796959276313,139.4325568377,93.0924273148505,51.5776660066627,39.6783618766594,15.1775801744309,7.33664289800017
96.9871890396819,139.553868029414,94.5901813728173,52.4758551418392,40.6872791687205,14.9799373826857,7.24578318346206
96.7806482082917,139.579502240154,95.3300510301066,52.9690125920652,41.3510020710992,14.8417331111069,7.17570341289421
96.7304998497222,139.63778672715,95.7005959020028,53.25155641225,41.754842483615,14.776745819931,7.14445382023762
96.4808283337795,139.722386526759,97.7930407774458,55.3712407799552,44.8900712223788,14.5056092885639,7.03809636292006
96.3437976339869,139.632763907746,101.383792274188,59.123230947744,49.6753360383396,14.3795158137978,7.0338686897726
96.3610882361474,139.771392310253,102.502173668455,60.2860214128485,51.1824787355712,14.3137077544311,7.00604945878539
96.0079758517779,139.671422786653,104.435742089158,62.3342466143657,53.8846399750607,14.15231416758,6.92168940628735
95.9998994570874,139.673661236343,104.524780145237,62.4220498442195,53.9944907719085,14.1476053638908,6.91977951379321
95.8781283069935,139.96816564062,108.797713833464,65.5762690186039,57.0964475701138,14.1570582541622,7.0085205906895
95.9084501478361,140.14429661936,109.898965422672,66.0635370424826,57.271056996501,14.2159168663156,7.07135400099089
95.9298773483507,140.234013954356,110.307149135102,66.2283118571967,57.311700429787,14.2393944712232,7.09493205796984
95.8024811112664,140.771536851063,113.026099823596,67.2302103830862,57.4972932596525,14.3539292220427,7.20751723311888
95.5969898886109,140.982724784598,114.259621721239,67.6892606173538,57.6305515133297,14.3725259836578,7.22490109050864
95.5541480897731,141.036568625677,114.533532724382,67.79750412916,57.6718505803713,14.3750520352073,7.22708818902039
94.3765121568867,142.002600482246,120.629473527962,70.5517228754785,58.8521778253234,14.3066595200769,7.17311615194638
94.3070793408257,142.084860808967,121.113127290103,70.8001950008008,58.9611183513063,14.3009932296804,7.16965880356986
94.2065556950884,142.249838787602,121.96567185634,71.2554827416563,59.1802624397318,14.2939987889018,7.16666121786428
NaN,NaN,NaN,NaN,NaN,NaN,NaN
NaN,NaN,NaN,NaN,NaN,NaN,NaN
NaN,NaN,NaN,NaN,NaN,NaN,NaN
NaN,NaN,NaN,NaN,NaN,NaN,NaN
NaN,NaN,NaN,NaN,NaN,NaN,NaN
NaN,NaN,NaN,NaN,NaN,NaN,NaN
NaN,NaN,NaN,NaN,NaN,NaN,NaN
NaN,NaN,NaN,NaN,NaN,NaN,NaN
NaN,NaN,NaN,NaN,NaN,NaN,NaN
NaN,NaN,NaN,NaN,NaN,NaN,NaN
NaN,NaN,NaN,NaN,NaN,NaN,NaN
NaN,NaN,NaN,NaN,NaN,NaN,NaN
NaN,NaN,NaN,NaN,NaN,NaN,NaN
NaN,NaN,NaN,NaN,NaN,NaN,NaN
NaN,NaN,NaN,NaN,NaN,NaN,NaN
NaN,NaN,NaN,NaN,NaN,NaN,NaN
NaN,NaN,NaN,NaN,NaN,NaN,NaN
NaN,NaN,NaN,NaN,NaN,NaN,NaN
NaN,NaN,NaN,NaN,NaN,NaN,NaN
NaN,NaN,NaN,NaN,NaN,NaN,NaN
NaN,NaN,NaN,NaN,NaN,NaN,NaN
NaN,NaN,NaN,NaN,NaN,NaN,NaN
NaN,NaN,NaN,NaN,NaN,NaN,NaN
NaN,NaN,NaN,NaN,NaN,NaN,NaN
NaN,NaN,NaN,NaN,NaN,NaN,NaN
NaN,NaN,NaN,NaN,NaN,NaN,NaN
NaN,NaN,NaN,NaN,NaN,NaN,NaN
NaN,NaN,NaN,NaN,NaN,NaN,NaN
NaN,NaN,NaN,NaN,NaN,NaN,NaN
NaN,NaN,NaN,NaN,NaN,NaN,NaN
NaN,NaN,NaN,NaN,NaN,NaN,NaN
NaN,NaN,NaN,NaN,NaN,NaN,NaN
NaN,NaN,NaN,NaN,NaN,NaN,NaN
NaN,NaN,NaN,NaN,NaN,NaN,NaN
NaN,NaN,NaN,NaN,NaN,NaN,NaN
NaN,NaN,NaN,NaN,NaN,NaN,NaN
NaN,NaN,NaN,NaN,NaN,NaN,NaN
NaN,NaN,NaN,NaN,NaN,NaN,NaN
NaN,NaN,NaN,NaN,NaN,NaN,NaN
NaN,NaN,NaN,NaN,NaN,NaN,NaN
NaN,NaN,NaN,NaN,NaN,NaN,NaN
NaN,NaN,NaN,NaN,NaN,NaN,NaN
NaN,NaN,NaN,NaN,NaN,NaN,NaN
NaN,NaN,NaN,NaN,NaN,NaN,NaN
NaN,NaN,NaN,NaN,NaN,NaN,NaN
NaN,NaN,NaN,NaN,NaN,NaN,NaN
NaN,NaN,NaN,NaN,NaN,NaN,NaN
NaN,NaN,NaN,NaN,NaN,NaN,NaN
NaN,NaN,NaN,NaN,NaN,NaN,NaN
NaN,NaN,NaN,NaN,NaN,NaN,NaN
NaN,NaN,NaN,NaN,NaN,NaN,NaN
NaN,NaN,NaN,NaN,NaN,NaN,NaN
NaN,NaN,NaN,NaN,NaN,NaN,NaN
NaN,NaN,NaN,NaN,NaN,NaN,NaN
NaN,NaN,NaN,NaN,NaN,NaN,NaN
NaN,NaN,NaN,NaN,NaN,NaN,NaN
NaN,NaN,NaN,NaN,NaN,NaN,NaN
NaN,NaN,NaN,NaN,NaN,NaN,NaN
NaN,NaN,NaN,NaN,NaN,NaN,NaN
NaN,NaN,NaN,NaN,NaN,NaN,NaN
NaN,NaN,NaN,NaN,NaN,NaN,NaN
NaN,NaN,NaN,NaN,NaN,NaN,NaN
NaN,NaN,NaN,NaN,NaN,NaN,NaN
NaN,NaN,NaN,NaN,NaN,NaN,NaN
NaN,NaN,NaN,NaN,NaN,NaN,NaN
NaN,NaN,NaN,NaN,NaN,NaN,NaN
NaN,NaN,NaN,NaN,NaN,NaN,NaN
NaN,NaN,NaN,NaN,NaN,NaN,NaN
NaN,NaN,NaN,NaN,NaN,NaN,NaN
NaN,NaN,NaN,NaN,NaN,NaN,NaN
NaN,NaN,NaN,NaN,NaN,NaN,NaN
NaN,NaN,NaN,NaN,NaN,NaN,NaN
NaN,NaN,NaN,NaN,NaN,NaN,NaN
NaN,NaN,NaN,NaN,NaN,NaN,NaN
NaN,NaN,NaN,NaN,NaN,NaN,NaN
NaN,NaN,NaN,NaN,NaN,NaN,NaN
NaN,NaN,NaN,NaN,NaN,NaN,NaN
NaN,NaN,NaN,NaN,NaN,NaN,NaN
NaN,NaN,NaN,NaN,NaN,NaN,NaN
NaN,NaN,NaN,NaN,NaN,NaN,NaN
NaN,NaN,NaN,NaN,NaN,NaN,NaN
NaN,NaN,NaN,NaN,NaN,NaN,NaN
NaN,NaN,NaN,NaN,NaN,NaN,NaN
NaN,NaN,NaN,NaN,NaN,NaN,NaN
NaN,NaN,NaN,NaN,NaN,NaN,NaN
NaN,NaN,NaN,NaN,NaN,NaN,NaN
NaN,NaN,NaN,NaN,NaN,NaN,NaN
NaN,NaN,NaN,NaN,NaN,NaN,NaN
NaN,NaN,NaN,NaN,NaN,NaN,NaN
NaN,NaN,NaN,NaN,NaN,NaN,NaN
NaN,NaN,NaN,NaN,NaN,NaN,NaN
NaN,NaN,NaN,NaN,NaN,NaN,NaN
NaN,NaN,NaN,NaN,NaN,NaN,NaN
NaN,NaN,NaN,NaN,NaN,NaN,NaN
NaN,NaN,NaN,NaN,NaN,NaN,NaN
NaN,NaN,NaN,NaN,NaN,NaN,NaN
NaN,NaN,NaN,NaN,NaN,NaN,NaN
NaN,NaN,NaN,NaN,NaN,NaN,NaN
NaN,NaN,NaN,NaN,NaN,NaN,NaN
NaN,NaN,NaN,NaN,NaN,NaN,NaN
NaN,NaN,NaN,NaN,NaN,NaN,NaN
NaN,NaN,NaN,NaN,NaN,NaN,NaN
NaN,NaN,NaN,NaN,NaN,NaN,NaN
NaN,NaN,NaN,NaN,NaN,NaN,NaN
NaN,NaN,NaN,NaN,NaN,NaN,NaN
NaN,NaN,NaN,NaN,NaN,NaN,NaN
NaN,NaN,NaN,NaN,NaN,NaN,NaN
NaN,NaN,NaN,NaN,NaN,NaN,NaN
NaN,NaN,NaN,NaN,NaN,NaN,NaN
NaN,NaN,NaN,NaN,NaN,NaN,NaN
NaN,NaN,NaN,NaN,NaN,NaN,NaN
NaN,NaN,NaN,NaN,NaN,NaN,NaN
NaN,NaN,NaN,NaN,NaN,NaN,NaN
NaN,NaN,NaN,NaN,NaN,NaN,NaN
NaN,NaN,NaN,NaN,NaN,NaN,NaN
NaN,NaN,NaN,NaN,NaN,NaN,NaN
