129.519519710345,173.731667140284,226.294257779496,212.772627886352,188.28288502027,11.0249908064946,122.852325174248
135.107356887988,179.366829382133,232.527194412809,219.174897944906,194.213703383764,11.3383455542896,127.276032163638
137.236471595269,181.508683247682,234.89435238552,221.590466774227,196.44567755494,11.4557117399285,129.060903532345
137.06868454,181.32446679193,234.683757146342,221.311763909761,196.16668719768,11.4394156671662,129.299898309631
136.255315100486,180.49029820274,233.754610436192,220.297717345292,195.207537023993,11.3873006196937,129.010169937186
125.610067074148,169.670387038798,221.735675473991,207.44106450384,183.135903375313,10.7410695135229,123.515518291357
124.633797440479,168.682469007745,220.639311326573,206.273869203984,182.042304257052,10.6830000148419,122.968513108787
111.146156935326,155.104806527087,205.580855948506,190.221582273261,167.005877159393,9.89310492081207,115.322299872442
108.944378415869,152.902906557976,203.140492096388,187.607262488085,164.554707494873,9.76623284313044,114.10506281167
105.96414125376,149.931090660752,199.847630952143,184.069407329428,161.235283393735,9.59552548525887,112.490037164758
105.699031374681,150.101436057533,200.076057685454,183.759931708983,160.807742388498,9.6310373892717,114.229612948586
114.300980127712,159.104662648615,210.086776589448,193.927738082399,170.194837880396,10.1746305501306,121.086083810186
114.326759866836,159.131528828441,210.116635429374,193.958187728082,170.222983328848,10.176248254849,121.106286492179
120.148195509638,165.168879531996,216.812785203171,200.782018831763,176.552673386597,10.5470992549989,125.881921012748
121.175474354576,166.239381172976,217.97507467395,201.898992771025,177.63580874456,10.6278905760734,127.156622614688
119.769317688026,164.797316698885,216.34197156904,200.137011121235,176.072834808044,10.5590217147964,126.502717472714
118.995465427203,164.00247364879,215.446745658827,199.184442386767,175.219765408192,10.5180366084878,126.052309699603
117.124045430044,162.08079592881,213.283222509168,196.883542630705,173.16286896444,10.4178991508401,124.883983448948
113.401191871302,158.2603174965,208.981705384261,192.296440975279,169.083358953574,10.2180815486189,122.340868863692
109.959802369408,154.749298642674,205.008163947965,187.885872254076,165.292831818624,10.0478955504296,119.424605111797
109.963111990561,154.752941518681,205.012107726921,187.888255665809,165.296046826285,10.0482105309775,119.422127372319
111.085626845766,155.948578241248,206.340541995919,189.010615215832,166.444827037444,10.1285016431747,119.467005014421
111.231449279704,156.101983942641,206.512674760865,189.171490468399,166.596862892352,10.137657948895,119.515331612113
111.802485841147,156.702716366753,207.186741840616,189.80147344541,167.192231036046,10.1735137852903,119.70457721327
112.541043345701,157.480973892747,208.064500456874,190.631217658904,167.958903261062,10.2181616583076,119.979548854005
112.602988788599,157.546334387469,208.138513419406,190.701797395595,168.022985455765,10.2217925159132,120.004604646257
113.980854098715,159.000161402296,209.784799066914,192.27171708999,169.448378978603,10.3025544332812,120.561925820286
116.969740872575,162.2289846122,213.509583677784,195.711719315728,172.413885338662,10.4663825458537,121.559302475369
117.127953616552,162.411535643198,213.728488467286,195.896324586011,172.554700563865,10.4736865413686,121.570204168197
117.1731529649,162.463688127468,213.791026753313,195.949063940052,172.594929664611,10.4757731990507,121.573318641781
116.441134888847,161.981774007559,213.399324208388,195.140400427896,171.564027016274,10.4088636096971,120.053144470264
116.045070059917,161.623871509391,213.01755309451,194.690632191842,171.116568397901,10.3819653049879,119.617269326445
115.306908620091,160.939640210499,212.260877825444,193.852637664032,170.341715634316,10.3349869504365,118.840146144438
115.291522497981,160.925344092762,212.245016237011,193.835171144469,170.325681941799,10.3340139953664,118.824017800818
114.971641580334,160.628124609659,211.915250268233,193.47203829878,169.99233789064,10.3137860419925,118.488705932081
112.271294418747,158.179726065106,209.012997918415,190.45364047755,167.720729580186,10.1543617922797,114.588523595975
113.910993044188,159.918249847334,210.680370833356,192.455556325939,170.308445882143,10.2295257860202,112.823148874903
113.913733989105,159.92092562178,210.683081685662,192.458837068786,170.31222491116,10.229596011297,112.819909608674
113.942120383417,159.94863708291,210.71115642806,192.492813840622,170.351362147058,10.2303232942072,112.786362386372
113.958256865837,159.964389893939,210.727115749353,192.512128219737,170.373610034977,10.2307367242387,112.767292188269
114.530519460262,160.482561984476,211.233275695174,193.21938996546,171.222062842701,10.2169442465739,111.003125747766
114.347641347471,160.269542354614,210.99155422908,193.030936179325,171.055313867522,10.1832554609532,110.035048522198
113.750997781848,159.648616779762,210.29878780111,192.401011550925,170.45384366441,10.1163683165213,108.406189504882
113.397415864781,159.301383120831,209.905144706442,192.041422747432,170.118123236122,10.0825088328468,107.544332049821
112.001421927751,158.135005822548,208.436021732178,190.854199068066,169.249507733667,9.98419972626346,103.395684079482
111.971338795921,158.158478885866,208.421541046053,190.895738634412,169.348572269083,9.98561107808719,102.949044005716
111.974663887978,158.179706461283,208.431453459532,190.924501074076,169.395350450517,9.98699909359312,102.817148055834
112.060461304322,158.431277018662,208.583960823114,191.255388413296,169.879260754147,10.0020516747274,101.628973073338
112.11103244877,158.564416230913,208.667939736211,191.432364933182,170.121737395688,10.0088447522678,101.011978703756
112.101037683889,158.591074742257,208.668558004075,191.476833064324,170.191699706311,10.009199731244,100.678466809217
111.826249818186,158.498921751722,208.428993929822,191.47605578466,170.248799121426,9.98446374054057,98.4322910404825
111.677387302207,158.391993188605,208.284587475108,191.39382871893,170.145589110944,9.96751079995771,97.6650678584186
111.52105289792,158.271134504034,208.135045970307,191.2995611224,170.009281814682,9.94746227467988,96.8836565628176
111.195532810064,158.025991048943,207.849447957217,191.133885691109,169.71488158546,9.9009294222429,95.0626307849863
111.159869083935,157.997147211927,207.817585479242,191.111814876303,169.681674280047,9.89663230758216,94.8992773581917
111.003064051493,157.872581566854,207.680130849168,191.019440817228,169.541812466635,9.87809177289368,94.1692471292066
110.922440362239,157.813408999136,207.615160141504,190.982037076689,169.483186117099,9.86932205256533,93.7683625904673
110.887568711874,157.787815465625,207.587058775484,190.96585907523,169.457828835857,9.86552894133565,93.5949705564272
110.797329557805,157.722895569289,207.515567916728,190.926617270296,169.395887830158,9.8558787547997,93.1399085216452
110.113281862555,157.36391048017,207.069164478178,190.891602376971,169.392858515742,9.80054340816863,89.4255805095811
109.965311411389,157.256406237807,206.938136446553,190.819174724296,169.347208624493,9.78889521313047,88.9521987882613
109.487894790626,156.939426977425,206.503068037541,190.669203059037,169.345890956173,9.7221569392911,86.973998518602
109.465877219735,156.928979697299,206.481440365825,190.671915196158,169.363429925372,9.71493702625278,86.8172731056802
109.41836257181,156.906434120432,206.434767133246,190.677768077979,169.401279602366,9.69935621455655,86.4790544687258
109.403931502376,156.899586615516,206.420591617074,190.679545705461,169.412775242988,9.69462403647551,86.3763312697295
109.273423941245,156.838313293226,206.265538440611,190.679570371963,169.539159903126,9.62990358252857,85.3036971295676
109.186085280177,156.764753707559,206.159924707856,190.607861300612,169.507783559272,9.60785662447562,85.0011493717423
108.994580064265,156.609987544139,205.926207671134,190.457051254781,169.459903560284,9.55136368949922,84.2731707141544
108.972301138205,156.592556712516,205.898829715399,190.44007173745,169.456173338771,9.54407456643466,84.1827993922079
108.87829582659,156.524259972723,205.785896074578,190.376739180679,169.453420266491,9.51009350978091,83.7704814230924
108.739887612774,156.446442663935,205.633784174229,190.32163027239,169.502552934028,9.44808112558732,83.0441153985635
108.62555506889,156.421850702871,205.546139750282,190.352272736338,169.621883674706,9.38441285997098,82.3031879081078
108.571785427202,156.425146107686,205.522652350151,190.397700749605,169.703427957627,9.35174712192025,81.920066866375
108.360512653107,156.290978981995,205.34947660006,190.313616718653,169.656958514023,9.30243844124707,81.3609632919032
108.130386913045,156.143524385604,205.167690039595,190.225075446609,169.593269724958,9.25208979289044,80.802018064063
108.078255953743,156.112558731023,205.130128233687,190.210992986422,169.581971653126,9.24017366761588,80.672245742371
107.841185723137,155.982867333292,204.9727551795,190.171222051308,169.546292321412,9.18204934337057,80.0512304722423
107.459500732623,155.860577449133,204.810785939433,190.27778652996,169.613124076158,9.0525157914598,78.7567128696744
107.38588890356,155.866015033795,204.805147363043,190.347721511789,169.667947335857,9.01362287532358,78.3895941868876
107.17251081328,155.755108933228,204.661437632725,190.293716831975,169.608191620575,8.9503340565065,77.8093743006243
106.98920885529,155.648214287658,204.523679601433,190.217610538452,169.534439955167,8.89947719373063,77.352201557673
106.581712369109,155.47984650155,204.250298864061,190.098866236419,169.458576240094,8.74909780686789,76.0421271670092
106.499789081232,155.485049393406,204.21872506337,190.111509212408,169.498359304662,8.70376631758305,75.6355375658611
106.407701247508,155.511256497799,204.197210576624,190.147913798846,169.573903375162,8.64745515214899,75.1158753979768
105.738225215486,155.253256170898,203.737960669232,189.880912029984,169.495528627248,8.45491975245431,73.2508377316586
105.353412039673,155.162730301518,203.51194450289,189.849217660708,169.604120330828,8.33027805753136,72.1388524803805
105.329391491688,155.161022846917,203.499780109926,189.854593028188,169.620849120549,8.32062080683366,72.0587540363464
104.864204926459,154.9486700245,203.114935315376,189.737265572781,169.701239385512,8.171617933105,70.9594113610648
104.430170177024,154.672622195366,202.654745159649,189.55108790165,169.768312116551,8.02599570852306,70.0297126852289
104.389384704205,154.652907634261,202.608227752942,189.547894093281,169.80794204274,8.00739654814869,69.9063029617054
104.337962066535,154.629438662998,202.549113122102,189.546839052414,169.864601088553,7.98308269870235,69.7433663287432
104.319213684719,154.620882018414,202.527560286228,189.546454390913,169.885258633021,7.97421801665733,69.6839606205733
103.689172915345,154.242068444181,201.831142417715,189.290561977164,170.12389370966,7.83563233091484,68.270200885656
103.262695414946,154.0785979054,201.446603923037,189.162099376636,170.261783618727,7.82618745935153,67.411155378161
103.165337473004,154.08703559771,201.388960774676,189.176835501572,170.334744924242,7.83850286564985,67.18062479942
103.119968705636,154.111178616942,201.376079174074,189.202596511113,170.384431371412,7.85026609002904,67.0586900412418
103.108224481084,154.117428313719,201.372744624365,189.209265043195,170.397293276785,7.85331113525684,67.0271258338846
102.755897646095,154.024943154413,201.13057392314,189.077145230123,170.332900134857,7.89634004951858,66.5082646428285
102.665553584333,154.004889516112,201.07600255768,189.041940444374,170.303378155228,7.91002708811172,66.3848628087488
102.575809644372,153.988592815466,201.02503819087,189.009863221584,170.275195295167,7.92474974855823,66.2605187659041
102.392111737668,153.983773013717,200.947211548305,188.971360817046,170.235522585212,7.9623068306922,65.9790098059709
102.335573137997,153.993116206824,200.93330877785,188.96981314926,170.230146582956,7.97668153803155,65.8821284386455
102.010171453976,154.244701324779,201.05893768478,189.199337655208,170.40402700189,8.10158053096725,65.0071409953393
101.968270037783,154.233308485084,201.041131120044,189.187680585111,170.392474704916,8.10664941271675,64.9337233380782
101.929982648765,154.222898285977,201.024860384277,189.177028945663,170.381918801836,8.11128109978268,64.8666380063714
101.502542067084,154.124001164095,200.864899857972,189.101611553739,170.317392170644,8.16619985405497,64.038842938134
101.305038971815,154.105720206245,200.819104330943,189.129389574638,170.36229498239,8.19719823208656,63.5461996440788
101.173131869375,154.108909930701,200.800959761463,189.179982255288,170.429032103009,8.22119760757491,63.160970235222
101.158798819721,154.111045174912,200.800332274488,189.189110766357,170.440394856405,8.22418966139291,63.11271305406
101.146675805592,154.112851182451,200.799801540719,189.196831737911,170.45000556894,8.22672036571508,63.0718967237496
100.922761759572,154.177028912511,200.807681111262,189.397538664484,170.690332190356,8.27968574456806,62.2066372373397
100.679455100485,154.084328776237,200.657730612123,189.366550786945,170.690193918013,8.30145877273356,61.6233336580669
100.506972753237,154.004389113151,200.536564139121,189.32106441275,170.664662278383,8.31355895126821,61.2385696990812
100.11750014728,153.870037739348,200.281705977084,189.274629995242,170.656400396913,8.34631031930961,60.1813573849724
99.9325246789577,153.844862181878,200.185843058657,189.298114691985,170.692390297828,8.36513279862764,59.5376040233441
99.9041243729679,153.846816386925,200.175480329258,189.308562651033,170.703908379801,8.36840180431721,59.4179861447838
99.7861221958665,153.858281871372,200.135398467404,189.355985479807,170.755226391416,8.38206948348342,58.9090611209131
99.7343415545663,153.882125592419,200.134536875255,189.399353069254,170.797204369875,8.38854542326578,58.6187319629068
99.6015775104457,153.908981980972,200.107883844875,189.463687600668,170.859399812216,8.40028287952758,57.9849303899141
99.3919628608907,153.824760607425,199.975506865123,189.392166368223,170.789760910377,8.40083713560201,57.3927855116802
98.8617590208297,153.676302485945,199.72073348628,189.312779360864,170.694004934354,8.39758764357408,55.6245663122306
98.6246799008902,153.670756561939,199.678206907186,189.386574507734,170.740538822947,8.39422627715701,54.5917907051624
98.4796393874463,153.702737429446,199.691357765051,189.50394835382,170.829376796876,8.39234176043595,53.8248265266914
98.4563220129818,153.711828286125,199.697720023871,189.531395584976,170.850901216547,8.39212577053535,53.6866583107434
98.0156684235385,153.55021297257,199.487083668263,189.531014808839,170.809582891467,8.3781230437297,52.2856296429478
97.7625045602261,153.431824206018,199.338257836892,189.509691286988,170.771468311992,8.37165783597701,51.5605039405131
97.7230099597449,153.415558190608,199.316904660928,189.511401791409,170.770677719652,8.37109616730377,51.4389079185555
97.6705868460689,153.396533705598,199.290733042143,189.519539398902,170.77563338482,8.37087122157853,51.2676377082972
97.3967154752785,153.317270619793,199.17318747749,189.599730860716,170.840463921115,8.37308362854499,50.3068913376201
97.3943060952731,153.316858618892,199.172425303011,189.600970504307,170.84158632293,8.37315111706995,50.2975036837968
97.3675206547251,153.312278342805,199.163952094491,189.614751808894,170.854064233015,8.37390139717059,50.1931397217826
97.2843335482272,153.304375813768,199.144471712171,189.66801968174,170.903318927263,8.37711970849122,49.8515800374674
97.2420193654522,153.308239635098,199.143085192537,189.708167309625,170.941468534593,8.37986424065094,49.6560970895567
96.9725943155281,153.217101186781,199.025568270646,189.742833716103,170.974113124266,8.38514872237678,48.8341704617676
96.8339071590667,153.139438585662,198.936200741821,189.70197466171,170.93505603843,8.38463021858689,48.523397662305
96.4607399705497,152.962573393326,198.744086324397,189.646627672426,170.866800722947,8.38471961580583,47.6361755491913
96.160895959396,152.881850925936,198.678110417726,189.719738530051,170.885911531976,8.38635739044659,46.8562835721106
95.7825560663347,152.880022825092,198.729797875985,190.03425589043,171.038494896586,8.38839660557334,45.9386088700081
94.9992621442417,152.538761925254,198.369342316183,190.112523251892,170.923374908943,8.36952176456198,45.2802214224007
94.9343402216556,152.519140615382,198.342639585198,190.138129074548,170.934958958174,8.36903861290075,45.2518596254657
94.8328930795554,152.490494930244,198.301510304458,190.181651164893,170.957920301859,8.36864257985651,45.2115717547154
94.6879029590818,152.471846507403,198.249327712715,190.282697372859,171.044515748634,8.37204837986614,45.1985888101033
94.6771593673743,152.470464681936,198.245461046089,190.290184774058,171.050932365993,8.37230074550748,45.1976267896869
94.587915356652,152.460535728086,198.213786240063,190.354583916444,171.107794803407,8.37472716901547,45.1922947363084
94.5167037241296,152.465231586123,198.192131541412,190.423914645071,171.182170848239,8.37935150693157,45.2096957487921
94.1049501165802,152.343016299602,197.941879732347,190.520586771967,171.328262940704,8.3930064742265,45.2539219763312
93.6213097194645,152.139118829408,197.591879684822,190.48267197569,171.372590912237,8.40840392958943,45.3464750117832
93.3327468926644,152.070653990921,197.433163257435,190.527810178259,171.458280673505,8.42875753748001,45.5296610419667
93.2529968641627,152.074654632873,197.416306025093,190.572441733368,171.499693377484,8.43883108532751,45.6379051665482
93.0546925773067,152.152200100135,197.461515037144,190.780341840153,171.6421654344,8.47710536129313,46.0874647610663
92.8712850696755,152.151437188264,197.474165810064,190.848725455673,171.596100743519,8.50315913888344,46.4776653395146
92.7724950432417,152.120640312157,197.452942831676,190.838264461595,171.52989595514,8.51211073652785,46.636353571353
92.5655345972297,152.106490123414,197.505092496832,190.879928757318,171.353467156212,8.5443981221321,47.1876709429599
92.5490685314844,152.106506708678,197.51134298514,190.884677303848,171.338751584592,8.54727480894385,47.236181053051
92.449582969989,152.180963518528,197.67324265992,191.005504736089,171.230597499381,8.58481799920632,47.7870016544372
92.3910118808846,152.339747723281,197.943440304005,191.214935165404,171.170281884442,8.63851400030388,48.4391547514762
92.265882548961,152.585379222499,198.340937954329,191.508897996815,171.10237510766,8.73552414211424,49.3087896631644
92.1951206976332,152.588466787896,198.366952334886,191.511366876171,171.043556947482,8.75362016604446,49.4441086979487
91.9401466799038,152.660414486223,198.51936484309,191.583192412738,170.907537950165,8.83391131464497,49.8778585255976
91.8845214099932,152.701815534382,198.580357843047,191.628519510911,170.906623725658,8.85722117232505,49.9553655802675
91.8444013276299,152.731676305661,198.624349435101,191.661211970919,170.905964335374,8.87403355654369,50.0112680401044
91.7694125734561,152.83061561419,198.758990073029,191.778015646277,170.947729813967,8.91412112518509,50.0926799826449
91.7565747423152,152.8515659916,198.786916639497,191.803193956936,170.958880275191,8.9217899938565,50.1044705705476
91.7057993865703,152.969493559032,198.943642876815,191.952015006379,171.036294069908,8.95845181579402,50.1319575342083
91.1189731981553,153.046036035334,199.265725951211,192.268727800174,170.98359191408,9.0432415037501,49.6589279370775
91.0510784591161,153.088109845379,199.370284328449,192.381848330677,171.030917995775,9.05248014533174,49.5826272756903
90.9723881736329,153.183301429901,199.560748565982,192.590060019146,171.15612972382,9.06874293681424,49.5027785723685
90.9405934249519,153.242459313212,199.666674398796,192.706621295259,171.23939899713,9.07809930349054,49.4775276491206
90.9177325562504,153.250065767324,199.688392417451,192.731138850409,171.255673295144,9.08063885646847,49.4664472472848
90.4913437798913,153.129523605795,199.663487692655,192.721331215101,171.250043375319,9.09705617771665,49.3485985573382
90.4489478511554,153.121931537903,199.664578127901,192.724422828715,171.257844688681,9.09929567360526,49.3415766012589
90.3313805993114,153.12622163201,199.690529562397,192.758716373227,171.321638552274,9.10872609635828,49.339628726308
90.3294324851444,153.126471927405,199.691121707406,192.759466496248,171.322993751138,9.10890513042906,49.3397203683951
90.0945590364774,153.226033809815,199.829322220197,192.92455839676,171.592599807003,9.13889846229764,49.3869311067704
90.0304873389817,153.322347759802,199.935744887975,193.046468733399,171.767536811072,9.15541336509786,49.4323216022299
90.0089118740559,153.360161471297,199.976982086174,193.093563830284,171.834223238654,9.16162181108637,49.4500484757999
89.8832021788805,153.366315498171,199.982470185811,193.106691236625,171.895802570938,9.17054615351281,49.4630375948014
89.7194167489673,153.331004521716,199.942111634035,193.070976028205,171.90932726962,9.17665202563864,49.4621211235225
89.5356253087314,153.323934007194,199.932281517382,193.071559367871,171.961083127937,9.18744133670147,49.4849286581213
89.4357179183543,153.359150455072,199.971978347992,193.124454514471,172.035780821847,9.20019953828082,49.528497717997
89.4041352008992,153.371536373106,199.985972497053,193.142862771391,172.060888318056,9.20445383982269,49.5432709380573
89.3504810505733,153.436038337641,200.060907199882,193.234485702837,172.156272294917,9.22109987752759,49.6062025764
89.334378530857,153.458542193809,200.087099480304,193.266351543675,172.188715346053,9.2267773725188,49.6278279328591
89.3143776900965,153.488578616406,200.122133324921,193.308889549578,172.231498408626,9.23435479168396,49.6567031177433
89.2559124338434,153.635681563344,200.297399415272,193.520033754371,172.424924144903,9.27330263594996,49.8048658011181
88.7931124636036,153.549631198168,200.25045755605,193.51241493004,172.36911329191,9.33252019312226,50.0127703011817
88.602877155904,153.569578605207,200.299457838179,193.579798372084,172.397261635497,9.36527373952,50.1497322696427
88.4786175516962,153.599776365493,200.35241924608,193.644922559347,172.430661066127,9.38883287279465,50.252634781071
88.3593653089298,153.661407534874,200.443000811746,193.74693361827,172.490059456654,9.41521379008613,50.374607117781
87.500983544151,153.845836323474,200.794496662502,194.106673979568,172.538269784564,9.54229737158355,50.9655315554605
87.2038193624225,153.919163715548,200.931096053563,194.23516509674,172.532766403793,9.59572637457008,51.1677105283215
87.1885087852125,153.924640505701,200.940200597312,194.243881896218,172.533865713481,9.59900323651062,51.1794696025343
87.1107309932508,153.992252932319,201.03299129748,194.336924798154,172.578327262925,9.63134927202412,51.2723791626846
87.0177601698237,154.162143406176,201.245109404543,194.555319766366,172.727614182192,9.70947473698547,51.4579710883799
86.8993455046239,154.225530773674,201.320991150036,194.633996260121,172.805289364058,9.79102805202631,51.5769709392065
86.7755446119953,154.197348752635,201.284796208142,194.595055135009,172.80607764744,9.85040704475859,51.6229692757157
86.7529479451623,154.195073965808,201.278376176193,194.588206798481,172.817706957341,9.86683841091007,51.6327137944557
86.684446447236,154.188177979497,201.258913933886,194.567446156484,172.852961057158,9.91664988101206,51.6622541746896
86.6303753107878,154.210483753121,201.257094092778,194.562746159203,172.957280197855,9.98613941858135,51.6948222186846
86.5652687586225,154.363816600846,201.333984902786,194.622738966494,173.373056215461,10.1689787602833,51.7706722747382
86.5596167224466,154.447486301982,201.388581503538,194.667212410156,173.555503976338,10.2306668618088,51.7971626330249
86.5065993295645,154.473364599426,201.38387852577,194.647612729242,173.661649135936,10.2804402373017,51.8052912422175
86.4766667995166,154.465896316433,201.36618840821,194.623841252507,173.674878720333,10.2931559954698,51.8028883711146
86.2620755954512,154.431619720694,201.254994453335,194.467080090611,173.791962097863,10.38935928481,51.7989772651518
85.9849714560773,154.594882237933,201.26301101129,194.409939071564,174.209533203663,10.612178334664,51.9874268230418
85.9688608086453,154.680363999765,201.31333444332,194.458184836637,174.339560483466,10.6746663363112,52.0836432900915
85.9692637087899,154.68378686886,201.31563455313,194.46071176729,174.344162597127,10.676924635643,52.0876704223859
85.9787352639284,154.840078539141,201.414176297449,194.570856905854,174.556439246459,10.7904486973139,52.2883035600182
85.9673579400497,154.837819712584,201.404586703849,194.562669478262,174.556065734355,10.8019155283937,52.3064989786281
85.8195279566969,154.832141107068,201.264759798699,194.463739370146,174.579736937346,11.0306999469738,52.6728820681218
85.8264824396084,154.891323156029,201.250362261237,194.488879614748,174.65252392586,11.1875980857511,52.9112208407795
85.832358914555,154.908903645937,201.250209039244,194.498900458041,174.673432365419,11.2270377721564,52.970067147366
85.903094333418,155.028078054424,201.301719381964,194.590365208016,174.807462835547,11.4028155129163,53.1980736718628
85.9213853724331,155.058049424539,201.315742401783,194.613785333709,174.840985568009,11.4451683365572,53.2518146069423
86.0286886286014,155.23382524026,201.427603950595,194.756020264332,175.029382321107,11.6430946906923,53.4534411062489
86.0195273983279,155.245576714956,201.416997162493,194.747277887555,175.036501772645,11.702527152465,53.4903711690752
85.9501158061157,155.229459023175,201.340784376981,194.667673914964,174.999256989528,11.8528667908404,53.5574047830212
85.8473163452303,155.649670015622,201.554364324756,194.770148510116,175.129092128111,12.5844361011191,53.6402079485351
85.6949363233177,155.769711788116,201.580417420452,194.692973469873,174.958765952226,12.9167710128328,53.5760328812766
85.6698756677666,155.795771427819,201.585660125874,194.674211685636,174.921226481168,12.9859685681117,53.5656104793431
85.6703819280011,155.801639224622,201.589147938437,194.674881953231,174.92101145492,12.9939794409243,53.56565427889
85.7235025022876,155.981747604053,201.709382804469,194.723324672546,174.979208458083,13.1916746389054,53.5793315757801
85.8277310528367,156.160802344583,201.845350865706,194.806819403331,175.141769802267,13.3195767336507,53.6078954493307
85.8680808455508,156.235503324119,201.892190082059,194.82104244651,175.224465325986,13.3843588265755,53.6159522281105
85.7706281929703,156.199369479945,201.738273515442,194.547522380108,175.276352466638,13.5385762727911,53.5626913237841
85.778990170778,156.337162642615,201.680062776407,194.370669261545,175.661897285502,13.7680734277535,53.6095546968437
85.8065930827408,156.395493613268,201.698918859706,194.383097029105,175.764912754095,13.8182420874607,53.6487948426791
85.7614428656314,156.390531029458,201.609820199117,194.284827270824,175.815405961642,13.9083618561443,53.7044045167803
85.75105771832,156.382234116224,201.593934921822,194.2683898689,175.809695333498,13.9154694031456,53.7077185238339
85.7437964514728,156.376432936983,201.582827979,194.256896882036,175.805702477782,13.9204389807411,53.7100356685819
85.6308786309057,156.290264422274,201.392165818678,194.077720728246,175.729833187996,14.0346011217624,53.7936786553787
85.6233089243327,156.299876812913,201.325967035085,194.045645252008,175.708795011929,14.1587675951343,53.9200775217018
85.8404483733101,156.496798555656,201.452194400325,194.205952524534,175.792070099013,14.4463549973029,54.1361328405138
85.8397259313853,156.478591506598,201.425262621406,194.170598114649,175.751832295429,14.4867582622493,54.1364154334135
85.8752789001272,156.484421220267,201.424031283192,194.14670047223,175.736091258104,14.5480390332056,54.1261308815562
85.8816224989369,156.485461396826,201.42381157958,194.142436494808,175.733282636794,14.5589731588063,54.1242958429299
85.9046194425567,156.491593414906,201.426157500369,194.131402584848,175.728355465721,14.5935573924195,54.1181233036845
85.9667781745549,156.527816348222,201.458648188422,194.13839337713,175.758765459156,14.6449748322549,54.1054328572017
86.3908323861988,156.825868633376,201.729444046775,194.271160956932,176.076109921898,14.9019178104578,54.0577222940393
86.5219105874315,156.868207642182,201.731273737019,194.186519375776,176.130134183298,15.0289681623764,53.9992395880718
86.6672401472091,156.871160202952,201.646782684232,193.968663203252,176.149644495904,15.229261634739,53.9164648381178
86.9745555093691,157.077636367351,201.761011217919,193.942372977712,176.416688358971,15.4947098593658,53.9139969615785
87.0705342251106,157.121916427871,201.748812834231,193.815479362839,176.515119937242,15.672270566054,53.870369165424
87.0705655051978,157.11260458348,201.73058558937,193.77645315527,176.514810539844,15.6992692739708,53.8559729294536
87.2604201165054,157.227828146759,201.790470307874,193.628179202357,176.782916473953,15.9774703597512,53.7459925388987
87.735537276288,157.401760751125,201.84402834309,193.371374883106,177.213377888339,16.3901652303772,53.5780158731213
87.8842190380047,157.442434012101,201.845701808248,193.296683918047,177.312898096224,16.4932991243244,53.5356289575981
88.0112777583317,157.500069499224,201.880955974725,193.278850233445,177.415987010428,16.5659166380635,53.5087819978115
88.0882103031154,157.534967101552,201.902301953452,193.268052149411,177.478406122538,16.6098856794125,53.4925264827963
88.1983102954933,157.596510253136,201.951172636662,193.272491661994,177.581342916761,16.667819238644,53.4660601682134
88.2937849558528,157.650262447377,201.994158371722,193.277000356428,177.671056630493,16.7178917524817,53.4430034727896
88.3660116323719,157.65085556166,201.976320737403,193.190834811525,177.721326663177,16.7867118074614,53.3672097244243
88.4068236252602,157.594988902641,201.896343758308,193.01584075003,177.726649967585,16.8695270596723,53.2386088647238
88.9894674503377,157.764311097021,202.068383247853,192.619518261906,178.437580569841,17.366337795616,52.1927197650713
89.025084972361,157.769078839791,202.075487823256,192.584615334632,178.484936589891,17.4019965923372,52.0821029579235
89.1074211890107,157.639037732644,201.946360644274,192.201394072574,178.586214074413,17.6053694107499,51.2448072554234
89.1220182375241,157.63218637399,201.939881269575,192.169409000395,178.603585912798,17.6277751907956,51.1482962906936
89.147999794668,157.634659856491,201.943150921383,192.144082781172,178.634188780713,17.6558842920284,51.0238985116049
89.2393027631723,157.648468277314,201.959845130271,192.065369914917,178.741943392286,17.7510815529658,50.6021654370522
89.3287094055924,157.692886540875,202.007620268819,192.0504152596,178.84873833621,17.8226689089766,50.2823046663671
89.4145741825173,157.743985072259,202.062284205277,192.051152794705,178.952658154456,17.8868936920376,49.995598406196
89.552791040803,157.836568987476,202.160555264848,192.063337570576,179.12169475607,17.9926939198568,49.5041928619619
89.5501205414462,157.827820842848,202.150954844313,192.043315214664,179.11740632921,18.0021824003156,49.4429226906559
89.5500850118216,157.827704453269,202.15082711564,192.043048827486,179.117349273889,18.0023086396827,49.4421075224444
89.5331111871029,157.77210081751,202.089806372469,191.915785752571,179.090091822708,18.0626178862456,49.0526713124768
89.5295344031156,157.760383824003,202.076947867053,191.888968430249,179.084348036818,18.0753264625957,48.9706079459133
89.5279351991051,157.721751089506,202.034813301934,191.744538638533,179.087130764701,18.1706699245174,48.3674888320196
89.5377505869089,157.727846204941,202.041475297985,191.727115603924,179.104523360676,18.1935057888477,48.2346706947433
89.6808387444711,157.85829844032,202.181383145156,191.681624765908,179.34161838804,18.3700423101381,47.3156348943017
89.7349805484074,157.91233792038,202.238171832599,191.69924948142,179.426893767962,18.4072483554943,47.1674566454152
89.7687808799923,157.923272475299,202.243271719954,191.601942871509,179.504091459231,18.4835329741417,46.8160856252849
89.7518328276164,157.891005342585,202.205060393079,191.523507624396,179.493529032407,18.5076064478518,46.6881925277865
89.7470358675232,157.881872485043,202.194245096662,191.501307389114,179.490539453496,18.5144201801989,46.6519937911236
89.7455848803121,157.856877565864,202.15933439079,191.411819532213,179.503992555039,18.5485904001081,46.5194047746609
89.7551447895258,157.832087938117,202.119746032142,191.294847395062,179.537706281249,18.5983414928042,46.3501347346605
89.7804860990948,157.835624023463,202.11335360246,191.24259996201,179.582354769549,18.630203379427,46.280341110405
89.8833896620303,157.884025181941,202.135915357351,191.152362670202,179.741580237365,18.7145212812155,46.1686854395867
89.9669107535027,157.93807499466,202.175318269286,191.130242720047,179.860830950587,18.7646327105666,46.1502788647881
90.0333301147757,157.985385258885,202.212852836482,191.12694336251,179.952577790604,18.799591925402,46.1559134315079
90.0671051335647,158.009443079263,202.231939601063,191.125265600775,179.999232127322,18.8173690933134,46.1587786743103
90.0952943831269,157.877674181652,202.012687061114,190.651439141162,180.012220922791,18.969763456679,46.2251835105617
90.2012597960621,157.923791969834,202.030043840187,190.543960334502,180.109059461464,19.0504938419468,46.3792155551555
90.2741509920093,157.972649108841,202.069857473244,190.5263161306,180.178486970576,19.088930493263,46.4744935235446
90.4257480268604,158.089230690564,202.179326663377,190.546052437471,180.324849625782,19.1501598700548,46.662521385296
90.477057383254,158.128110204855,202.215996575166,190.55185196476,180.373166250185,19.1707369927169,46.7286065439753
90.4792648848684,158.10120023473,202.181144894622,190.473350513566,180.345956017189,19.1879576418887,46.7965850430995
90.5326986371139,158.034902159329,202.086336668644,190.202184443968,180.285704006935,19.2608907763748,47.1230971254391
90.6365584198419,158.063811784195,202.10200568491,190.110558769274,180.33692611176,19.3132221242879,47.398015443941
90.6802379210552,158.084401715081,202.118880999949,190.09429840417,180.36898495712,19.3311347583003,47.4941585361011
90.7013314473428,158.096284782741,202.129377625264,190.091518150504,180.386961351638,19.338875648638,47.5361068003212
90.7171253446699,158.105182296983,202.137237032944,190.089436419818,180.400421278889,19.3446716841394,47.5675158008416
90.7396461872544,158.117869445283,202.148443923777,190.086468037277,180.419614065607,19.3529363702039,47.6123025397829
90.7819174964044,158.141683046663,202.169479102422,190.080896424422,180.455638660057,19.3684490713094,47.6963666275499
90.8053557587648,158.154887024683,202.1811425225,190.077807120435,180.475613293281,19.3770504315639,47.7429778204319
90.8510097940017,158.183621679871,202.207286073357,190.078936940295,180.519230444957,19.3926598590758,47.8271855794682
90.9784580904864,158.269073901524,202.286216316902,190.094502293319,180.649171019467,19.4342475862342,48.0508285903414
91.0347336056418,158.303484534296,202.316582652756,190.093036056387,180.704988432641,19.4540432380964,48.1587700860715
91.0708892491722,158.213613541471,202.182770585476,189.806605093824,180.693322479035,19.5149673100818,48.5423760752983
91.0764311580996,158.210184485211,202.175872424998,189.787927797657,180.697261339119,19.5198285989173,48.573306277923
91.1428693744473,158.198316360878,202.132954431202,189.637445903191,180.757890649412,19.5645223604811,48.859096695829
91.5389551149213,158.416631236809,202.282322671558,189.501805985056,181.229557082907,19.6840834687092,49.6331798476601
91.6642980739327,158.340439080292,202.131850255399,189.141383536808,181.310297504026,19.7311907147348,50.0108925993366
91.8115702731083,158.337586151777,202.081109763595,188.974311744391,181.419718613099,19.7684161625811,50.2401486837007
91.8192599556427,158.338570726232,202.080069436603,188.968571090407,181.425816838666,19.7702222889276,50.2501005299509
91.8554252975528,158.343201277833,202.075176675268,188.941572223654,181.454497400142,19.7787166808044,50.2969050528514
92.4230210155537,158.530132142244,202.163240651392,188.833231609867,181.96413454514,19.9140088845182,50.8222324646678
92.4755371775987,158.473354702376,202.072976047455,188.694934043434,181.978957554775,19.9418613112323,50.9048899501012
92.5171169685181,158.428401035034,202.001508841685,188.585436630198,181.990693706416,19.963913533525,50.970334202469
92.9898511895435,158.405422040213,201.841793857395,188.121466116435,182.467223741683,20.1363387788973,51.4796437246177
93.0800644229409,158.45524469975,201.890177429345,188.114136380397,182.596011419114,20.1551699281147,51.5568837978887
93.1106422579506,158.424851422402,201.857961884415,187.98630902408,182.659482007604,20.1641269688037,51.6299127001083
93.0771374803295,158.288051563654,201.772831441572,187.6579496094,182.669175962352,20.1365759759481,51.7703301377902
93.0894939547837,158.286534331217,201.791160459989,187.635502648306,182.687590094127,20.1302837078996,51.8056943753633
93.1981079534346,158.348986897265,201.931741185893,187.688712240921,182.791030587766,20.1227037060442,51.9378809608435
93.3328472893894,158.330625772952,202.061376342241,187.703960042897,182.80120162027,20.1215163483316,52.1476426315881
93.4747819993604,158.212846161357,202.152961307527,187.66592118691,182.723129280654,20.1441079049619,52.35099251973
93.4973319848543,158.217956288068,202.179116024259,187.679676741294,182.738537774491,20.1469244403411,52.3632978024429
93.5306787366363,158.225513105656,202.217793425936,187.700018353388,182.761323741225,20.1510895120305,52.3814947635162
93.5032494386543,157.987672351435,202.524329625145,187.611390094392,182.914389952585,20.0319503308947,52.1616522426736
93.4798387236943,157.963544846714,202.553721949666,187.607584159603,182.939350609369,20.0075391985045,52.1206112905269
93.4652836190844,157.950489475199,202.595181943646,187.622817140384,182.979597156083,19.9823021036918,52.087581334598
93.4646975792333,157.950072733022,202.598149346057,187.624415775789,182.982602021826,19.9807227551379,52.0858307776616
93.44834770979,157.938446083107,202.680936620515,187.669015951221,183.066434482199,19.9366606617246,52.0369921580534
93.0327782478263,157.467591743191,203.120698505411,188.176116654131,183.583907211736,19.5031646161198,52.3065437235055
93.0320353385143,157.472520507717,203.207819631193,188.289352892452,183.67520629194,19.4788870655129,52.4139813846286
92.9485654420329,157.407837699544,203.356369487062,188.498549673219,183.821097618498,19.4061416280591,52.6952477838992
92.8176413005845,157.288465337936,203.354922459845,188.524146217692,183.806561864791,19.3532867968115,52.8408939417119
92.4856731359783,157.0668578951,203.668469087921,188.97315029229,184.016661702663,19.1198841920008,53.4903247514142
92.4831301742758,157.0675845278,203.689297985372,189.001816353918,184.033372217236,19.1113416782016,53.5116996755349
92.4827984268612,157.067679322197,203.692015262975,189.005556045249,184.035552222542,19.1102272466063,53.5144881861944
92.2789762966708,156.901497680482,203.828160251756,189.27085829485,184.100254807181,18.9548230005326,53.7824467897681
92.2093308397751,156.837005609587,203.814970743674,189.282857066328,184.073445317315,18.923145146158,53.8156098020653
92.202868829664,156.831590761419,203.814608019262,189.285321100146,184.071982691138,18.920257547242,53.8185890805444
91.5868182405082,156.437922774397,203.949795657929,189.703746356466,184.129872480211,18.6732590456171,54.0987060278369
91.5560899434046,156.429775519891,203.972061896465,189.737490597778,184.150684564923,18.6643221645192,54.1110881315969
90.6626336567748,155.974662905486,204.020275212579,189.849851962375,184.176147313586,18.512011838407,54.1233087418183
90.3065815970977,155.778567697036,204.057105619783,189.838252766814,184.211462132687,18.4637173464592,54.0592429840389
90.1905472729244,155.642395890934,204.252497928636,189.939777539714,184.415698561965,18.4275284858305,53.9594104915772
90.1932187511705,155.607893076575,204.29117365073,189.958199286648,184.456612843702,18.4205677519036,53.9335488656583
90.1479878207634,155.423845642202,204.221243042861,189.853724282733,184.386168551912,18.3985551021688,53.8500455636955
90.1344695351958,155.29750550192,204.177098909761,189.788369179888,184.342421362955,18.3846341661561,53.7933181598785
90.2524736898754,155.013674241767,204.115802386083,189.701947163326,184.288548082051,18.3646854159252,53.672817820231
91.36460394068,153.894995869256,204.112715952599,189.92726616329,184.329801549541,18.5273864235731,53.4514447128761
91.5845756051235,153.744111801299,204.164339009637,190.044631669938,184.375431738744,18.5909152394617,53.4316684424608
91.8697441551804,153.653501110442,204.265091016144,190.21109324435,184.460697694419,18.6552534824825,53.410102608363
91.8731883523156,153.65275145414,204.266389621881,190.21311091369,184.461778189009,18.6559530670406,53.4098385853116
92.9763202398475,152.978245666294,204.148794871142,190.296267736047,184.145951054623,18.7831212243964,52.9998714909578
93.1604074412137,152.954815875839,204.17493068325,190.339032281511,184.141370703421,18.791257567122,52.9512876703496
94.0414307393718,152.879130166893,204.319909390747,190.5473455519,184.129991208772,18.8172152834932,52.721140362257
95.0773251833019,152.486140131884,204.211161881962,190.488198817988,183.728438385727,18.7785091713457,52.2818700511242
95.4813825863068,152.457384299657,204.283584329619,190.589369794547,183.707669095498,18.7662495856769,52.1935863411359
96.0391039206224,152.462079305115,204.424028188535,190.781754855994,183.726549714549,18.7488808967785,52.1103204876637
96.9982210646332,151.996523469345,204.231060623156,190.747256731564,183.153800868692,18.622026918473,51.8113432080283
97.447982577818,151.943986587226,204.286119091484,190.860588294166,183.046729333299,18.5856230196723,51.7401226899311
98.9038567462143,151.554483500309,204.325552732176,190.971362823545,182.328473483322,18.4309335776965,51.3700968035434
99.6442448972167,151.454605170978,204.462587363906,191.077077479104,182.110977634118,18.3704502085966,51.2220087982508
100.667943954071,151.158143104211,204.518897127561,191.070108170627,181.733389862748,18.261800590756,50.9670201612383
102.39272836371,150.773926717355,204.631634082399,191.158219497875,181.367268978091,18.1174243965716,50.538035928551
102.968270722057,150.566962373987,204.588873447581,191.122316950279,181.148916853043,18.0698600496584,50.3146243419543
103.510150725142,150.33665843433,204.521041783449,191.064533126004,180.888474705866,18.0277133877951,50.059214770759
104.661647128872,150.165630110697,204.689335505599,191.266511765751,180.685376586618,17.9972723456238,49.651953364199
104.677103681857,150.165166973538,204.693519934013,191.271203327421,180.684923735458,17.9971861675479,49.6475063063338
105.151338826423,150.1331409083,204.807703722021,191.400593686677,180.651323477916,17.9925543012844,49.5011091246245
106.046774011628,149.684163132987,204.720366243132,191.331994461023,180.178694822297,17.9416555439484,49.0103704848861
106.506762060241,149.563259046081,204.765118288738,191.386024665137,180.073274315072,17.9293557254777,48.8152155297103
106.987337637718,149.491276902179,204.852679058096,191.482988777758,180.026998979123,17.9239189094995,48.6313483781458
107.132104741861,149.482450365806,204.887968699159,191.521107962981,180.027217613896,17.9242070640482,48.5774740676779
107.329282626347,149.470428313008,204.936034430737,191.573027633166,180.027515402141,17.9245995406721,48.504095363109
108.541743199818,148.985254062246,204.864933686059,191.517527092372,179.568576352031,17.8879418176839,47.6510249632581
108.628346240388,148.96195271111,204.868123387638,191.523382445618,179.546756757457,17.8866040919478,47.5869674368156
108.67378423107,148.949727198371,204.869796927385,191.526454572006,179.535308677477,17.8859022277969,47.5533583941021
108.70225573957,148.942066674993,204.87084556973,191.528379570697,179.528135294553,17.8854624387385,47.5322989209405
111.717657162439,147.998054749695,204.912037225119,191.825849789851,178.54695458373,17.8560396998176,45.0635827358246
111.912557608895,147.951993786441,204.931309858372,191.868753661366,178.495034489093,17.8617556484512,44.9330339328823
113.563068017144,147.365852716482,204.925100601599,192.052711678323,177.773538618085,17.940249424588,43.7298471580233
113.848464307126,147.233432827815,204.896027526037,192.050266769685,177.598087974688,17.9605176043227,43.4959256608306
114.093138135343,147.160223658138,204.903849514098,192.0755148963,177.490799805617,17.9803463620306,43.3191719002773
114.216285438785,147.123376595668,204.9077864155,192.088222584459,177.436800369679,17.9903264161302,43.2302095901516
114.997393618363,147.01238493603,205.031941261669,192.253380796678,177.227939589872,18.0543206381502,42.7360781567585
115.804986671231,146.854694894511,205.116861049461,192.369920677711,176.934607096213,18.1104911918026,42.1629420760255
116.155931990202,146.702533705578,205.079739258598,192.347117237099,176.69236830386,18.1286537857222,41.8469499409506
116.457158493934,146.596668914146,205.068312290475,192.349663294665,176.513674354603,18.1441575514748,41.6032258397063
117.390269622167,146.445192433701,205.175484449202,192.51819801441,176.169619316981,18.1989271165061,41.1030653669168
117.529056350559,146.431290858589,205.198226830679,192.551074041376,176.128519355993,18.2076684257665,41.0433234324077
118.136138657296,146.404488865592,205.322920359019,192.72438739215,175.985274702784,18.2504766476407,40.8591575804681
118.718146849271,146.187998781847,205.267788441232,192.727075116054,175.578121503695,18.290977700973,40.642440036744
118.962368455273,146.085991284784,205.233028860306,192.717538765088,175.385947875444,18.3106761551591,40.5732497562068
118.992287548459,146.074486542813,205.229611521242,192.717173583828,175.363556676014,18.3132148947258,40.5660987835271
120.817678883784,145.728050876873,205.335896727252,192.96302977041,174.452854073764,18.4823074437162,40.3645778271589
121.779906336541,145.410860865837,205.266740961456,192.934082806127,173.795353200623,18.5568962632444,40.1740291473377
122.193330712242,145.27177562954,205.231344139627,192.913877667544,173.526992657875,18.5829641099221,40.0628832704671
122.23479795582,145.262487319485,205.231720069965,192.915989885094,173.507644358419,18.5854419618604,40.0523167857347
122.414389380002,145.222260367143,205.233348195177,192.925137735911,173.423848370189,18.5961733469274,40.0065541577435
123.801751202055,145.100301658819,205.395523368492,193.164344709949,173.083256111905,18.6799366091457,39.7026972050309
124.936751017556,144.669778245066,205.17861254425,193.035710856683,172.432310527489,18.7454027423706,39.296577102344
125.397663175972,144.571751942348,205.159009873176,193.043099667016,172.258745036183,18.7807272853382,39.1680891646918
126.130157290256,144.504757573853,205.214458569951,193.119281645414,172.076030189742,18.8425155309856,38.9854923603928
127.036957694014,144.373169727362,205.242565463896,193.124028951506,171.751496134867,18.9194615928525,38.6688346254189
127.083848649798,144.351451125919,205.229939690382,193.107845053585,171.714202569705,18.9231714826679,38.6417704994587
129.20958284096,143.968591225026,205.243409123466,192.921081442784,170.830609646002,19.084868172598,37.5297235326999
129.662899744097,143.964118045848,205.316304073496,192.958820403389,170.755996881385,19.1185820243349,37.3201867751842
132.049110757116,143.404028833477,205.122736837785,192.540375307318,169.741871206215,19.303222522811,35.8041956426084
132.379178790157,143.402811229379,205.162915873641,192.551597198919,169.692187477746,19.3315573570977,35.6541044048607
133.062456881887,143.351307895476,205.191918808786,192.507566019021,169.518593619986,19.3873258793103,35.3112835305448
133.560917803577,143.195826023782,205.087004948307,192.326243567342,169.231818859741,19.4207065905395,34.9857476934173
133.714047321495,143.163546626068,205.069010739058,192.286780510079,169.163493448783,19.42967501989,34.9014852836225
134.084180238531,143.090411102637,205.030001740875,192.197105674598,169.005010364532,19.4508468403002,34.7030962292439
134.195318828096,143.08061404796,205.029450041564,192.184394116183,168.974016017949,19.4559449134946,34.656674691294
134.311515785434,143.070371089606,205.028873232181,192.171104003212,168.941610993,19.4612750206681,34.6081403209563
134.699051124933,143.036209193856,205.026949481119,192.126779362013,168.833535079201,19.4790517761042,34.446270474129
134.803205640574,143.028980989298,205.028163597154,192.117361423199,168.80731556478,19.4835712807015,34.4050670597931
136.49494952643,143.070610811812,205.185246029744,192.172755489856,168.615865628098,19.5337969827865,33.9300987837752
136.721838294537,143.05560433811,205.180922379629,192.159047404052,168.567386723439,19.5358258539237,33.8638709654259
137.470698098831,142.905012768594,205.050019404157,192.0028467906,168.286910793518,19.5275502332186,33.6088406815239
138.122536417863,142.819016907142,204.975159795121,191.925006014405,168.106507642478,19.5182967036133,33.4291176292701
139.150683267361,142.78652592569,204.949879112399,191.919374219594,167.94216609397,19.5034271227028,33.2112201183825
139.188280655663,142.788685493358,204.952017066079,191.922673337428,167.939487761428,19.5028973295496,33.204850659604
140.00287691293,142.862141463432,205.023476763684,192.019240908067,167.90066542319,19.4909996233387,33.0746249608336
140.170493879096,142.88880884528,205.049071412784,192.049980154246,167.900998215499,19.4883699241103,33.0511980070361
140.534306229594,142.888376227706,205.03307471391,192.041141407831,167.801519142914,19.4689547755665,32.9644676319166
140.843783613431,142.799991247745,204.910800956851,191.910383232113,167.526753516499,19.4218897515328,32.8248651015202
140.955868446708,142.777049430654,204.877711568116,191.869413799185,167.418959596792,19.4008409938118,32.7728395003824
141.387179791113,142.821331951662,204.940127388493,191.864041217221,167.078511141983,19.3048156642682,32.6158754694849
141.70670920229,142.835179168958,204.998381528783,191.840541102665,166.756340529214,19.2001928284511,32.4895763453321
141.858349879746,142.705129141515,204.888424197105,191.637637608897,166.308194384071,19.0734482654297,32.3409892964197
141.90765975251,142.684601329016,204.872355824017,191.597101939486,166.209994283563,19.0410736269737,32.3067373516668
141.954909868048,142.689081988956,204.877171952258,191.582412196479,166.161506172138,19.0178648320679,32.2863610386628
141.966544947999,142.690185326716,204.878357897234,191.578794928407,166.149566242539,19.0121497945234,32.2813434841406
142.562998393001,143.159992199974,205.210115892113,191.547820921438,165.885070040443,18.70053978873,32.0627128713556
142.207457883163,143.714834676846,205.412013120909,191.293290280488,165.811748892981,18.4846485791514,31.9166376572951
142.198663145039,143.730152290838,205.419966957975,191.29162647554,165.814954739889,18.4814262985731,31.9150632269339
141.80354536237,144.540248602584,205.914956437214,191.35246396751,166.076680944028,18.3798185535391,31.8802718203453
141.735654048282,144.700830920223,206.021988097196,191.3819419663,166.136284074322,18.3673920626079,31.8777584950064
140.9949868769,145.239823505801,206.250723907021,191.185265559851,166.044306512169,18.284071723061,31.7737097232233
139.083407010696,147.830624239356,207.052499285489,191.053157836476,166.125074626633,17.9516072468937,31.0621842198829
138.725963286611,148.275485161044,207.143467298674,190.941419991787,166.072945426444,17.9097916148969,30.9802204457357
138.606436371636,148.554661166241,207.242158111744,190.934239170926,166.081188989277,17.8986679436373,30.954396193319
138.472242980008,149.000311771424,207.416710963333,190.95282642008,166.116420240377,17.8885817017216,30.9244787637974
138.328866459306,149.264180541032,207.479940235076,190.902698780594,166.077887884779,17.8790440669881,30.8935179340603
137.817538568888,149.800270174789,207.471745888718,190.58590941371,165.799502618864,17.8490097737893,30.7890642700282
137.20136613073,151.204693415459,207.800058501451,190.248496761502,165.589821322049,17.8405277443302,30.6694048806223
137.175696170106,151.23144702178,207.797957194375,190.230971545622,165.574445455828,17.8398031805473,30.6641729647825
137.096738050161,151.313738322798,207.791493793102,190.17706581052,165.527150895968,17.8375744979667,30.6480801376655
136.653765877687,152.376548888729,207.871166342359,190.223500036173,165.511825863988,17.8646162095625,30.4991340685437
136.445547782692,152.517180718963,207.738303501037,190.168064221082,165.447237671217,17.8668845168256,30.4286281911138
136.332860590684,152.609037311364,207.664119226047,190.152176272863,165.429008929414,17.8703229952917,30.3865889279052
136.152774775611,152.825146110213,207.54148090405,190.180149552344,165.477978694288,17.88455867588,30.3025726381259
135.260101461853,153.379932598504,206.822081785507,190.05305822526,165.984833832919,17.9527034149246,29.8953826295315
135.021175747657,153.457371643106,206.654915299495,189.936663808522,166.081640288754,17.9646951020344,29.8157833954832
134.55369449855,153.802896111207,206.390485653374,189.721790227957,166.34471563741,17.986125806686,29.6664660143761
133.843731880939,154.161085074488,205.929409624251,189.252674797813,166.385548530008,17.9690511006185,29.4767510550177
132.612026573333,155.360624905831,204.989607746185,188.292378068681,166.426574762539,17.8104632590273,29.0792811649877
132.582928582605,155.444495315923,204.955476351991,188.260838864432,166.447223655393,17.7962819040829,29.0607873738448
131.896785683218,156.406428193625,204.047350681249,187.397388037929,166.440642189973,17.4986537555408,28.7087194732185
131.774508547192,156.569356760796,203.839377437118,187.20321856932,166.428528933336,17.4250433020678,28.6362278594282
131.612520210609,156.890689010452,203.488533648214,186.884513575004,166.456482202663,17.2828969337485,28.5130222294979
131.544111049542,157.092449233095,203.304064870202,186.721696247895,166.501098598583,17.198784409211,28.4473656923896
131.53505241302,157.11916601332,203.279637796639,186.700136226359,166.50700663352,17.1876463573055,28.4386715541234
131.254346580625,157.618291025982,202.715833911834,186.194850747006,166.582789861606,16.9529881236691,28.2520676934863
130.037891926579,158.307621593648,201.169134170253,184.742895581894,166.368054347265,16.45836069365,27.762002615907
129.929308702131,158.408925434329,201.039862325988,184.624023720673,166.384917931685,16.4087184642216,27.7086520317651
129.769570269498,158.586096138568,200.850548322472,184.451696225342,166.43896107132,16.3285020413392,27.6192410336999
129.156794787825,158.774761683872,200.169633207905,183.798279280865,166.350843012606,16.1156242681299,27.3504243824386
128.302088841371,159.041432289522,199.172872796041,182.849520952921,166.351693552266,15.7867009249927,26.9041414360505
127.920316819606,159.283264733463,198.7005817858,182.421302531159,166.511165552199,15.6125153163379,26.6550695104117
126.198442450974,159.542960774682,196.870656951121,180.740675467655,166.508178565356,15.1751414881973,25.9013396349885
126.06014309164,159.593318437325,196.73608838394,180.623270377455,166.535009603517,15.1430767271136,25.8417611860895
125.797765250238,159.710313658919,196.484317310556,180.407678067756,166.608871923225,15.0780832646045,25.7241036011345
118.800751780193,159.804394261532,190.373345523074,174.919575025018,167.135421154816,12.7514393849762,22.9460918346985
118.64392437446,159.843550405713,190.26880737784,174.845936591224,167.230154234063,12.6775572949314,22.8774872603907
117.944165786384,159.709862443824,189.721455452907,174.385051428736,167.242583155734,12.4480644722243,22.6405290921662
117.470420905646,159.627813390834,189.357938072433,174.08757181134,167.267519533859,12.2905471036873,22.4833875771363
116.553665208539,159.577775476742,188.700454891204,173.579793769067,167.459338792757,11.9635638514063,22.1816195012409
112.869861297761,159.417678755034,186.09403884711,171.515331379439,168.472928238472,10.6649283576691,20.8917641502951
112.764391959214,159.398774374163,186.014599282141,171.457733467241,168.503176632149,10.6292180394837,20.8487414356759
111.892995190807,159.324624250595,185.398840066321,171.057354680641,168.898232040816,10.3235379321126,20.4871227690975
111.594942757489,159.366851132125,185.221981222627,170.97833711201,169.142325413967,10.2128626645719,20.3635618384787
109.041297402425,159.385673947117,183.614556026944,170.177374084503,170.56365008721,9.48028682765342,19.5200135452236
108.349776866554,158.984377991805,182.885151903894,169.872656636764,170.707997439053,9.239782657335,19.2339629946253
107.969041320877,158.424081405612,182.229892815626,169.640298280515,170.658642364794,9.05486759983269,19.0373289602118
107.87720773183,158.165581342271,181.95733711236,169.603514992423,170.691193072617,8.96748590045956,18.9694424924655
107.777929788604,157.737481622446,181.51328464321,169.624299757372,170.857849642304,8.80495654884648,18.8788560150029
106.168161961431,156.203273177739,179.633049996084,169.130090161396,171.398462015751,8.15476636222239,18.4565775796517
105.051545065476,155.533990248795,178.769730843456,168.866156294205,171.643829399419,7.77310858042406,18.4837587269746
105.011664758245,155.49033899268,178.717234789072,168.906758730355,171.726410185816,7.73225178385123,18.5498012974746
104.376973320746,154.404966654121,177.630597489021,168.828989307603,172.044826103544,7.33836241131016,19.2192620967997
104.013255245674,153.599962403529,176.902843363694,168.963464204081,172.550519068221,7.04252291001763,19.5707160490041
103.997498053204,153.578016384796,176.882183993748,168.961602566396,172.556775583615,7.03552962267837,19.5749257834355
103.69960095465,153.179058290199,176.501974097598,168.94988671737,172.702631315589,6.89972808645795,19.6669563973642
103.247683507395,152.757080731573,176.030442624824,169.192219869869,173.251391278227,6.64813376939818,20.0461437065866
103.219605724293,152.738980186805,176.0053497494,169.218161599159,173.300323879083,6.63035721475774,20.0842763636302
102.315072855008,152.05099717199,175.188463197798,169.039677143392,173.54589872627,6.33661910553834,20.8395325673883
102.065603693241,151.867118218663,174.994359859044,169.040118577317,173.774366004581,6.2202929961577,21.2093166292157
101.954998524724,151.782371512244,174.926368635034,169.05595713533,173.936803669569,6.15261475576123,21.4152463111334
100.999760046602,150.932568546235,174.341739242482,168.513525321092,174.145308122771,5.75252432186936,22.0917439018387
100.929218694945,150.897177766348,174.336720061816,168.483719841092,174.178519987771,5.70334449168478,22.1537798866024
100.873835655405,150.873050834197,174.3370695463,168.462781305629,174.208180607378,5.66218161355729,22.2061335073133
100.818652156738,150.869986148383,174.35936636774,168.459199484469,174.258584148431,5.60600156797118,22.2885964975242
100.376467179927,150.763433753481,174.328318006296,168.41142976529,174.128463391864,5.17922610591167,23.2238403271762
100.51794971626,150.828057737342,174.503243128903,168.672480564735,174.26317101916,5.08158995283184,23.6223203769226
100.635660908543,150.862707452411,174.631628307949,168.857257735653,174.37384550251,5.03325975508241,23.8467604849169
100.688176483974,150.52325847042,174.710370909288,169.058462225358,174.371835170183,4.92262597894644,24.2929023564659
100.896423758385,150.064905862187,175.090105928096,169.572705533138,174.627369140868,4.83496451415869,24.7598522652117
100.812206562812,149.23968404621,175.82187616669,170.399262769541,175.001664066564,4.79812396887361,25.2405522224486
100.73226406766,149.082025083335,176.005229224915,170.592799698499,175.068318092767,4.80040702550961,25.3575344704073
100.706727982931,148.901125246768,176.722860846864,171.354338793678,175.45243257197,4.81985454552245,25.7988232360808
100.981188106524,148.161058276655,178.764315739913,173.614283469484,176.516627210174,4.97290609569644,27.4430332012447
101.925371479596,148.518703613933,181.983422968975,177.054688569764,178.217911976319,5.18712685313379,30.1956190045566
101.925569344259,148.553249467834,182.141539399436,177.21213610956,178.287913007791,5.19278602387093,30.3630097998229
101.774638048873,149.087632103469,183.36061996666,178.554269085728,179.157999315657,5.32454889666405,31.9411580833111
101.729713143484,149.141748687635,183.514165664934,178.740687878088,179.295848013265,5.36174202458305,32.2925889843059
101.729294574234,149.208137455201,183.670209147012,178.923642684366,179.442540031245,5.4003122382864,32.6383454958566
101.859712221871,149.335003370015,184.071649274107,179.38259655696,179.823847258804,5.55030613271123,33.8366394226054
101.849615572976,149.312687918421,184.070362750676,179.385448939824,179.820784278304,5.56253179174274,33.9284422320635
101.886204252623,149.253508479884,184.095148386285,179.463345201852,179.875952675812,5.63917242504331,34.4105270457254
101.954245894819,149.269900055885,184.138380994368,179.553582536613,179.955261555269,5.68561370633094,34.6579995953873
101.999126759591,149.295598753379,184.170421489704,179.611897088395,180.007468387732,5.70845550935191,34.7677076563891
102.093766932132,149.367346278046,184.242141137471,179.733441608747,180.117431797591,5.74743324834871,34.9359211752137
102.172394853253,149.436119608304,184.305646941115,179.834800481083,180.208275043761,5.77683128945964,35.054010406905
102.183225192366,149.447597396467,184.315251949257,179.848844632851,180.220675204993,5.78022764087078,35.0655371194685
102.371741365736,149.65235791588,184.482227683858,180.097766725914,180.436050685634,5.84361818421213,35.2744486205117
102.447005284763,149.877258597141,184.571929691363,180.264611678189,180.483535378072,5.94213389331484,35.4473088016765
103.095357305773,151.241293343535,185.477087392442,180.668067652127,180.504342181083,6.13821670177331,35.5497029566403
103.130070130898,151.376389246877,185.546442665973,180.605194069096,180.384499435898,6.15879728018447,35.5394755705439
103.13844598884,151.408986538826,185.563177400658,180.590023301581,180.355582578643,6.16376316816732,35.5370078044444
103.161474725595,151.498610128481,185.60918818575,180.548312516381,180.276078043332,6.17741647125621,35.5302228832731
105.1809747891,156.976371962549,188.847262917245,176.522391188599,174.036599048408,6.656836679158,35.8929345284823
105.178207930242,158.245815918779,189.961814803146,171.674932765099,167.375707333168,6.61073866015839,36.1166668897096
105.574380425806,159.019256366911,190.358871718657,168.241924022914,163.384829556308,6.57265804060567,36.2854113689513
105.721057315041,159.258780431021,190.486855315813,166.943087597686,161.847107359854,6.55648074474411,36.3408287955805
106.166606457655,160.308299151756,191.449126712535,163.62106627993,156.829758699312,6.49452111626966,36.5018526769188
106.171152561221,160.350162883501,191.495652074654,163.496654881156,156.587471639235,6.49065785819508,36.4945594294062
106.716162333243,160.99582520934,192.143242153493,162.639888894248,154.515432250701,6.46371596712924,35.985329292949
107.273316811031,160.72378230216,191.663797426371,161.524101224304,153.694047709864,6.46507807463884,35.0338057094677
107.836791643336,160.717066438628,191.499865832837,160.926077553975,153.643936439272,6.47705356856954,34.5754584089439
108.101284557359,160.775385233648,191.523571436702,159.850978999699,153.193969900993,6.43327028324278,33.3531173284258
107.955512607745,160.692461882026,191.471872684675,159.333694290718,152.873426164762,6.39734723990027,32.6922098221312
107.96580541213,160.707277191937,191.483762339642,159.29040104466,152.865695956076,6.39481789162644,32.6591250875591
108.068496661309,160.839502111179,191.586850909367,159.156116096088,152.898151679919,6.38858818286034,32.6801752192659
107.875627118963,161.204532279379,191.851924481541,158.450004271757,152.733035270827,6.37278464829787,35.131566555512
107.657662496959,161.200980158044,191.94622913669,158.093173068578,152.665997994736,6.36504493374664,35.5249333627034
107.457713343042,161.323796626511,192.190079921523,157.812494855612,152.763949932135,6.36924575781082,35.8562423098801
105.590741588047,161.335110540416,192.516922721378,157.013707848872,153.024871223358,6.4325681696775,38.702513302172
NaN,NaN,NaN,NaN,NaN,NaN,NaN
NaN,NaN,NaN,NaN,NaN,NaN,NaN
NaN,NaN,NaN,NaN,NaN,NaN,NaN
NaN,NaN,NaN,NaN,NaN,NaN,NaN
NaN,NaN,NaN,NaN,NaN,NaN,NaN
NaN,NaN,NaN,NaN,NaN,NaN,NaN
NaN,NaN,NaN,NaN,NaN,NaN,NaN
NaN,NaN,NaN,NaN,NaN,NaN,NaN
NaN,NaN,NaN,NaN,NaN,NaN,NaN
NaN,NaN,NaN,NaN,NaN,NaN,NaN
NaN,NaN,NaN,NaN,NaN,NaN,NaN
NaN,NaN,NaN,NaN,NaN,NaN,NaN
NaN,NaN,NaN,NaN,NaN,NaN,NaN
NaN,NaN,NaN,NaN,NaN,NaN,NaN
NaN,NaN,NaN,NaN,NaN,NaN,NaN
NaN,NaN,NaN,NaN,NaN,NaN,NaN
NaN,NaN,NaN,NaN,NaN,NaN,NaN
NaN,NaN,NaN,NaN,NaN,NaN,NaN
NaN,NaN,NaN,NaN,NaN,NaN,NaN
NaN,NaN,NaN,NaN,NaN,NaN,NaN
NaN,NaN,NaN,NaN,NaN,NaN,NaN
NaN,NaN,NaN,NaN,NaN,NaN,NaN
NaN,NaN,NaN,NaN,NaN,NaN,NaN
NaN,NaN,NaN,NaN,NaN,NaN,NaN
NaN,NaN,NaN,NaN,NaN,NaN,NaN
NaN,NaN,NaN,NaN,NaN,NaN,NaN
NaN,NaN,NaN,NaN,NaN,NaN,NaN
NaN,NaN,NaN,NaN,NaN,NaN,NaN
NaN,NaN,NaN,NaN,NaN,NaN,NaN
NaN,NaN,NaN,NaN,NaN,NaN,NaN
NaN,NaN,NaN,NaN,NaN,NaN,NaN
NaN,NaN,NaN,NaN,NaN,NaN,NaN
NaN,NaN,NaN,NaN,NaN,NaN,NaN
NaN,NaN,NaN,NaN,NaN,NaN,NaN
NaN,NaN,NaN,NaN,NaN,NaN,NaN
NaN,NaN,NaN,NaN,NaN,NaN,NaN
NaN,NaN,NaN,NaN,NaN,NaN,NaN
NaN,NaN,NaN,NaN,NaN,NaN,NaN
NaN,NaN,NaN,NaN,NaN,NaN,NaN
NaN,NaN,NaN,NaN,NaN,NaN,NaN
NaN,NaN,NaN,NaN,NaN,NaN,NaN
NaN,NaN,NaN,NaN,NaN,NaN,NaN
NaN,NaN,NaN,NaN,NaN,NaN,NaN
NaN,NaN,NaN,NaN,NaN,NaN,NaN
NaN,NaN,NaN,NaN,NaN,NaN,NaN
NaN,NaN,NaN,NaN,NaN,NaN,NaN
NaN,NaN,NaN,NaN,NaN,NaN,NaN
NaN,NaN,NaN,NaN,NaN,NaN,NaN
NaN,NaN,NaN,NaN,NaN,NaN,NaN
NaN,NaN,NaN,NaN,NaN,NaN,NaN
NaN,NaN,NaN,NaN,NaN,NaN,NaN
NaN,NaN,NaN,NaN,NaN,NaN,NaN
NaN,NaN,NaN,NaN,NaN,NaN,NaN
NaN,NaN,NaN,NaN,NaN,NaN,NaN
NaN,NaN,NaN,NaN,NaN,NaN,NaN
NaN,NaN,NaN,NaN,NaN,NaN,NaN
NaN,NaN,NaN,NaN,NaN,NaN,NaN
NaN,NaN,NaN,NaN,NaN,NaN,NaN
NaN,NaN,NaN,NaN,NaN,NaN,NaN
NaN,NaN,NaN,NaN,NaN,NaN,NaN
NaN,NaN,NaN,NaN,NaN,NaN,NaN
NaN,NaN,NaN,NaN,NaN,NaN,NaN
NaN,NaN,NaN,NaN,NaN,NaN,NaN
NaN,NaN,NaN,NaN,NaN,NaN,NaN
NaN,NaN,NaN,NaN,NaN,NaN,NaN
NaN,NaN,NaN,NaN,NaN,NaN,NaN
NaN,NaN,NaN,NaN,NaN,NaN,NaN
NaN,NaN,NaN,NaN,NaN,NaN,NaN
NaN,NaN,NaN,NaN,NaN,NaN,NaN
NaN,NaN,NaN,NaN,NaN,NaN,NaN
NaN,NaN,NaN,NaN,NaN,NaN,NaN
NaN,NaN,NaN,NaN,NaN,NaN,NaN
NaN,NaN,NaN,NaN,NaN,NaN,NaN
NaN,NaN,NaN,NaN,NaN,NaN,NaN
NaN,NaN,NaN,NaN,NaN,NaN,NaN
NaN,NaN,NaN,NaN,NaN,NaN,NaN
NaN,NaN,NaN,NaN,NaN,NaN,NaN
NaN,NaN,NaN,NaN,NaN,NaN,NaN
NaN,NaN,NaN,NaN,NaN,NaN,NaN
NaN,NaN,NaN,NaN,NaN,NaN,NaN
NaN,NaN,NaN,NaN,NaN,NaN,NaN
NaN,NaN,NaN,NaN,NaN,NaN,NaN
NaN,NaN,NaN,NaN,NaN,NaN,NaN
NaN,NaN,NaN,NaN,NaN,NaN,NaN
NaN,NaN,NaN,NaN,NaN,NaN,NaN
NaN,NaN,NaN,NaN,NaN,NaN,NaN
NaN,NaN,NaN,NaN,NaN,NaN,NaN
NaN,NaN,NaN,NaN,NaN,NaN,NaN
NaN,NaN,NaN,NaN,NaN,NaN,NaN
NaN,NaN,NaN,NaN,NaN,NaN,NaN
NaN,NaN,NaN,NaN,NaN,NaN,NaN
NaN,NaN,NaN,NaN,NaN,NaN,NaN
NaN,NaN,NaN,NaN,NaN,NaN,NaN
NaN,NaN,NaN,NaN,NaN,NaN,NaN
NaN,NaN,NaN,NaN,NaN,NaN,NaN
NaN,NaN,NaN,NaN,NaN,NaN,NaN
NaN,NaN,NaN,NaN,NaN,NaN,NaN
NaN,NaN,NaN,NaN,NaN,NaN,NaN
NaN,NaN,NaN,NaN,NaN,NaN,NaN
NaN,NaN,NaN,NaN,NaN,NaN,NaN
NaN,NaN,NaN,NaN,NaN,NaN,NaN
NaN,NaN,NaN,NaN,NaN,NaN,NaN
NaN,NaN,NaN,NaN,NaN,NaN,NaN
NaN,NaN,NaN,NaN,NaN,NaN,NaN
NaN,NaN,NaN,NaN,NaN,NaN,NaN
NaN,NaN,NaN,NaN,NaN,NaN,NaN
NaN,NaN,NaN,NaN,NaN,NaN,NaN
NaN,NaN,NaN,NaN,NaN,NaN,NaN
NaN,NaN,NaN,NaN,NaN,NaN,NaN
NaN,NaN,NaN,NaN,NaN,NaN,NaN
NaN,NaN,NaN,NaN,NaN,NaN,NaN
NaN,NaN,NaN,NaN,NaN,NaN,NaN
NaN,NaN,NaN,NaN,NaN,NaN,NaN
